'Request type'	'Load'	'Bucket'	'Start time'	'Absolute'	'Percent of requests'	'End time'	'Absolute'	'Percent of requests'	'Residence time'	'Absolute'	'Percent of requests'	'Theor. think time'	'Absolute'	'Percent of requests'	'Actual think time'	'Absolute'	'Percent of requests'
login	12	0	752.0	12	0.9084027252081757	752.0	7	0.5299015897047692	6.0	0	0.0	3.0	1321	100.0	3.0	1321	100.0
login	12	1	2256.0	2	0.1514004542013626	2256.0	6	0.45420136260408783	18.0	0	0.0	9.0	0	0.0	9.0	0	0.0
login	12	2	3760.0	11	0.8327024981074944	3760.0	8	0.6056018168054504	30.0	0	0.0	15.0	0	0.0	15.0	0	0.0
login	12	3	5264.0	12	0.9084027252081757	5264.0	4	0.3028009084027252	42.0	0	0.0	21.0	0	0.0	21.0	0	0.0
login	12	4	6768.0	0	0.0	6768.0	12	0.9084027252081757	54.0	0	0.0	27.0	0	0.0	27.0	0	0.0
login	12	5	8272.0	12	0.9084027252081757	8272.0	1	0.0757002271006813	66.0	0	0.0	33.0	0	0.0	33.0	0	0.0
login	12	6	9776.0	0	0.0	9776.0	8	0.6056018168054504	78.0	0	0.0	39.0	0	0.0	39.0	0	0.0
login	12	7	11280.0	12	0.9084027252081757	11280.0	3	0.22710068130204392	90.0	0	0.0	45.0	0	0.0	45.0	0	0.0
login	12	8	12784.0	0	0.0	12784.0	9	0.6813020439061317	102.0	0	0.0	51.0	0	0.0	51.0	0	0.0
login	12	9	14288.0	12	0.9084027252081757	14288.0	4	0.3028009084027252	114.0	1	0.0757002271006813	57.0	0	0.0	57.0	0	0.0
login	12	10	15792.0	0	0.0	15792.0	7	0.5299015897047692	126.0	0	0.0	63.0	0	0.0	63.0	0	0.0
login	12	11	17296.0	12	0.9084027252081757	17296.0	4	0.3028009084027252	138.0	0	0.0	69.0	0	0.0	69.0	0	0.0
login	12	12	18800.0	0	0.0	18800.0	8	0.6056018168054504	150.0	0	0.0	75.0	0	0.0	75.0	0	0.0
login	12	13	20304.0	12	0.9084027252081757	20304.0	4	0.3028009084027252	162.0	0	0.0	81.0	0	0.0	81.0	0	0.0
login	12	14	21808.0	0	0.0	21808.0	12	0.9084027252081757	174.0	0	0.0	87.0	0	0.0	87.0	0	0.0
login	12	15	23312.0	12	0.9084027252081757	23312.0	2	0.1514004542013626	186.0	1	0.0757002271006813	93.0	0	0.0	93.0	0	0.0
login	12	16	24816.0	0	0.0	24816.0	10	0.757002271006813	198.0	3	0.22710068130204392	99.0	0	0.0	99.0	0	0.0
login	12	17	26320.0	12	0.9084027252081757	26320.0	6	0.45420136260408783	210.0	1	0.0757002271006813	105.0	0	0.0	105.0	0	0.0
login	12	18	27824.0	0	0.0	27824.0	6	0.45420136260408783	222.0	2	0.1514004542013626	111.0	0	0.0	111.0	0	0.0
login	12	19	29328.0	12	0.9084027252081757	29328.0	7	0.5299015897047692	234.0	0	0.0	117.0	0	0.0	117.0	0	0.0
login	12	20	30832.0	0	0.0	30832.0	5	0.3785011355034065	246.0	0	0.0	123.0	0	0.0	123.0	0	0.0
login	12	21	32336.0	12	0.9084027252081757	32336.0	9	0.6813020439061317	258.0	0	0.0	129.0	0	0.0	129.0	0	0.0
login	12	22	33840.0	12	0.9084027252081757	33840.0	4	0.3028009084027252	270.0	2	0.1514004542013626	135.0	0	0.0	135.0	0	0.0
login	12	23	35344.0	0	0.0	35344.0	11	0.8327024981074944	282.0	8	0.6056018168054504	141.0	0	0.0	141.0	0	0.0
login	12	24	36848.0	12	0.9084027252081757	36848.0	5	0.3785011355034065	294.0	8	0.6056018168054504	147.0	0	0.0	147.0	0	0.0
login	12	25	38352.0	0	0.0	38352.0	7	0.5299015897047692	306.0	4	0.3028009084027252	153.0	0	0.0	153.0	0	0.0
login	12	26	39856.0	12	0.9084027252081757	39856.0	7	0.5299015897047692	318.0	8	0.6056018168054504	159.0	0	0.0	159.0	0	0.0
login	12	27	41360.0	0	0.0	41360.0	5	0.3785011355034065	330.0	2	0.1514004542013626	165.0	0	0.0	165.0	0	0.0
login	12	28	42864.0	12	0.9084027252081757	42864.0	8	0.6056018168054504	342.0	0	0.0	171.0	0	0.0	171.0	0	0.0
login	12	29	44368.0	12	0.9084027252081757	44368.0	4	0.3028009084027252	354.0	1	0.0757002271006813	177.0	0	0.0	177.0	0	0.0
login	12	30	45872.0	0	0.0	45872.0	8	0.6056018168054504	366.0	7	0.5299015897047692	183.0	0	0.0	183.0	0	0.0
login	12	31	47376.0	12	0.9084027252081757	47376.0	4	0.3028009084027252	378.0	8	0.6056018168054504	189.0	0	0.0	189.0	0	0.0
login	12	32	48880.0	0	0.0	48880.0	8	0.6056018168054504	390.0	8	0.6056018168054504	195.0	0	0.0	195.0	0	0.0
login	12	33	50384.0	12	0.9084027252081757	50384.0	5	0.3785011355034065	402.0	11	0.8327024981074944	201.0	0	0.0	201.0	0	0.0
login	12	34	51888.0	0	0.0	51888.0	9	0.6813020439061317	414.0	5	0.3785011355034065	207.0	0	0.0	207.0	0	0.0
login	12	35	53392.0	12	0.9084027252081757	53392.0	4	0.3028009084027252	426.0	4	0.3028009084027252	213.0	0	0.0	213.0	0	0.0
login	12	36	54896.0	0	0.0	54896.0	10	0.757002271006813	438.0	0	0.0	219.0	0	0.0	219.0	0	0.0
login	12	37	56400.0	12	0.9084027252081757	56400.0	2	0.1514004542013626	450.0	0	0.0	225.0	0	0.0	225.0	0	0.0
login	12	38	57904.0	0	0.0	57904.0	10	0.757002271006813	462.0	3	0.22710068130204392	231.0	0	0.0	231.0	0	0.0
login	12	39	59408.0	12	0.9084027252081757	59408.0	6	0.45420136260408783	474.0	8	0.6056018168054504	237.0	0	0.0	237.0	0	0.0
login	12	40	60912.0	0	0.0	60912.0	6	0.45420136260408783	486.0	15	1.1355034065102196	243.0	0	0.0	243.0	0	0.0
login	12	41	62416.0	12	0.9084027252081757	62416.0	7	0.5299015897047692	498.0	13	0.9841029523088569	249.0	0	0.0	249.0	0	0.0
login	12	42	63920.0	12	0.9084027252081757	63920.0	6	0.45420136260408783	510.0	17	1.2869038607115821	255.0	0	0.0	255.0	0	0.0
login	12	43	65424.0	0	0.0	65424.0	11	0.8327024981074944	522.0	8	0.6056018168054504	261.0	0	0.0	261.0	0	0.0
login	12	44	66928.0	12	0.9084027252081757	66928.0	5	0.3785011355034065	534.0	4	0.3028009084027252	267.0	0	0.0	267.0	0	0.0
login	12	45	68432.0	0	0.0	68432.0	7	0.5299015897047692	546.0	1	0.0757002271006813	273.0	0	0.0	273.0	0	0.0
login	12	46	69936.0	12	0.9084027252081757	69936.0	4	0.3028009084027252	558.0	1	0.0757002271006813	279.0	0	0.0	279.0	0	0.0
login	12	47	71440.0	0	0.0	71440.0	8	0.6056018168054504	570.0	10	0.757002271006813	285.0	0	0.0	285.0	0	0.0
login	12	48	72944.0	12	0.9084027252081757	72944.0	3	0.22710068130204392	582.0	20	1.514004542013626	291.0	0	0.0	291.0	0	0.0
login	12	49	74448.0	0	0.0	74448.0	9	0.6813020439061317	594.0	18	1.3626040878122634	297.0	0	0.0	297.0	0	0.0
login	12	50	75952.0	12	0.9084027252081757	75952.0	7	0.5299015897047692	606.0	15	1.1355034065102196	303.0	0	0.0	303.0	0	0.0
login	12	51	77456.0	11	0.8327024981074944	77456.0	5	0.3785011355034065	618.0	13	0.9841029523088569	309.0	0	0.0	309.0	0	0.0
login	12	52	78960.0	1	0.0757002271006813	78960.0	7	0.5299015897047692	630.0	4	0.3028009084027252	315.0	0	0.0	315.0	0	0.0
login	12	53	80464.0	12	0.9084027252081757	80464.0	5	0.3785011355034065	642.0	2	0.1514004542013626	321.0	0	0.0	321.0	0	0.0
login	12	54	81968.0	0	0.0	81968.0	8	0.6056018168054504	654.0	3	0.22710068130204392	327.0	0	0.0	327.0	0	0.0
login	12	55	83472.0	12	0.9084027252081757	83472.0	4	0.3028009084027252	666.0	7	0.5299015897047692	333.0	0	0.0	333.0	0	0.0
login	12	56	84976.0	0	0.0	84976.0	8	0.6056018168054504	678.0	12	0.9084027252081757	339.0	0	0.0	339.0	0	0.0
login	12	57	86480.0	12	0.9084027252081757	86480.0	5	0.3785011355034065	690.0	17	1.2869038607115821	345.0	0	0.0	345.0	0	0.0
login	12	58	87984.0	0	0.0	87984.0	11	0.8327024981074944	702.0	24	1.8168054504163513	351.0	0	0.0	351.0	0	0.0
login	12	59	89488.0	12	0.9084027252081757	89488.0	3	0.22710068130204392	714.0	24	1.8168054504163513	357.0	0	0.0	357.0	0	0.0
login	12	60	90992.0	0	0.0	90992.0	9	0.6813020439061317	726.0	8	0.6056018168054504	363.0	0	0.0	363.0	0	0.0
login	12	61	92496.0	12	0.9084027252081757	92496.0	2	0.1514004542013626	738.0	1	0.0757002271006813	369.0	0	0.0	369.0	0	0.0
login	12	62	94000.0	0	0.0	94000.0	10	0.757002271006813	750.0	2	0.1514004542013626	375.0	0	0.0	375.0	0	0.0
login	12	63	95504.0	12	0.9084027252081757	95504.0	6	0.45420136260408783	762.0	5	0.3785011355034065	381.0	0	0.0	381.0	0	0.0
login	12	64	97008.0	7	0.5299015897047692	97008.0	6	0.45420136260408783	774.0	12	0.9084027252081757	387.0	0	0.0	387.0	0	0.0
login	12	65	98512.0	5	0.3785011355034065	98512.0	6	0.45420136260408783	786.0	12	0.9084027252081757	393.0	0	0.0	393.0	0	0.0
login	12	66	100016.0	0	0.0	100016.0	6	0.45420136260408783	798.0	26	1.9682059046177138	399.0	0	0.0	399.0	0	0.0
login	12	67	101520.0	12	0.9084027252081757	101520.0	8	0.6056018168054504	810.0	14	1.0598031794095384	405.0	0	0.0	405.0	0	0.0
login	12	68	103024.0	2	0.1514004542013626	103024.0	4	0.3028009084027252	822.0	11	0.8327024981074944	411.0	0	0.0	411.0	0	0.0
login	12	69	104528.0	10	0.757002271006813	104528.0	8	0.6056018168054504	834.0	4	0.3028009084027252	417.0	0	0.0	417.0	0	0.0
login	12	70	106032.0	10	0.757002271006813	106032.0	4	0.3028009084027252	846.0	0	0.0	423.0	0	0.0	423.0	0	0.0
login	12	71	107536.0	2	0.1514004542013626	107536.0	9	0.6813020439061317	858.0	6	0.45420136260408783	429.0	0	0.0	429.0	0	0.0
login	12	72	109040.0	12	0.9084027252081757	109040.0	4	0.3028009084027252	870.0	19	1.4383043149129449	435.0	0	0.0	435.0	0	0.0
login	12	73	110544.0	0	0.0	110544.0	11	0.8327024981074944	882.0	14	1.0598031794095384	441.0	0	0.0	441.0	0	0.0
login	12	74	112048.0	12	0.9084027252081757	112048.0	2	0.1514004542013626	894.0	22	1.6654049962149888	447.0	0	0.0	447.0	0	0.0
login	12	75	113552.0	0	0.0	113552.0	10	0.757002271006813	906.0	9	0.6813020439061317	453.0	0	0.0	453.0	0	0.0
login	12	76	115056.0	12	0.9084027252081757	115056.0	2	0.1514004542013626	918.0	8	0.6056018168054504	459.0	0	0.0	459.0	0	0.0
login	12	77	116560.0	0	0.0	116560.0	10	0.757002271006813	930.0	9	0.6813020439061317	465.0	0	0.0	465.0	0	0.0
login	12	78	118064.0	12	0.9084027252081757	118064.0	5	0.3785011355034065	942.0	1	0.0757002271006813	471.0	0	0.0	471.0	0	0.0
login	12	79	119568.0	1	0.0757002271006813	119568.0	7	0.5299015897047692	954.0	2	0.1514004542013626	477.0	0	0.0	477.0	0	0.0
login	12	80	121072.0	11	0.8327024981074944	121072.0	9	0.6813020439061317	966.0	11	0.8327024981074944	483.0	0	0.0	483.0	0	0.0
login	12	81	122576.0	12	0.9084027252081757	122576.0	6	0.45420136260408783	978.0	16	1.2112036336109009	489.0	0	0.0	489.0	0	0.0
login	12	82	124080.0	0	0.0	124080.0	9	0.6813020439061317	990.0	19	1.4383043149129449	495.0	0	0.0	495.0	0	0.0
login	12	83	125584.0	12	0.9084027252081757	125584.0	8	0.6056018168054504	1002.0	16	1.2112036336109009	501.0	0	0.0	501.0	0	0.0
login	12	84	127088.0	12	0.9084027252081757	127088.0	4	0.3028009084027252	1014.0	22	1.6654049962149888	507.0	0	0.0	507.0	0	0.0
login	12	85	128592.0	0	0.0	128592.0	8	0.6056018168054504	1026.0	10	0.757002271006813	513.0	0	0.0	513.0	0	0.0
login	12	86	130096.0	12	0.9084027252081757	130096.0	4	0.3028009084027252	1038.0	1	0.0757002271006813	519.0	0	0.0	519.0	0	0.0
login	12	87	131600.0	0	0.0	131600.0	12	0.9084027252081757	1050.0	1	0.0757002271006813	525.0	0	0.0	525.0	0	0.0
login	12	88	133104.0	12	0.9084027252081757	133104.0	5	0.3785011355034065	1062.0	5	0.3785011355034065	531.0	0	0.0	531.0	0	0.0
login	12	89	134608.0	0	0.0	134608.0	7	0.5299015897047692	1074.0	14	1.0598031794095384	537.0	0	0.0	537.0	0	0.0
login	12	90	136112.0	12	0.9084027252081757	136112.0	10	0.757002271006813	1086.0	13	0.9841029523088569	543.0	0	0.0	543.0	0	0.0
login	12	91	137616.0	12	0.9084027252081757	137616.0	7	0.5299015897047692	1098.0	23	1.74110522331567	549.0	0	0.0	549.0	0	0.0
login	12	92	139120.0	1	0.0757002271006813	139120.0	7	0.5299015897047692	1110.0	19	1.4383043149129449	555.0	0	0.0	555.0	0	0.0
login	12	93	140624.0	11	0.8327024981074944	140624.0	12	0.9084027252081757	1122.0	5	0.3785011355034065	561.0	0	0.0	561.0	0	0.0
login	12	94	142128.0	12	0.9084027252081757	142128.0	6	0.45420136260408783	1134.0	4	0.3028009084027252	567.0	0	0.0	567.0	0	0.0
login	12	95	143632.0	0	0.0	143632.0	6	0.45420136260408783	1146.0	1	0.0757002271006813	573.0	0	0.0	573.0	0	0.0
login	12	96	145136.0	12	0.9084027252081757	145136.0	6	0.45420136260408783	1158.0	1	0.0757002271006813	579.0	0	0.0	579.0	0	0.0
login	12	97	146640.0	0	0.0	146640.0	6	0.45420136260408783	1170.0	10	0.757002271006813	585.0	0	0.0	585.0	0	0.0
login	12	98	148144.0	12	0.9084027252081757	148144.0	8	0.6056018168054504	1182.0	16	1.2112036336109009	591.0	0	0.0	591.0	0	0.0
login	12	99	149648.0	12	0.9084027252081757	149648.0	4	0.3028009084027252	1194.0	15	1.1355034065102196	597.0	0	0.0	597.0	0	0.0
login	12	100	151152.0	0	0.0	151152.0	11	0.8327024981074944	1206.0	20	1.514004542013626	603.0	0	0.0	603.0	0	0.0
login	12	101	152656.0	12	0.9084027252081757	152656.0	5	0.3785011355034065	1218.0	5	0.3785011355034065	609.0	0	0.0	609.0	0	0.0
login	12	102	154160.0	0	0.0	154160.0	8	0.6056018168054504	1230.0	1	0.0757002271006813	615.0	0	0.0	615.0	0	0.0
login	12	103	155664.0	12	0.9084027252081757	155664.0	6	0.45420136260408783	1242.0	0	0.0	621.0	0	0.0	621.0	0	0.0
login	12	104	157168.0	0	0.0	157168.0	6	0.45420136260408783	1254.0	4	0.3028009084027252	627.0	0	0.0	627.0	0	0.0
login	12	105	158672.0	12	0.9084027252081757	158672.0	8	0.6056018168054504	1266.0	9	0.6813020439061317	633.0	0	0.0	633.0	0	0.0
login	12	106	160176.0	12	0.9084027252081757	160176.0	5	0.3785011355034065	1278.0	12	0.9084027252081757	639.0	0	0.0	639.0	0	0.0
login	12	107	161680.0	0	0.0	161680.0	11	0.8327024981074944	1290.0	18	1.3626040878122634	645.0	0	0.0	645.0	0	0.0
login	12	108	163184.0	12	0.9084027252081757	163184.0	6	0.45420136260408783	1302.0	18	1.3626040878122634	651.0	0	0.0	651.0	0	0.0
login	12	109	164688.0	0	0.0	164688.0	6	0.45420136260408783	1314.0	9	0.6813020439061317	657.0	0	0.0	657.0	0	0.0
login	12	110	166192.0	12	0.9084027252081757	166192.0	6	0.45420136260408783	1326.0	9	0.6813020439061317	663.0	0	0.0	663.0	0	0.0
login	12	111	167696.0	2	0.1514004542013626	167696.0	6	0.45420136260408783	1338.0	0	0.0	669.0	0	0.0	669.0	0	0.0
login	12	112	169200.0	10	0.757002271006813	169200.0	9	0.6813020439061317	1350.0	1	0.0757002271006813	675.0	0	0.0	675.0	0	0.0
login	12	113	170704.0	12	0.9084027252081757	170704.0	4	0.3028009084027252	1362.0	6	0.45420136260408783	681.0	0	0.0	681.0	0	0.0
login	12	114	172208.0	0	0.0	172208.0	11	0.8327024981074944	1374.0	13	0.9841029523088569	687.0	0	0.0	687.0	0	0.0
login	12	115	173712.0	12	0.9084027252081757	173712.0	1	0.0757002271006813	1386.0	21	1.5897047691143074	693.0	0	0.0	693.0	0	0.0
login	12	116	175216.0	0	0.0	175216.0	11	0.8327024981074944	1398.0	19	1.4383043149129449	699.0	0	0.0	699.0	0	0.0
login	12	117	176720.0	12	0.9084027252081757	176720.0	3	0.22710068130204392	1410.0	19	1.4383043149129449	705.0	0	0.0	705.0	0	0.0
login	12	118	178224.0	0	0.0	178224.0	9	0.6813020439061317	1422.0	5	0.3785011355034065	711.0	0	0.0	711.0	0	0.0
login	12	119	179728.0	12	0.9084027252081757	179728.0	5	0.3785011355034065	1434.0	4	0.3028009084027252	717.0	0	0.0	717.0	0	0.0
login	12	120	181232.0	0	0.0	181232.0	7	0.5299015897047692	1446.0	0	0.0	723.0	0	0.0	723.0	0	0.0
login	12	121	182736.0	12	0.9084027252081757	182736.0	4	0.3028009084027252	1458.0	1	0.0757002271006813	729.0	0	0.0	729.0	0	0.0
login	12	122	184240.0	0	0.0	184240.0	8	0.6056018168054504	1470.0	11	0.8327024981074944	735.0	0	0.0	735.0	0	0.0
login	12	123	185744.0	12	0.9084027252081757	185744.0	8	0.6056018168054504	1482.0	20	1.514004542013626	741.0	0	0.0	741.0	0	0.0
login	12	124	187248.0	12	0.9084027252081757	187248.0	4	0.3028009084027252	1494.0	13	0.9841029523088569	747.0	0	0.0	747.0	0	0.0
login	12	125	188752.0	0	0.0	188752.0	12	0.9084027252081757	1506.0	9	0.6813020439061317	753.0	0	0.0	753.0	0	0.0
login	12	126	190256.0	12	0.9084027252081757	190256.0	2	0.1514004542013626	1518.0	9	0.6813020439061317	759.0	0	0.0	759.0	0	0.0
login	12	127	191760.0	0	0.0	191760.0	10	0.757002271006813	1530.0	5	0.3785011355034065	765.0	0	0.0	765.0	0	0.0
login	12	128	193264.0	12	0.9084027252081757	193264.0	5	0.3785011355034065	1542.0	0	0.0	771.0	0	0.0	771.0	0	0.0
login	12	129	194768.0	0	0.0	194768.0	7	0.5299015897047692	1554.0	4	0.3028009084027252	777.0	0	0.0	777.0	0	0.0
login	12	130	196272.0	12	0.9084027252081757	196272.0	9	0.6813020439061317	1566.0	6	0.45420136260408783	783.0	0	0.0	783.0	0	0.0
login	12	131	197776.0	12	0.9084027252081757	197776.0	4	0.3028009084027252	1578.0	4	0.3028009084027252	789.0	0	0.0	789.0	0	0.0
login	12	132	199280.0	0	0.0	199280.0	10	0.757002271006813	1590.0	18	1.3626040878122634	795.0	0	0.0	795.0	0	0.0
login	12	133	200784.0	12	0.9084027252081757	200784.0	2	0.1514004542013626	1602.0	15	1.1355034065102196	801.0	0	0.0	801.0	0	0.0
login	12	134	202288.0	0	0.0	202288.0	11	0.8327024981074944	1614.0	11	0.8327024981074944	807.0	0	0.0	807.0	0	0.0
login	12	135	203792.0	12	0.9084027252081757	203792.0	1	0.0757002271006813	1626.0	7	0.5299015897047692	813.0	0	0.0	813.0	0	0.0
login	12	136	205296.0	0	0.0	205296.0	11	0.8327024981074944	1638.0	3	0.22710068130204392	819.0	0	0.0	819.0	0	0.0
login	12	137	206800.0	12	0.9084027252081757	206800.0	7	0.5299015897047692	1650.0	4	0.3028009084027252	825.0	0	0.0	825.0	0	0.0
login	12	138	208304.0	0	0.0	208304.0	5	0.3785011355034065	1662.0	8	0.6056018168054504	831.0	0	0.0	831.0	0	0.0
login	12	139	209808.0	12	0.9084027252081757	209808.0	8	0.6056018168054504	1674.0	14	1.0598031794095384	837.0	0	0.0	837.0	0	0.0
login	12	140	211312.0	12	0.9084027252081757	211312.0	4	0.3028009084027252	1686.0	15	1.1355034065102196	843.0	0	0.0	843.0	0	0.0
login	12	141	212816.0	0	0.0	212816.0	9	0.6813020439061317	1698.0	17	1.2869038607115821	849.0	0	0.0	849.0	0	0.0
login	12	142	214320.0	12	0.9084027252081757	214320.0	3	0.22710068130204392	1710.0	13	0.9841029523088569	855.0	0	0.0	855.0	0	0.0
login	12	143	215824.0	0	0.0	215824.0	12	0.9084027252081757	1722.0	6	0.45420136260408783	861.0	0	0.0	861.0	0	0.0
login	12	144	217328.0	12	0.9084027252081757	217328.0	1	0.0757002271006813	1734.0	3	0.22710068130204392	867.0	0	0.0	867.0	0	0.0
login	12	145	218832.0	0	0.0	218832.0	9	0.6813020439061317	1746.0	2	0.1514004542013626	873.0	0	0.0	873.0	0	0.0
login	12	146	220336.0	12	0.9084027252081757	220336.0	3	0.22710068130204392	1758.0	3	0.22710068130204392	879.0	0	0.0	879.0	0	0.0
login	12	147	221840.0	0	0.0	221840.0	11	0.8327024981074944	1770.0	13	0.9841029523088569	885.0	0	0.0	885.0	0	0.0
login	12	148	223344.0	12	0.9084027252081757	223344.0	3	0.22710068130204392	1782.0	13	0.9841029523088569	891.0	0	0.0	891.0	0	0.0
login	12	149	224848.0	0	0.0	224848.0	9	0.6813020439061317	1794.0	18	1.3626040878122634	897.0	0	0.0	897.0	0	0.0
login	12	150	226352.0	12	0.9084027252081757	226352.0	5	0.3785011355034065	1806.0	16	1.2112036336109009	903.0	0	0.0	903.0	0	0.0
login	12	151	227856.0	0	0.0	227856.0	7	0.5299015897047692	1818.0	9	0.6813020439061317	909.0	0	0.0	909.0	0	0.0
login	12	152	229360.0	12	0.9084027252081757	229360.0	8	0.6056018168054504	1830.0	4	0.3028009084027252	915.0	0	0.0	915.0	0	0.0
login	12	153	230864.0	12	0.9084027252081757	230864.0	4	0.3028009084027252	1842.0	0	0.0	921.0	0	0.0	921.0	0	0.0
login	12	154	232368.0	0	0.0	232368.0	12	0.9084027252081757	1854.0	1	0.0757002271006813	927.0	0	0.0	927.0	0	0.0
login	12	155	233872.0	12	0.9084027252081757	233872.0	0	0.0	1866.0	4	0.3028009084027252	933.0	0	0.0	933.0	0	0.0
login	12	156	235376.0	0	0.0	235376.0	12	0.9084027252081757	1878.0	7	0.5299015897047692	939.0	0	0.0	939.0	0	0.0
login	12	157	236880.0	12	0.9084027252081757	236880.0	2	0.1514004542013626	1890.0	13	0.9841029523088569	945.0	0	0.0	945.0	0	0.0
login	12	158	238384.0	0	0.0	238384.0	10	0.757002271006813	1902.0	8	0.6056018168054504	951.0	0	0.0	951.0	0	0.0
login	12	159	239888.0	12	0.9084027252081757	239888.0	5	0.3785011355034065	1914.0	4	0.3028009084027252	957.0	0	0.0	957.0	0	0.0
login	12	160	241392.0	0	0.0	241392.0	7	0.5299015897047692	1926.0	3	0.22710068130204392	963.0	0	0.0	963.0	0	0.0
login	12	161	242896.0	12	0.9084027252081757	242896.0	4	0.3028009084027252	1938.0	1	0.0757002271006813	969.0	0	0.0	969.0	0	0.0
login	12	162	244400.0	0	0.0	244400.0	8	0.6056018168054504	1950.0	0	0.0	975.0	0	0.0	975.0	0	0.0
login	12	163	245904.0	12	0.9084027252081757	245904.0	5	0.3785011355034065	1962.0	4	0.3028009084027252	981.0	0	0.0	981.0	0	0.0
login	12	164	247408.0	10	0.757002271006813	247408.0	7	0.5299015897047692	1974.0	1	0.0757002271006813	987.0	0	0.0	987.0	0	0.0
login	12	165	248912.0	2	0.1514004542013626	248912.0	7	0.5299015897047692	1986.0	6	0.45420136260408783	993.0	0	0.0	993.0	0	0.0
login	12	166	250416.0	12	0.9084027252081757	250416.0	5	0.3785011355034065	1998.0	7	0.5299015897047692	999.0	0	0.0	999.0	0	0.0
login	12	167	251920.0	0	0.0	251920.0	12	0.9084027252081757	2010.0	1	0.0757002271006813	1005.0	0	0.0	1005.0	0	0.0
login	12	168	253424.0	12	0.9084027252081757	253424.0	4	0.3028009084027252	2022.0	5	0.3785011355034065	1011.0	0	0.0	1011.0	0	0.0
login	12	169	254928.0	0	0.0	254928.0	8	0.6056018168054504	2034.0	1	0.0757002271006813	1017.0	0	0.0	1017.0	0	0.0
login	12	170	256432.0	12	0.9084027252081757	256432.0	7	0.5299015897047692	2046.0	1	0.0757002271006813	1023.0	0	0.0	1023.0	0	0.0
login	12	171	257936.0	0	0.0	257936.0	5	0.3785011355034065	2058.0	1	0.0757002271006813	1029.0	0	0.0	1029.0	0	0.0
login	12	172	259440.0	12	0.9084027252081757	259440.0	7	0.5299015897047692	2070.0	4	0.3028009084027252	1035.0	0	0.0	1035.0	0	0.0
login	12	173	260944.0	3	0.22710068130204392	260944.0	5	0.3785011355034065	2082.0	2	0.1514004542013626	1041.0	0	0.0	1041.0	0	0.0
login	12	174	262448.0	9	0.6813020439061317	262448.0	8	0.6056018168054504	2094.0	3	0.22710068130204392	1047.0	0	0.0	1047.0	0	0.0
login	12	175	263952.0	12	0.9084027252081757	263952.0	4	0.3028009084027252	2106.0	3	0.22710068130204392	1053.0	0	0.0	1053.0	0	0.0
login	12	176	265456.0	0	0.0	265456.0	12	0.9084027252081757	2118.0	3	0.22710068130204392	1059.0	0	0.0	1059.0	0	0.0
login	12	177	266960.0	12	0.9084027252081757	266960.0	2	0.1514004542013626	2130.0	1	0.0757002271006813	1065.0	0	0.0	1065.0	0	0.0
login	12	178	268464.0	0	0.0	268464.0	10	0.757002271006813	2142.0	1	0.0757002271006813	1071.0	0	0.0	1071.0	0	0.0
login	12	179	269968.0	12	0.9084027252081757	269968.0	2	0.1514004542013626	2154.0	4	0.3028009084027252	1077.0	0	0.0	1077.0	0	0.0
login	12	180	271472.0	0	0.0	271472.0	9	0.6813020439061317	2166.0	1	0.0757002271006813	1083.0	0	0.0	1083.0	0	0.0
login	12	181	272976.0	12	0.9084027252081757	272976.0	2	0.1514004542013626	2178.0	4	0.3028009084027252	1089.0	0	0.0	1089.0	0	0.0
login	12	182	274480.0	0	0.0	274480.0	11	0.8327024981074944	2190.0	4	0.3028009084027252	1095.0	0	0.0	1095.0	0	0.0
login	12	183	275984.0	12	0.9084027252081757	275984.0	8	0.6056018168054504	2202.0	1	0.0757002271006813	1101.0	0	0.0	1101.0	0	0.0
login	12	184	277488.0	0	0.0	277488.0	4	0.3028009084027252	2214.0	0	0.0	1107.0	0	0.0	1107.0	0	0.0
login	12	185	278992.0	12	0.9084027252081757	278992.0	6	0.45420136260408783	2226.0	0	0.0	1113.0	0	0.0	1113.0	0	0.0
login	12	186	280496.0	0	0.0	280496.0	6	0.45420136260408783	2238.0	0	0.0	1119.0	0	0.0	1119.0	0	0.0
login	12	187	282000.0	12	0.9084027252081757	282000.0	6	0.45420136260408783	2250.0	0	0.0	1125.0	0	0.0	1125.0	0	0.0
login	12	188	283504.0	0	0.0	283504.0	6	0.45420136260408783	2262.0	2	0.1514004542013626	1131.0	0	0.0	1131.0	0	0.0
login	12	189	285008.0	12	0.9084027252081757	285008.0	6	0.45420136260408783	2274.0	1	0.0757002271006813	1137.0	0	0.0	1137.0	0	0.0
login	12	190	286512.0	0	0.0	286512.0	6	0.45420136260408783	2286.0	1	0.0757002271006813	1143.0	0	0.0	1143.0	0	0.0
login	12	191	288016.0	12	0.9084027252081757	288016.0	6	0.45420136260408783	2298.0	0	0.0	1149.0	0	0.0	1149.0	0	0.0
login	12	192	289520.0	0	0.0	289520.0	6	0.45420136260408783	2310.0	0	0.0	1155.0	0	0.0	1155.0	0	0.0
login	12	193	291024.0	12	0.9084027252081757	291024.0	7	0.5299015897047692	2322.0	0	0.0	1161.0	0	0.0	1161.0	0	0.0
login	12	194	292528.0	0	0.0	292528.0	5	0.3785011355034065	2334.0	0	0.0	1167.0	0	0.0	1167.0	0	0.0
login	12	195	294032.0	12	0.9084027252081757	294032.0	8	0.6056018168054504	2346.0	0	0.0	1173.0	0	0.0	1173.0	0	0.0
login	12	196	295536.0	5	0.3785011355034065	295536.0	4	0.3028009084027252	2358.0	0	0.0	1179.0	0	0.0	1179.0	0	0.0
login	12	197	297040.0	7	0.5299015897047692	297040.0	10	0.757002271006813	2370.0	1	0.0757002271006813	1185.0	0	0.0	1185.0	0	0.0
login	12	198	298544.0	12	0.9084027252081757	298544.0	3	0.22710068130204392	2382.0	0	0.0	1191.0	0	0.0	1191.0	0	0.0
login	12	199	300048.0	0	0.0	300048.0	11	0.8327024981074944	2394.0	0	0.0	1197.0	0	0.0	1197.0	0	0.0
info	12	0	750.5	9	0.6844106463878327	750.5	3	0.22813688212927757	4.5	146	11.102661596958175	3.0	1315	100.0	3.0	1315	100.0
info	12	1	2251.5	5	0.38022813688212925	2251.5	10	0.7604562737642585	13.5	69	5.247148288973384	9.0	0	0.0	9.0	0	0.0
info	12	2	3752.5	10	0.7604562737642585	3752.5	11	0.8365019011406843	22.5	79	6.007604562737642	15.0	0	0.0	15.0	0	0.0
info	12	3	5253.5	5	0.38022813688212925	5253.5	1	0.07604562737642585	31.5	20	1.520912547528517	21.0	0	0.0	21.0	0	0.0
info	12	4	6754.5	8	0.6083650190114068	6754.5	12	0.9125475285171103	40.5	5	0.38022813688212925	27.0	0	0.0	27.0	0	0.0
info	12	5	8255.5	3	0.22813688212927757	8255.5	0	0.0	49.5	3	0.22813688212927757	33.0	0	0.0	33.0	0	0.0
info	12	6	9756.5	9	0.6844106463878327	9756.5	12	0.9125475285171103	58.5	10	0.7604562737642585	39.0	0	0.0	39.0	0	0.0
info	12	7	11257.5	3	0.22813688212927757	11257.5	0	0.0	67.5	12	0.9125475285171103	45.0	0	0.0	45.0	0	0.0
info	12	8	12758.5	9	0.6844106463878327	12758.5	12	0.9125475285171103	76.5	39	2.9657794676806084	51.0	0	0.0	51.0	0	0.0
info	12	9	14259.5	2	0.1520912547528517	14259.5	0	0.0	85.5	28	2.129277566539924	57.0	0	0.0	57.0	0	0.0
info	12	10	15760.5	10	0.7604562737642585	15760.5	12	0.9125475285171103	94.5	29	2.2053231939163496	63.0	0	0.0	63.0	0	0.0
info	12	11	17261.5	2	0.1520912547528517	17261.5	0	0.0	103.5	21	1.5969581749049429	69.0	0	0.0	69.0	0	0.0
info	12	12	18762.5	10	0.7604562737642585	18762.5	12	0.9125475285171103	112.5	8	0.6083650190114068	75.0	0	0.0	75.0	0	0.0
info	12	13	20263.5	2	0.1520912547528517	20263.5	0	0.0	121.5	2	0.1520912547528517	81.0	0	0.0	81.0	0	0.0
info	12	14	21764.5	10	0.7604562737642585	21764.5	12	0.9125475285171103	130.5	2	0.1520912547528517	87.0	0	0.0	87.0	0	0.0
info	12	15	23265.5	4	0.3041825095057034	23265.5	0	0.0	139.5	0	0.0	93.0	0	0.0	93.0	0	0.0
info	12	16	24766.5	8	0.6083650190114068	24766.5	12	0.9125475285171103	148.5	0	0.0	99.0	0	0.0	99.0	0	0.0
info	12	17	26267.5	7	0.532319391634981	26267.5	0	0.0	157.5	2	0.1520912547528517	105.0	0	0.0	105.0	0	0.0
info	12	18	27768.5	5	0.38022813688212925	27768.5	12	0.9125475285171103	166.5	2	0.1520912547528517	111.0	0	0.0	111.0	0	0.0
info	12	19	29269.5	8	0.6083650190114068	29269.5	0	0.0	175.5	5	0.38022813688212925	117.0	0	0.0	117.0	0	0.0
info	12	20	30770.5	4	0.3041825095057034	30770.5	12	0.9125475285171103	184.5	5	0.38022813688212925	123.0	0	0.0	123.0	0	0.0
info	12	21	32271.5	12	0.9125475285171103	32271.5	12	0.9125475285171103	193.5	3	0.22813688212927757	129.0	0	0.0	129.0	0	0.0
info	12	22	33772.5	1	0.07604562737642585	33772.5	0	0.0	202.5	6	0.45627376425855515	135.0	0	0.0	135.0	0	0.0
info	12	23	35273.5	11	0.8365019011406843	35273.5	12	0.9125475285171103	211.5	3	0.22813688212927757	141.0	0	0.0	141.0	0	0.0
info	12	24	36774.5	6	0.45627376425855515	36774.5	0	0.0	220.5	2	0.1520912547528517	147.0	0	0.0	147.0	0	0.0
info	12	25	38275.5	6	0.45627376425855515	38275.5	12	0.9125475285171103	229.5	1	0.07604562737642585	153.0	0	0.0	153.0	0	0.0
info	12	26	39776.5	8	0.6083650190114068	39776.5	0	0.0	238.5	1	0.07604562737642585	159.0	0	0.0	159.0	0	0.0
info	12	27	41277.5	4	0.3041825095057034	41277.5	12	0.9125475285171103	247.5	0	0.0	165.0	0	0.0	165.0	0	0.0
info	12	28	42778.5	12	0.9125475285171103	42778.5	12	0.9125475285171103	256.5	0	0.0	171.0	0	0.0	171.0	0	0.0
info	12	29	44279.5	1	0.07604562737642585	44279.5	0	0.0	265.5	1	0.07604562737642585	177.0	0	0.0	177.0	0	0.0
info	12	30	45780.5	11	0.8365019011406843	45780.5	12	0.9125475285171103	274.5	2	0.1520912547528517	183.0	0	0.0	183.0	0	0.0
info	12	31	47281.5	1	0.07604562737642585	47281.5	0	0.0	283.5	11	0.8365019011406843	189.0	0	0.0	189.0	0	0.0
info	12	32	48782.5	11	0.8365019011406843	48782.5	12	0.9125475285171103	292.5	9	0.6844106463878327	195.0	0	0.0	195.0	0	0.0
info	12	33	50283.5	3	0.22813688212927757	50283.5	0	0.0	301.5	6	0.45627376425855515	201.0	0	0.0	201.0	0	0.0
info	12	34	51784.5	9	0.6844106463878327	51784.5	12	0.9125475285171103	310.5	10	0.7604562737642585	207.0	0	0.0	207.0	0	0.0
info	12	35	53285.5	4	0.3041825095057034	53285.5	0	0.0	319.5	9	0.6844106463878327	213.0	0	0.0	213.0	0	0.0
info	12	36	54786.5	8	0.6083650190114068	54786.5	12	0.9125475285171103	328.5	2	0.1520912547528517	219.0	0	0.0	219.0	0	0.0
info	12	37	56287.5	6	0.45627376425855515	56287.5	0	0.0	337.5	1	0.07604562737642585	225.0	0	0.0	225.0	0	0.0
info	12	38	57788.5	6	0.45627376425855515	57788.5	12	0.9125475285171103	346.5	0	0.0	231.0	0	0.0	231.0	0	0.0
info	12	39	59289.5	6	0.45627376425855515	59289.5	0	0.0	355.5	0	0.0	237.0	0	0.0	237.0	0	0.0
info	12	40	60790.5	6	0.45627376425855515	60790.5	12	0.9125475285171103	364.5	0	0.0	243.0	0	0.0	243.0	0	0.0
info	12	41	62291.5	12	0.9125475285171103	62291.5	12	0.9125475285171103	373.5	0	0.0	249.0	0	0.0	249.0	0	0.0
info	12	42	63792.5	2	0.1520912547528517	63792.5	0	0.0	382.5	9	0.6844106463878327	255.0	0	0.0	255.0	0	0.0
info	12	43	65293.5	10	0.7604562737642585	65293.5	12	0.9125475285171103	391.5	12	0.9125475285171103	261.0	0	0.0	261.0	0	0.0
info	12	44	66794.5	6	0.45627376425855515	66794.5	0	0.0	400.5	11	0.8365019011406843	267.0	0	0.0	267.0	0	0.0
info	12	45	68295.5	6	0.45627376425855515	68295.5	12	0.9125475285171103	409.5	11	0.8365019011406843	273.0	0	0.0	273.0	0	0.0
info	12	46	69796.5	7	0.532319391634981	69796.5	0	0.0	418.5	10	0.7604562737642585	279.0	0	0.0	279.0	0	0.0
info	12	47	71297.5	5	0.38022813688212925	71297.5	12	0.9125475285171103	427.5	4	0.3041825095057034	285.0	0	0.0	285.0	0	0.0
info	12	48	72798.5	7	0.532319391634981	72798.5	0	0.0	436.5	2	0.1520912547528517	291.0	0	0.0	291.0	0	0.0
info	12	49	74299.5	5	0.38022813688212925	74299.5	12	0.9125475285171103	445.5	1	0.07604562737642585	297.0	0	0.0	297.0	0	0.0
info	12	50	75800.5	8	0.6083650190114068	75800.5	0	0.0	454.5	0	0.0	303.0	0	0.0	303.0	0	0.0
info	12	51	77301.5	4	0.3041825095057034	77301.5	12	0.9125475285171103	463.5	0	0.0	309.0	0	0.0	309.0	0	0.0
info	12	52	78802.5	11	0.8365019011406843	78802.5	11	0.8365019011406843	472.5	7	0.532319391634981	315.0	0	0.0	315.0	0	0.0
info	12	53	80303.5	1	0.07604562737642585	80303.5	1	0.07604562737642585	481.5	7	0.532319391634981	321.0	0	0.0	321.0	0	0.0
info	12	54	81804.5	9	0.6844106463878327	81804.5	9	0.6844106463878327	490.5	14	1.064638783269962	327.0	0	0.0	327.0	0	0.0
info	12	55	83305.5	4	0.3041825095057034	83305.5	3	0.22813688212927757	499.5	16	1.2167300380228137	333.0	0	0.0	333.0	0	0.0
info	12	56	84806.5	11	0.8365019011406843	84806.5	12	0.9125475285171103	508.5	14	1.064638783269962	339.0	0	0.0	339.0	0	0.0
info	12	57	86307.5	2	0.1520912547528517	86307.5	0	0.0	517.5	12	0.9125475285171103	345.0	0	0.0	345.0	0	0.0
info	12	58	87808.5	10	0.7604562737642585	87808.5	12	0.9125475285171103	526.5	5	0.38022813688212925	351.0	0	0.0	351.0	0	0.0
info	12	59	89309.5	4	0.3041825095057034	89309.5	0	0.0	535.5	1	0.07604562737642585	357.0	0	0.0	357.0	0	0.0
info	12	60	90810.5	8	0.6083650190114068	90810.5	12	0.9125475285171103	544.5	0	0.0	363.0	0	0.0	363.0	0	0.0
info	12	61	92311.5	4	0.3041825095057034	92311.5	0	0.0	553.5	0	0.0	369.0	0	0.0	369.0	0	0.0
info	12	62	93812.5	8	0.6083650190114068	93812.5	12	0.9125475285171103	562.5	7	0.532319391634981	375.0	0	0.0	375.0	0	0.0
info	12	63	95313.5	7	0.532319391634981	95313.5	0	0.0	571.5	8	0.6083650190114068	381.0	0	0.0	381.0	0	0.0
info	12	64	96814.5	5	0.38022813688212925	96814.5	12	0.9125475285171103	580.5	8	0.6083650190114068	387.0	0	0.0	387.0	0	0.0
info	12	65	98315.5	7	0.532319391634981	98315.5	0	0.0	589.5	9	0.6844106463878327	393.0	0	0.0	393.0	0	0.0
info	12	66	99816.5	5	0.38022813688212925	99816.5	12	0.9125475285171103	598.5	21	1.5969581749049429	399.0	0	0.0	399.0	0	0.0
info	12	67	101317.5	8	0.6083650190114068	101317.5	0	0.0	607.5	19	1.4448669201520912	405.0	0	0.0	405.0	0	0.0
info	12	68	102818.5	4	0.3041825095057034	102818.5	12	0.9125475285171103	616.5	13	0.9885931558935361	411.0	0	0.0	411.0	0	0.0
info	12	69	104319.5	8	0.6083650190114068	104319.5	0	0.0	625.5	6	0.45627376425855515	417.0	0	0.0	417.0	0	0.0
info	12	70	105820.5	4	0.3041825095057034	105820.5	12	0.9125475285171103	634.5	3	0.22813688212927757	423.0	0	0.0	423.0	0	0.0
info	12	71	107321.5	12	0.9125475285171103	107321.5	12	0.9125475285171103	643.5	3	0.22813688212927757	429.0	0	0.0	429.0	0	0.0
info	12	72	108822.5	2	0.1520912547528517	108822.5	0	0.0	652.5	0	0.0	435.0	0	0.0	435.0	0	0.0
info	12	73	110323.5	10	0.7604562737642585	110323.5	12	0.9125475285171103	661.5	0	0.0	441.0	0	0.0	441.0	0	0.0
info	12	74	111824.5	5	0.38022813688212925	111824.5	0	0.0	670.5	6	0.45627376425855515	447.0	0	0.0	447.0	0	0.0
info	12	75	113325.5	7	0.532319391634981	113325.5	12	0.9125475285171103	679.5	9	0.6844106463878327	453.0	0	0.0	453.0	0	0.0
info	12	76	114826.5	5	0.38022813688212925	114826.5	0	0.0	688.5	13	0.9885931558935361	459.0	0	0.0	459.0	0	0.0
info	12	77	116327.5	7	0.532319391634981	116327.5	12	0.9125475285171103	697.5	14	1.064638783269962	465.0	0	0.0	465.0	0	0.0
info	12	78	117828.5	7	0.532319391634981	117828.5	0	0.0	706.5	17	1.2927756653992395	471.0	0	0.0	471.0	0	0.0
info	12	79	119329.5	5	0.38022813688212925	119329.5	12	0.9125475285171103	715.5	16	1.2167300380228137	477.0	0	0.0	477.0	0	0.0
info	12	80	120830.5	12	0.9125475285171103	120830.5	12	0.9125475285171103	724.5	6	0.45627376425855515	483.0	0	0.0	483.0	0	0.0
info	12	81	122331.5	4	0.3041825095057034	122331.5	0	0.0	733.5	5	0.38022813688212925	489.0	0	0.0	489.0	0	0.0
info	12	82	123832.5	8	0.6083650190114068	123832.5	12	0.9125475285171103	742.5	0	0.0	495.0	0	0.0	495.0	0	0.0
info	12	83	125333.5	11	0.8365019011406843	125333.5	11	0.8365019011406843	751.5	1	0.07604562737642585	501.0	0	0.0	501.0	0	0.0
info	12	84	126834.5	1	0.07604562737642585	126834.5	1	0.07604562737642585	760.5	0	0.0	507.0	0	0.0	507.0	0	0.0
info	12	85	128335.5	10	0.7604562737642585	128335.5	8	0.6083650190114068	769.5	8	0.6083650190114068	513.0	0	0.0	513.0	0	0.0
info	12	86	129836.5	3	0.22813688212927757	129836.5	4	0.3041825095057034	778.5	7	0.532319391634981	519.0	0	0.0	519.0	0	0.0
info	12	87	131337.5	11	0.8365019011406843	131337.5	12	0.9125475285171103	787.5	12	0.9125475285171103	525.0	0	0.0	525.0	0	0.0
info	12	88	132838.5	6	0.45627376425855515	132838.5	0	0.0	796.5	24	1.8250950570342206	531.0	0	0.0	531.0	0	0.0
info	12	89	134339.5	6	0.45627376425855515	134339.5	12	0.9125475285171103	805.5	9	0.6844106463878327	537.0	0	0.0	537.0	0	0.0
info	12	90	135840.5	12	0.9125475285171103	135840.5	12	0.9125475285171103	814.5	16	1.2167300380228137	543.0	0	0.0	543.0	0	0.0
info	12	91	137341.5	5	0.38022813688212925	137341.5	1	0.07604562737642585	823.5	4	0.3041825095057034	549.0	0	0.0	549.0	0	0.0
info	12	92	138842.5	8	0.6083650190114068	138842.5	11	0.8365019011406843	832.5	1	0.07604562737642585	555.0	0	0.0	555.0	0	0.0
info	12	93	140343.5	11	0.8365019011406843	140343.5	12	0.9125475285171103	841.5	0	0.0	561.0	0	0.0	561.0	0	0.0
info	12	94	141844.5	7	0.532319391634981	141844.5	0	0.0	850.5	1	0.07604562737642585	567.0	0	0.0	567.0	0	0.0
info	12	95	143345.5	5	0.38022813688212925	143345.5	12	0.9125475285171103	859.5	1	0.07604562737642585	573.0	0	0.0	573.0	0	0.0
info	12	96	144846.5	7	0.532319391634981	144846.5	0	0.0	868.5	11	0.8365019011406843	579.0	0	0.0	579.0	0	0.0
info	12	97	146347.5	5	0.38022813688212925	146347.5	12	0.9125475285171103	877.5	6	0.45627376425855515	585.0	0	0.0	585.0	0	0.0
info	12	98	147848.5	8	0.6083650190114068	147848.5	0	0.0	886.5	9	0.6844106463878327	591.0	0	0.0	591.0	0	0.0
info	12	99	149349.5	4	0.3041825095057034	149349.5	12	0.9125475285171103	895.5	11	0.8365019011406843	597.0	0	0.0	597.0	0	0.0
info	12	100	150850.5	12	0.9125475285171103	150850.5	11	0.8365019011406843	904.5	26	1.9771863117870723	603.0	0	0.0	603.0	0	0.0
info	12	101	152351.5	4	0.3041825095057034	152351.5	1	0.07604562737642585	913.5	15	1.1406844106463878	609.0	0	0.0	609.0	0	0.0
info	12	102	153852.5	8	0.6083650190114068	153852.5	12	0.9125475285171103	922.5	6	0.45627376425855515	615.0	0	0.0	615.0	0	0.0
info	12	103	155353.5	7	0.532319391634981	155353.5	0	0.0	931.5	6	0.45627376425855515	621.0	0	0.0	621.0	0	0.0
info	12	104	156854.5	5	0.38022813688212925	156854.5	12	0.9125475285171103	940.5	3	0.22813688212927757	627.0	0	0.0	627.0	0	0.0
info	12	105	158355.5	10	0.7604562737642585	158355.5	10	0.7604562737642585	949.5	0	0.0	633.0	0	0.0	633.0	0	0.0
info	12	106	159856.5	3	0.22813688212927757	159856.5	2	0.1520912547528517	958.5	0	0.0	639.0	0	0.0	639.0	0	0.0
info	12	107	161357.5	11	0.8365019011406843	161357.5	12	0.9125475285171103	967.5	0	0.0	645.0	0	0.0	645.0	0	0.0
info	12	108	162858.5	6	0.45627376425855515	162858.5	0	0.0	976.5	10	0.7604562737642585	651.0	0	0.0	651.0	0	0.0
info	12	109	164359.5	6	0.45627376425855515	164359.5	12	0.9125475285171103	985.5	12	0.9125475285171103	657.0	0	0.0	657.0	0	0.0
info	12	110	165860.5	7	0.532319391634981	165860.5	0	0.0	994.5	11	0.8365019011406843	663.0	0	0.0	663.0	0	0.0
info	12	111	167361.5	5	0.38022813688212925	167361.5	12	0.9125475285171103	1003.5	14	1.064638783269962	669.0	0	0.0	669.0	0	0.0
info	12	112	168862.5	10	0.7604562737642585	168862.5	9	0.6844106463878327	1012.5	8	0.6083650190114068	675.0	0	0.0	675.0	0	0.0
info	12	113	170363.5	3	0.22813688212927757	170363.5	3	0.22813688212927757	1021.5	5	0.38022813688212925	681.0	0	0.0	681.0	0	0.0
info	12	114	171864.5	11	0.8365019011406843	171864.5	12	0.9125475285171103	1030.5	2	0.1520912547528517	687.0	0	0.0	687.0	0	0.0
info	12	115	173365.5	1	0.07604562737642585	173365.5	0	0.0	1039.5	1	0.07604562737642585	693.0	0	0.0	693.0	0	0.0
info	12	116	174866.5	11	0.8365019011406843	174866.5	12	0.9125475285171103	1048.5	1	0.07604562737642585	699.0	0	0.0	699.0	0	0.0
info	12	117	176367.5	3	0.22813688212927757	176367.5	0	0.0	1057.5	1	0.07604562737642585	705.0	0	0.0	705.0	0	0.0
info	12	118	177868.5	9	0.6844106463878327	177868.5	12	0.9125475285171103	1066.5	9	0.6844106463878327	711.0	0	0.0	711.0	0	0.0
info	12	119	179369.5	5	0.38022813688212925	179369.5	0	0.0	1075.5	10	0.7604562737642585	717.0	0	0.0	717.0	0	0.0
info	12	120	180870.5	7	0.532319391634981	180870.5	12	0.9125475285171103	1084.5	17	1.2927756653992395	723.0	0	0.0	723.0	0	0.0
info	12	121	182371.5	4	0.3041825095057034	182371.5	0	0.0	1093.5	8	0.6083650190114068	729.0	0	0.0	729.0	0	0.0
info	12	122	183872.5	8	0.6083650190114068	183872.5	12	0.9125475285171103	1102.5	12	0.9125475285171103	735.0	0	0.0	735.0	0	0.0
info	12	123	185373.5	8	0.6083650190114068	185373.5	0	0.0	1111.5	8	0.6083650190114068	741.0	0	0.0	741.0	0	0.0
info	12	124	186874.5	4	0.3041825095057034	186874.5	12	0.9125475285171103	1120.5	6	0.45627376425855515	747.0	0	0.0	747.0	0	0.0
info	12	125	188375.5	12	0.9125475285171103	188375.5	12	0.9125475285171103	1129.5	2	0.1520912547528517	753.0	0	0.0	753.0	0	0.0
info	12	126	189876.5	2	0.1520912547528517	189876.5	0	0.0	1138.5	0	0.0	759.0	0	0.0	759.0	0	0.0
info	12	127	191377.5	10	0.7604562737642585	191377.5	12	0.9125475285171103	1147.5	0	0.0	765.0	0	0.0	765.0	0	0.0
info	12	128	192878.5	5	0.38022813688212925	192878.5	0	0.0	1156.5	0	0.0	771.0	0	0.0	771.0	0	0.0
info	12	129	194379.5	7	0.532319391634981	194379.5	12	0.9125475285171103	1165.5	2	0.1520912547528517	777.0	0	0.0	777.0	0	0.0
info	12	130	195880.5	11	0.8365019011406843	195880.5	1	0.07604562737642585	1174.5	6	0.45627376425855515	783.0	0	0.0	783.0	0	0.0
info	12	131	197381.5	2	0.1520912547528517	197381.5	11	0.8365019011406843	1183.5	3	0.22813688212927757	789.0	0	0.0	789.0	0	0.0
info	12	132	198882.5	10	0.7604562737642585	198882.5	11	0.8365019011406843	1192.5	8	0.6083650190114068	795.0	0	0.0	795.0	0	0.0
info	12	133	200383.5	2	0.1520912547528517	200383.5	1	0.07604562737642585	1201.5	6	0.45627376425855515	801.0	0	0.0	801.0	0	0.0
info	12	134	201884.5	11	0.8365019011406843	201884.5	12	0.9125475285171103	1210.5	6	0.45627376425855515	807.0	0	0.0	807.0	0	0.0
info	12	135	203385.5	1	0.07604562737642585	203385.5	0	0.0	1219.5	3	0.22813688212927757	813.0	0	0.0	813.0	0	0.0
info	12	136	204886.5	11	0.8365019011406843	204886.5	12	0.9125475285171103	1228.5	4	0.3041825095057034	819.0	0	0.0	819.0	0	0.0
info	12	137	206387.5	7	0.532319391634981	206387.5	0	0.0	1237.5	2	0.1520912547528517	825.0	0	0.0	825.0	0	0.0
info	12	138	207888.5	5	0.38022813688212925	207888.5	12	0.9125475285171103	1246.5	0	0.0	831.0	0	0.0	831.0	0	0.0
info	12	139	209389.5	8	0.6083650190114068	209389.5	0	0.0	1255.5	2	0.1520912547528517	837.0	0	0.0	837.0	0	0.0
info	12	140	210890.5	4	0.3041825095057034	210890.5	12	0.9125475285171103	1264.5	3	0.22813688212927757	843.0	0	0.0	843.0	0	0.0
info	12	141	212391.5	9	0.6844106463878327	212391.5	1	0.07604562737642585	1273.5	1	0.07604562737642585	849.0	0	0.0	849.0	0	0.0
info	12	142	213892.5	3	0.22813688212927757	213892.5	11	0.8365019011406843	1282.5	3	0.22813688212927757	855.0	0	0.0	855.0	0	0.0
info	12	143	215393.5	12	0.9125475285171103	215393.5	8	0.6083650190114068	1291.5	0	0.0	861.0	0	0.0	861.0	0	0.0
info	12	144	216894.5	1	0.07604562737642585	216894.5	4	0.3041825095057034	1300.5	7	0.532319391634981	867.0	0	0.0	867.0	0	0.0
info	12	145	218395.5	9	0.6844106463878327	218395.5	6	0.45627376425855515	1309.5	5	0.38022813688212925	873.0	0	0.0	873.0	0	0.0
info	12	146	219896.5	3	0.22813688212927757	219896.5	6	0.45627376425855515	1318.5	3	0.22813688212927757	879.0	0	0.0	879.0	0	0.0
info	12	147	221397.5	11	0.8365019011406843	221397.5	12	0.9125475285171103	1327.5	1	0.07604562737642585	885.0	0	0.0	885.0	0	0.0
info	12	148	222898.5	3	0.22813688212927757	222898.5	0	0.0	1336.5	1	0.07604562737642585	891.0	0	0.0	891.0	0	0.0
info	12	149	224399.5	9	0.6844106463878327	224399.5	12	0.9125475285171103	1345.5	0	0.0	897.0	0	0.0	897.0	0	0.0
info	12	150	225900.5	4	0.3041825095057034	225900.5	0	0.0	1354.5	0	0.0	903.0	0	0.0	903.0	0	0.0
info	12	151	227401.5	8	0.6083650190114068	227401.5	12	0.9125475285171103	1363.5	2	0.1520912547528517	909.0	0	0.0	909.0	0	0.0
info	12	152	228902.5	7	0.532319391634981	228902.5	0	0.0	1372.5	4	0.3041825095057034	915.0	0	0.0	915.0	0	0.0
info	12	153	230403.5	5	0.38022813688212925	230403.5	12	0.9125475285171103	1381.5	2	0.1520912547528517	921.0	0	0.0	921.0	0	0.0
info	12	154	231904.5	12	0.9125475285171103	231904.5	12	0.9125475285171103	1390.5	9	0.6844106463878327	927.0	0	0.0	927.0	0	0.0
info	12	155	233405.5	0	0.0	233405.5	0	0.0	1399.5	5	0.38022813688212925	933.0	0	0.0	933.0	0	0.0
info	12	156	234906.5	12	0.9125475285171103	234906.5	12	0.9125475285171103	1408.5	6	0.45627376425855515	939.0	0	0.0	939.0	0	0.0
info	12	157	236407.5	2	0.1520912547528517	236407.5	0	0.0	1417.5	2	0.1520912547528517	945.0	0	0.0	945.0	0	0.0
info	12	158	237908.5	10	0.7604562737642585	237908.5	12	0.9125475285171103	1426.5	1	0.07604562737642585	951.0	0	0.0	951.0	0	0.0
info	12	159	239409.5	4	0.3041825095057034	239409.5	0	0.0	1435.5	1	0.07604562737642585	957.0	0	0.0	957.0	0	0.0
info	12	160	240910.5	8	0.6083650190114068	240910.5	12	0.9125475285171103	1444.5	0	0.0	963.0	0	0.0	963.0	0	0.0
info	12	161	242411.5	4	0.3041825095057034	242411.5	0	0.0	1453.5	0	0.0	969.0	0	0.0	969.0	0	0.0
info	12	162	243912.5	8	0.6083650190114068	243912.5	12	0.9125475285171103	1462.5	1	0.07604562737642585	975.0	0	0.0	975.0	0	0.0
info	12	163	245413.5	5	0.38022813688212925	245413.5	0	0.0	1471.5	2	0.1520912547528517	981.0	0	0.0	981.0	0	0.0
info	12	164	246914.5	7	0.532319391634981	246914.5	12	0.9125475285171103	1480.5	4	0.3041825095057034	987.0	0	0.0	987.0	0	0.0
info	12	165	248415.5	7	0.532319391634981	248415.5	0	0.0	1489.5	3	0.22813688212927757	993.0	0	0.0	993.0	0	0.0
info	12	166	249916.5	5	0.38022813688212925	249916.5	12	0.9125475285171103	1498.5	2	0.1520912547528517	999.0	0	0.0	999.0	0	0.0
info	12	167	251417.5	11	0.8365019011406843	251417.5	11	0.8365019011406843	1507.5	3	0.22813688212927757	1005.0	0	0.0	1005.0	0	0.0
info	12	168	252918.5	5	0.38022813688212925	252918.5	1	0.07604562737642585	1516.5	3	0.22813688212927757	1011.0	0	0.0	1011.0	0	0.0
info	12	169	254419.5	8	0.6083650190114068	254419.5	12	0.9125475285171103	1525.5	0	0.0	1017.0	0	0.0	1017.0	0	0.0
info	12	170	255920.5	7	0.532319391634981	255920.5	0	0.0	1534.5	0	0.0	1023.0	0	0.0	1023.0	0	0.0
info	12	171	257421.5	5	0.38022813688212925	257421.5	12	0.9125475285171103	1543.5	0	0.0	1029.0	0	0.0	1029.0	0	0.0
info	12	172	258922.5	6	0.45627376425855515	258922.5	0	0.0	1552.5	0	0.0	1035.0	0	0.0	1035.0	0	0.0
info	12	173	260423.5	6	0.45627376425855515	260423.5	12	0.9125475285171103	1561.5	0	0.0	1041.0	0	0.0	1041.0	0	0.0
info	12	174	261924.5	8	0.6083650190114068	261924.5	0	0.0	1570.5	3	0.22813688212927757	1047.0	0	0.0	1047.0	0	0.0
info	12	175	263425.5	4	0.3041825095057034	263425.5	12	0.9125475285171103	1579.5	1	0.07604562737642585	1053.0	0	0.0	1053.0	0	0.0
info	12	176	264926.5	10	0.7604562737642585	264926.5	9	0.6844106463878327	1588.5	0	0.0	1059.0	0	0.0	1059.0	0	0.0
info	12	177	266427.5	3	0.22813688212927757	266427.5	3	0.22813688212927757	1597.5	1	0.07604562737642585	1065.0	0	0.0	1065.0	0	0.0
info	12	178	267928.5	11	0.8365019011406843	267928.5	12	0.9125475285171103	1606.5	0	0.0	1071.0	0	0.0	1071.0	0	0.0
info	12	179	269429.5	1	0.07604562737642585	269429.5	0	0.0	1615.5	0	0.0	1077.0	0	0.0	1077.0	0	0.0
info	12	180	270930.5	8	0.6083650190114068	270930.5	0	0.0	1624.5	0	0.0	1083.0	0	0.0	1083.0	0	0.0
info	12	181	272431.5	4	0.3041825095057034	272431.5	12	0.9125475285171103	1633.5	0	0.0	1089.0	0	0.0	1089.0	0	0.0
info	12	182	273932.5	11	0.8365019011406843	273932.5	12	0.9125475285171103	1642.5	0	0.0	1095.0	0	0.0	1095.0	0	0.0
info	12	183	275433.5	6	0.45627376425855515	275433.5	0	0.0	1651.5	0	0.0	1101.0	0	0.0	1101.0	0	0.0
info	12	184	276934.5	6	0.45627376425855515	276934.5	12	0.9125475285171103	1660.5	0	0.0	1107.0	0	0.0	1107.0	0	0.0
info	12	185	278435.5	5	0.38022813688212925	278435.5	0	0.0	1669.5	1	0.07604562737642585	1113.0	0	0.0	1113.0	0	0.0
info	12	186	279936.5	7	0.532319391634981	279936.5	12	0.9125475285171103	1678.5	1	0.07604562737642585	1119.0	0	0.0	1119.0	0	0.0
info	12	187	281437.5	6	0.45627376425855515	281437.5	0	0.0	1687.5	2	0.1520912547528517	1125.0	0	0.0	1125.0	0	0.0
info	12	188	282938.5	6	0.45627376425855515	282938.5	12	0.9125475285171103	1696.5	1	0.07604562737642585	1131.0	0	0.0	1131.0	0	0.0
info	12	189	284439.5	6	0.45627376425855515	284439.5	0	0.0	1705.5	0	0.0	1137.0	0	0.0	1137.0	0	0.0
info	12	190	285940.5	6	0.45627376425855515	285940.5	12	0.9125475285171103	1714.5	0	0.0	1143.0	0	0.0	1143.0	0	0.0
info	12	191	287441.5	6	0.45627376425855515	287441.5	0	0.0	1723.5	0	0.0	1149.0	0	0.0	1149.0	0	0.0
info	12	192	288942.5	6	0.45627376425855515	288942.5	12	0.9125475285171103	1732.5	1	0.07604562737642585	1155.0	0	0.0	1155.0	0	0.0
info	12	193	290443.5	6	0.45627376425855515	290443.5	0	0.0	1741.5	0	0.0	1161.0	0	0.0	1161.0	0	0.0
info	12	194	291944.5	6	0.45627376425855515	291944.5	12	0.9125475285171103	1750.5	0	0.0	1167.0	0	0.0	1167.0	0	0.0
info	12	195	293445.5	4	0.3041825095057034	293445.5	0	0.0	1759.5	0	0.0	1173.0	0	0.0	1173.0	0	0.0
info	12	196	294946.5	8	0.6083650190114068	294946.5	12	0.9125475285171103	1768.5	0	0.0	1179.0	0	0.0	1179.0	0	0.0
info	12	197	296447.5	9	0.6844106463878327	296447.5	6	0.45627376425855515	1777.5	0	0.0	1185.0	0	0.0	1185.0	0	0.0
info	12	198	297948.5	4	0.3041825095057034	297948.5	6	0.45627376425855515	1786.5	0	0.0	1191.0	0	0.0	1191.0	0	0.0
info	12	199	299449.5	5	0.38022813688212925	299449.5	6	0.45627376425855515	1795.5	1	0.07604562737642585	1197.0	0	0.0	1197.0	0	0.0
home	12	0	744.0	3	0.22918258212375858	744.0	1	0.07639419404125286	2.5	70	5.347593582887701	3.0	1309	100.0	3.0	1309	100.0
home	12	1	2232.0	10	0.7639419404125286	2232.0	12	0.9167303284950343	7.5	132	10.084033613445378	9.0	0	0.0	9.0	0	0.0
home	12	2	3720.0	11	0.8403361344537814	3720.0	10	0.7639419404125286	12.5	58	4.430863254392666	15.0	0	0.0	15.0	0	0.0
home	12	3	5208.0	1	0.07639419404125286	5208.0	2	0.15278838808250572	17.5	83	6.340718105423988	21.0	0	0.0	21.0	0	0.0
home	12	4	6696.0	12	0.9167303284950343	6696.0	12	0.9167303284950343	22.5	104	7.944996180290298	27.0	0	0.0	27.0	0	0.0
home	12	5	8184.0	0	0.0	8184.0	0	0.0	27.5	72	5.500381970970206	33.0	0	0.0	33.0	0	0.0
home	12	6	9672.0	12	0.9167303284950343	9672.0	12	0.9167303284950343	32.5	47	3.5905271199388844	39.0	0	0.0	39.0	0	0.0
home	12	7	11160.0	0	0.0	11160.0	0	0.0	37.5	24	1.8334606569900687	45.0	0	0.0	45.0	0	0.0
home	12	8	12648.0	12	0.9167303284950343	12648.0	12	0.9167303284950343	42.5	9	0.6875477463712758	51.0	0	0.0	51.0	0	0.0
home	12	9	14136.0	0	0.0	14136.0	0	0.0	47.5	7	0.53475935828877	57.0	0	0.0	57.0	0	0.0
home	12	10	15624.0	9	0.6875477463712758	15624.0	3	0.22918258212375858	52.5	3	0.22918258212375858	63.0	0	0.0	63.0	0	0.0
home	12	11	17112.0	3	0.22918258212375858	17112.0	9	0.6875477463712758	57.5	7	0.53475935828877	69.0	0	0.0	69.0	0	0.0
home	12	12	18600.0	10	0.7639419404125286	18600.0	5	0.3819709702062643	62.5	18	1.3750954927425516	75.0	0	0.0	75.0	0	0.0
home	12	13	20088.0	2	0.15278838808250572	20088.0	7	0.53475935828877	67.5	24	1.8334606569900687	81.0	0	0.0	81.0	0	0.0
home	12	14	21576.0	12	0.9167303284950343	21576.0	12	0.9167303284950343	72.5	18	1.3750954927425516	87.0	0	0.0	87.0	0	0.0
home	12	15	23064.0	0	0.0	23064.0	0	0.0	77.5	42	3.2085561497326203	93.0	0	0.0	93.0	0	0.0
home	12	16	24552.0	12	0.9167303284950343	24552.0	12	0.9167303284950343	82.5	82	6.264323911382735	99.0	0	0.0	99.0	0	0.0
home	12	17	26040.0	0	0.0	26040.0	0	0.0	87.5	76	5.805958747135217	105.0	0	0.0	105.0	0	0.0
home	12	18	27528.0	12	0.9167303284950343	27528.0	12	0.9167303284950343	92.5	70	5.347593582887701	111.0	0	0.0	111.0	0	0.0
home	12	19	29016.0	0	0.0	29016.0	0	0.0	97.5	78	5.958747135217723	117.0	0	0.0	117.0	0	0.0
home	12	20	30504.0	12	0.9167303284950343	30504.0	12	0.9167303284950343	102.5	69	5.271199388846448	123.0	0	0.0	123.0	0	0.0
home	12	21	31992.0	9	0.6875477463712758	31992.0	1	0.07639419404125286	107.5	54	4.125286478227655	129.0	0	0.0	129.0	0	0.0
home	12	22	33480.0	3	0.22918258212375858	33480.0	11	0.8403361344537814	112.5	41	3.1321619556913673	135.0	0	0.0	135.0	0	0.0
home	12	23	34968.0	12	0.9167303284950343	34968.0	12	0.9167303284950343	117.5	20	1.5278838808250572	141.0	0	0.0	141.0	0	0.0
home	12	24	36456.0	0	0.0	36456.0	0	0.0	122.5	11	0.8403361344537814	147.0	0	0.0	147.0	0	0.0
home	12	25	37944.0	12	0.9167303284950343	37944.0	12	0.9167303284950343	127.5	2	0.15278838808250572	153.0	0	0.0	153.0	0	0.0
home	12	26	39432.0	0	0.0	39432.0	0	0.0	132.5	0	0.0	159.0	0	0.0	159.0	0	0.0
home	12	27	40920.0	12	0.9167303284950343	40920.0	12	0.9167303284950343	137.5	1	0.07639419404125286	165.0	0	0.0	165.0	0	0.0
home	12	28	42408.0	0	0.0	42408.0	0	0.0	142.5	0	0.0	171.0	0	0.0	171.0	0	0.0
home	12	29	43896.0	12	0.9167303284950343	43896.0	12	0.9167303284950343	147.5	0	0.0	177.0	0	0.0	177.0	0	0.0
home	12	30	45384.0	0	0.0	45384.0	0	0.0	152.5	0	0.0	183.0	0	0.0	183.0	0	0.0
home	12	31	46872.0	12	0.9167303284950343	46872.0	12	0.9167303284950343	157.5	0	0.0	189.0	0	0.0	189.0	0	0.0
home	12	32	48360.0	0	0.0	48360.0	0	0.0	162.5	7	0.53475935828877	195.0	0	0.0	195.0	0	0.0
home	12	33	49848.0	12	0.9167303284950343	49848.0	12	0.9167303284950343	167.5	14	1.06951871657754	201.0	0	0.0	201.0	0	0.0
home	12	34	51336.0	9	0.6875477463712758	51336.0	3	0.22918258212375858	172.5	13	0.9931245225362872	207.0	0	0.0	207.0	0	0.0
home	12	35	52824.0	3	0.22918258212375858	52824.0	9	0.6875477463712758	177.5	10	0.7639419404125286	213.0	0	0.0	213.0	0	0.0
home	12	36	54312.0	12	0.9167303284950343	54312.0	12	0.9167303284950343	182.5	5	0.3819709702062643	219.0	0	0.0	219.0	0	0.0
home	12	37	55800.0	0	0.0	55800.0	0	0.0	187.5	8	0.6111535523300229	225.0	0	0.0	225.0	0	0.0
home	12	38	57288.0	12	0.9167303284950343	57288.0	12	0.9167303284950343	192.5	8	0.6111535523300229	231.0	0	0.0	231.0	0	0.0
home	12	39	58776.0	0	0.0	58776.0	0	0.0	197.5	6	0.45836516424751717	237.0	0	0.0	237.0	0	0.0
home	12	40	60264.0	12	0.9167303284950343	60264.0	12	0.9167303284950343	202.5	6	0.45836516424751717	243.0	0	0.0	243.0	0	0.0
home	12	41	61752.0	0	0.0	61752.0	0	0.0	207.5	1	0.07639419404125286	249.0	0	0.0	249.0	0	0.0
home	12	42	63240.0	12	0.9167303284950343	63240.0	12	0.9167303284950343	212.5	0	0.0	255.0	0	0.0	255.0	0	0.0
home	12	43	64728.0	10	0.7639419404125286	64728.0	9	0.6875477463712758	217.5	0	0.0	261.0	0	0.0	261.0	0	0.0
home	12	44	66216.0	2	0.15278838808250572	66216.0	3	0.22918258212375858	222.5	0	0.0	267.0	0	0.0	267.0	0	0.0
home	12	45	67704.0	12	0.9167303284950343	67704.0	12	0.9167303284950343	227.5	0	0.0	273.0	0	0.0	273.0	0	0.0
home	12	46	69192.0	0	0.0	69192.0	0	0.0	232.5	0	0.0	279.0	0	0.0	279.0	0	0.0
home	12	47	70680.0	12	0.9167303284950343	70680.0	12	0.9167303284950343	237.5	0	0.0	285.0	0	0.0	285.0	0	0.0
home	12	48	72168.0	0	0.0	72168.0	0	0.0	242.5	0	0.0	291.0	0	0.0	291.0	0	0.0
home	12	49	73656.0	12	0.9167303284950343	73656.0	12	0.9167303284950343	247.5	0	0.0	297.0	0	0.0	297.0	0	0.0
home	12	50	75144.0	0	0.0	75144.0	0	0.0	252.5	0	0.0	303.0	0	0.0	303.0	0	0.0
home	12	51	76632.0	12	0.9167303284950343	76632.0	12	0.9167303284950343	257.5	0	0.0	309.0	0	0.0	309.0	0	0.0
home	12	52	78120.0	0	0.0	78120.0	0	0.0	262.5	0	0.0	315.0	0	0.0	315.0	0	0.0
home	12	53	79608.0	12	0.9167303284950343	79608.0	12	0.9167303284950343	267.5	0	0.0	321.0	0	0.0	321.0	0	0.0
home	12	54	81096.0	0	0.0	81096.0	0	0.0	272.5	1	0.07639419404125286	327.0	0	0.0	327.0	0	0.0
home	12	55	82584.0	12	0.9167303284950343	82584.0	12	0.9167303284950343	277.5	0	0.0	333.0	0	0.0	333.0	0	0.0
home	12	56	84072.0	0	0.0	84072.0	0	0.0	282.5	2	0.15278838808250572	339.0	0	0.0	339.0	0	0.0
home	12	57	85560.0	12	0.9167303284950343	85560.0	12	0.9167303284950343	287.5	1	0.07639419404125286	345.0	0	0.0	345.0	0	0.0
home	12	58	87048.0	0	0.0	87048.0	0	0.0	292.5	0	0.0	351.0	0	0.0	351.0	0	0.0
home	12	59	88536.0	12	0.9167303284950343	88536.0	12	0.9167303284950343	297.5	0	0.0	357.0	0	0.0	357.0	0	0.0
home	12	60	90024.0	0	0.0	90024.0	0	0.0	302.5	0	0.0	363.0	0	0.0	363.0	0	0.0
home	12	61	91512.0	12	0.9167303284950343	91512.0	12	0.9167303284950343	307.5	0	0.0	369.0	0	0.0	369.0	0	0.0
home	12	62	93000.0	9	0.6875477463712758	93000.0	0	0.0	312.5	0	0.0	375.0	0	0.0	375.0	0	0.0
home	12	63	94488.0	3	0.22918258212375858	94488.0	12	0.9167303284950343	317.5	1	0.07639419404125286	381.0	0	0.0	381.0	0	0.0
home	12	64	95976.0	12	0.9167303284950343	95976.0	12	0.9167303284950343	322.5	1	0.07639419404125286	387.0	0	0.0	387.0	0	0.0
home	12	65	97464.0	0	0.0	97464.0	0	0.0	327.5	0	0.0	393.0	0	0.0	393.0	0	0.0
home	12	66	98952.0	12	0.9167303284950343	98952.0	12	0.9167303284950343	332.5	0	0.0	399.0	0	0.0	399.0	0	0.0
home	12	67	100440.0	0	0.0	100440.0	0	0.0	337.5	0	0.0	405.0	0	0.0	405.0	0	0.0
home	12	68	101928.0	12	0.9167303284950343	101928.0	12	0.9167303284950343	342.5	0	0.0	411.0	0	0.0	411.0	0	0.0
home	12	69	103416.0	0	0.0	103416.0	0	0.0	347.5	0	0.0	417.0	0	0.0	417.0	0	0.0
home	12	70	104904.0	12	0.9167303284950343	104904.0	12	0.9167303284950343	352.5	0	0.0	423.0	0	0.0	423.0	0	0.0
home	12	71	106392.0	0	0.0	106392.0	0	0.0	357.5	0	0.0	429.0	0	0.0	429.0	0	0.0
home	12	72	107880.0	12	0.9167303284950343	107880.0	12	0.9167303284950343	362.5	0	0.0	435.0	0	0.0	435.0	0	0.0
home	12	73	109368.0	0	0.0	109368.0	0	0.0	367.5	0	0.0	441.0	0	0.0	441.0	0	0.0
home	12	74	110856.0	12	0.9167303284950343	110856.0	12	0.9167303284950343	372.5	0	0.0	447.0	0	0.0	447.0	0	0.0
home	12	75	112344.0	0	0.0	112344.0	0	0.0	377.5	0	0.0	453.0	0	0.0	453.0	0	0.0
home	12	76	113832.0	12	0.9167303284950343	113832.0	12	0.9167303284950343	382.5	0	0.0	459.0	0	0.0	459.0	0	0.0
home	12	77	115320.0	0	0.0	115320.0	0	0.0	387.5	0	0.0	465.0	0	0.0	465.0	0	0.0
home	12	78	116808.0	12	0.9167303284950343	116808.0	12	0.9167303284950343	392.5	0	0.0	471.0	0	0.0	471.0	0	0.0
home	12	79	118296.0	12	0.9167303284950343	118296.0	12	0.9167303284950343	397.5	0	0.0	477.0	0	0.0	477.0	0	0.0
home	12	80	119784.0	0	0.0	119784.0	0	0.0	402.5	0	0.0	483.0	0	0.0	483.0	0	0.0
home	12	81	121272.0	12	0.9167303284950343	121272.0	12	0.9167303284950343	407.5	0	0.0	489.0	0	0.0	489.0	0	0.0
home	12	82	122760.0	0	0.0	122760.0	0	0.0	412.5	0	0.0	495.0	0	0.0	495.0	0	0.0
home	12	83	124248.0	12	0.9167303284950343	124248.0	12	0.9167303284950343	417.5	0	0.0	501.0	0	0.0	501.0	0	0.0
home	12	84	125736.0	12	0.9167303284950343	125736.0	12	0.9167303284950343	422.5	0	0.0	507.0	0	0.0	507.0	0	0.0
home	12	85	127224.0	0	0.0	127224.0	0	0.0	427.5	0	0.0	513.0	0	0.0	513.0	0	0.0
home	12	86	128712.0	12	0.9167303284950343	128712.0	12	0.9167303284950343	432.5	0	0.0	519.0	0	0.0	519.0	0	0.0
home	12	87	130200.0	0	0.0	130200.0	0	0.0	437.5	0	0.0	525.0	0	0.0	525.0	0	0.0
home	12	88	131688.0	12	0.9167303284950343	131688.0	12	0.9167303284950343	442.5	0	0.0	531.0	0	0.0	531.0	0	0.0
home	12	89	133176.0	9	0.6875477463712758	133176.0	0	0.0	447.5	0	0.0	537.0	0	0.0	537.0	0	0.0
home	12	90	134664.0	3	0.22918258212375858	134664.0	12	0.9167303284950343	452.5	0	0.0	543.0	0	0.0	543.0	0	0.0
home	12	91	136152.0	12	0.9167303284950343	136152.0	12	0.9167303284950343	457.5	0	0.0	549.0	0	0.0	549.0	0	0.0
home	12	92	137640.0	1	0.07639419404125286	137640.0	1	0.07639419404125286	462.5	0	0.0	555.0	0	0.0	555.0	0	0.0
home	12	93	139128.0	12	0.9167303284950343	139128.0	11	0.8403361344537814	467.5	0	0.0	561.0	0	0.0	561.0	0	0.0
home	12	94	140616.0	11	0.8403361344537814	140616.0	12	0.9167303284950343	472.5	0	0.0	567.0	0	0.0	567.0	0	0.0
home	12	95	142104.0	0	0.0	142104.0	0	0.0	477.5	0	0.0	573.0	0	0.0	573.0	0	0.0
home	12	96	143592.0	12	0.9167303284950343	143592.0	12	0.9167303284950343	482.5	0	0.0	579.0	0	0.0	579.0	0	0.0
home	12	97	145080.0	0	0.0	145080.0	0	0.0	487.5	0	0.0	585.0	0	0.0	585.0	0	0.0
home	12	98	146568.0	12	0.9167303284950343	146568.0	12	0.9167303284950343	492.5	0	0.0	591.0	0	0.0	591.0	0	0.0
home	12	99	148056.0	9	0.6875477463712758	148056.0	0	0.0	497.5	0	0.0	597.0	0	0.0	597.0	0	0.0
home	12	100	149544.0	3	0.22918258212375858	149544.0	12	0.9167303284950343	502.5	0	0.0	603.0	0	0.0	603.0	0	0.0
home	12	101	151032.0	12	0.9167303284950343	151032.0	12	0.9167303284950343	507.5	0	0.0	609.0	0	0.0	609.0	0	0.0
home	12	102	152520.0	0	0.0	152520.0	0	0.0	512.5	0	0.0	615.0	0	0.0	615.0	0	0.0
home	12	103	154008.0	12	0.9167303284950343	154008.0	12	0.9167303284950343	517.5	0	0.0	621.0	0	0.0	621.0	0	0.0
home	12	104	155496.0	0	0.0	155496.0	0	0.0	522.5	0	0.0	627.0	0	0.0	627.0	0	0.0
home	12	105	156984.0	12	0.9167303284950343	156984.0	12	0.9167303284950343	527.5	0	0.0	633.0	0	0.0	633.0	0	0.0
home	12	106	158472.0	10	0.7639419404125286	158472.0	10	0.7639419404125286	532.5	0	0.0	639.0	0	0.0	639.0	0	0.0
home	12	107	159960.0	2	0.15278838808250572	159960.0	2	0.15278838808250572	537.5	0	0.0	645.0	0	0.0	645.0	0	0.0
home	12	108	161448.0	12	0.9167303284950343	161448.0	12	0.9167303284950343	542.5	0	0.0	651.0	0	0.0	651.0	0	0.0
home	12	109	162936.0	0	0.0	162936.0	0	0.0	547.5	0	0.0	657.0	0	0.0	657.0	0	0.0
home	12	110	164424.0	12	0.9167303284950343	164424.0	12	0.9167303284950343	552.5	0	0.0	663.0	0	0.0	663.0	0	0.0
home	12	111	165912.0	0	0.0	165912.0	0	0.0	557.5	0	0.0	669.0	0	0.0	669.0	0	0.0
home	12	112	167400.0	12	0.9167303284950343	167400.0	12	0.9167303284950343	562.5	0	0.0	675.0	0	0.0	675.0	0	0.0
home	12	113	168888.0	10	0.7639419404125286	168888.0	10	0.7639419404125286	567.5	0	0.0	681.0	0	0.0	681.0	0	0.0
home	12	114	170376.0	2	0.15278838808250572	170376.0	2	0.15278838808250572	572.5	0	0.0	687.0	0	0.0	687.0	0	0.0
home	12	115	171864.0	12	0.9167303284950343	171864.0	12	0.9167303284950343	577.5	1	0.07639419404125286	693.0	0	0.0	693.0	0	0.0
home	12	116	173352.0	0	0.0	173352.0	0	0.0	582.5	0	0.0	699.0	0	0.0	699.0	0	0.0
home	12	117	174840.0	12	0.9167303284950343	174840.0	12	0.9167303284950343	587.5	0	0.0	705.0	0	0.0	705.0	0	0.0
home	12	118	176328.0	0	0.0	176328.0	0	0.0	592.5	0	0.0	711.0	0	0.0	711.0	0	0.0
home	12	119	177816.0	12	0.9167303284950343	177816.0	12	0.9167303284950343	597.5	0	0.0	717.0	0	0.0	717.0	0	0.0
home	12	120	179304.0	0	0.0	179304.0	0	0.0	602.5	0	0.0	723.0	0	0.0	723.0	0	0.0
home	12	121	180792.0	12	0.9167303284950343	180792.0	12	0.9167303284950343	607.5	0	0.0	729.0	0	0.0	729.0	0	0.0
home	12	122	182280.0	0	0.0	182280.0	0	0.0	612.5	0	0.0	735.0	0	0.0	735.0	0	0.0
home	12	123	183768.0	12	0.9167303284950343	183768.0	12	0.9167303284950343	617.5	0	0.0	741.0	0	0.0	741.0	0	0.0
home	12	124	185256.0	0	0.0	185256.0	0	0.0	622.5	0	0.0	747.0	0	0.0	747.0	0	0.0
home	12	125	186744.0	12	0.9167303284950343	186744.0	12	0.9167303284950343	627.5	0	0.0	753.0	0	0.0	753.0	0	0.0
home	12	126	188232.0	12	0.9167303284950343	188232.0	12	0.9167303284950343	632.5	0	0.0	759.0	0	0.0	759.0	0	0.0
home	12	127	189720.0	0	0.0	189720.0	0	0.0	637.5	0	0.0	765.0	0	0.0	765.0	0	0.0
home	12	128	191208.0	12	0.9167303284950343	191208.0	12	0.9167303284950343	642.5	0	0.0	771.0	0	0.0	771.0	0	0.0
home	12	129	192696.0	0	0.0	192696.0	0	0.0	647.5	0	0.0	777.0	0	0.0	777.0	0	0.0
home	12	130	194184.0	12	0.9167303284950343	194184.0	12	0.9167303284950343	652.5	0	0.0	783.0	0	0.0	783.0	0	0.0
home	12	131	195672.0	0	0.0	195672.0	0	0.0	657.5	0	0.0	789.0	0	0.0	789.0	0	0.0
home	12	132	197160.0	12	0.9167303284950343	197160.0	12	0.9167303284950343	662.5	0	0.0	795.0	0	0.0	795.0	0	0.0
home	12	133	198648.0	0	0.0	198648.0	0	0.0	667.5	0	0.0	801.0	0	0.0	801.0	0	0.0
home	12	134	200136.0	12	0.9167303284950343	200136.0	12	0.9167303284950343	672.5	0	0.0	807.0	0	0.0	807.0	0	0.0
home	12	135	201624.0	9	0.6875477463712758	201624.0	0	0.0	677.5	0	0.0	813.0	0	0.0	813.0	0	0.0
home	12	136	203112.0	3	0.22918258212375858	203112.0	12	0.9167303284950343	682.5	0	0.0	819.0	0	0.0	819.0	0	0.0
home	12	137	204600.0	12	0.9167303284950343	204600.0	12	0.9167303284950343	687.5	0	0.0	825.0	0	0.0	825.0	0	0.0
home	12	138	206088.0	0	0.0	206088.0	0	0.0	692.5	0	0.0	831.0	0	0.0	831.0	0	0.0
home	12	139	207576.0	12	0.9167303284950343	207576.0	12	0.9167303284950343	697.5	0	0.0	837.0	0	0.0	837.0	0	0.0
home	12	140	209064.0	0	0.0	209064.0	0	0.0	702.5	0	0.0	843.0	0	0.0	843.0	0	0.0
home	12	141	210552.0	12	0.9167303284950343	210552.0	12	0.9167303284950343	707.5	0	0.0	849.0	0	0.0	849.0	0	0.0
home	12	142	212040.0	0	0.0	212040.0	0	0.0	712.5	0	0.0	855.0	0	0.0	855.0	0	0.0
home	12	143	213528.0	12	0.9167303284950343	213528.0	12	0.9167303284950343	717.5	1	0.07639419404125286	861.0	0	0.0	861.0	0	0.0
home	12	144	215016.0	0	0.0	215016.0	0	0.0	722.5	0	0.0	867.0	0	0.0	867.0	0	0.0
home	12	145	216504.0	12	0.9167303284950343	216504.0	12	0.9167303284950343	727.5	0	0.0	873.0	0	0.0	873.0	0	0.0
home	12	146	217992.0	0	0.0	217992.0	0	0.0	732.5	0	0.0	879.0	0	0.0	879.0	0	0.0
home	12	147	219480.0	12	0.9167303284950343	219480.0	12	0.9167303284950343	737.5	0	0.0	885.0	0	0.0	885.0	0	0.0
home	12	148	220968.0	0	0.0	220968.0	0	0.0	742.5	0	0.0	891.0	0	0.0	891.0	0	0.0
home	12	149	222456.0	12	0.9167303284950343	222456.0	12	0.9167303284950343	747.5	0	0.0	897.0	0	0.0	897.0	0	0.0
home	12	150	223944.0	12	0.9167303284950343	223944.0	12	0.9167303284950343	752.5	0	0.0	903.0	0	0.0	903.0	0	0.0
home	12	151	225432.0	0	0.0	225432.0	0	0.0	757.5	0	0.0	909.0	0	0.0	909.0	0	0.0
home	12	152	226920.0	12	0.9167303284950343	226920.0	12	0.9167303284950343	762.5	0	0.0	915.0	0	0.0	915.0	0	0.0
home	12	153	228408.0	0	0.0	228408.0	0	0.0	767.5	0	0.0	921.0	0	0.0	921.0	0	0.0
home	12	154	229896.0	12	0.9167303284950343	229896.0	12	0.9167303284950343	772.5	0	0.0	927.0	0	0.0	927.0	0	0.0
home	12	155	231384.0	0	0.0	231384.0	0	0.0	777.5	0	0.0	933.0	0	0.0	933.0	0	0.0
home	12	156	232872.0	12	0.9167303284950343	232872.0	12	0.9167303284950343	782.5	0	0.0	939.0	0	0.0	939.0	0	0.0
home	12	157	234360.0	0	0.0	234360.0	0	0.0	787.5	0	0.0	945.0	0	0.0	945.0	0	0.0
home	12	158	235848.0	12	0.9167303284950343	235848.0	12	0.9167303284950343	792.5	0	0.0	951.0	0	0.0	951.0	0	0.0
home	12	159	237336.0	9	0.6875477463712758	237336.0	0	0.0	797.5	0	0.0	957.0	0	0.0	957.0	0	0.0
home	12	160	238824.0	3	0.22918258212375858	238824.0	12	0.9167303284950343	802.5	0	0.0	963.0	0	0.0	963.0	0	0.0
home	12	161	240312.0	12	0.9167303284950343	240312.0	12	0.9167303284950343	807.5	0	0.0	969.0	0	0.0	969.0	0	0.0
home	12	162	241800.0	0	0.0	241800.0	0	0.0	812.5	0	0.0	975.0	0	0.0	975.0	0	0.0
home	12	163	243288.0	12	0.9167303284950343	243288.0	12	0.9167303284950343	817.5	0	0.0	981.0	0	0.0	981.0	0	0.0
home	12	164	244776.0	0	0.0	244776.0	0	0.0	822.5	0	0.0	987.0	0	0.0	987.0	0	0.0
home	12	165	246264.0	12	0.9167303284950343	246264.0	12	0.9167303284950343	827.5	0	0.0	993.0	0	0.0	993.0	0	0.0
home	12	166	247752.0	0	0.0	247752.0	0	0.0	832.5	0	0.0	999.0	0	0.0	999.0	0	0.0
home	12	167	249240.0	12	0.9167303284950343	249240.0	12	0.9167303284950343	837.5	0	0.0	1005.0	0	0.0	1005.0	0	0.0
home	12	168	250728.0	0	0.0	250728.0	0	0.0	842.5	0	0.0	1011.0	0	0.0	1011.0	0	0.0
home	12	169	252216.0	12	0.9167303284950343	252216.0	12	0.9167303284950343	847.5	0	0.0	1017.0	0	0.0	1017.0	0	0.0
home	12	170	253704.0	0	0.0	253704.0	0	0.0	852.5	0	0.0	1023.0	0	0.0	1023.0	0	0.0
home	12	171	255192.0	12	0.9167303284950343	255192.0	12	0.9167303284950343	857.5	0	0.0	1029.0	0	0.0	1029.0	0	0.0
home	12	172	256680.0	11	0.8403361344537814	256680.0	11	0.8403361344537814	862.5	0	0.0	1035.0	0	0.0	1035.0	0	0.0
home	12	173	258168.0	1	0.07639419404125286	258168.0	1	0.07639419404125286	867.5	0	0.0	1041.0	0	0.0	1041.0	0	0.0
home	12	174	259656.0	12	0.9167303284950343	259656.0	11	0.8403361344537814	872.5	0	0.0	1047.0	0	0.0	1047.0	0	0.0
home	12	175	261144.0	0	0.0	261144.0	1	0.07639419404125286	877.5	0	0.0	1053.0	0	0.0	1053.0	0	0.0
home	12	176	262632.0	12	0.9167303284950343	262632.0	12	0.9167303284950343	882.5	0	0.0	1059.0	0	0.0	1059.0	0	0.0
home	12	177	264120.0	0	0.0	264120.0	0	0.0	887.5	0	0.0	1065.0	0	0.0	1065.0	0	0.0
home	12	178	265608.0	12	0.9167303284950343	265608.0	12	0.9167303284950343	892.5	0	0.0	1071.0	0	0.0	1071.0	0	0.0
home	12	179	267096.0	0	0.0	267096.0	0	0.0	897.5	0	0.0	1077.0	0	0.0	1077.0	0	0.0
home	12	180	268584.0	12	0.9167303284950343	268584.0	12	0.9167303284950343	902.5	0	0.0	1083.0	0	0.0	1083.0	0	0.0
home	12	181	270072.0	0	0.0	270072.0	0	0.0	907.5	1	0.07639419404125286	1089.0	0	0.0	1089.0	0	0.0
home	12	182	271560.0	12	0.9167303284950343	271560.0	12	0.9167303284950343	912.5	0	0.0	1095.0	0	0.0	1095.0	0	0.0
home	12	183	273048.0	0	0.0	273048.0	0	0.0	917.5	0	0.0	1101.0	0	0.0	1101.0	0	0.0
home	12	184	274536.0	12	0.9167303284950343	274536.0	12	0.9167303284950343	922.5	0	0.0	1107.0	0	0.0	1107.0	0	0.0
home	12	185	276024.0	0	0.0	276024.0	0	0.0	927.5	0	0.0	1113.0	0	0.0	1113.0	0	0.0
home	12	186	277512.0	12	0.9167303284950343	277512.0	12	0.9167303284950343	932.5	0	0.0	1119.0	0	0.0	1119.0	0	0.0
home	12	187	279000.0	3	0.22918258212375858	279000.0	0	0.0	937.5	0	0.0	1125.0	0	0.0	1125.0	0	0.0
home	12	188	280488.0	9	0.6875477463712758	280488.0	12	0.9167303284950343	942.5	0	0.0	1131.0	0	0.0	1131.0	0	0.0
home	12	189	281976.0	0	0.0	281976.0	0	0.0	947.5	0	0.0	1137.0	0	0.0	1137.0	0	0.0
home	12	190	283464.0	12	0.9167303284950343	283464.0	12	0.9167303284950343	952.5	0	0.0	1143.0	0	0.0	1143.0	0	0.0
home	12	191	284952.0	0	0.0	284952.0	0	0.0	957.5	0	0.0	1149.0	0	0.0	1149.0	0	0.0
home	12	192	286440.0	12	0.9167303284950343	286440.0	12	0.9167303284950343	962.5	0	0.0	1155.0	0	0.0	1155.0	0	0.0
home	12	193	287928.0	0	0.0	287928.0	0	0.0	967.5	0	0.0	1161.0	0	0.0	1161.0	0	0.0
home	12	194	289416.0	12	0.9167303284950343	289416.0	12	0.9167303284950343	972.5	0	0.0	1167.0	0	0.0	1167.0	0	0.0
home	12	195	290904.0	0	0.0	290904.0	0	0.0	977.5	0	0.0	1173.0	0	0.0	1173.0	0	0.0
home	12	196	292392.0	12	0.9167303284950343	292392.0	12	0.9167303284950343	982.5	0	0.0	1179.0	0	0.0	1179.0	0	0.0
home	12	197	293880.0	0	0.0	293880.0	0	0.0	987.5	0	0.0	1185.0	0	0.0	1185.0	0	0.0
home	12	198	295368.0	12	0.9167303284950343	295368.0	12	0.9167303284950343	992.5	0	0.0	1191.0	0	0.0	1191.0	0	0.0
home	12	199	296856.0	12	0.9167303284950343	296856.0	12	0.9167303284950343	997.5	0	0.0	1197.0	0	0.0	1197.0	0	0.0
