'Request type'	'Load'	'Bucket'	'Start time'	'Absolute'	'Percent of requests'	'End time'	'Absolute'	'Percent of requests'	'Residence time'	'Absolute'	'Percent of requests'	'Theor. think time'	'Absolute'	'Percent of requests'	'Actual think time'	'Absolute'	'Percent of requests'
login	2	0	748.0	3	0.5813953488372093	748.0	3	0.5813953488372093	1.0	0	0.0	3.0	516	100.0	3.0	516	100.0
login	2	1	2244.0	3	0.5813953488372093	2244.0	3	0.5813953488372093	3.0	0	0.0	9.0	0	0.0	9.0	0	0.0
login	2	2	3740.0	2	0.3875968992248062	3740.0	2	0.3875968992248062	5.0	0	0.0	15.0	0	0.0	15.0	0	0.0
login	2	3	5236.0	3	0.5813953488372093	5236.0	3	0.5813953488372093	7.0	0	0.0	21.0	0	0.0	21.0	0	0.0
login	2	4	6732.0	3	0.5813953488372093	6732.0	3	0.5813953488372093	9.0	0	0.0	27.0	0	0.0	27.0	0	0.0
login	2	5	8228.0	2	0.3875968992248062	8228.0	2	0.3875968992248062	11.0	0	0.0	33.0	0	0.0	33.0	0	0.0
login	2	6	9724.0	3	0.5813953488372093	9724.0	3	0.5813953488372093	13.0	0	0.0	39.0	0	0.0	39.0	0	0.0
login	2	7	11220.0	3	0.5813953488372093	11220.0	3	0.5813953488372093	15.0	0	0.0	45.0	0	0.0	45.0	0	0.0
login	2	8	12716.0	2	0.3875968992248062	12716.0	2	0.3875968992248062	17.0	0	0.0	51.0	0	0.0	51.0	0	0.0
login	2	9	14212.0	3	0.5813953488372093	14212.0	3	0.5813953488372093	19.0	0	0.0	57.0	0	0.0	57.0	0	0.0
login	2	10	15708.0	3	0.5813953488372093	15708.0	3	0.5813953488372093	21.0	0	0.0	63.0	0	0.0	63.0	0	0.0
login	2	11	17204.0	2	0.3875968992248062	17204.0	2	0.3875968992248062	23.0	0	0.0	69.0	0	0.0	69.0	0	0.0
login	2	12	18700.0	3	0.5813953488372093	18700.0	3	0.5813953488372093	25.0	0	0.0	75.0	0	0.0	75.0	0	0.0
login	2	13	20196.0	3	0.5813953488372093	20196.0	3	0.5813953488372093	27.0	0	0.0	81.0	0	0.0	81.0	0	0.0
login	2	14	21692.0	2	0.3875968992248062	21692.0	2	0.3875968992248062	29.0	0	0.0	87.0	0	0.0	87.0	0	0.0
login	2	15	23188.0	3	0.5813953488372093	23188.0	3	0.5813953488372093	31.0	0	0.0	93.0	0	0.0	93.0	0	0.0
login	2	16	24684.0	3	0.5813953488372093	24684.0	3	0.5813953488372093	33.0	0	0.0	99.0	0	0.0	99.0	0	0.0
login	2	17	26180.0	2	0.3875968992248062	26180.0	2	0.3875968992248062	35.0	0	0.0	105.0	0	0.0	105.0	0	0.0
login	2	18	27676.0	3	0.5813953488372093	27676.0	3	0.5813953488372093	37.0	0	0.0	111.0	0	0.0	111.0	0	0.0
login	2	19	29172.0	3	0.5813953488372093	29172.0	3	0.5813953488372093	39.0	0	0.0	117.0	0	0.0	117.0	0	0.0
login	2	20	30668.0	2	0.3875968992248062	30668.0	2	0.3875968992248062	41.0	0	0.0	123.0	0	0.0	123.0	0	0.0
login	2	21	32164.0	3	0.5813953488372093	32164.0	3	0.5813953488372093	43.0	0	0.0	129.0	0	0.0	129.0	0	0.0
login	2	22	33660.0	3	0.5813953488372093	33660.0	3	0.5813953488372093	45.0	0	0.0	135.0	0	0.0	135.0	0	0.0
login	2	23	35156.0	3	0.5813953488372093	35156.0	2	0.3875968992248062	47.0	0	0.0	141.0	0	0.0	141.0	0	0.0
login	2	24	36652.0	2	0.3875968992248062	36652.0	3	0.5813953488372093	49.0	0	0.0	147.0	0	0.0	147.0	0	0.0
login	2	25	38148.0	3	0.5813953488372093	38148.0	3	0.5813953488372093	51.0	0	0.0	153.0	0	0.0	153.0	0	0.0
login	2	26	39644.0	3	0.5813953488372093	39644.0	2	0.3875968992248062	53.0	0	0.0	159.0	0	0.0	159.0	0	0.0
login	2	27	41140.0	2	0.3875968992248062	41140.0	3	0.5813953488372093	55.0	0	0.0	165.0	0	0.0	165.0	0	0.0
login	2	28	42636.0	3	0.5813953488372093	42636.0	3	0.5813953488372093	57.0	0	0.0	171.0	0	0.0	171.0	0	0.0
login	2	29	44132.0	3	0.5813953488372093	44132.0	2	0.3875968992248062	59.0	0	0.0	177.0	0	0.0	177.0	0	0.0
login	2	30	45628.0	2	0.3875968992248062	45628.0	3	0.5813953488372093	61.0	0	0.0	183.0	0	0.0	183.0	0	0.0
login	2	31	47124.0	3	0.5813953488372093	47124.0	3	0.5813953488372093	63.0	0	0.0	189.0	0	0.0	189.0	0	0.0
login	2	32	48620.0	2	0.3875968992248062	48620.0	2	0.3875968992248062	65.0	0	0.0	195.0	0	0.0	195.0	0	0.0
login	2	33	50116.0	3	0.5813953488372093	50116.0	3	0.5813953488372093	67.0	0	0.0	201.0	0	0.0	201.0	0	0.0
login	2	34	51612.0	3	0.5813953488372093	51612.0	3	0.5813953488372093	69.0	0	0.0	207.0	0	0.0	207.0	0	0.0
login	2	35	53108.0	2	0.3875968992248062	53108.0	2	0.3875968992248062	71.0	0	0.0	213.0	0	0.0	213.0	0	0.0
login	2	36	54604.0	3	0.5813953488372093	54604.0	3	0.5813953488372093	73.0	0	0.0	219.0	0	0.0	219.0	0	0.0
login	2	37	56100.0	3	0.5813953488372093	56100.0	3	0.5813953488372093	75.0	1	0.1937984496124031	225.0	0	0.0	225.0	0	0.0
login	2	38	57596.0	2	0.3875968992248062	57596.0	2	0.3875968992248062	77.0	8	1.550387596899225	231.0	0	0.0	231.0	0	0.0
login	2	39	59092.0	0	0.0	59092.0	0	0.0	79.0	26	5.038759689922481	237.0	0	0.0	237.0	0	0.0
login	2	40	60588.0	2	0.3875968992248062	60588.0	2	0.3875968992248062	81.0	18	3.488372093023256	243.0	0	0.0	243.0	0	0.0
login	2	41	62084.0	4	0.7751937984496124	62084.0	4	0.7751937984496124	83.0	15	2.906976744186047	249.0	0	0.0	249.0	0	0.0
login	2	42	63580.0	2	0.3875968992248062	63580.0	2	0.3875968992248062	85.0	10	1.9379844961240311	255.0	0	0.0	255.0	0	0.0
login	2	43	65076.0	2	0.3875968992248062	65076.0	2	0.3875968992248062	87.0	10	1.9379844961240311	261.0	0	0.0	261.0	0	0.0
login	2	44	66572.0	3	0.5813953488372093	66572.0	2	0.3875968992248062	89.0	9	1.744186046511628	267.0	0	0.0	267.0	0	0.0
login	2	45	68068.0	3	0.5813953488372093	68068.0	4	0.7751937984496124	91.0	11	2.1317829457364343	273.0	0	0.0	273.0	0	0.0
login	2	46	69564.0	2	0.3875968992248062	69564.0	2	0.3875968992248062	93.0	12	2.3255813953488373	279.0	0	0.0	279.0	0	0.0
login	2	47	71060.0	2	0.3875968992248062	71060.0	2	0.3875968992248062	95.0	9	1.744186046511628	285.0	0	0.0	285.0	0	0.0
login	2	48	72556.0	3	0.5813953488372093	72556.0	2	0.3875968992248062	97.0	9	1.744186046511628	291.0	0	0.0	291.0	0	0.0
login	2	49	74052.0	3	0.5813953488372093	74052.0	4	0.7751937984496124	99.0	4	0.7751937984496124	297.0	0	0.0	297.0	0	0.0
login	2	50	75548.0	2	0.3875968992248062	75548.0	2	0.3875968992248062	101.0	4	0.7751937984496124	303.0	0	0.0	303.0	0	0.0
login	2	51	77044.0	3	0.5813953488372093	77044.0	2	0.3875968992248062	103.0	7	1.356589147286822	309.0	0	0.0	309.0	0	0.0
login	2	52	78540.0	3	0.5813953488372093	78540.0	4	0.7751937984496124	105.0	4	0.7751937984496124	315.0	0	0.0	315.0	0	0.0
login	2	53	80036.0	2	0.3875968992248062	80036.0	2	0.3875968992248062	107.0	6	1.1627906976744187	321.0	0	0.0	321.0	0	0.0
login	2	54	81532.0	2	0.3875968992248062	81532.0	2	0.3875968992248062	109.0	8	1.550387596899225	327.0	0	0.0	327.0	0	0.0
login	2	55	83028.0	4	0.7751937984496124	83028.0	4	0.7751937984496124	111.0	8	1.550387596899225	333.0	0	0.0	333.0	0	0.0
login	2	56	84524.0	2	0.3875968992248062	84524.0	2	0.3875968992248062	113.0	3	0.5813953488372093	339.0	0	0.0	339.0	0	0.0
login	2	57	86020.0	2	0.3875968992248062	86020.0	2	0.3875968992248062	115.0	10	1.9379844961240311	345.0	0	0.0	345.0	0	0.0
login	2	58	87516.0	2	0.3875968992248062	87516.0	2	0.3875968992248062	117.0	5	0.9689922480620156	351.0	0	0.0	351.0	0	0.0
login	2	59	89012.0	4	0.7751937984496124	89012.0	4	0.7751937984496124	119.0	7	1.356589147286822	357.0	0	0.0	357.0	0	0.0
login	2	60	90508.0	2	0.3875968992248062	90508.0	2	0.3875968992248062	121.0	11	2.1317829457364343	363.0	0	0.0	363.0	0	0.0
login	2	61	92004.0	2	0.3875968992248062	92004.0	2	0.3875968992248062	123.0	2	0.3875968992248062	369.0	0	0.0	369.0	0	0.0
login	2	62	93500.0	4	0.7751937984496124	93500.0	3	0.5813953488372093	125.0	10	1.9379844961240311	375.0	0	0.0	375.0	0	0.0
login	2	63	94996.0	2	0.3875968992248062	94996.0	3	0.5813953488372093	127.0	7	1.356589147286822	381.0	0	0.0	381.0	0	0.0
login	2	64	96492.0	2	0.3875968992248062	96492.0	2	0.3875968992248062	129.0	9	1.744186046511628	387.0	0	0.0	387.0	0	0.0
login	2	65	97988.0	4	0.7751937984496124	97988.0	2	0.3875968992248062	131.0	10	1.9379844961240311	393.0	0	0.0	393.0	0	0.0
login	2	66	99484.0	2	0.3875968992248062	99484.0	4	0.7751937984496124	133.0	3	0.5813953488372093	399.0	0	0.0	399.0	0	0.0
login	2	67	100980.0	2	0.3875968992248062	100980.0	2	0.3875968992248062	135.0	5	0.9689922480620156	405.0	0	0.0	405.0	0	0.0
login	2	68	102476.0	2	0.3875968992248062	102476.0	2	0.3875968992248062	137.0	5	0.9689922480620156	411.0	0	0.0	411.0	0	0.0
login	2	69	103972.0	4	0.7751937984496124	103972.0	4	0.7751937984496124	139.0	5	0.9689922480620156	417.0	0	0.0	417.0	0	0.0
login	2	70	105468.0	2	0.3875968992248062	105468.0	2	0.3875968992248062	141.0	9	1.744186046511628	423.0	0	0.0	423.0	0	0.0
login	2	71	106964.0	2	0.3875968992248062	106964.0	2	0.3875968992248062	143.0	1	0.1937984496124031	429.0	0	0.0	429.0	0	0.0
login	2	72	108460.0	4	0.7751937984496124	108460.0	4	0.7751937984496124	145.0	4	0.7751937984496124	435.0	0	0.0	435.0	0	0.0
login	2	73	109956.0	2	0.3875968992248062	109956.0	2	0.3875968992248062	147.0	6	1.1627906976744187	441.0	0	0.0	441.0	0	0.0
login	2	74	111452.0	2	0.3875968992248062	111452.0	2	0.3875968992248062	149.0	6	1.1627906976744187	447.0	0	0.0	447.0	0	0.0
login	2	75	112948.0	2	0.3875968992248062	112948.0	2	0.3875968992248062	151.0	5	0.9689922480620156	453.0	0	0.0	453.0	0	0.0
login	2	76	114444.0	4	0.7751937984496124	114444.0	2	0.3875968992248062	153.0	4	0.7751937984496124	459.0	0	0.0	459.0	0	0.0
login	2	77	115940.0	2	0.3875968992248062	115940.0	4	0.7751937984496124	155.0	9	1.744186046511628	465.0	0	0.0	465.0	0	0.0
login	2	78	117436.0	2	0.3875968992248062	117436.0	2	0.3875968992248062	157.0	2	0.3875968992248062	471.0	0	0.0	471.0	0	0.0
login	2	79	118932.0	2	0.3875968992248062	118932.0	2	0.3875968992248062	159.0	5	0.9689922480620156	477.0	0	0.0	477.0	0	0.0
login	2	80	120428.0	4	0.7751937984496124	120428.0	2	0.3875968992248062	161.0	8	1.550387596899225	483.0	0	0.0	483.0	0	0.0
login	2	81	121924.0	2	0.3875968992248062	121924.0	4	0.7751937984496124	163.0	10	1.9379844961240311	489.0	0	0.0	489.0	0	0.0
login	2	82	123420.0	2	0.3875968992248062	123420.0	2	0.3875968992248062	165.0	12	2.3255813953488373	495.0	0	0.0	495.0	0	0.0
login	2	83	124916.0	4	0.7751937984496124	124916.0	2	0.3875968992248062	167.0	0	0.0	501.0	0	0.0	501.0	0	0.0
login	2	84	126412.0	2	0.3875968992248062	126412.0	4	0.7751937984496124	169.0	6	1.1627906976744187	507.0	0	0.0	507.0	0	0.0
login	2	85	127908.0	2	0.3875968992248062	127908.0	2	0.3875968992248062	171.0	4	0.7751937984496124	513.0	0	0.0	513.0	0	0.0
login	2	86	129404.0	2	0.3875968992248062	129404.0	2	0.3875968992248062	173.0	4	0.7751937984496124	519.0	0	0.0	519.0	0	0.0
login	2	87	130900.0	4	0.7751937984496124	130900.0	2	0.3875968992248062	175.0	6	1.1627906976744187	525.0	0	0.0	525.0	0	0.0
login	2	88	132396.0	2	0.3875968992248062	132396.0	4	0.7751937984496124	177.0	7	1.356589147286822	531.0	0	0.0	531.0	0	0.0
login	2	89	133892.0	2	0.3875968992248062	133892.0	2	0.3875968992248062	179.0	4	0.7751937984496124	537.0	0	0.0	537.0	0	0.0
login	2	90	135388.0	4	0.7751937984496124	135388.0	2	0.3875968992248062	181.0	6	1.1627906976744187	543.0	0	0.0	543.0	0	0.0
login	2	91	136884.0	2	0.3875968992248062	136884.0	4	0.7751937984496124	183.0	7	1.356589147286822	549.0	0	0.0	549.0	0	0.0
login	2	92	138380.0	2	0.3875968992248062	138380.0	2	0.3875968992248062	185.0	4	0.7751937984496124	555.0	0	0.0	555.0	0	0.0
login	2	93	139876.0	3	0.5813953488372093	139876.0	2	0.3875968992248062	187.0	6	1.1627906976744187	561.0	0	0.0	561.0	0	0.0
login	2	94	141372.0	3	0.5813953488372093	141372.0	4	0.7751937984496124	189.0	3	0.5813953488372093	567.0	0	0.0	567.0	0	0.0
login	2	95	142868.0	2	0.3875968992248062	142868.0	2	0.3875968992248062	191.0	3	0.5813953488372093	573.0	0	0.0	573.0	0	0.0
login	2	96	144364.0	2	0.3875968992248062	144364.0	2	0.3875968992248062	193.0	5	0.9689922480620156	579.0	0	0.0	579.0	0	0.0
login	2	97	145860.0	4	0.7751937984496124	145860.0	2	0.3875968992248062	195.0	7	1.356589147286822	585.0	0	0.0	585.0	0	0.0
login	2	98	147356.0	2	0.3875968992248062	147356.0	4	0.7751937984496124	197.0	3	0.5813953488372093	591.0	0	0.0	591.0	0	0.0
login	2	99	148852.0	2	0.3875968992248062	148852.0	2	0.3875968992248062	199.0	6	1.1627906976744187	597.0	0	0.0	597.0	0	0.0
login	2	100	150348.0	2	0.3875968992248062	150348.0	2	0.3875968992248062	201.0	5	0.9689922480620156	603.0	0	0.0	603.0	0	0.0
login	2	101	151844.0	4	0.7751937984496124	151844.0	4	0.7751937984496124	203.0	4	0.7751937984496124	609.0	0	0.0	609.0	0	0.0
login	2	102	153340.0	2	0.3875968992248062	153340.0	2	0.3875968992248062	205.0	4	0.7751937984496124	615.0	0	0.0	615.0	0	0.0
login	2	103	154836.0	2	0.3875968992248062	154836.0	2	0.3875968992248062	207.0	5	0.9689922480620156	621.0	0	0.0	621.0	0	0.0
login	2	104	156332.0	3	0.5813953488372093	156332.0	2	0.3875968992248062	209.0	3	0.5813953488372093	627.0	0	0.0	627.0	0	0.0
login	2	105	157828.0	3	0.5813953488372093	157828.0	4	0.7751937984496124	211.0	5	0.9689922480620156	633.0	0	0.0	633.0	0	0.0
login	2	106	159324.0	2	0.3875968992248062	159324.0	2	0.3875968992248062	213.0	8	1.550387596899225	639.0	0	0.0	639.0	0	0.0
login	2	107	160820.0	4	0.7751937984496124	160820.0	2	0.3875968992248062	215.0	4	0.7751937984496124	645.0	0	0.0	645.0	0	0.0
login	2	108	162316.0	2	0.3875968992248062	162316.0	4	0.7751937984496124	217.0	4	0.7751937984496124	651.0	0	0.0	651.0	0	0.0
login	2	109	163812.0	2	0.3875968992248062	163812.0	2	0.3875968992248062	219.0	4	0.7751937984496124	657.0	0	0.0	657.0	0	0.0
login	2	110	165308.0	3	0.5813953488372093	165308.0	2	0.3875968992248062	221.0	1	0.1937984496124031	663.0	0	0.0	663.0	0	0.0
login	2	111	166804.0	3	0.5813953488372093	166804.0	4	0.7751937984496124	223.0	5	0.9689922480620156	669.0	0	0.0	669.0	0	0.0
login	2	112	168300.0	2	0.3875968992248062	168300.0	2	0.3875968992248062	225.0	4	0.7751937984496124	675.0	0	0.0	675.0	0	0.0
login	2	113	169796.0	4	0.7751937984496124	169796.0	3	0.5813953488372093	227.0	3	0.5813953488372093	681.0	0	0.0	681.0	0	0.0
login	2	114	171292.0	2	0.3875968992248062	171292.0	3	0.5813953488372093	229.0	1	0.1937984496124031	687.0	0	0.0	687.0	0	0.0
login	2	115	172788.0	2	0.3875968992248062	172788.0	2	0.3875968992248062	231.0	1	0.1937984496124031	693.0	0	0.0	693.0	0	0.0
login	2	116	174284.0	4	0.7751937984496124	174284.0	2	0.3875968992248062	233.0	2	0.3875968992248062	699.0	0	0.0	699.0	0	0.0
login	2	117	175780.0	2	0.3875968992248062	175780.0	4	0.7751937984496124	235.0	1	0.1937984496124031	705.0	0	0.0	705.0	0	0.0
login	2	118	177276.0	2	0.3875968992248062	177276.0	2	0.3875968992248062	237.0	0	0.0	711.0	0	0.0	711.0	0	0.0
login	2	119	178772.0	2	0.3875968992248062	178772.0	2	0.3875968992248062	239.0	2	0.3875968992248062	717.0	0	0.0	717.0	0	0.0
login	2	120	180268.0	4	0.7751937984496124	180268.0	4	0.7751937984496124	241.0	3	0.5813953488372093	723.0	0	0.0	723.0	0	0.0
login	2	121	181764.0	2	0.3875968992248062	181764.0	2	0.3875968992248062	243.0	0	0.0	729.0	0	0.0	729.0	0	0.0
login	2	122	183260.0	2	0.3875968992248062	183260.0	2	0.3875968992248062	245.0	0	0.0	735.0	0	0.0	735.0	0	0.0
login	2	123	184756.0	2	0.3875968992248062	184756.0	2	0.3875968992248062	247.0	0	0.0	741.0	0	0.0	741.0	0	0.0
login	2	124	186252.0	4	0.7751937984496124	186252.0	4	0.7751937984496124	249.0	0	0.0	747.0	0	0.0	747.0	0	0.0
login	2	125	187748.0	2	0.3875968992248062	187748.0	2	0.3875968992248062	251.0	0	0.0	753.0	0	0.0	753.0	0	0.0
login	2	126	189244.0	2	0.3875968992248062	189244.0	2	0.3875968992248062	253.0	0	0.0	759.0	0	0.0	759.0	0	0.0
login	2	127	190740.0	2	0.3875968992248062	190740.0	2	0.3875968992248062	255.0	0	0.0	765.0	0	0.0	765.0	0	0.0
login	2	128	192236.0	4	0.7751937984496124	192236.0	4	0.7751937984496124	257.0	1	0.1937984496124031	771.0	0	0.0	771.0	0	0.0
login	2	129	193732.0	2	0.3875968992248062	193732.0	2	0.3875968992248062	259.0	1	0.1937984496124031	777.0	0	0.0	777.0	0	0.0
login	2	130	195228.0	2	0.3875968992248062	195228.0	2	0.3875968992248062	261.0	0	0.0	783.0	0	0.0	783.0	0	0.0
login	2	131	196724.0	3	0.5813953488372093	196724.0	2	0.3875968992248062	263.0	3	0.5813953488372093	789.0	0	0.0	789.0	0	0.0
login	2	132	198220.0	3	0.5813953488372093	198220.0	4	0.7751937984496124	265.0	2	0.3875968992248062	795.0	0	0.0	795.0	0	0.0
login	2	133	199716.0	2	0.3875968992248062	199716.0	2	0.3875968992248062	267.0	0	0.0	801.0	0	0.0	801.0	0	0.0
login	2	134	201212.0	3	0.5813953488372093	201212.0	2	0.3875968992248062	269.0	0	0.0	807.0	0	0.0	807.0	0	0.0
login	2	135	202708.0	3	0.5813953488372093	202708.0	4	0.7751937984496124	271.0	1	0.1937984496124031	813.0	0	0.0	813.0	0	0.0
login	2	136	204204.0	2	0.3875968992248062	204204.0	2	0.3875968992248062	273.0	0	0.0	819.0	0	0.0	819.0	0	0.0
login	2	137	205700.0	2	0.3875968992248062	205700.0	2	0.3875968992248062	275.0	1	0.1937984496124031	825.0	0	0.0	825.0	0	0.0
login	2	138	207196.0	4	0.7751937984496124	207196.0	4	0.7751937984496124	277.0	0	0.0	831.0	0	0.0	831.0	0	0.0
login	2	139	208692.0	2	0.3875968992248062	208692.0	2	0.3875968992248062	279.0	1	0.1937984496124031	837.0	0	0.0	837.0	0	0.0
login	2	140	210188.0	2	0.3875968992248062	210188.0	2	0.3875968992248062	281.0	0	0.0	843.0	0	0.0	843.0	0	0.0
login	2	141	211684.0	4	0.7751937984496124	211684.0	2	0.3875968992248062	283.0	0	0.0	849.0	0	0.0	849.0	0	0.0
login	2	142	213180.0	2	0.3875968992248062	213180.0	4	0.7751937984496124	285.0	1	0.1937984496124031	855.0	0	0.0	855.0	0	0.0
login	2	143	214676.0	2	0.3875968992248062	214676.0	2	0.3875968992248062	287.0	1	0.1937984496124031	861.0	0	0.0	861.0	0	0.0
login	2	144	216172.0	2	0.3875968992248062	216172.0	2	0.3875968992248062	289.0	0	0.0	867.0	0	0.0	867.0	0	0.0
login	2	145	217668.0	4	0.7751937984496124	217668.0	2	0.3875968992248062	291.0	1	0.1937984496124031	873.0	0	0.0	873.0	0	0.0
login	2	146	219164.0	2	0.3875968992248062	219164.0	4	0.7751937984496124	293.0	0	0.0	879.0	0	0.0	879.0	0	0.0
login	2	147	220660.0	2	0.3875968992248062	220660.0	2	0.3875968992248062	295.0	0	0.0	885.0	0	0.0	885.0	0	0.0
login	2	148	222156.0	2	0.3875968992248062	222156.0	2	0.3875968992248062	297.0	0	0.0	891.0	0	0.0	891.0	0	0.0
login	2	149	223652.0	4	0.7751937984496124	223652.0	2	0.3875968992248062	299.0	0	0.0	897.0	0	0.0	897.0	0	0.0
login	2	150	225148.0	2	0.3875968992248062	225148.0	4	0.7751937984496124	301.0	0	0.0	903.0	0	0.0	903.0	0	0.0
login	2	151	226644.0	2	0.3875968992248062	226644.0	2	0.3875968992248062	303.0	0	0.0	909.0	0	0.0	909.0	0	0.0
login	2	152	228140.0	2	0.3875968992248062	228140.0	2	0.3875968992248062	305.0	0	0.0	915.0	0	0.0	915.0	0	0.0
login	2	153	229636.0	4	0.7751937984496124	229636.0	2	0.3875968992248062	307.0	1	0.1937984496124031	921.0	0	0.0	921.0	0	0.0
login	2	154	231132.0	2	0.3875968992248062	231132.0	4	0.7751937984496124	309.0	0	0.0	927.0	0	0.0	927.0	0	0.0
login	2	155	232628.0	2	0.3875968992248062	232628.0	2	0.3875968992248062	311.0	0	0.0	933.0	0	0.0	933.0	0	0.0
login	2	156	234124.0	2	0.3875968992248062	234124.0	2	0.3875968992248062	313.0	0	0.0	939.0	0	0.0	939.0	0	0.0
login	2	157	235620.0	4	0.7751937984496124	235620.0	4	0.7751937984496124	315.0	0	0.0	945.0	0	0.0	945.0	0	0.0
login	2	158	237116.0	2	0.3875968992248062	237116.0	2	0.3875968992248062	317.0	0	0.0	951.0	0	0.0	951.0	0	0.0
login	2	159	238612.0	2	0.3875968992248062	238612.0	2	0.3875968992248062	319.0	0	0.0	957.0	0	0.0	957.0	0	0.0
login	2	160	240108.0	4	0.7751937984496124	240108.0	4	0.7751937984496124	321.0	0	0.0	963.0	0	0.0	963.0	0	0.0
login	2	161	241604.0	2	0.3875968992248062	241604.0	2	0.3875968992248062	323.0	0	0.0	969.0	0	0.0	969.0	0	0.0
login	2	162	243100.0	2	0.3875968992248062	243100.0	2	0.3875968992248062	325.0	0	0.0	975.0	0	0.0	975.0	0	0.0
login	2	163	244596.0	4	0.7751937984496124	244596.0	3	0.5813953488372093	327.0	0	0.0	981.0	0	0.0	981.0	0	0.0
login	2	164	246092.0	2	0.3875968992248062	246092.0	3	0.5813953488372093	329.0	0	0.0	987.0	0	0.0	987.0	0	0.0
login	2	165	247588.0	2	0.3875968992248062	247588.0	2	0.3875968992248062	331.0	0	0.0	993.0	0	0.0	993.0	0	0.0
login	2	166	249084.0	4	0.7751937984496124	249084.0	4	0.7751937984496124	333.0	0	0.0	999.0	0	0.0	999.0	0	0.0
login	2	167	250580.0	2	0.3875968992248062	250580.0	2	0.3875968992248062	335.0	0	0.0	1005.0	0	0.0	1005.0	0	0.0
login	2	168	252076.0	2	0.3875968992248062	252076.0	2	0.3875968992248062	337.0	0	0.0	1011.0	0	0.0	1011.0	0	0.0
login	2	169	253572.0	4	0.7751937984496124	253572.0	4	0.7751937984496124	339.0	0	0.0	1017.0	0	0.0	1017.0	0	0.0
login	2	170	255068.0	2	0.3875968992248062	255068.0	2	0.3875968992248062	341.0	0	0.0	1023.0	0	0.0	1023.0	0	0.0
login	2	171	256564.0	2	0.3875968992248062	256564.0	2	0.3875968992248062	343.0	0	0.0	1029.0	0	0.0	1029.0	0	0.0
login	2	172	258060.0	4	0.7751937984496124	258060.0	4	0.7751937984496124	345.0	0	0.0	1035.0	0	0.0	1035.0	0	0.0
login	2	173	259556.0	2	0.3875968992248062	259556.0	2	0.3875968992248062	347.0	0	0.0	1041.0	0	0.0	1041.0	0	0.0
login	2	174	261052.0	2	0.3875968992248062	261052.0	2	0.3875968992248062	349.0	0	0.0	1047.0	0	0.0	1047.0	0	0.0
login	2	175	262548.0	4	0.7751937984496124	262548.0	4	0.7751937984496124	351.0	0	0.0	1053.0	0	0.0	1053.0	0	0.0
login	2	176	264044.0	2	0.3875968992248062	264044.0	2	0.3875968992248062	353.0	0	0.0	1059.0	0	0.0	1059.0	0	0.0
login	2	177	265540.0	2	0.3875968992248062	265540.0	2	0.3875968992248062	355.0	0	0.0	1065.0	0	0.0	1065.0	0	0.0
login	2	178	267036.0	2	0.3875968992248062	267036.0	2	0.3875968992248062	357.0	0	0.0	1071.0	0	0.0	1071.0	0	0.0
login	2	179	268532.0	4	0.7751937984496124	268532.0	4	0.7751937984496124	359.0	0	0.0	1077.0	0	0.0	1077.0	0	0.0
login	2	180	270028.0	2	0.3875968992248062	270028.0	2	0.3875968992248062	361.0	0	0.0	1083.0	0	0.0	1083.0	0	0.0
login	2	181	271524.0	2	0.3875968992248062	271524.0	2	0.3875968992248062	363.0	0	0.0	1089.0	0	0.0	1089.0	0	0.0
login	2	182	273020.0	4	0.7751937984496124	273020.0	4	0.7751937984496124	365.0	0	0.0	1095.0	0	0.0	1095.0	0	0.0
login	2	183	274516.0	2	0.3875968992248062	274516.0	2	0.3875968992248062	367.0	0	0.0	1101.0	0	0.0	1101.0	0	0.0
login	2	184	276012.0	2	0.3875968992248062	276012.0	2	0.3875968992248062	369.0	0	0.0	1107.0	0	0.0	1107.0	0	0.0
login	2	185	277508.0	3	0.5813953488372093	277508.0	2	0.3875968992248062	371.0	0	0.0	1113.0	0	0.0	1113.0	0	0.0
login	2	186	279004.0	3	0.5813953488372093	279004.0	4	0.7751937984496124	373.0	0	0.0	1119.0	0	0.0	1119.0	0	0.0
login	2	187	280500.0	2	0.3875968992248062	280500.0	2	0.3875968992248062	375.0	0	0.0	1125.0	0	0.0	1125.0	0	0.0
login	2	188	281996.0	2	0.3875968992248062	281996.0	2	0.3875968992248062	377.0	0	0.0	1131.0	0	0.0	1131.0	0	0.0
login	2	189	283492.0	2	0.3875968992248062	283492.0	2	0.3875968992248062	379.0	0	0.0	1137.0	0	0.0	1137.0	0	0.0
login	2	190	284988.0	4	0.7751937984496124	284988.0	2	0.3875968992248062	381.0	0	0.0	1143.0	0	0.0	1143.0	0	0.0
login	2	191	286484.0	2	0.3875968992248062	286484.0	4	0.7751937984496124	383.0	0	0.0	1149.0	0	0.0	1149.0	0	0.0
login	2	192	287980.0	2	0.3875968992248062	287980.0	2	0.3875968992248062	385.0	0	0.0	1155.0	0	0.0	1155.0	0	0.0
login	2	193	289476.0	2	0.3875968992248062	289476.0	2	0.3875968992248062	387.0	0	0.0	1161.0	0	0.0	1161.0	0	0.0
login	2	194	290972.0	4	0.7751937984496124	290972.0	2	0.3875968992248062	389.0	0	0.0	1167.0	0	0.0	1167.0	0	0.0
login	2	195	292468.0	2	0.3875968992248062	292468.0	4	0.7751937984496124	391.0	0	0.0	1173.0	0	0.0	1173.0	0	0.0
login	2	196	293964.0	2	0.3875968992248062	293964.0	2	0.3875968992248062	393.0	0	0.0	1179.0	0	0.0	1179.0	0	0.0
login	2	197	295460.0	2	0.3875968992248062	295460.0	2	0.3875968992248062	395.0	0	0.0	1185.0	0	0.0	1185.0	0	0.0
login	2	198	296956.0	4	0.7751937984496124	296956.0	2	0.3875968992248062	397.0	0	0.0	1191.0	0	0.0	1191.0	0	0.0
login	2	199	298452.0	2	0.3875968992248062	298452.0	4	0.7751937984496124	399.0	0	0.0	1197.0	0	0.0	1197.0	0	0.0
info	2	0	747.5	3	0.5813953488372093	747.5	3	0.5813953488372093	0.5	0	0.0	3.0	516	100.0	3.0	516	100.0
info	2	1	2242.5	3	0.5813953488372093	2242.5	3	0.5813953488372093	1.5	0	0.0	9.0	0	0.0	9.0	0	0.0
info	2	2	3737.5	3	0.5813953488372093	3737.5	3	0.5813953488372093	2.5	28	5.426356589147288	15.0	0	0.0	15.0	0	0.0
info	2	3	5232.5	3	0.5813953488372093	5232.5	3	0.5813953488372093	3.5	235	45.54263565891473	21.0	0	0.0	21.0	0	0.0
info	2	4	6727.5	2	0.3875968992248062	6727.5	2	0.3875968992248062	4.5	163	31.589147286821706	27.0	0	0.0	27.0	0	0.0
info	2	5	8222.5	3	0.5813953488372093	8222.5	3	0.5813953488372093	5.5	50	9.689922480620156	33.0	0	0.0	33.0	0	0.0
info	2	6	9717.5	3	0.5813953488372093	9717.5	3	0.5813953488372093	6.5	8	1.550387596899225	39.0	0	0.0	39.0	0	0.0
info	2	7	11212.5	2	0.3875968992248062	11212.5	2	0.3875968992248062	7.5	10	1.9379844961240311	45.0	0	0.0	45.0	0	0.0
info	2	8	12707.5	3	0.5813953488372093	12707.5	3	0.5813953488372093	8.5	4	0.7751937984496124	51.0	0	0.0	51.0	0	0.0
info	2	9	14202.5	3	0.5813953488372093	14202.5	3	0.5813953488372093	9.5	1	0.1937984496124031	57.0	0	0.0	57.0	0	0.0
info	2	10	15697.5	2	0.3875968992248062	15697.5	2	0.3875968992248062	10.5	2	0.3875968992248062	63.0	0	0.0	63.0	0	0.0
info	2	11	17192.5	3	0.5813953488372093	17192.5	3	0.5813953488372093	11.5	0	0.0	69.0	0	0.0	69.0	0	0.0
info	2	12	18687.5	3	0.5813953488372093	18687.5	3	0.5813953488372093	12.5	3	0.5813953488372093	75.0	0	0.0	75.0	0	0.0
info	2	13	20182.5	2	0.3875968992248062	20182.5	2	0.3875968992248062	13.5	0	0.0	81.0	0	0.0	81.0	0	0.0
info	2	14	21677.5	3	0.5813953488372093	21677.5	3	0.5813953488372093	14.5	0	0.0	87.0	0	0.0	87.0	0	0.0
info	2	15	23172.5	3	0.5813953488372093	23172.5	3	0.5813953488372093	15.5	0	0.0	93.0	0	0.0	93.0	0	0.0
info	2	16	24667.5	2	0.3875968992248062	24667.5	2	0.3875968992248062	16.5	0	0.0	99.0	0	0.0	99.0	0	0.0
info	2	17	26162.5	3	0.5813953488372093	26162.5	3	0.5813953488372093	17.5	1	0.1937984496124031	105.0	0	0.0	105.0	0	0.0
info	2	18	27657.5	3	0.5813953488372093	27657.5	3	0.5813953488372093	18.5	0	0.0	111.0	0	0.0	111.0	0	0.0
info	2	19	29152.5	2	0.3875968992248062	29152.5	2	0.3875968992248062	19.5	2	0.3875968992248062	117.0	0	0.0	117.0	0	0.0
info	2	20	30647.5	3	0.5813953488372093	30647.5	3	0.5813953488372093	20.5	1	0.1937984496124031	123.0	0	0.0	123.0	0	0.0
info	2	21	32142.5	3	0.5813953488372093	32142.5	3	0.5813953488372093	21.5	0	0.0	129.0	0	0.0	129.0	0	0.0
info	2	22	33637.5	2	0.3875968992248062	33637.5	2	0.3875968992248062	22.5	0	0.0	135.0	0	0.0	135.0	0	0.0
info	2	23	35132.5	3	0.5813953488372093	35132.5	3	0.5813953488372093	23.5	0	0.0	141.0	0	0.0	141.0	0	0.0
info	2	24	36627.5	3	0.5813953488372093	36627.5	3	0.5813953488372093	24.5	0	0.0	147.0	0	0.0	147.0	0	0.0
info	2	25	38122.5	2	0.3875968992248062	38122.5	2	0.3875968992248062	25.5	0	0.0	153.0	0	0.0	153.0	0	0.0
info	2	26	39617.5	3	0.5813953488372093	39617.5	3	0.5813953488372093	26.5	0	0.0	159.0	0	0.0	159.0	0	0.0
info	2	27	41112.5	2	0.3875968992248062	41112.5	2	0.3875968992248062	27.5	0	0.0	165.0	0	0.0	165.0	0	0.0
info	2	28	42607.5	3	0.5813953488372093	42607.5	3	0.5813953488372093	28.5	0	0.0	171.0	0	0.0	171.0	0	0.0
info	2	29	44102.5	3	0.5813953488372093	44102.5	3	0.5813953488372093	29.5	1	0.1937984496124031	177.0	0	0.0	177.0	0	0.0
info	2	30	45597.5	2	0.3875968992248062	45597.5	2	0.3875968992248062	30.5	1	0.1937984496124031	183.0	0	0.0	183.0	0	0.0
info	2	31	47092.5	3	0.5813953488372093	47092.5	3	0.5813953488372093	31.5	0	0.0	189.0	0	0.0	189.0	0	0.0
info	2	32	48587.5	3	0.5813953488372093	48587.5	3	0.5813953488372093	32.5	0	0.0	195.0	0	0.0	195.0	0	0.0
info	2	33	50082.5	2	0.3875968992248062	50082.5	2	0.3875968992248062	33.5	0	0.0	201.0	0	0.0	201.0	0	0.0
info	2	34	51577.5	3	0.5813953488372093	51577.5	3	0.5813953488372093	34.5	0	0.0	207.0	0	0.0	207.0	0	0.0
info	2	35	53072.5	3	0.5813953488372093	53072.5	3	0.5813953488372093	35.5	0	0.0	213.0	0	0.0	213.0	0	0.0
info	2	36	54567.5	2	0.3875968992248062	54567.5	2	0.3875968992248062	36.5	0	0.0	219.0	0	0.0	219.0	0	0.0
info	2	37	56062.5	3	0.5813953488372093	56062.5	3	0.5813953488372093	37.5	0	0.0	225.0	0	0.0	225.0	0	0.0
info	2	38	57557.5	1	0.1937984496124031	57557.5	1	0.1937984496124031	38.5	0	0.0	231.0	0	0.0	231.0	0	0.0
info	2	39	59052.5	1	0.1937984496124031	59052.5	1	0.1937984496124031	39.5	0	0.0	237.0	0	0.0	237.0	0	0.0
info	2	40	60547.5	2	0.3875968992248062	60547.5	2	0.3875968992248062	40.5	0	0.0	243.0	0	0.0	243.0	0	0.0
info	2	41	62042.5	4	0.7751937984496124	62042.5	4	0.7751937984496124	41.5	0	0.0	249.0	0	0.0	249.0	0	0.0
info	2	42	63537.5	2	0.3875968992248062	63537.5	2	0.3875968992248062	42.5	0	0.0	255.0	0	0.0	255.0	0	0.0
info	2	43	65032.5	2	0.3875968992248062	65032.5	2	0.3875968992248062	43.5	1	0.1937984496124031	261.0	0	0.0	261.0	0	0.0
info	2	44	66527.5	4	0.7751937984496124	66527.5	4	0.7751937984496124	44.5	0	0.0	267.0	0	0.0	267.0	0	0.0
info	2	45	68022.5	2	0.3875968992248062	68022.5	2	0.3875968992248062	45.5	0	0.0	273.0	0	0.0	273.0	0	0.0
info	2	46	69517.5	2	0.3875968992248062	69517.5	2	0.3875968992248062	46.5	0	0.0	279.0	0	0.0	279.0	0	0.0
info	2	47	71012.5	2	0.3875968992248062	71012.5	2	0.3875968992248062	47.5	1	0.1937984496124031	285.0	0	0.0	285.0	0	0.0
info	2	48	72507.5	4	0.7751937984496124	72507.5	4	0.7751937984496124	48.5	1	0.1937984496124031	291.0	0	0.0	291.0	0	0.0
info	2	49	74002.5	2	0.3875968992248062	74002.5	2	0.3875968992248062	49.5	2	0.3875968992248062	297.0	0	0.0	297.0	0	0.0
info	2	50	75497.5	2	0.3875968992248062	75497.5	2	0.3875968992248062	50.5	0	0.0	303.0	0	0.0	303.0	0	0.0
info	2	51	76992.5	4	0.7751937984496124	76992.5	4	0.7751937984496124	51.5	0	0.0	309.0	0	0.0	309.0	0	0.0
info	2	52	78487.5	2	0.3875968992248062	78487.5	2	0.3875968992248062	52.5	0	0.0	315.0	0	0.0	315.0	0	0.0
info	2	53	79982.5	2	0.3875968992248062	79982.5	2	0.3875968992248062	53.5	0	0.0	321.0	0	0.0	321.0	0	0.0
info	2	54	81477.5	2	0.3875968992248062	81477.5	2	0.3875968992248062	54.5	1	0.1937984496124031	327.0	0	0.0	327.0	0	0.0
info	2	55	82972.5	4	0.7751937984496124	82972.5	4	0.7751937984496124	55.5	0	0.0	333.0	0	0.0	333.0	0	0.0
info	2	56	84467.5	2	0.3875968992248062	84467.5	2	0.3875968992248062	56.5	0	0.0	339.0	0	0.0	339.0	0	0.0
info	2	57	85962.5	2	0.3875968992248062	85962.5	2	0.3875968992248062	57.5	0	0.0	345.0	0	0.0	345.0	0	0.0
info	2	58	87457.5	4	0.7751937984496124	87457.5	4	0.7751937984496124	58.5	0	0.0	351.0	0	0.0	351.0	0	0.0
info	2	59	88952.5	2	0.3875968992248062	88952.5	2	0.3875968992248062	59.5	0	0.0	357.0	0	0.0	357.0	0	0.0
info	2	60	90447.5	2	0.3875968992248062	90447.5	2	0.3875968992248062	60.5	0	0.0	363.0	0	0.0	363.0	0	0.0
info	2	61	91942.5	2	0.3875968992248062	91942.5	2	0.3875968992248062	61.5	0	0.0	369.0	0	0.0	369.0	0	0.0
info	2	62	93437.5	4	0.7751937984496124	93437.5	4	0.7751937984496124	62.5	0	0.0	375.0	0	0.0	375.0	0	0.0
info	2	63	94932.5	2	0.3875968992248062	94932.5	2	0.3875968992248062	63.5	0	0.0	381.0	0	0.0	381.0	0	0.0
info	2	64	96427.5	2	0.3875968992248062	96427.5	2	0.3875968992248062	64.5	0	0.0	387.0	0	0.0	387.0	0	0.0
info	2	65	97922.5	4	0.7751937984496124	97922.5	4	0.7751937984496124	65.5	0	0.0	393.0	0	0.0	393.0	0	0.0
info	2	66	99417.5	2	0.3875968992248062	99417.5	2	0.3875968992248062	66.5	0	0.0	399.0	0	0.0	399.0	0	0.0
info	2	67	100912.5	2	0.3875968992248062	100912.5	2	0.3875968992248062	67.5	0	0.0	405.0	0	0.0	405.0	0	0.0
info	2	68	102407.5	3	0.5813953488372093	102407.5	3	0.5813953488372093	68.5	0	0.0	411.0	0	0.0	411.0	0	0.0
info	2	69	103902.5	3	0.5813953488372093	103902.5	3	0.5813953488372093	69.5	0	0.0	417.0	0	0.0	417.0	0	0.0
info	2	70	105397.5	2	0.3875968992248062	105397.5	2	0.3875968992248062	70.5	0	0.0	423.0	0	0.0	423.0	0	0.0
info	2	71	106892.5	2	0.3875968992248062	106892.5	2	0.3875968992248062	71.5	0	0.0	429.0	0	0.0	429.0	0	0.0
info	2	72	108387.5	4	0.7751937984496124	108387.5	4	0.7751937984496124	72.5	0	0.0	435.0	0	0.0	435.0	0	0.0
info	2	73	109882.5	2	0.3875968992248062	109882.5	2	0.3875968992248062	73.5	0	0.0	441.0	0	0.0	441.0	0	0.0
info	2	74	111377.5	2	0.3875968992248062	111377.5	2	0.3875968992248062	74.5	0	0.0	447.0	0	0.0	447.0	0	0.0
info	2	75	112872.5	2	0.3875968992248062	112872.5	2	0.3875968992248062	75.5	0	0.0	453.0	0	0.0	453.0	0	0.0
info	2	76	114367.5	4	0.7751937984496124	114367.5	4	0.7751937984496124	76.5	0	0.0	459.0	0	0.0	459.0	0	0.0
info	2	77	115862.5	2	0.3875968992248062	115862.5	2	0.3875968992248062	77.5	0	0.0	465.0	0	0.0	465.0	0	0.0
info	2	78	117357.5	2	0.3875968992248062	117357.5	2	0.3875968992248062	78.5	0	0.0	471.0	0	0.0	471.0	0	0.0
info	2	79	118852.5	2	0.3875968992248062	118852.5	2	0.3875968992248062	79.5	0	0.0	477.0	0	0.0	477.0	0	0.0
info	2	80	120347.5	4	0.7751937984496124	120347.5	4	0.7751937984496124	80.5	0	0.0	483.0	0	0.0	483.0	0	0.0
info	2	81	121842.5	2	0.3875968992248062	121842.5	2	0.3875968992248062	81.5	0	0.0	489.0	0	0.0	489.0	0	0.0
info	2	82	123337.5	2	0.3875968992248062	123337.5	2	0.3875968992248062	82.5	0	0.0	495.0	0	0.0	495.0	0	0.0
info	2	83	124832.5	4	0.7751937984496124	124832.5	4	0.7751937984496124	83.5	0	0.0	501.0	0	0.0	501.0	0	0.0
info	2	84	126327.5	2	0.3875968992248062	126327.5	2	0.3875968992248062	84.5	0	0.0	507.0	0	0.0	507.0	0	0.0
info	2	85	127822.5	2	0.3875968992248062	127822.5	2	0.3875968992248062	85.5	0	0.0	513.0	0	0.0	513.0	0	0.0
info	2	86	129317.5	2	0.3875968992248062	129317.5	2	0.3875968992248062	86.5	0	0.0	519.0	0	0.0	519.0	0	0.0
info	2	87	130812.5	4	0.7751937984496124	130812.5	4	0.7751937984496124	87.5	0	0.0	525.0	0	0.0	525.0	0	0.0
info	2	88	132307.5	2	0.3875968992248062	132307.5	2	0.3875968992248062	88.5	0	0.0	531.0	0	0.0	531.0	0	0.0
info	2	89	133802.5	2	0.3875968992248062	133802.5	2	0.3875968992248062	89.5	0	0.0	537.0	0	0.0	537.0	0	0.0
info	2	90	135297.5	4	0.7751937984496124	135297.5	4	0.7751937984496124	90.5	0	0.0	543.0	0	0.0	543.0	0	0.0
info	2	91	136792.5	2	0.3875968992248062	136792.5	2	0.3875968992248062	91.5	0	0.0	549.0	0	0.0	549.0	0	0.0
info	2	92	138287.5	2	0.3875968992248062	138287.5	2	0.3875968992248062	92.5	0	0.0	555.0	0	0.0	555.0	0	0.0
info	2	93	139782.5	4	0.7751937984496124	139782.5	4	0.7751937984496124	93.5	0	0.0	561.0	0	0.0	561.0	0	0.0
info	2	94	141277.5	2	0.3875968992248062	141277.5	2	0.3875968992248062	94.5	0	0.0	567.0	0	0.0	567.0	0	0.0
info	2	95	142772.5	2	0.3875968992248062	142772.5	2	0.3875968992248062	95.5	0	0.0	573.0	0	0.0	573.0	0	0.0
info	2	96	144267.5	2	0.3875968992248062	144267.5	2	0.3875968992248062	96.5	0	0.0	579.0	0	0.0	579.0	0	0.0
info	2	97	145762.5	4	0.7751937984496124	145762.5	4	0.7751937984496124	97.5	0	0.0	585.0	0	0.0	585.0	0	0.0
info	2	98	147257.5	2	0.3875968992248062	147257.5	2	0.3875968992248062	98.5	0	0.0	591.0	0	0.0	591.0	0	0.0
info	2	99	148752.5	2	0.3875968992248062	148752.5	2	0.3875968992248062	99.5	0	0.0	597.0	0	0.0	597.0	0	0.0
info	2	100	150247.5	2	0.3875968992248062	150247.5	2	0.3875968992248062	100.5	0	0.0	603.0	0	0.0	603.0	0	0.0
info	2	101	151742.5	4	0.7751937984496124	151742.5	4	0.7751937984496124	101.5	0	0.0	609.0	0	0.0	609.0	0	0.0
info	2	102	153237.5	2	0.3875968992248062	153237.5	2	0.3875968992248062	102.5	0	0.0	615.0	0	0.0	615.0	0	0.0
info	2	103	154732.5	2	0.3875968992248062	154732.5	2	0.3875968992248062	103.5	0	0.0	621.0	0	0.0	621.0	0	0.0
info	2	104	156227.5	4	0.7751937984496124	156227.5	3	0.5813953488372093	104.5	0	0.0	627.0	0	0.0	627.0	0	0.0
info	2	105	157722.5	2	0.3875968992248062	157722.5	3	0.5813953488372093	105.5	0	0.0	633.0	0	0.0	633.0	0	0.0
info	2	106	159217.5	2	0.3875968992248062	159217.5	2	0.3875968992248062	106.5	0	0.0	639.0	0	0.0	639.0	0	0.0
info	2	107	160712.5	4	0.7751937984496124	160712.5	4	0.7751937984496124	107.5	0	0.0	645.0	0	0.0	645.0	0	0.0
info	2	108	162207.5	2	0.3875968992248062	162207.5	2	0.3875968992248062	108.5	0	0.0	651.0	0	0.0	651.0	0	0.0
info	2	109	163702.5	2	0.3875968992248062	163702.5	2	0.3875968992248062	109.5	0	0.0	657.0	0	0.0	657.0	0	0.0
info	2	110	165197.5	4	0.7751937984496124	165197.5	4	0.7751937984496124	110.5	0	0.0	663.0	0	0.0	663.0	0	0.0
info	2	111	166692.5	2	0.3875968992248062	166692.5	2	0.3875968992248062	111.5	0	0.0	669.0	0	0.0	669.0	0	0.0
info	2	112	168187.5	2	0.3875968992248062	168187.5	2	0.3875968992248062	112.5	0	0.0	675.0	0	0.0	675.0	0	0.0
info	2	113	169682.5	4	0.7751937984496124	169682.5	4	0.7751937984496124	113.5	0	0.0	681.0	0	0.0	681.0	0	0.0
info	2	114	171177.5	2	0.3875968992248062	171177.5	2	0.3875968992248062	114.5	0	0.0	687.0	0	0.0	687.0	0	0.0
info	2	115	172672.5	2	0.3875968992248062	172672.5	2	0.3875968992248062	115.5	0	0.0	693.0	0	0.0	693.0	0	0.0
info	2	116	174167.5	4	0.7751937984496124	174167.5	4	0.7751937984496124	116.5	0	0.0	699.0	0	0.0	699.0	0	0.0
info	2	117	175662.5	2	0.3875968992248062	175662.5	2	0.3875968992248062	117.5	0	0.0	705.0	0	0.0	705.0	0	0.0
info	2	118	177157.5	2	0.3875968992248062	177157.5	2	0.3875968992248062	118.5	0	0.0	711.0	0	0.0	711.0	0	0.0
info	2	119	178652.5	2	0.3875968992248062	178652.5	2	0.3875968992248062	119.5	0	0.0	717.0	0	0.0	717.0	0	0.0
info	2	120	180147.5	4	0.7751937984496124	180147.5	4	0.7751937984496124	120.5	0	0.0	723.0	0	0.0	723.0	0	0.0
info	2	121	181642.5	2	0.3875968992248062	181642.5	2	0.3875968992248062	121.5	0	0.0	729.0	0	0.0	729.0	0	0.0
info	2	122	183137.5	2	0.3875968992248062	183137.5	2	0.3875968992248062	122.5	0	0.0	735.0	0	0.0	735.0	0	0.0
info	2	123	184632.5	2	0.3875968992248062	184632.5	2	0.3875968992248062	123.5	0	0.0	741.0	0	0.0	741.0	0	0.0
info	2	124	186127.5	4	0.7751937984496124	186127.5	4	0.7751937984496124	124.5	0	0.0	747.0	0	0.0	747.0	0	0.0
info	2	125	187622.5	2	0.3875968992248062	187622.5	2	0.3875968992248062	125.5	0	0.0	753.0	0	0.0	753.0	0	0.0
info	2	126	189117.5	2	0.3875968992248062	189117.5	2	0.3875968992248062	126.5	0	0.0	759.0	0	0.0	759.0	0	0.0
info	2	127	190612.5	2	0.3875968992248062	190612.5	2	0.3875968992248062	127.5	0	0.0	765.0	0	0.0	765.0	0	0.0
info	2	128	192107.5	4	0.7751937984496124	192107.5	4	0.7751937984496124	128.5	0	0.0	771.0	0	0.0	771.0	0	0.0
info	2	129	193602.5	2	0.3875968992248062	193602.5	2	0.3875968992248062	129.5	0	0.0	777.0	0	0.0	777.0	0	0.0
info	2	130	195097.5	2	0.3875968992248062	195097.5	2	0.3875968992248062	130.5	0	0.0	783.0	0	0.0	783.0	0	0.0
info	2	131	196592.5	3	0.5813953488372093	196592.5	3	0.5813953488372093	131.5	0	0.0	789.0	0	0.0	789.0	0	0.0
info	2	132	198087.5	3	0.5813953488372093	198087.5	3	0.5813953488372093	132.5	0	0.0	795.0	0	0.0	795.0	0	0.0
info	2	133	199582.5	2	0.3875968992248062	199582.5	2	0.3875968992248062	133.5	0	0.0	801.0	0	0.0	801.0	0	0.0
info	2	134	201077.5	2	0.3875968992248062	201077.5	2	0.3875968992248062	134.5	0	0.0	807.0	0	0.0	807.0	0	0.0
info	2	135	202572.5	4	0.7751937984496124	202572.5	4	0.7751937984496124	135.5	0	0.0	813.0	0	0.0	813.0	0	0.0
info	2	136	204067.5	2	0.3875968992248062	204067.5	2	0.3875968992248062	136.5	0	0.0	819.0	0	0.0	819.0	0	0.0
info	2	137	205562.5	2	0.3875968992248062	205562.5	2	0.3875968992248062	137.5	0	0.0	825.0	0	0.0	825.0	0	0.0
info	2	138	207057.5	4	0.7751937984496124	207057.5	4	0.7751937984496124	138.5	0	0.0	831.0	0	0.0	831.0	0	0.0
info	2	139	208552.5	2	0.3875968992248062	208552.5	2	0.3875968992248062	139.5	0	0.0	837.0	0	0.0	837.0	0	0.0
info	2	140	210047.5	2	0.3875968992248062	210047.5	2	0.3875968992248062	140.5	0	0.0	843.0	0	0.0	843.0	0	0.0
info	2	141	211542.5	3	0.5813953488372093	211542.5	3	0.5813953488372093	141.5	0	0.0	849.0	0	0.0	849.0	0	0.0
info	2	142	213037.5	3	0.5813953488372093	213037.5	3	0.5813953488372093	142.5	0	0.0	855.0	0	0.0	855.0	0	0.0
info	2	143	214532.5	2	0.3875968992248062	214532.5	2	0.3875968992248062	143.5	0	0.0	861.0	0	0.0	861.0	0	0.0
info	2	144	216027.5	2	0.3875968992248062	216027.5	2	0.3875968992248062	144.5	0	0.0	867.0	0	0.0	867.0	0	0.0
info	2	145	217522.5	2	0.3875968992248062	217522.5	2	0.3875968992248062	145.5	0	0.0	873.0	0	0.0	873.0	0	0.0
info	2	146	219017.5	4	0.7751937984496124	219017.5	4	0.7751937984496124	146.5	0	0.0	879.0	0	0.0	879.0	0	0.0
info	2	147	220512.5	2	0.3875968992248062	220512.5	2	0.3875968992248062	147.5	0	0.0	885.0	0	0.0	885.0	0	0.0
info	2	148	222007.5	2	0.3875968992248062	222007.5	2	0.3875968992248062	148.5	0	0.0	891.0	0	0.0	891.0	0	0.0
info	2	149	223502.5	2	0.3875968992248062	223502.5	2	0.3875968992248062	149.5	0	0.0	897.0	0	0.0	897.0	0	0.0
info	2	150	224997.5	4	0.7751937984496124	224997.5	4	0.7751937984496124	150.5	0	0.0	903.0	0	0.0	903.0	0	0.0
info	2	151	226492.5	2	0.3875968992248062	226492.5	2	0.3875968992248062	151.5	0	0.0	909.0	0	0.0	909.0	0	0.0
info	2	152	227987.5	2	0.3875968992248062	227987.5	2	0.3875968992248062	152.5	0	0.0	915.0	0	0.0	915.0	0	0.0
info	2	153	229482.5	2	0.3875968992248062	229482.5	2	0.3875968992248062	153.5	0	0.0	921.0	0	0.0	921.0	0	0.0
info	2	154	230977.5	4	0.7751937984496124	230977.5	4	0.7751937984496124	154.5	0	0.0	927.0	0	0.0	927.0	0	0.0
info	2	155	232472.5	2	0.3875968992248062	232472.5	2	0.3875968992248062	155.5	0	0.0	933.0	0	0.0	933.0	0	0.0
info	2	156	233967.5	2	0.3875968992248062	233967.5	2	0.3875968992248062	156.5	0	0.0	939.0	0	0.0	939.0	0	0.0
info	2	157	235462.5	4	0.7751937984496124	235462.5	4	0.7751937984496124	157.5	0	0.0	945.0	0	0.0	945.0	0	0.0
info	2	158	236957.5	2	0.3875968992248062	236957.5	2	0.3875968992248062	158.5	0	0.0	951.0	0	0.0	951.0	0	0.0
info	2	159	238452.5	2	0.3875968992248062	238452.5	2	0.3875968992248062	159.5	0	0.0	957.0	0	0.0	957.0	0	0.0
info	2	160	239947.5	4	0.7751937984496124	239947.5	4	0.7751937984496124	160.5	0	0.0	963.0	0	0.0	963.0	0	0.0
info	2	161	241442.5	2	0.3875968992248062	241442.5	2	0.3875968992248062	161.5	0	0.0	969.0	0	0.0	969.0	0	0.0
info	2	162	242937.5	2	0.3875968992248062	242937.5	2	0.3875968992248062	162.5	0	0.0	975.0	0	0.0	975.0	0	0.0
info	2	163	244432.5	4	0.7751937984496124	244432.5	4	0.7751937984496124	163.5	0	0.0	981.0	0	0.0	981.0	0	0.0
info	2	164	245927.5	2	0.3875968992248062	245927.5	2	0.3875968992248062	164.5	0	0.0	987.0	0	0.0	987.0	0	0.0
info	2	165	247422.5	2	0.3875968992248062	247422.5	2	0.3875968992248062	165.5	0	0.0	993.0	0	0.0	993.0	0	0.0
info	2	166	248917.5	4	0.7751937984496124	248917.5	4	0.7751937984496124	166.5	0	0.0	999.0	0	0.0	999.0	0	0.0
info	2	167	250412.5	2	0.3875968992248062	250412.5	2	0.3875968992248062	167.5	0	0.0	1005.0	0	0.0	1005.0	0	0.0
info	2	168	251907.5	2	0.3875968992248062	251907.5	2	0.3875968992248062	168.5	0	0.0	1011.0	0	0.0	1011.0	0	0.0
info	2	169	253402.5	4	0.7751937984496124	253402.5	4	0.7751937984496124	169.5	0	0.0	1017.0	0	0.0	1017.0	0	0.0
info	2	170	254897.5	2	0.3875968992248062	254897.5	2	0.3875968992248062	170.5	0	0.0	1023.0	0	0.0	1023.0	0	0.0
info	2	171	256392.5	2	0.3875968992248062	256392.5	2	0.3875968992248062	171.5	0	0.0	1029.0	0	0.0	1029.0	0	0.0
info	2	172	257887.5	4	0.7751937984496124	257887.5	4	0.7751937984496124	172.5	0	0.0	1035.0	0	0.0	1035.0	0	0.0
info	2	173	259382.5	2	0.3875968992248062	259382.5	2	0.3875968992248062	173.5	0	0.0	1041.0	0	0.0	1041.0	0	0.0
info	2	174	260877.5	2	0.3875968992248062	260877.5	2	0.3875968992248062	174.5	0	0.0	1047.0	0	0.0	1047.0	0	0.0
info	2	175	262372.5	4	0.7751937984496124	262372.5	4	0.7751937984496124	175.5	0	0.0	1053.0	0	0.0	1053.0	0	0.0
info	2	176	263867.5	2	0.3875968992248062	263867.5	2	0.3875968992248062	176.5	0	0.0	1059.0	0	0.0	1059.0	0	0.0
info	2	177	265362.5	2	0.3875968992248062	265362.5	2	0.3875968992248062	177.5	0	0.0	1065.0	0	0.0	1065.0	0	0.0
info	2	178	266857.5	2	0.3875968992248062	266857.5	2	0.3875968992248062	178.5	0	0.0	1071.0	0	0.0	1071.0	0	0.0
info	2	179	268352.5	4	0.7751937984496124	268352.5	4	0.7751937984496124	179.5	0	0.0	1077.0	0	0.0	1077.0	0	0.0
info	2	180	269847.5	2	0.3875968992248062	269847.5	2	0.3875968992248062	180.5	0	0.0	1083.0	0	0.0	1083.0	0	0.0
info	2	181	271342.5	2	0.3875968992248062	271342.5	2	0.3875968992248062	181.5	0	0.0	1089.0	0	0.0	1089.0	0	0.0
info	2	182	272837.5	4	0.7751937984496124	272837.5	4	0.7751937984496124	182.5	0	0.0	1095.0	0	0.0	1095.0	0	0.0
info	2	183	274332.5	2	0.3875968992248062	274332.5	2	0.3875968992248062	183.5	0	0.0	1101.0	0	0.0	1101.0	0	0.0
info	2	184	275827.5	2	0.3875968992248062	275827.5	2	0.3875968992248062	184.5	0	0.0	1107.0	0	0.0	1107.0	0	0.0
info	2	185	277322.5	2	0.3875968992248062	277322.5	2	0.3875968992248062	185.5	0	0.0	1113.0	0	0.0	1113.0	0	0.0
info	2	186	278817.5	4	0.7751937984496124	278817.5	4	0.7751937984496124	186.5	0	0.0	1119.0	0	0.0	1119.0	0	0.0
info	2	187	280312.5	2	0.3875968992248062	280312.5	2	0.3875968992248062	187.5	0	0.0	1125.0	0	0.0	1125.0	0	0.0
info	2	188	281807.5	2	0.3875968992248062	281807.5	2	0.3875968992248062	188.5	0	0.0	1131.0	0	0.0	1131.0	0	0.0
info	2	189	283302.5	2	0.3875968992248062	283302.5	2	0.3875968992248062	189.5	0	0.0	1137.0	0	0.0	1137.0	0	0.0
info	2	190	284797.5	4	0.7751937984496124	284797.5	4	0.7751937984496124	190.5	0	0.0	1143.0	0	0.0	1143.0	0	0.0
info	2	191	286292.5	2	0.3875968992248062	286292.5	2	0.3875968992248062	191.5	0	0.0	1149.0	0	0.0	1149.0	0	0.0
info	2	192	287787.5	2	0.3875968992248062	287787.5	2	0.3875968992248062	192.5	0	0.0	1155.0	0	0.0	1155.0	0	0.0
info	2	193	289282.5	2	0.3875968992248062	289282.5	2	0.3875968992248062	193.5	0	0.0	1161.0	0	0.0	1161.0	0	0.0
info	2	194	290777.5	4	0.7751937984496124	290777.5	4	0.7751937984496124	194.5	0	0.0	1167.0	0	0.0	1167.0	0	0.0
info	2	195	292272.5	2	0.3875968992248062	292272.5	2	0.3875968992248062	195.5	0	0.0	1173.0	0	0.0	1173.0	0	0.0
info	2	196	293767.5	2	0.3875968992248062	293767.5	2	0.3875968992248062	196.5	0	0.0	1179.0	0	0.0	1179.0	0	0.0
info	2	197	295262.5	2	0.3875968992248062	295262.5	2	0.3875968992248062	197.5	0	0.0	1185.0	0	0.0	1185.0	0	0.0
info	2	198	296757.5	2	0.3875968992248062	296757.5	2	0.3875968992248062	198.5	0	0.0	1191.0	0	0.0	1191.0	0	0.0
info	2	199	298252.5	4	0.7751937984496124	298252.5	4	0.7751937984496124	199.5	0	0.0	1197.0	0	0.0	1197.0	0	0.0
home	2	0	747.5	3	0.5813953488372093	747.5	3	0.5813953488372093	0.5	0	0.0	3.0	516	100.0	3.0	516	100.0
home	2	1	2242.5	3	0.5813953488372093	2242.5	3	0.5813953488372093	1.5	0	0.0	9.0	0	0.0	9.0	0	0.0
home	2	2	3737.5	3	0.5813953488372093	3737.5	3	0.5813953488372093	2.5	0	0.0	15.0	0	0.0	15.0	0	0.0
home	2	3	5232.5	3	0.5813953488372093	5232.5	3	0.5813953488372093	3.5	19	3.6821705426356592	21.0	0	0.0	21.0	0	0.0
home	2	4	6727.5	2	0.3875968992248062	6727.5	2	0.3875968992248062	4.5	160	31.007751937984498	27.0	0	0.0	27.0	0	0.0
home	2	5	8222.5	3	0.5813953488372093	8222.5	3	0.5813953488372093	5.5	138	26.74418604651163	33.0	0	0.0	33.0	0	0.0
home	2	6	9717.5	3	0.5813953488372093	9717.5	3	0.5813953488372093	6.5	96	18.6046511627907	39.0	0	0.0	39.0	0	0.0
home	2	7	11212.5	2	0.3875968992248062	11212.5	2	0.3875968992248062	7.5	31	6.007751937984496	45.0	0	0.0	45.0	0	0.0
home	2	8	12707.5	3	0.5813953488372093	12707.5	3	0.5813953488372093	8.5	18	3.488372093023256	51.0	0	0.0	51.0	0	0.0
home	2	9	14202.5	3	0.5813953488372093	14202.5	3	0.5813953488372093	9.5	9	1.744186046511628	57.0	0	0.0	57.0	0	0.0
home	2	10	15697.5	2	0.3875968992248062	15697.5	2	0.3875968992248062	10.5	3	0.5813953488372093	63.0	0	0.0	63.0	0	0.0
home	2	11	17192.5	3	0.5813953488372093	17192.5	3	0.5813953488372093	11.5	10	1.9379844961240311	69.0	0	0.0	69.0	0	0.0
home	2	12	18687.5	3	0.5813953488372093	18687.5	3	0.5813953488372093	12.5	4	0.7751937984496124	75.0	0	0.0	75.0	0	0.0
home	2	13	20182.5	2	0.3875968992248062	20182.5	2	0.3875968992248062	13.5	3	0.5813953488372093	81.0	0	0.0	81.0	0	0.0
home	2	14	21677.5	3	0.5813953488372093	21677.5	3	0.5813953488372093	14.5	4	0.7751937984496124	87.0	0	0.0	87.0	0	0.0
home	2	15	23172.5	3	0.5813953488372093	23172.5	3	0.5813953488372093	15.5	2	0.3875968992248062	93.0	0	0.0	93.0	0	0.0
home	2	16	24667.5	2	0.3875968992248062	24667.5	2	0.3875968992248062	16.5	0	0.0	99.0	0	0.0	99.0	0	0.0
home	2	17	26162.5	3	0.5813953488372093	26162.5	3	0.5813953488372093	17.5	1	0.1937984496124031	105.0	0	0.0	105.0	0	0.0
home	2	18	27657.5	3	0.5813953488372093	27657.5	3	0.5813953488372093	18.5	0	0.0	111.0	0	0.0	111.0	0	0.0
home	2	19	29152.5	2	0.3875968992248062	29152.5	2	0.3875968992248062	19.5	1	0.1937984496124031	117.0	0	0.0	117.0	0	0.0
home	2	20	30647.5	3	0.5813953488372093	30647.5	3	0.5813953488372093	20.5	0	0.0	123.0	0	0.0	123.0	0	0.0
home	2	21	32142.5	3	0.5813953488372093	32142.5	3	0.5813953488372093	21.5	0	0.0	129.0	0	0.0	129.0	0	0.0
home	2	22	33637.5	2	0.3875968992248062	33637.5	2	0.3875968992248062	22.5	1	0.1937984496124031	135.0	0	0.0	135.0	0	0.0
home	2	23	35132.5	3	0.5813953488372093	35132.5	3	0.5813953488372093	23.5	1	0.1937984496124031	141.0	0	0.0	141.0	0	0.0
home	2	24	36627.5	3	0.5813953488372093	36627.5	3	0.5813953488372093	24.5	1	0.1937984496124031	147.0	0	0.0	147.0	0	0.0
home	2	25	38122.5	2	0.3875968992248062	38122.5	2	0.3875968992248062	25.5	0	0.0	153.0	0	0.0	153.0	0	0.0
home	2	26	39617.5	3	0.5813953488372093	39617.5	3	0.5813953488372093	26.5	0	0.0	159.0	0	0.0	159.0	0	0.0
home	2	27	41112.5	2	0.3875968992248062	41112.5	2	0.3875968992248062	27.5	0	0.0	165.0	0	0.0	165.0	0	0.0
home	2	28	42607.5	3	0.5813953488372093	42607.5	3	0.5813953488372093	28.5	1	0.1937984496124031	171.0	0	0.0	171.0	0	0.0
home	2	29	44102.5	3	0.5813953488372093	44102.5	3	0.5813953488372093	29.5	0	0.0	177.0	0	0.0	177.0	0	0.0
home	2	30	45597.5	2	0.3875968992248062	45597.5	2	0.3875968992248062	30.5	0	0.0	183.0	0	0.0	183.0	0	0.0
home	2	31	47092.5	3	0.5813953488372093	47092.5	3	0.5813953488372093	31.5	0	0.0	189.0	0	0.0	189.0	0	0.0
home	2	32	48587.5	3	0.5813953488372093	48587.5	3	0.5813953488372093	32.5	0	0.0	195.0	0	0.0	195.0	0	0.0
home	2	33	50082.5	2	0.3875968992248062	50082.5	2	0.3875968992248062	33.5	1	0.1937984496124031	201.0	0	0.0	201.0	0	0.0
home	2	34	51577.5	3	0.5813953488372093	51577.5	3	0.5813953488372093	34.5	1	0.1937984496124031	207.0	0	0.0	207.0	0	0.0
home	2	35	53072.5	3	0.5813953488372093	53072.5	3	0.5813953488372093	35.5	0	0.0	213.0	0	0.0	213.0	0	0.0
home	2	36	54567.5	2	0.3875968992248062	54567.5	2	0.3875968992248062	36.5	0	0.0	219.0	0	0.0	219.0	0	0.0
home	2	37	56062.5	3	0.5813953488372093	56062.5	3	0.5813953488372093	37.5	1	0.1937984496124031	225.0	0	0.0	225.0	0	0.0
home	2	38	57557.5	0	0.0	57557.5	0	0.0	38.5	1	0.1937984496124031	231.0	0	0.0	231.0	0	0.0
home	2	39	59052.5	2	0.3875968992248062	59052.5	2	0.3875968992248062	39.5	1	0.1937984496124031	237.0	0	0.0	237.0	0	0.0
home	2	40	60547.5	2	0.3875968992248062	60547.5	2	0.3875968992248062	40.5	0	0.0	243.0	0	0.0	243.0	0	0.0
home	2	41	62042.5	4	0.7751937984496124	62042.5	4	0.7751937984496124	41.5	0	0.0	249.0	0	0.0	249.0	0	0.0
home	2	42	63537.5	2	0.3875968992248062	63537.5	2	0.3875968992248062	42.5	0	0.0	255.0	0	0.0	255.0	0	0.0
home	2	43	65032.5	2	0.3875968992248062	65032.5	2	0.3875968992248062	43.5	1	0.1937984496124031	261.0	0	0.0	261.0	0	0.0
home	2	44	66527.5	4	0.7751937984496124	66527.5	4	0.7751937984496124	44.5	1	0.1937984496124031	267.0	0	0.0	267.0	0	0.0
home	2	45	68022.5	2	0.3875968992248062	68022.5	2	0.3875968992248062	45.5	2	0.3875968992248062	273.0	0	0.0	273.0	0	0.0
home	2	46	69517.5	2	0.3875968992248062	69517.5	2	0.3875968992248062	46.5	0	0.0	279.0	0	0.0	279.0	0	0.0
home	2	47	71012.5	2	0.3875968992248062	71012.5	2	0.3875968992248062	47.5	1	0.1937984496124031	285.0	0	0.0	285.0	0	0.0
home	2	48	72507.5	4	0.7751937984496124	72507.5	4	0.7751937984496124	48.5	1	0.1937984496124031	291.0	0	0.0	291.0	0	0.0
home	2	49	74002.5	2	0.3875968992248062	74002.5	2	0.3875968992248062	49.5	1	0.1937984496124031	297.0	0	0.0	297.0	0	0.0
home	2	50	75497.5	2	0.3875968992248062	75497.5	2	0.3875968992248062	50.5	1	0.1937984496124031	303.0	0	0.0	303.0	0	0.0
home	2	51	76992.5	4	0.7751937984496124	76992.5	4	0.7751937984496124	51.5	0	0.0	309.0	0	0.0	309.0	0	0.0
home	2	52	78487.5	2	0.3875968992248062	78487.5	2	0.3875968992248062	52.5	0	0.0	315.0	0	0.0	315.0	0	0.0
home	2	53	79982.5	2	0.3875968992248062	79982.5	2	0.3875968992248062	53.5	0	0.0	321.0	0	0.0	321.0	0	0.0
home	2	54	81477.5	2	0.3875968992248062	81477.5	2	0.3875968992248062	54.5	0	0.0	327.0	0	0.0	327.0	0	0.0
home	2	55	82972.5	4	0.7751937984496124	82972.5	4	0.7751937984496124	55.5	0	0.0	333.0	0	0.0	333.0	0	0.0
home	2	56	84467.5	2	0.3875968992248062	84467.5	2	0.3875968992248062	56.5	0	0.0	339.0	0	0.0	339.0	0	0.0
home	2	57	85962.5	2	0.3875968992248062	85962.5	2	0.3875968992248062	57.5	0	0.0	345.0	0	0.0	345.0	0	0.0
home	2	58	87457.5	4	0.7751937984496124	87457.5	4	0.7751937984496124	58.5	0	0.0	351.0	0	0.0	351.0	0	0.0
home	2	59	88952.5	2	0.3875968992248062	88952.5	2	0.3875968992248062	59.5	0	0.0	357.0	0	0.0	357.0	0	0.0
home	2	60	90447.5	2	0.3875968992248062	90447.5	2	0.3875968992248062	60.5	0	0.0	363.0	0	0.0	363.0	0	0.0
home	2	61	91942.5	2	0.3875968992248062	91942.5	2	0.3875968992248062	61.5	0	0.0	369.0	0	0.0	369.0	0	0.0
home	2	62	93437.5	4	0.7751937984496124	93437.5	4	0.7751937984496124	62.5	0	0.0	375.0	0	0.0	375.0	0	0.0
home	2	63	94932.5	2	0.3875968992248062	94932.5	2	0.3875968992248062	63.5	0	0.0	381.0	0	0.0	381.0	0	0.0
home	2	64	96427.5	2	0.3875968992248062	96427.5	2	0.3875968992248062	64.5	0	0.0	387.0	0	0.0	387.0	0	0.0
home	2	65	97922.5	4	0.7751937984496124	97922.5	4	0.7751937984496124	65.5	0	0.0	393.0	0	0.0	393.0	0	0.0
home	2	66	99417.5	2	0.3875968992248062	99417.5	2	0.3875968992248062	66.5	0	0.0	399.0	0	0.0	399.0	0	0.0
home	2	67	100912.5	2	0.3875968992248062	100912.5	2	0.3875968992248062	67.5	0	0.0	405.0	0	0.0	405.0	0	0.0
home	2	68	102407.5	3	0.5813953488372093	102407.5	3	0.5813953488372093	68.5	0	0.0	411.0	0	0.0	411.0	0	0.0
home	2	69	103902.5	3	0.5813953488372093	103902.5	3	0.5813953488372093	69.5	0	0.0	417.0	0	0.0	417.0	0	0.0
home	2	70	105397.5	2	0.3875968992248062	105397.5	2	0.3875968992248062	70.5	0	0.0	423.0	0	0.0	423.0	0	0.0
home	2	71	106892.5	2	0.3875968992248062	106892.5	2	0.3875968992248062	71.5	0	0.0	429.0	0	0.0	429.0	0	0.0
home	2	72	108387.5	4	0.7751937984496124	108387.5	4	0.7751937984496124	72.5	0	0.0	435.0	0	0.0	435.0	0	0.0
home	2	73	109882.5	2	0.3875968992248062	109882.5	2	0.3875968992248062	73.5	0	0.0	441.0	0	0.0	441.0	0	0.0
home	2	74	111377.5	2	0.3875968992248062	111377.5	2	0.3875968992248062	74.5	0	0.0	447.0	0	0.0	447.0	0	0.0
home	2	75	112872.5	2	0.3875968992248062	112872.5	2	0.3875968992248062	75.5	0	0.0	453.0	0	0.0	453.0	0	0.0
home	2	76	114367.5	4	0.7751937984496124	114367.5	4	0.7751937984496124	76.5	0	0.0	459.0	0	0.0	459.0	0	0.0
home	2	77	115862.5	2	0.3875968992248062	115862.5	2	0.3875968992248062	77.5	0	0.0	465.0	0	0.0	465.0	0	0.0
home	2	78	117357.5	2	0.3875968992248062	117357.5	2	0.3875968992248062	78.5	0	0.0	471.0	0	0.0	471.0	0	0.0
home	2	79	118852.5	2	0.3875968992248062	118852.5	2	0.3875968992248062	79.5	0	0.0	477.0	0	0.0	477.0	0	0.0
home	2	80	120347.5	4	0.7751937984496124	120347.5	4	0.7751937984496124	80.5	0	0.0	483.0	0	0.0	483.0	0	0.0
home	2	81	121842.5	2	0.3875968992248062	121842.5	2	0.3875968992248062	81.5	0	0.0	489.0	0	0.0	489.0	0	0.0
home	2	82	123337.5	2	0.3875968992248062	123337.5	2	0.3875968992248062	82.5	0	0.0	495.0	0	0.0	495.0	0	0.0
home	2	83	124832.5	4	0.7751937984496124	124832.5	4	0.7751937984496124	83.5	0	0.0	501.0	0	0.0	501.0	0	0.0
home	2	84	126327.5	2	0.3875968992248062	126327.5	2	0.3875968992248062	84.5	0	0.0	507.0	0	0.0	507.0	0	0.0
home	2	85	127822.5	2	0.3875968992248062	127822.5	2	0.3875968992248062	85.5	0	0.0	513.0	0	0.0	513.0	0	0.0
home	2	86	129317.5	2	0.3875968992248062	129317.5	2	0.3875968992248062	86.5	0	0.0	519.0	0	0.0	519.0	0	0.0
home	2	87	130812.5	4	0.7751937984496124	130812.5	4	0.7751937984496124	87.5	0	0.0	525.0	0	0.0	525.0	0	0.0
home	2	88	132307.5	2	0.3875968992248062	132307.5	2	0.3875968992248062	88.5	0	0.0	531.0	0	0.0	531.0	0	0.0
home	2	89	133802.5	2	0.3875968992248062	133802.5	2	0.3875968992248062	89.5	0	0.0	537.0	0	0.0	537.0	0	0.0
home	2	90	135297.5	4	0.7751937984496124	135297.5	4	0.7751937984496124	90.5	0	0.0	543.0	0	0.0	543.0	0	0.0
home	2	91	136792.5	2	0.3875968992248062	136792.5	2	0.3875968992248062	91.5	0	0.0	549.0	0	0.0	549.0	0	0.0
home	2	92	138287.5	2	0.3875968992248062	138287.5	2	0.3875968992248062	92.5	0	0.0	555.0	0	0.0	555.0	0	0.0
home	2	93	139782.5	4	0.7751937984496124	139782.5	4	0.7751937984496124	93.5	0	0.0	561.0	0	0.0	561.0	0	0.0
home	2	94	141277.5	2	0.3875968992248062	141277.5	2	0.3875968992248062	94.5	0	0.0	567.0	0	0.0	567.0	0	0.0
home	2	95	142772.5	2	0.3875968992248062	142772.5	2	0.3875968992248062	95.5	0	0.0	573.0	0	0.0	573.0	0	0.0
home	2	96	144267.5	2	0.3875968992248062	144267.5	2	0.3875968992248062	96.5	0	0.0	579.0	0	0.0	579.0	0	0.0
home	2	97	145762.5	4	0.7751937984496124	145762.5	4	0.7751937984496124	97.5	0	0.0	585.0	0	0.0	585.0	0	0.0
home	2	98	147257.5	2	0.3875968992248062	147257.5	2	0.3875968992248062	98.5	0	0.0	591.0	0	0.0	591.0	0	0.0
home	2	99	148752.5	2	0.3875968992248062	148752.5	2	0.3875968992248062	99.5	0	0.0	597.0	0	0.0	597.0	0	0.0
home	2	100	150247.5	2	0.3875968992248062	150247.5	2	0.3875968992248062	100.5	0	0.0	603.0	0	0.0	603.0	0	0.0
home	2	101	151742.5	4	0.7751937984496124	151742.5	4	0.7751937984496124	101.5	0	0.0	609.0	0	0.0	609.0	0	0.0
home	2	102	153237.5	2	0.3875968992248062	153237.5	2	0.3875968992248062	102.5	0	0.0	615.0	0	0.0	615.0	0	0.0
home	2	103	154732.5	2	0.3875968992248062	154732.5	2	0.3875968992248062	103.5	0	0.0	621.0	0	0.0	621.0	0	0.0
home	2	104	156227.5	4	0.7751937984496124	156227.5	3	0.5813953488372093	104.5	0	0.0	627.0	0	0.0	627.0	0	0.0
home	2	105	157722.5	2	0.3875968992248062	157722.5	3	0.5813953488372093	105.5	0	0.0	633.0	0	0.0	633.0	0	0.0
home	2	106	159217.5	2	0.3875968992248062	159217.5	2	0.3875968992248062	106.5	0	0.0	639.0	0	0.0	639.0	0	0.0
home	2	107	160712.5	4	0.7751937984496124	160712.5	4	0.7751937984496124	107.5	0	0.0	645.0	0	0.0	645.0	0	0.0
home	2	108	162207.5	2	0.3875968992248062	162207.5	2	0.3875968992248062	108.5	0	0.0	651.0	0	0.0	651.0	0	0.0
home	2	109	163702.5	2	0.3875968992248062	163702.5	2	0.3875968992248062	109.5	0	0.0	657.0	0	0.0	657.0	0	0.0
home	2	110	165197.5	4	0.7751937984496124	165197.5	4	0.7751937984496124	110.5	0	0.0	663.0	0	0.0	663.0	0	0.0
home	2	111	166692.5	2	0.3875968992248062	166692.5	2	0.3875968992248062	111.5	0	0.0	669.0	0	0.0	669.0	0	0.0
home	2	112	168187.5	2	0.3875968992248062	168187.5	2	0.3875968992248062	112.5	0	0.0	675.0	0	0.0	675.0	0	0.0
home	2	113	169682.5	4	0.7751937984496124	169682.5	4	0.7751937984496124	113.5	0	0.0	681.0	0	0.0	681.0	0	0.0
home	2	114	171177.5	2	0.3875968992248062	171177.5	2	0.3875968992248062	114.5	0	0.0	687.0	0	0.0	687.0	0	0.0
home	2	115	172672.5	2	0.3875968992248062	172672.5	2	0.3875968992248062	115.5	0	0.0	693.0	0	0.0	693.0	0	0.0
home	2	116	174167.5	4	0.7751937984496124	174167.5	4	0.7751937984496124	116.5	0	0.0	699.0	0	0.0	699.0	0	0.0
home	2	117	175662.5	2	0.3875968992248062	175662.5	2	0.3875968992248062	117.5	0	0.0	705.0	0	0.0	705.0	0	0.0
home	2	118	177157.5	2	0.3875968992248062	177157.5	2	0.3875968992248062	118.5	0	0.0	711.0	0	0.0	711.0	0	0.0
home	2	119	178652.5	2	0.3875968992248062	178652.5	2	0.3875968992248062	119.5	0	0.0	717.0	0	0.0	717.0	0	0.0
home	2	120	180147.5	4	0.7751937984496124	180147.5	4	0.7751937984496124	120.5	0	0.0	723.0	0	0.0	723.0	0	0.0
home	2	121	181642.5	2	0.3875968992248062	181642.5	2	0.3875968992248062	121.5	0	0.0	729.0	0	0.0	729.0	0	0.0
home	2	122	183137.5	2	0.3875968992248062	183137.5	2	0.3875968992248062	122.5	0	0.0	735.0	0	0.0	735.0	0	0.0
home	2	123	184632.5	2	0.3875968992248062	184632.5	2	0.3875968992248062	123.5	0	0.0	741.0	0	0.0	741.0	0	0.0
home	2	124	186127.5	4	0.7751937984496124	186127.5	4	0.7751937984496124	124.5	0	0.0	747.0	0	0.0	747.0	0	0.0
home	2	125	187622.5	2	0.3875968992248062	187622.5	2	0.3875968992248062	125.5	0	0.0	753.0	0	0.0	753.0	0	0.0
home	2	126	189117.5	2	0.3875968992248062	189117.5	2	0.3875968992248062	126.5	0	0.0	759.0	0	0.0	759.0	0	0.0
home	2	127	190612.5	2	0.3875968992248062	190612.5	2	0.3875968992248062	127.5	0	0.0	765.0	0	0.0	765.0	0	0.0
home	2	128	192107.5	4	0.7751937984496124	192107.5	4	0.7751937984496124	128.5	0	0.0	771.0	0	0.0	771.0	0	0.0
home	2	129	193602.5	2	0.3875968992248062	193602.5	2	0.3875968992248062	129.5	0	0.0	777.0	0	0.0	777.0	0	0.0
home	2	130	195097.5	2	0.3875968992248062	195097.5	2	0.3875968992248062	130.5	0	0.0	783.0	0	0.0	783.0	0	0.0
home	2	131	196592.5	3	0.5813953488372093	196592.5	3	0.5813953488372093	131.5	0	0.0	789.0	0	0.0	789.0	0	0.0
home	2	132	198087.5	3	0.5813953488372093	198087.5	3	0.5813953488372093	132.5	0	0.0	795.0	0	0.0	795.0	0	0.0
home	2	133	199582.5	2	0.3875968992248062	199582.5	2	0.3875968992248062	133.5	0	0.0	801.0	0	0.0	801.0	0	0.0
home	2	134	201077.5	2	0.3875968992248062	201077.5	2	0.3875968992248062	134.5	0	0.0	807.0	0	0.0	807.0	0	0.0
home	2	135	202572.5	4	0.7751937984496124	202572.5	4	0.7751937984496124	135.5	0	0.0	813.0	0	0.0	813.0	0	0.0
home	2	136	204067.5	2	0.3875968992248062	204067.5	2	0.3875968992248062	136.5	0	0.0	819.0	0	0.0	819.0	0	0.0
home	2	137	205562.5	2	0.3875968992248062	205562.5	2	0.3875968992248062	137.5	0	0.0	825.0	0	0.0	825.0	0	0.0
home	2	138	207057.5	4	0.7751937984496124	207057.5	4	0.7751937984496124	138.5	0	0.0	831.0	0	0.0	831.0	0	0.0
home	2	139	208552.5	2	0.3875968992248062	208552.5	2	0.3875968992248062	139.5	0	0.0	837.0	0	0.0	837.0	0	0.0
home	2	140	210047.5	2	0.3875968992248062	210047.5	2	0.3875968992248062	140.5	0	0.0	843.0	0	0.0	843.0	0	0.0
home	2	141	211542.5	3	0.5813953488372093	211542.5	3	0.5813953488372093	141.5	0	0.0	849.0	0	0.0	849.0	0	0.0
home	2	142	213037.5	3	0.5813953488372093	213037.5	3	0.5813953488372093	142.5	0	0.0	855.0	0	0.0	855.0	0	0.0
home	2	143	214532.5	2	0.3875968992248062	214532.5	2	0.3875968992248062	143.5	0	0.0	861.0	0	0.0	861.0	0	0.0
home	2	144	216027.5	2	0.3875968992248062	216027.5	2	0.3875968992248062	144.5	0	0.0	867.0	0	0.0	867.0	0	0.0
home	2	145	217522.5	2	0.3875968992248062	217522.5	2	0.3875968992248062	145.5	0	0.0	873.0	0	0.0	873.0	0	0.0
home	2	146	219017.5	4	0.7751937984496124	219017.5	4	0.7751937984496124	146.5	0	0.0	879.0	0	0.0	879.0	0	0.0
home	2	147	220512.5	2	0.3875968992248062	220512.5	2	0.3875968992248062	147.5	0	0.0	885.0	0	0.0	885.0	0	0.0
home	2	148	222007.5	2	0.3875968992248062	222007.5	2	0.3875968992248062	148.5	0	0.0	891.0	0	0.0	891.0	0	0.0
home	2	149	223502.5	2	0.3875968992248062	223502.5	2	0.3875968992248062	149.5	0	0.0	897.0	0	0.0	897.0	0	0.0
home	2	150	224997.5	4	0.7751937984496124	224997.5	4	0.7751937984496124	150.5	0	0.0	903.0	0	0.0	903.0	0	0.0
home	2	151	226492.5	2	0.3875968992248062	226492.5	2	0.3875968992248062	151.5	0	0.0	909.0	0	0.0	909.0	0	0.0
home	2	152	227987.5	2	0.3875968992248062	227987.5	2	0.3875968992248062	152.5	0	0.0	915.0	0	0.0	915.0	0	0.0
home	2	153	229482.5	2	0.3875968992248062	229482.5	2	0.3875968992248062	153.5	0	0.0	921.0	0	0.0	921.0	0	0.0
home	2	154	230977.5	4	0.7751937984496124	230977.5	4	0.7751937984496124	154.5	0	0.0	927.0	0	0.0	927.0	0	0.0
home	2	155	232472.5	2	0.3875968992248062	232472.5	2	0.3875968992248062	155.5	0	0.0	933.0	0	0.0	933.0	0	0.0
home	2	156	233967.5	2	0.3875968992248062	233967.5	2	0.3875968992248062	156.5	0	0.0	939.0	0	0.0	939.0	0	0.0
home	2	157	235462.5	4	0.7751937984496124	235462.5	4	0.7751937984496124	157.5	0	0.0	945.0	0	0.0	945.0	0	0.0
home	2	158	236957.5	2	0.3875968992248062	236957.5	2	0.3875968992248062	158.5	0	0.0	951.0	0	0.0	951.0	0	0.0
home	2	159	238452.5	2	0.3875968992248062	238452.5	2	0.3875968992248062	159.5	0	0.0	957.0	0	0.0	957.0	0	0.0
home	2	160	239947.5	4	0.7751937984496124	239947.5	4	0.7751937984496124	160.5	0	0.0	963.0	0	0.0	963.0	0	0.0
home	2	161	241442.5	2	0.3875968992248062	241442.5	2	0.3875968992248062	161.5	0	0.0	969.0	0	0.0	969.0	0	0.0
home	2	162	242937.5	2	0.3875968992248062	242937.5	2	0.3875968992248062	162.5	0	0.0	975.0	0	0.0	975.0	0	0.0
home	2	163	244432.5	4	0.7751937984496124	244432.5	4	0.7751937984496124	163.5	0	0.0	981.0	0	0.0	981.0	0	0.0
home	2	164	245927.5	2	0.3875968992248062	245927.5	2	0.3875968992248062	164.5	0	0.0	987.0	0	0.0	987.0	0	0.0
home	2	165	247422.5	2	0.3875968992248062	247422.5	2	0.3875968992248062	165.5	0	0.0	993.0	0	0.0	993.0	0	0.0
home	2	166	248917.5	4	0.7751937984496124	248917.5	4	0.7751937984496124	166.5	0	0.0	999.0	0	0.0	999.0	0	0.0
home	2	167	250412.5	2	0.3875968992248062	250412.5	2	0.3875968992248062	167.5	0	0.0	1005.0	0	0.0	1005.0	0	0.0
home	2	168	251907.5	2	0.3875968992248062	251907.5	2	0.3875968992248062	168.5	0	0.0	1011.0	0	0.0	1011.0	0	0.0
home	2	169	253402.5	4	0.7751937984496124	253402.5	4	0.7751937984496124	169.5	0	0.0	1017.0	0	0.0	1017.0	0	0.0
home	2	170	254897.5	2	0.3875968992248062	254897.5	2	0.3875968992248062	170.5	0	0.0	1023.0	0	0.0	1023.0	0	0.0
home	2	171	256392.5	2	0.3875968992248062	256392.5	2	0.3875968992248062	171.5	0	0.0	1029.0	0	0.0	1029.0	0	0.0
home	2	172	257887.5	4	0.7751937984496124	257887.5	4	0.7751937984496124	172.5	0	0.0	1035.0	0	0.0	1035.0	0	0.0
home	2	173	259382.5	2	0.3875968992248062	259382.5	2	0.3875968992248062	173.5	0	0.0	1041.0	0	0.0	1041.0	0	0.0
home	2	174	260877.5	2	0.3875968992248062	260877.5	2	0.3875968992248062	174.5	0	0.0	1047.0	0	0.0	1047.0	0	0.0
home	2	175	262372.5	4	0.7751937984496124	262372.5	4	0.7751937984496124	175.5	0	0.0	1053.0	0	0.0	1053.0	0	0.0
home	2	176	263867.5	2	0.3875968992248062	263867.5	2	0.3875968992248062	176.5	0	0.0	1059.0	0	0.0	1059.0	0	0.0
home	2	177	265362.5	2	0.3875968992248062	265362.5	2	0.3875968992248062	177.5	0	0.0	1065.0	0	0.0	1065.0	0	0.0
home	2	178	266857.5	2	0.3875968992248062	266857.5	2	0.3875968992248062	178.5	0	0.0	1071.0	0	0.0	1071.0	0	0.0
home	2	179	268352.5	4	0.7751937984496124	268352.5	4	0.7751937984496124	179.5	0	0.0	1077.0	0	0.0	1077.0	0	0.0
home	2	180	269847.5	2	0.3875968992248062	269847.5	2	0.3875968992248062	180.5	0	0.0	1083.0	0	0.0	1083.0	0	0.0
home	2	181	271342.5	2	0.3875968992248062	271342.5	2	0.3875968992248062	181.5	0	0.0	1089.0	0	0.0	1089.0	0	0.0
home	2	182	272837.5	4	0.7751937984496124	272837.5	4	0.7751937984496124	182.5	0	0.0	1095.0	0	0.0	1095.0	0	0.0
home	2	183	274332.5	2	0.3875968992248062	274332.5	2	0.3875968992248062	183.5	0	0.0	1101.0	0	0.0	1101.0	0	0.0
home	2	184	275827.5	2	0.3875968992248062	275827.5	2	0.3875968992248062	184.5	0	0.0	1107.0	0	0.0	1107.0	0	0.0
home	2	185	277322.5	2	0.3875968992248062	277322.5	2	0.3875968992248062	185.5	0	0.0	1113.0	0	0.0	1113.0	0	0.0
home	2	186	278817.5	4	0.7751937984496124	278817.5	4	0.7751937984496124	186.5	0	0.0	1119.0	0	0.0	1119.0	0	0.0
home	2	187	280312.5	2	0.3875968992248062	280312.5	2	0.3875968992248062	187.5	0	0.0	1125.0	0	0.0	1125.0	0	0.0
home	2	188	281807.5	2	0.3875968992248062	281807.5	2	0.3875968992248062	188.5	0	0.0	1131.0	0	0.0	1131.0	0	0.0
home	2	189	283302.5	2	0.3875968992248062	283302.5	2	0.3875968992248062	189.5	0	0.0	1137.0	0	0.0	1137.0	0	0.0
home	2	190	284797.5	4	0.7751937984496124	284797.5	4	0.7751937984496124	190.5	0	0.0	1143.0	0	0.0	1143.0	0	0.0
home	2	191	286292.5	2	0.3875968992248062	286292.5	2	0.3875968992248062	191.5	0	0.0	1149.0	0	0.0	1149.0	0	0.0
home	2	192	287787.5	2	0.3875968992248062	287787.5	2	0.3875968992248062	192.5	0	0.0	1155.0	0	0.0	1155.0	0	0.0
home	2	193	289282.5	2	0.3875968992248062	289282.5	2	0.3875968992248062	193.5	0	0.0	1161.0	0	0.0	1161.0	0	0.0
home	2	194	290777.5	4	0.7751937984496124	290777.5	4	0.7751937984496124	194.5	0	0.0	1167.0	0	0.0	1167.0	0	0.0
home	2	195	292272.5	2	0.3875968992248062	292272.5	2	0.3875968992248062	195.5	0	0.0	1173.0	0	0.0	1173.0	0	0.0
home	2	196	293767.5	2	0.3875968992248062	293767.5	2	0.3875968992248062	196.5	0	0.0	1179.0	0	0.0	1179.0	0	0.0
home	2	197	295262.5	2	0.3875968992248062	295262.5	2	0.3875968992248062	197.5	0	0.0	1185.0	0	0.0	1185.0	0	0.0
home	2	198	296757.5	2	0.3875968992248062	296757.5	2	0.3875968992248062	198.5	0	0.0	1191.0	0	0.0	1191.0	0	0.0
home	2	199	298252.5	4	0.7751937984496124	298252.5	4	0.7751937984496124	199.5	0	0.0	1197.0	0	0.0	1197.0	0	0.0
