'Request type'	'Load'	'Bucket'	'Start time'	'Absolute'	'Percent of requests'	'End time'	'Absolute'	'Percent of requests'	'Residence time'	'Absolute'	'Percent of requests'	'Theor. think time'	'Absolute'	'Percent of requests'	'Actual think time'	'Absolute'	'Percent of requests'
login	15	0	752.5	15	0.6871278057718736	752.5	15	0.6871278057718736	3.5	0	0.0	3.0	2183	100.0	3.0	2183	100.0
login	15	1	2257.5	16	0.7329363261566652	2257.5	12	0.5497022446174988	10.5	0	0.0	9.0	0	0.0	9.0	0	0.0
login	15	2	3762.5	17	0.7787448465414567	3762.5	11	0.5038937242327073	17.5	0	0.0	15.0	0	0.0	15.0	0	0.0
login	15	3	5267.5	4	0.1832340815391663	5267.5	13	0.5955107650022904	24.5	0	0.0	21.0	0	0.0	21.0	0	0.0
login	15	4	6772.5	16	0.7329363261566652	6772.5	15	0.6871278057718736	31.5	0	0.0	27.0	0	0.0	27.0	0	0.0
login	15	5	8277.5	15	0.6871278057718736	8277.5	9	0.4122766834631241	38.5	0	0.0	33.0	0	0.0	33.0	0	0.0
login	15	6	9782.5	1	0.04580852038479157	9782.5	9	0.4122766834631241	45.5	0	0.0	39.0	0	0.0	39.0	0	0.0
login	15	7	11287.5	15	0.6871278057718736	11287.5	15	0.6871278057718736	52.5	0	0.0	45.0	0	0.0	45.0	0	0.0
login	15	8	12792.5	15	0.6871278057718736	12792.5	9	0.4122766834631241	59.5	0	0.0	51.0	0	0.0	51.0	0	0.0
login	15	9	14297.5	15	0.6871278057718736	14297.5	8	0.3664681630783326	66.5	0	0.0	57.0	0	0.0	57.0	0	0.0
login	15	10	15802.5	0	0.0	15802.5	13	0.5955107650022904	73.5	0	0.0	63.0	0	0.0	63.0	0	0.0
login	15	11	17307.5	15	0.6871278057718736	17307.5	12	0.5497022446174988	80.5	1	0.04580852038479157	69.0	0	0.0	69.0	0	0.0
login	15	12	18812.5	15	0.6871278057718736	18812.5	7	0.320659642693541	87.5	1	0.04580852038479157	75.0	0	0.0	75.0	0	0.0
login	15	13	20317.5	0	0.0	20317.5	11	0.5038937242327073	94.5	2	0.09161704076958314	81.0	0	0.0	81.0	0	0.0
login	15	14	21822.5	15	0.6871278057718736	21822.5	15	0.6871278057718736	101.5	2	0.09161704076958314	87.0	0	0.0	87.0	0	0.0
login	15	15	23327.5	15	0.6871278057718736	23327.5	11	0.5038937242327073	108.5	3	0.1374255611543747	93.0	0	0.0	93.0	0	0.0
login	15	16	24832.5	15	0.6871278057718736	24832.5	5	0.22904260192395787	115.5	3	0.1374255611543747	99.0	0	0.0	99.0	0	0.0
login	15	17	26337.5	0	0.0	26337.5	14	0.641319285387082	122.5	2	0.09161704076958314	105.0	0	0.0	105.0	0	0.0
login	15	18	27842.5	15	0.6871278057718736	27842.5	12	0.5497022446174988	129.5	3	0.1374255611543747	111.0	0	0.0	111.0	0	0.0
login	15	19	29347.5	15	0.6871278057718736	29347.5	5	0.22904260192395787	136.5	1	0.04580852038479157	117.0	0	0.0	117.0	0	0.0
login	15	20	30852.5	0	0.0	30852.5	13	0.5955107650022904	143.5	1	0.04580852038479157	123.0	0	0.0	123.0	0	0.0
login	15	21	32357.5	15	0.6871278057718736	32357.5	15	0.6871278057718736	150.5	2	0.09161704076958314	129.0	0	0.0	129.0	0	0.0
login	15	22	33862.5	15	0.6871278057718736	33862.5	4	0.1832340815391663	157.5	4	0.1832340815391663	135.0	0	0.0	135.0	0	0.0
login	15	23	35367.5	0	0.0	35367.5	11	0.5038937242327073	164.5	4	0.1832340815391663	141.0	0	0.0	141.0	0	0.0
login	15	24	36872.5	15	0.6871278057718736	36872.5	15	0.6871278057718736	171.5	4	0.1832340815391663	147.0	0	0.0	147.0	0	0.0
login	15	25	38377.5	15	0.6871278057718736	38377.5	8	0.3664681630783326	178.5	10	0.45808520384791573	153.0	0	0.0	153.0	0	0.0
login	15	26	39882.5	15	0.6871278057718736	39882.5	7	0.320659642693541	185.5	10	0.45808520384791573	159.0	0	0.0	159.0	0	0.0
login	15	27	41387.5	0	0.0	41387.5	15	0.6871278057718736	192.5	12	0.5497022446174988	165.0	0	0.0	165.0	0	0.0
login	15	28	42892.5	15	0.6871278057718736	42892.5	12	0.5497022446174988	199.5	8	0.3664681630783326	171.0	0	0.0	171.0	0	0.0
login	15	29	44397.5	15	0.6871278057718736	44397.5	4	0.1832340815391663	206.5	9	0.4122766834631241	177.0	0	0.0	177.0	0	0.0
login	15	30	45902.5	0	0.0	45902.5	14	0.641319285387082	213.5	7	0.320659642693541	183.0	0	0.0	183.0	0	0.0
login	15	31	47407.5	15	0.6871278057718736	47407.5	15	0.6871278057718736	220.5	5	0.22904260192395787	189.0	0	0.0	189.0	0	0.0
login	15	32	48912.5	15	0.6871278057718736	48912.5	7	0.320659642693541	227.5	5	0.22904260192395787	195.0	0	0.0	195.0	0	0.0
login	15	33	50417.5	13	0.5955107650022904	50417.5	8	0.3664681630783326	234.5	4	0.1832340815391663	201.0	0	0.0	201.0	0	0.0
login	15	34	51922.5	2	0.09161704076958314	51922.5	15	0.6871278057718736	241.5	4	0.1832340815391663	207.0	0	0.0	207.0	0	0.0
login	15	35	53427.5	15	0.6871278057718736	53427.5	13	0.5955107650022904	248.5	4	0.1832340815391663	213.0	0	0.0	213.0	0	0.0
login	15	36	54932.5	15	0.6871278057718736	54932.5	8	0.3664681630783326	255.5	5	0.22904260192395787	219.0	0	0.0	219.0	0	0.0
login	15	37	56437.5	12	0.5497022446174988	56437.5	9	0.4122766834631241	262.5	6	0.2748511223087494	225.0	0	0.0	225.0	0	0.0
login	15	38	57942.5	3	0.1374255611543747	57942.5	15	0.6871278057718736	269.5	9	0.4122766834631241	231.0	0	0.0	231.0	0	0.0
login	15	39	59447.5	15	0.6871278057718736	59447.5	10	0.45808520384791573	276.5	15	0.6871278057718736	237.0	0	0.0	237.0	0	0.0
login	15	40	60952.5	15	0.6871278057718736	60952.5	6	0.2748511223087494	283.5	22	1.0077874484654146	243.0	0	0.0	243.0	0	0.0
login	15	41	62457.5	0	0.0	62457.5	14	0.641319285387082	290.5	22	1.0077874484654146	249.0	0	0.0	249.0	0	0.0
login	15	42	63962.5	15	0.6871278057718736	63962.5	15	0.6871278057718736	297.5	24	1.0994044892349977	255.0	0	0.0	255.0	0	0.0
login	15	43	65467.5	15	0.6871278057718736	65467.5	8	0.3664681630783326	304.5	25	1.1452130096197892	261.0	0	0.0	261.0	0	0.0
login	15	44	66972.5	15	0.6871278057718736	66972.5	7	0.320659642693541	311.5	30	1.3742556115437472	267.0	0	0.0	267.0	0	0.0
login	15	45	68477.5	0	0.0	68477.5	15	0.6871278057718736	318.5	21	0.961978928080623	273.0	0	0.0	273.0	0	0.0
login	15	46	69982.5	15	0.6871278057718736	69982.5	9	0.4122766834631241	325.5	10	0.45808520384791573	279.0	0	0.0	279.0	0	0.0
login	15	47	71487.5	15	0.6871278057718736	71487.5	7	0.320659642693541	332.5	13	0.5955107650022904	285.0	0	0.0	285.0	0	0.0
login	15	48	72992.5	0	0.0	72992.5	14	0.641319285387082	339.5	8	0.3664681630783326	291.0	0	0.0	291.0	0	0.0
login	15	49	74497.5	15	0.6871278057718736	74497.5	14	0.641319285387082	346.5	8	0.3664681630783326	297.0	0	0.0	297.0	0	0.0
login	15	50	76002.5	15	0.6871278057718736	76002.5	9	0.4122766834631241	353.5	9	0.4122766834631241	303.0	0	0.0	303.0	0	0.0
login	15	51	77507.5	15	0.6871278057718736	77507.5	7	0.320659642693541	360.5	15	0.6871278057718736	309.0	0	0.0	309.0	0	0.0
login	15	52	79012.5	0	0.0	79012.5	15	0.6871278057718736	367.5	20	0.9161704076958315	315.0	0	0.0	315.0	0	0.0
login	15	53	80517.5	15	0.6871278057718736	80517.5	13	0.5955107650022904	374.5	25	1.1452130096197892	321.0	0	0.0	321.0	0	0.0
login	15	54	82022.5	15	0.6871278057718736	82022.5	7	0.320659642693541	381.5	18	0.8245533669262483	327.0	0	0.0	327.0	0	0.0
login	15	55	83527.5	0	0.0	83527.5	10	0.45808520384791573	388.5	23	1.0535959688502061	333.0	0	0.0	333.0	0	0.0
login	15	56	85032.5	15	0.6871278057718736	85032.5	15	0.6871278057718736	395.5	24	1.0994044892349977	339.0	0	0.0	339.0	0	0.0
login	15	57	86537.5	15	0.6871278057718736	86537.5	8	0.3664681630783326	402.5	33	1.5116811726981219	345.0	0	0.0	345.0	0	0.0
login	15	58	88042.5	15	0.6871278057718736	88042.5	7	0.320659642693541	409.5	17	0.7787448465414567	351.0	0	0.0	351.0	0	0.0
login	15	59	89547.5	0	0.0	89547.5	15	0.6871278057718736	416.5	26	1.1910215300045808	357.0	0	0.0	357.0	0	0.0
login	15	60	91052.5	15	0.6871278057718736	91052.5	11	0.5038937242327073	423.5	20	0.9161704076958315	363.0	0	0.0	363.0	0	0.0
login	15	61	92557.5	15	0.6871278057718736	92557.5	7	0.320659642693541	430.5	11	0.5038937242327073	369.0	0	0.0	369.0	0	0.0
login	15	62	94062.5	0	0.0	94062.5	12	0.5497022446174988	437.5	3	0.1374255611543747	375.0	0	0.0	375.0	0	0.0
login	15	63	95567.5	15	0.6871278057718736	95567.5	15	0.6871278057718736	444.5	5	0.22904260192395787	381.0	0	0.0	381.0	0	0.0
login	15	64	97072.5	15	0.6871278057718736	97072.5	8	0.3664681630783326	451.5	8	0.3664681630783326	387.0	0	0.0	387.0	0	0.0
login	15	65	98577.5	15	0.6871278057718736	98577.5	9	0.4122766834631241	458.5	7	0.320659642693541	393.0	0	0.0	393.0	0	0.0
login	15	66	100082.5	1	0.04580852038479157	100082.5	14	0.641319285387082	465.5	8	0.3664681630783326	399.0	0	0.0	399.0	0	0.0
login	15	67	101587.5	15	0.6871278057718736	101587.5	15	0.6871278057718736	472.5	14	0.641319285387082	405.0	0	0.0	405.0	0	0.0
login	15	68	103092.5	15	0.6871278057718736	103092.5	5	0.22904260192395787	479.5	17	0.7787448465414567	411.0	0	0.0	411.0	0	0.0
login	15	69	104597.5	6	0.2748511223087494	104597.5	10	0.45808520384791573	486.5	25	1.1452130096197892	417.0	0	0.0	417.0	0	0.0
login	15	70	106102.5	9	0.4122766834631241	106102.5	15	0.6871278057718736	493.5	17	0.7787448465414567	423.0	0	0.0	423.0	0	0.0
login	15	71	107607.5	15	0.6871278057718736	107607.5	11	0.5038937242327073	500.5	24	1.0994044892349977	429.0	0	0.0	429.0	0	0.0
login	15	72	109112.5	15	0.6871278057718736	109112.5	6	0.2748511223087494	507.5	33	1.5116811726981219	435.0	0	0.0	435.0	0	0.0
login	15	73	110617.5	0	0.0	110617.5	13	0.5955107650022904	514.5	14	0.641319285387082	441.0	0	0.0	441.0	0	0.0
login	15	74	112122.5	15	0.6871278057718736	112122.5	15	0.6871278057718736	521.5	18	0.8245533669262483	447.0	0	0.0	447.0	0	0.0
login	15	75	113627.5	15	0.6871278057718736	113627.5	8	0.3664681630783326	528.5	11	0.5038937242327073	453.0	0	0.0	453.0	0	0.0
login	15	76	115132.5	15	0.6871278057718736	115132.5	8	0.3664681630783326	535.5	10	0.45808520384791573	459.0	0	0.0	459.0	0	0.0
login	15	77	116637.5	0	0.0	116637.5	14	0.641319285387082	542.5	8	0.3664681630783326	465.0	0	0.0	465.0	0	0.0
login	15	78	118142.5	15	0.6871278057718736	118142.5	15	0.6871278057718736	549.5	6	0.2748511223087494	471.0	0	0.0	471.0	0	0.0
login	15	79	119647.5	15	0.6871278057718736	119647.5	8	0.3664681630783326	556.5	5	0.22904260192395787	477.0	0	0.0	477.0	0	0.0
login	15	80	121152.5	15	0.6871278057718736	121152.5	8	0.3664681630783326	563.5	11	0.5038937242327073	483.0	0	0.0	483.0	0	0.0
login	15	81	122657.5	0	0.0	122657.5	14	0.641319285387082	570.5	18	0.8245533669262483	489.0	0	0.0	489.0	0	0.0
login	15	82	124162.5	15	0.6871278057718736	124162.5	15	0.6871278057718736	577.5	20	0.9161704076958315	495.0	0	0.0	495.0	0	0.0
login	15	83	125667.5	15	0.6871278057718736	125667.5	6	0.2748511223087494	584.5	24	1.0994044892349977	501.0	0	0.0	501.0	0	0.0
login	15	84	127172.5	12	0.5497022446174988	127172.5	10	0.45808520384791573	591.5	22	1.0077874484654146	507.0	0	0.0	507.0	0	0.0
login	15	85	128677.5	4	0.1832340815391663	128677.5	15	0.6871278057718736	598.5	31	1.4200641319285388	513.0	0	0.0	513.0	0	0.0
login	15	86	130182.5	15	0.6871278057718736	130182.5	11	0.5038937242327073	605.5	26	1.1910215300045808	519.0	0	0.0	519.0	0	0.0
login	15	87	131687.5	15	0.6871278057718736	131687.5	8	0.3664681630783326	612.5	16	0.7329363261566652	525.0	0	0.0	525.0	0	0.0
login	15	88	133192.5	0	0.0	133192.5	11	0.5038937242327073	619.5	11	0.5038937242327073	531.0	0	0.0	531.0	0	0.0
login	15	89	134697.5	15	0.6871278057718736	134697.5	15	0.6871278057718736	626.5	12	0.5497022446174988	537.0	0	0.0	537.0	0	0.0
login	15	90	136202.5	15	0.6871278057718736	136202.5	5	0.22904260192395787	633.5	10	0.45808520384791573	543.0	0	0.0	543.0	0	0.0
login	15	91	137707.5	12	0.5497022446174988	137707.5	10	0.45808520384791573	640.5	4	0.1832340815391663	549.0	0	0.0	549.0	0	0.0
login	15	92	139212.5	3	0.1374255611543747	139212.5	15	0.6871278057718736	647.5	6	0.2748511223087494	555.0	0	0.0	555.0	0	0.0
login	15	93	140717.5	15	0.6871278057718736	140717.5	14	0.641319285387082	654.5	8	0.3664681630783326	561.0	0	0.0	561.0	0	0.0
login	15	94	142222.5	15	0.6871278057718736	142222.5	8	0.3664681630783326	661.5	8	0.3664681630783326	567.0	0	0.0	567.0	0	0.0
login	15	95	143727.5	15	0.6871278057718736	143727.5	8	0.3664681630783326	668.5	13	0.5955107650022904	573.0	0	0.0	573.0	0	0.0
login	15	96	145232.5	0	0.0	145232.5	15	0.6871278057718736	675.5	16	0.7329363261566652	579.0	0	0.0	579.0	0	0.0
login	15	97	146737.5	15	0.6871278057718736	146737.5	11	0.5038937242327073	682.5	20	0.9161704076958315	585.0	0	0.0	585.0	0	0.0
login	15	98	148242.5	15	0.6871278057718736	148242.5	6	0.2748511223087494	689.5	14	0.641319285387082	591.0	0	0.0	591.0	0	0.0
login	15	99	149747.5	0	0.0	149747.5	13	0.5955107650022904	696.5	22	1.0077874484654146	597.0	0	0.0	597.0	0	0.0
login	15	100	151252.5	15	0.6871278057718736	151252.5	12	0.5497022446174988	703.5	11	0.5038937242327073	603.0	0	0.0	603.0	0	0.0
login	15	101	152757.5	15	0.6871278057718736	152757.5	7	0.320659642693541	710.5	15	0.6871278057718736	609.0	0	0.0	609.0	0	0.0
login	15	102	154262.5	0	0.0	154262.5	11	0.5038937242327073	717.5	10	0.45808520384791573	615.0	0	0.0	615.0	0	0.0
login	15	103	155767.5	15	0.6871278057718736	155767.5	15	0.6871278057718736	724.5	7	0.320659642693541	621.0	0	0.0	621.0	0	0.0
login	15	104	157272.5	15	0.6871278057718736	157272.5	8	0.3664681630783326	731.5	4	0.1832340815391663	627.0	0	0.0	627.0	0	0.0
login	15	105	158777.5	15	0.6871278057718736	158777.5	7	0.320659642693541	738.5	5	0.22904260192395787	633.0	0	0.0	633.0	0	0.0
login	15	106	160282.5	0	0.0	160282.5	15	0.6871278057718736	745.5	6	0.2748511223087494	639.0	0	0.0	639.0	0	0.0
login	15	107	161787.5	15	0.6871278057718736	161787.5	13	0.5955107650022904	752.5	7	0.320659642693541	645.0	0	0.0	645.0	0	0.0
login	15	108	163292.5	15	0.6871278057718736	163292.5	8	0.3664681630783326	759.5	6	0.2748511223087494	651.0	0	0.0	651.0	0	0.0
login	15	109	164797.5	0	0.0	164797.5	9	0.4122766834631241	766.5	9	0.4122766834631241	657.0	0	0.0	657.0	0	0.0
login	15	110	166302.5	15	0.6871278057718736	166302.5	15	0.6871278057718736	773.5	15	0.6871278057718736	663.0	0	0.0	663.0	0	0.0
login	15	111	167807.5	15	0.6871278057718736	167807.5	8	0.3664681630783326	780.5	18	0.8245533669262483	669.0	0	0.0	669.0	0	0.0
login	15	112	169312.5	15	0.6871278057718736	169312.5	7	0.320659642693541	787.5	21	0.961978928080623	675.0	0	0.0	675.0	0	0.0
login	15	113	170817.5	0	0.0	170817.5	15	0.6871278057718736	794.5	22	1.0077874484654146	681.0	0	0.0	681.0	0	0.0
login	15	114	172322.5	15	0.6871278057718736	172322.5	12	0.5497022446174988	801.5	27	1.2368300503893725	687.0	0	0.0	687.0	0	0.0
login	15	115	173827.5	15	0.6871278057718736	173827.5	10	0.45808520384791573	808.5	26	1.1910215300045808	693.0	0	0.0	693.0	0	0.0
login	15	116	175332.5	8	0.3664681630783326	175332.5	8	0.3664681630783326	815.5	17	0.7787448465414567	699.0	0	0.0	699.0	0	0.0
login	15	117	176837.5	7	0.320659642693541	176837.5	15	0.6871278057718736	822.5	26	1.1910215300045808	705.0	0	0.0	705.0	0	0.0
login	15	118	178342.5	15	0.6871278057718736	178342.5	10	0.45808520384791573	829.5	16	0.7329363261566652	711.0	0	0.0	711.0	0	0.0
login	15	119	179847.5	15	0.6871278057718736	179847.5	5	0.22904260192395787	836.5	11	0.5038937242327073	717.0	0	0.0	717.0	0	0.0
login	15	120	181352.5	0	0.0	181352.5	15	0.6871278057718736	843.5	13	0.5955107650022904	723.0	0	0.0	723.0	0	0.0
login	15	121	182857.5	15	0.6871278057718736	182857.5	12	0.5497022446174988	850.5	7	0.320659642693541	729.0	0	0.0	729.0	0	0.0
login	15	122	184362.5	15	0.6871278057718736	184362.5	7	0.320659642693541	857.5	12	0.5497022446174988	735.0	0	0.0	735.0	0	0.0
login	15	123	185867.5	0	0.0	185867.5	11	0.5038937242327073	864.5	13	0.5955107650022904	741.0	0	0.0	741.0	0	0.0
login	15	124	187372.5	15	0.6871278057718736	187372.5	15	0.6871278057718736	871.5	17	0.7787448465414567	747.0	0	0.0	747.0	0	0.0
login	15	125	188877.5	15	0.6871278057718736	188877.5	9	0.4122766834631241	878.5	24	1.0994044892349977	753.0	0	0.0	753.0	0	0.0
login	15	126	190382.5	15	0.6871278057718736	190382.5	10	0.45808520384791573	885.5	28	1.282638570774164	759.0	0	0.0	759.0	0	0.0
login	15	127	191887.5	12	0.5497022446174988	191887.5	11	0.5038937242327073	892.5	25	1.1452130096197892	765.0	0	0.0	765.0	0	0.0
login	15	128	193392.5	3	0.1374255611543747	193392.5	15	0.6871278057718736	899.5	39	1.7865322950068714	771.0	0	0.0	771.0	0	0.0
login	15	129	194897.5	15	0.6871278057718736	194897.5	12	0.5497022446174988	906.5	21	0.961978928080623	777.0	0	0.0	777.0	0	0.0
login	15	130	196402.5	15	0.6871278057718736	196402.5	8	0.3664681630783326	913.5	22	1.0077874484654146	783.0	0	0.0	783.0	0	0.0
login	15	131	197907.5	8	0.3664681630783326	197907.5	10	0.45808520384791573	920.5	16	0.7329363261566652	789.0	0	0.0	789.0	0	0.0
login	15	132	199412.5	7	0.320659642693541	199412.5	15	0.6871278057718736	927.5	9	0.4122766834631241	795.0	0	0.0	795.0	0	0.0
login	15	133	200917.5	15	0.6871278057718736	200917.5	15	0.6871278057718736	934.5	10	0.45808520384791573	801.0	0	0.0	801.0	0	0.0
login	15	134	202422.5	15	0.6871278057718736	202422.5	8	0.3664681630783326	941.5	11	0.5038937242327073	807.0	0	0.0	807.0	0	0.0
login	15	135	203927.5	15	0.6871278057718736	203927.5	8	0.3664681630783326	948.5	5	0.22904260192395787	813.0	0	0.0	813.0	0	0.0
login	15	136	205432.5	0	0.0	205432.5	14	0.641319285387082	955.5	8	0.3664681630783326	819.0	0	0.0	819.0	0	0.0
login	15	137	206937.5	15	0.6871278057718736	206937.5	14	0.641319285387082	962.5	18	0.8245533669262483	825.0	0	0.0	825.0	0	0.0
login	15	138	208442.5	15	0.6871278057718736	208442.5	7	0.320659642693541	969.5	21	0.961978928080623	831.0	0	0.0	831.0	0	0.0
login	15	139	209947.5	12	0.5497022446174988	209947.5	9	0.4122766834631241	976.5	17	0.7787448465414567	837.0	0	0.0	837.0	0	0.0
login	15	140	211452.5	3	0.1374255611543747	211452.5	15	0.6871278057718736	983.5	20	0.9161704076958315	843.0	0	0.0	843.0	0	0.0
login	15	141	212957.5	15	0.6871278057718736	212957.5	12	0.5497022446174988	990.5	29	1.3284470911589557	849.0	0	0.0	849.0	0	0.0
login	15	142	214462.5	15	0.6871278057718736	214462.5	9	0.4122766834631241	997.5	20	0.9161704076958315	855.0	0	0.0	855.0	0	0.0
login	15	143	215967.5	12	0.5497022446174988	215967.5	9	0.4122766834631241	1004.5	12	0.5497022446174988	861.0	0	0.0	861.0	0	0.0
login	15	144	217472.5	3	0.1374255611543747	217472.5	15	0.6871278057718736	1011.5	19	0.8703618873110399	867.0	0	0.0	867.0	0	0.0
login	15	145	218977.5	15	0.6871278057718736	218977.5	12	0.5497022446174988	1018.5	29	1.3284470911589557	873.0	0	0.0	873.0	0	0.0
login	15	146	220482.5	15	0.6871278057718736	220482.5	8	0.3664681630783326	1025.5	16	0.7329363261566652	879.0	0	0.0	879.0	0	0.0
login	15	147	221987.5	12	0.5497022446174988	221987.5	10	0.45808520384791573	1032.5	16	0.7329363261566652	885.0	0	0.0	885.0	0	0.0
login	15	148	223492.5	3	0.1374255611543747	223492.5	15	0.6871278057718736	1039.5	13	0.5955107650022904	891.0	0	0.0	891.0	0	0.0
login	15	149	224997.5	15	0.6871278057718736	224997.5	9	0.4122766834631241	1046.5	9	0.4122766834631241	897.0	0	0.0	897.0	0	0.0
login	15	150	226502.5	15	0.6871278057718736	226502.5	7	0.320659642693541	1053.5	7	0.320659642693541	903.0	0	0.0	903.0	0	0.0
login	15	151	228007.5	0	0.0	228007.5	14	0.641319285387082	1060.5	7	0.320659642693541	909.0	0	0.0	909.0	0	0.0
login	15	152	229512.5	15	0.6871278057718736	229512.5	15	0.6871278057718736	1067.5	21	0.961978928080623	915.0	0	0.0	915.0	0	0.0
login	15	153	231017.5	15	0.6871278057718736	231017.5	8	0.3664681630783326	1074.5	14	0.641319285387082	921.0	0	0.0	921.0	0	0.0
login	15	154	232522.5	15	0.6871278057718736	232522.5	8	0.3664681630783326	1081.5	17	0.7787448465414567	927.0	0	0.0	927.0	0	0.0
login	15	155	234027.5	0	0.0	234027.5	14	0.641319285387082	1088.5	28	1.282638570774164	933.0	0	0.0	933.0	0	0.0
login	15	156	235532.5	15	0.6871278057718736	235532.5	13	0.5955107650022904	1095.5	19	0.8703618873110399	939.0	0	0.0	939.0	0	0.0
login	15	157	237037.5	15	0.6871278057718736	237037.5	6	0.2748511223087494	1102.5	17	0.7787448465414567	945.0	0	0.0	945.0	0	0.0
login	15	158	238542.5	3	0.1374255611543747	238542.5	11	0.5038937242327073	1109.5	12	0.5497022446174988	951.0	0	0.0	951.0	0	0.0
login	15	159	240047.5	12	0.5497022446174988	240047.5	15	0.6871278057718736	1116.5	9	0.4122766834631241	957.0	0	0.0	957.0	0	0.0
login	15	160	241552.5	15	0.6871278057718736	241552.5	8	0.3664681630783326	1123.5	5	0.22904260192395787	963.0	0	0.0	963.0	0	0.0
login	15	161	243057.5	15	0.6871278057718736	243057.5	7	0.320659642693541	1130.5	4	0.1832340815391663	969.0	0	0.0	969.0	0	0.0
login	15	162	244562.5	0	0.0	244562.5	15	0.6871278057718736	1137.5	2	0.09161704076958314	975.0	0	0.0	975.0	0	0.0
login	15	163	246067.5	15	0.6871278057718736	246067.5	13	0.5955107650022904	1144.5	5	0.22904260192395787	981.0	0	0.0	981.0	0	0.0
login	15	164	247572.5	15	0.6871278057718736	247572.5	9	0.4122766834631241	1151.5	9	0.4122766834631241	987.0	0	0.0	987.0	0	0.0
login	15	165	249077.5	0	0.0	249077.5	8	0.3664681630783326	1158.5	5	0.22904260192395787	993.0	0	0.0	993.0	0	0.0
login	15	166	250582.5	15	0.6871278057718736	250582.5	15	0.6871278057718736	1165.5	7	0.320659642693541	999.0	0	0.0	999.0	0	0.0
login	15	167	252087.5	15	0.6871278057718736	252087.5	6	0.2748511223087494	1172.5	7	0.320659642693541	1005.0	0	0.0	1005.0	0	0.0
login	15	168	253592.5	4	0.1832340815391663	253592.5	9	0.4122766834631241	1179.5	11	0.5038937242327073	1011.0	0	0.0	1011.0	0	0.0
login	15	169	255097.5	11	0.5038937242327073	255097.5	15	0.6871278057718736	1186.5	10	0.45808520384791573	1017.0	0	0.0	1017.0	0	0.0
login	15	170	256602.5	15	0.6871278057718736	256602.5	8	0.3664681630783326	1193.5	8	0.3664681630783326	1023.0	0	0.0	1023.0	0	0.0
login	15	171	258107.5	15	0.6871278057718736	258107.5	10	0.45808520384791573	1200.5	5	0.22904260192395787	1029.0	0	0.0	1029.0	0	0.0
login	15	172	259612.5	0	0.0	259612.5	12	0.5497022446174988	1207.5	7	0.320659642693541	1035.0	0	0.0	1035.0	0	0.0
login	15	173	261117.5	15	0.6871278057718736	261117.5	15	0.6871278057718736	1214.5	2	0.09161704076958314	1041.0	0	0.0	1041.0	0	0.0
login	15	174	262622.5	15	0.6871278057718736	262622.5	10	0.45808520384791573	1221.5	6	0.2748511223087494	1047.0	0	0.0	1047.0	0	0.0
login	15	175	264127.5	15	0.6871278057718736	264127.5	5	0.22904260192395787	1228.5	1	0.04580852038479157	1053.0	0	0.0	1053.0	0	0.0
login	15	176	265632.5	0	0.0	265632.5	15	0.6871278057718736	1235.5	1	0.04580852038479157	1059.0	0	0.0	1059.0	0	0.0
login	15	177	267137.5	15	0.6871278057718736	267137.5	12	0.5497022446174988	1242.5	3	0.1374255611543747	1065.0	0	0.0	1065.0	0	0.0
login	15	178	268642.5	15	0.6871278057718736	268642.5	7	0.320659642693541	1249.5	0	0.0	1071.0	0	0.0	1071.0	0	0.0
login	15	179	270147.5	0	0.0	270147.5	11	0.5038937242327073	1256.5	1	0.04580852038479157	1077.0	0	0.0	1077.0	0	0.0
login	15	180	271652.5	15	0.6871278057718736	271652.5	15	0.6871278057718736	1263.5	2	0.09161704076958314	1083.0	0	0.0	1083.0	0	0.0
login	15	181	273157.5	15	0.6871278057718736	273157.5	10	0.45808520384791573	1270.5	3	0.1374255611543747	1089.0	0	0.0	1089.0	0	0.0
login	15	182	274662.5	15	0.6871278057718736	274662.5	5	0.22904260192395787	1277.5	1	0.04580852038479157	1095.0	0	0.0	1095.0	0	0.0
login	15	183	276167.5	0	0.0	276167.5	15	0.6871278057718736	1284.5	4	0.1832340815391663	1101.0	0	0.0	1101.0	0	0.0
login	15	184	277672.5	15	0.6871278057718736	277672.5	15	0.6871278057718736	1291.5	1	0.04580852038479157	1107.0	0	0.0	1107.0	0	0.0
login	15	185	279177.5	15	0.6871278057718736	279177.5	8	0.3664681630783326	1298.5	0	0.0	1113.0	0	0.0	1113.0	0	0.0
login	15	186	280682.5	13	0.5955107650022904	280682.5	7	0.320659642693541	1305.5	2	0.09161704076958314	1119.0	0	0.0	1119.0	0	0.0
login	15	187	282187.5	2	0.09161704076958314	282187.5	15	0.6871278057718736	1312.5	2	0.09161704076958314	1125.0	0	0.0	1125.0	0	0.0
login	15	188	283692.5	15	0.6871278057718736	283692.5	13	0.5955107650022904	1319.5	0	0.0	1131.0	0	0.0	1131.0	0	0.0
login	15	189	285197.5	15	0.6871278057718736	285197.5	7	0.320659642693541	1326.5	0	0.0	1137.0	0	0.0	1137.0	0	0.0
login	15	190	286702.5	13	0.5955107650022904	286702.5	10	0.45808520384791573	1333.5	0	0.0	1143.0	0	0.0	1143.0	0	0.0
login	15	191	288207.5	2	0.09161704076958314	288207.5	15	0.6871278057718736	1340.5	0	0.0	1149.0	0	0.0	1149.0	0	0.0
login	15	192	289712.5	15	0.6871278057718736	289712.5	12	0.5497022446174988	1347.5	0	0.0	1155.0	0	0.0	1155.0	0	0.0
login	15	193	291217.5	15	0.6871278057718736	291217.5	8	0.3664681630783326	1354.5	0	0.0	1161.0	0	0.0	1161.0	0	0.0
login	15	194	292722.5	0	0.0	292722.5	10	0.45808520384791573	1361.5	0	0.0	1167.0	0	0.0	1167.0	0	0.0
login	15	195	294227.5	15	0.6871278057718736	294227.5	15	0.6871278057718736	1368.5	1	0.04580852038479157	1173.0	0	0.0	1173.0	0	0.0
login	15	196	295732.5	15	0.6871278057718736	295732.5	9	0.4122766834631241	1375.5	1	0.04580852038479157	1179.0	0	0.0	1179.0	0	0.0
login	15	197	297237.5	15	0.6871278057718736	297237.5	6	0.2748511223087494	1382.5	1	0.04580852038479157	1185.0	0	0.0	1185.0	0	0.0
login	15	198	298742.5	0	0.0	298742.5	15	0.6871278057718736	1389.5	1	0.04580852038479157	1191.0	0	0.0	1191.0	0	0.0
login	15	199	300247.5	12	0.5497022446174988	300247.5	12	0.5497022446174988	1396.5	1	0.04580852038479157	1197.0	0	0.0	1197.0	0	0.0
info	15	0	747.0	16	0.7369875633348687	747.0	15	0.6909258406264394	3.0	318	14.647627821280516	3.0	2171	100.0	3.0	2171	100.0
info	15	1	2241.0	15	0.6909258406264394	2241.0	13	0.5988023952095808	9.0	30	1.3818516812528787	9.0	0	0.0	9.0	0	0.0
info	15	2	3735.0	10	0.4606172270842929	3735.0	10	0.4606172270842929	15.0	51	2.349147858129894	15.0	0	0.0	15.0	0	0.0
info	15	3	5229.0	12	0.5527406725011516	5229.0	15	0.6909258406264394	21.0	71	3.2703823122984796	21.0	0	0.0	21.0	0	0.0
info	15	4	6723.0	15	0.6909258406264394	6723.0	15	0.6909258406264394	27.0	32	1.4739751266697374	27.0	0	0.0	27.0	0	0.0
info	15	5	8217.0	10	0.4606172270842929	8217.0	1	0.046061722708429294	33.0	27	1.243666513127591	33.0	0	0.0	33.0	0	0.0
info	15	6	9711.0	6	0.2763703362505758	9711.0	15	0.6909258406264394	39.0	18	0.8291110087517273	39.0	0	0.0	39.0	0	0.0
info	15	7	11205.0	15	0.6909258406264394	11205.0	15	0.6909258406264394	45.0	17	0.783049286043298	45.0	0	0.0	45.0	0	0.0
info	15	8	12699.0	12	0.5527406725011516	12699.0	12	0.5527406725011516	51.0	6	0.2763703362505758	51.0	0	0.0	51.0	0	0.0
info	15	9	14193.0	7	0.32243205895900506	14193.0	3	0.1381851681252879	57.0	4	0.18424689083371718	57.0	0	0.0	57.0	0	0.0
info	15	10	15687.0	11	0.5066789497927222	15687.0	15	0.6909258406264394	63.0	21	0.9672961768770152	63.0	0	0.0	63.0	0	0.0
info	15	11	17181.0	15	0.6909258406264394	17181.0	15	0.6909258406264394	69.0	28	1.2897282358360203	69.0	0	0.0	69.0	0	0.0
info	15	12	18675.0	8	0.36849378166743435	18675.0	0	0.0	75.0	36	1.6582220175034545	75.0	0	0.0	75.0	0	0.0
info	15	13	20169.0	7	0.32243205895900506	20169.0	15	0.6909258406264394	81.0	36	1.6582220175034545	81.0	0	0.0	81.0	0	0.0
info	15	14	21663.0	15	0.6909258406264394	21663.0	15	0.6909258406264394	87.0	24	1.105481345002303	87.0	0	0.0	87.0	0	0.0
info	15	15	23157.0	12	0.5527406725011516	23157.0	12	0.5527406725011516	93.0	38	1.7503454629203132	93.0	0	0.0	93.0	0	0.0
info	15	16	24651.0	6	0.2763703362505758	24651.0	3	0.1381851681252879	99.0	18	0.8291110087517273	99.0	0	0.0	99.0	0	0.0
info	15	17	26145.0	12	0.5527406725011516	26145.0	15	0.6909258406264394	105.0	22	1.0133578995854444	105.0	0	0.0	105.0	0	0.0
info	15	18	27639.0	12	0.5527406725011516	27639.0	11	0.5066789497927222	111.0	24	1.105481345002303	111.0	0	0.0	111.0	0	0.0
info	15	19	29133.0	6	0.2763703362505758	29133.0	4	0.18424689083371718	117.0	11	0.5066789497927222	117.0	0	0.0	117.0	0	0.0
info	15	20	30627.0	12	0.5527406725011516	30627.0	15	0.6909258406264394	123.0	11	0.5066789497927222	123.0	0	0.0	123.0	0	0.0
info	15	21	32121.0	15	0.6909258406264394	32121.0	15	0.6909258406264394	129.0	11	0.5066789497927222	129.0	0	0.0	129.0	0	0.0
info	15	22	33615.0	7	0.32243205895900506	33615.0	0	0.0	135.0	5	0.23030861354214646	135.0	0	0.0	135.0	0	0.0
info	15	23	35109.0	8	0.36849378166743435	35109.0	15	0.6909258406264394	141.0	4	0.18424689083371718	141.0	0	0.0	141.0	0	0.0
info	15	24	36603.0	15	0.6909258406264394	36603.0	15	0.6909258406264394	147.0	5	0.23030861354214646	147.0	0	0.0	147.0	0	0.0
info	15	25	38097.0	9	0.41455550437586364	38097.0	0	0.0	153.0	5	0.23030861354214646	153.0	0	0.0	153.0	0	0.0
info	15	26	39591.0	6	0.2763703362505758	39591.0	15	0.6909258406264394	159.0	3	0.1381851681252879	159.0	0	0.0	159.0	0	0.0
info	15	27	41085.0	15	0.6909258406264394	41085.0	15	0.6909258406264394	165.0	4	0.18424689083371718	165.0	0	0.0	165.0	0	0.0
info	15	28	42579.0	12	0.5527406725011516	42579.0	12	0.5527406725011516	171.0	4	0.18424689083371718	171.0	0	0.0	171.0	0	0.0
info	15	29	44073.0	4	0.18424689083371718	44073.0	3	0.1381851681252879	177.0	9	0.41455550437586364	177.0	0	0.0	177.0	0	0.0
info	15	30	45567.0	14	0.6448641179180101	45567.0	15	0.6909258406264394	183.0	10	0.4606172270842929	183.0	0	0.0	183.0	0	0.0
info	15	31	47061.0	15	0.6909258406264394	47061.0	15	0.6909258406264394	189.0	13	0.5988023952095808	189.0	0	0.0	189.0	0	0.0
info	15	32	48555.0	6	0.2763703362505758	48555.0	0	0.0	195.0	13	0.5988023952095808	195.0	0	0.0	195.0	0	0.0
info	15	33	50049.0	9	0.41455550437586364	50049.0	15	0.6909258406264394	201.0	12	0.5527406725011516	201.0	0	0.0	201.0	0	0.0
info	15	34	51543.0	15	0.6909258406264394	51543.0	15	0.6909258406264394	207.0	15	0.6909258406264394	207.0	0	0.0	207.0	0	0.0
info	15	35	53037.0	12	0.5527406725011516	53037.0	12	0.5527406725011516	213.0	12	0.5527406725011516	213.0	0	0.0	213.0	0	0.0
info	15	36	54531.0	8	0.36849378166743435	54531.0	3	0.1381851681252879	219.0	9	0.41455550437586364	219.0	0	0.0	219.0	0	0.0
info	15	37	56025.0	10	0.4606172270842929	56025.0	15	0.6909258406264394	225.0	6	0.2763703362505758	225.0	0	0.0	225.0	0	0.0
info	15	38	57519.0	15	0.6909258406264394	57519.0	15	0.6909258406264394	231.0	6	0.2763703362505758	231.0	0	0.0	231.0	0	0.0
info	15	39	59013.0	8	0.36849378166743435	59013.0	0	0.0	237.0	3	0.1381851681252879	237.0	0	0.0	237.0	0	0.0
info	15	40	60507.0	7	0.32243205895900506	60507.0	15	0.6909258406264394	243.0	9	0.41455550437586364	243.0	0	0.0	243.0	0	0.0
info	15	41	62001.0	15	0.6909258406264394	62001.0	15	0.6909258406264394	249.0	7	0.32243205895900506	249.0	0	0.0	249.0	0	0.0
info	15	42	63495.0	13	0.5988023952095808	63495.0	13	0.5988023952095808	255.0	1	0.046061722708429294	255.0	0	0.0	255.0	0	0.0
info	15	43	64989.0	8	0.36849378166743435	64989.0	2	0.09212344541685859	261.0	7	0.32243205895900506	261.0	0	0.0	261.0	0	0.0
info	15	44	66483.0	9	0.41455550437586364	66483.0	15	0.6909258406264394	267.0	4	0.18424689083371718	267.0	0	0.0	267.0	0	0.0
info	15	45	67977.0	15	0.6909258406264394	67977.0	15	0.6909258406264394	273.0	7	0.32243205895900506	273.0	0	0.0	273.0	0	0.0
info	15	46	69471.0	8	0.36849378166743435	69471.0	0	0.0	279.0	8	0.36849378166743435	279.0	0	0.0	279.0	0	0.0
info	15	47	70965.0	7	0.32243205895900506	70965.0	15	0.6909258406264394	285.0	7	0.32243205895900506	285.0	0	0.0	285.0	0	0.0
info	15	48	72459.0	15	0.6909258406264394	72459.0	15	0.6909258406264394	291.0	15	0.6909258406264394	291.0	0	0.0	291.0	0	0.0
info	15	49	73953.0	12	0.5527406725011516	73953.0	2	0.09212344541685859	297.0	24	1.105481345002303	297.0	0	0.0	297.0	0	0.0
info	15	50	75447.0	6	0.2763703362505758	75447.0	13	0.5988023952095808	303.0	31	1.4279134039613082	303.0	0	0.0	303.0	0	0.0
info	15	51	76941.0	12	0.5527406725011516	76941.0	15	0.6909258406264394	309.0	15	0.6909258406264394	309.0	0	0.0	309.0	0	0.0
info	15	52	78435.0	15	0.6909258406264394	78435.0	15	0.6909258406264394	315.0	23	1.0594196222938737	315.0	0	0.0	315.0	0	0.0
info	15	53	79929.0	8	0.36849378166743435	79929.0	0	0.0	321.0	26	1.1976047904191616	321.0	0	0.0	321.0	0	0.0
info	15	54	81423.0	8	0.36849378166743435	81423.0	15	0.6909258406264394	327.0	9	0.41455550437586364	327.0	0	0.0	327.0	0	0.0
info	15	55	82917.0	14	0.6448641179180101	82917.0	15	0.6909258406264394	333.0	7	0.32243205895900506	333.0	0	0.0	333.0	0	0.0
info	15	56	84411.0	12	0.5527406725011516	84411.0	2	0.09212344541685859	339.0	8	0.36849378166743435	339.0	0	0.0	339.0	0	0.0
info	15	57	85905.0	7	0.32243205895900506	85905.0	13	0.5988023952095808	345.0	3	0.1381851681252879	345.0	0	0.0	345.0	0	0.0
info	15	58	87399.0	11	0.5066789497927222	87399.0	15	0.6909258406264394	351.0	0	0.0	351.0	0	0.0	351.0	0	0.0
info	15	59	88893.0	14	0.6448641179180101	88893.0	14	0.6448641179180101	357.0	10	0.4606172270842929	357.0	0	0.0	357.0	0	0.0
info	15	60	90387.0	7	0.32243205895900506	90387.0	1	0.046061722708429294	363.0	12	0.5527406725011516	363.0	0	0.0	363.0	0	0.0
info	15	61	91881.0	9	0.41455550437586364	91881.0	15	0.6909258406264394	369.0	17	0.783049286043298	369.0	0	0.0	369.0	0	0.0
info	15	62	93375.0	15	0.6909258406264394	93375.0	15	0.6909258406264394	375.0	14	0.6448641179180101	375.0	0	0.0	375.0	0	0.0
info	15	63	94869.0	8	0.36849378166743435	94869.0	0	0.0	381.0	13	0.5988023952095808	381.0	0	0.0	381.0	0	0.0
info	15	64	96363.0	10	0.4606172270842929	96363.0	16	0.7369875633348687	387.0	25	1.1515430677107323	387.0	0	0.0	387.0	0	0.0
info	15	65	97857.0	12	0.5527406725011516	97857.0	14	0.6448641179180101	393.0	19	0.8751727314601566	393.0	0	0.0	393.0	0	0.0
info	15	66	99351.0	16	0.7369875633348687	99351.0	16	0.7369875633348687	399.0	18	0.8291110087517273	399.0	0	0.0	399.0	0	0.0
info	15	67	100845.0	9	0.41455550437586364	100845.0	1	0.046061722708429294	405.0	21	0.9672961768770152	405.0	0	0.0	405.0	0	0.0
info	15	68	102339.0	7	0.32243205895900506	102339.0	14	0.6448641179180101	411.0	19	0.8751727314601566	411.0	0	0.0	411.0	0	0.0
info	15	69	103833.0	14	0.6448641179180101	103833.0	15	0.6909258406264394	417.0	22	1.0133578995854444	417.0	0	0.0	417.0	0	0.0
info	15	70	105327.0	12	0.5527406725011516	105327.0	12	0.5527406725011516	423.0	7	0.32243205895900506	423.0	0	0.0	423.0	0	0.0
info	15	71	106821.0	8	0.36849378166743435	106821.0	3	0.1381851681252879	429.0	13	0.5988023952095808	429.0	0	0.0	429.0	0	0.0
info	15	72	108315.0	10	0.4606172270842929	108315.0	15	0.6909258406264394	435.0	7	0.32243205895900506	435.0	0	0.0	435.0	0	0.0
info	15	73	109809.0	15	0.6909258406264394	109809.0	15	0.6909258406264394	441.0	9	0.41455550437586364	441.0	0	0.0	441.0	0	0.0
info	15	74	111303.0	8	0.36849378166743435	111303.0	0	0.0	447.0	1	0.046061722708429294	447.0	0	0.0	447.0	0	0.0
info	15	75	112797.0	7	0.32243205895900506	112797.0	15	0.6909258406264394	453.0	3	0.1381851681252879	453.0	0	0.0	453.0	0	0.0
info	15	76	114291.0	15	0.6909258406264394	114291.0	15	0.6909258406264394	459.0	5	0.23030861354214646	459.0	0	0.0	459.0	0	0.0
info	15	77	115785.0	15	0.6909258406264394	115785.0	14	0.6448641179180101	465.0	10	0.4606172270842929	465.0	0	0.0	465.0	0	0.0
info	15	78	117279.0	8	0.36849378166743435	117279.0	1	0.046061722708429294	471.0	12	0.5527406725011516	471.0	0	0.0	471.0	0	0.0
info	15	79	118773.0	7	0.32243205895900506	118773.0	15	0.6909258406264394	477.0	10	0.4606172270842929	477.0	0	0.0	477.0	0	0.0
info	15	80	120267.0	15	0.6909258406264394	120267.0	15	0.6909258406264394	483.0	14	0.6448641179180101	483.0	0	0.0	483.0	0	0.0
info	15	81	121761.0	13	0.5988023952095808	121761.0	13	0.5988023952095808	489.0	12	0.5527406725011516	489.0	0	0.0	489.0	0	0.0
info	15	82	123255.0	9	0.41455550437586364	123255.0	3	0.1381851681252879	495.0	25	1.1515430677107323	495.0	0	0.0	495.0	0	0.0
info	15	83	124749.0	9	0.41455550437586364	124749.0	15	0.6909258406264394	501.0	20	0.9212344541685858	501.0	0	0.0	501.0	0	0.0
info	15	84	126243.0	15	0.6909258406264394	126243.0	15	0.6909258406264394	507.0	10	0.4606172270842929	507.0	0	0.0	507.0	0	0.0
info	15	85	127737.0	10	0.4606172270842929	127737.0	0	0.0	513.0	12	0.5527406725011516	513.0	0	0.0	513.0	0	0.0
info	15	86	129231.0	7	0.32243205895900506	129231.0	15	0.6909258406264394	519.0	8	0.36849378166743435	519.0	0	0.0	519.0	0	0.0
info	15	87	130725.0	13	0.5988023952095808	130725.0	15	0.6909258406264394	525.0	14	0.6448641179180101	525.0	0	0.0	525.0	0	0.0
info	15	88	132219.0	15	0.6909258406264394	132219.0	15	0.6909258406264394	531.0	14	0.6448641179180101	531.0	0	0.0	531.0	0	0.0
info	15	89	133713.0	5	0.23030861354214646	133713.0	0	0.0	537.0	7	0.32243205895900506	537.0	0	0.0	537.0	0	0.0
info	15	90	135207.0	10	0.4606172270842929	135207.0	15	0.6909258406264394	543.0	4	0.18424689083371718	543.0	0	0.0	543.0	0	0.0
info	15	91	136701.0	15	0.6909258406264394	136701.0	15	0.6909258406264394	549.0	8	0.36849378166743435	549.0	0	0.0	549.0	0	0.0
info	15	92	138195.0	11	0.5066789497927222	138195.0	0	0.0	555.0	4	0.18424689083371718	555.0	0	0.0	555.0	0	0.0
info	15	93	139689.0	7	0.32243205895900506	139689.0	15	0.6909258406264394	561.0	3	0.1381851681252879	561.0	0	0.0	561.0	0	0.0
info	15	94	141183.0	12	0.5527406725011516	141183.0	15	0.6909258406264394	567.0	6	0.2763703362505758	567.0	0	0.0	567.0	0	0.0
info	15	95	142677.0	15	0.6909258406264394	142677.0	15	0.6909258406264394	573.0	11	0.5066789497927222	573.0	0	0.0	573.0	0	0.0
info	15	96	144171.0	8	0.36849378166743435	144171.0	0	0.0	579.0	12	0.5527406725011516	579.0	0	0.0	579.0	0	0.0
info	15	97	145665.0	7	0.32243205895900506	145665.0	15	0.6909258406264394	585.0	21	0.9672961768770152	585.0	0	0.0	585.0	0	0.0
info	15	98	147159.0	15	0.6909258406264394	147159.0	15	0.6909258406264394	591.0	20	0.9212344541685858	591.0	0	0.0	591.0	0	0.0
info	15	99	148653.0	8	0.36849378166743435	148653.0	0	0.0	597.0	37	1.7042837402118838	597.0	0	0.0	597.0	0	0.0
info	15	100	150147.0	8	0.36849378166743435	150147.0	15	0.6909258406264394	603.0	33	1.5200368493781666	603.0	0	0.0	603.0	0	0.0
info	15	101	151641.0	14	0.6448641179180101	151641.0	15	0.6909258406264394	609.0	21	0.9672961768770152	609.0	0	0.0	609.0	0	0.0
info	15	102	153135.0	15	0.6909258406264394	153135.0	15	0.6909258406264394	615.0	26	1.1976047904191616	615.0	0	0.0	615.0	0	0.0
info	15	103	154629.0	4	0.18424689083371718	154629.0	0	0.0	621.0	22	1.0133578995854444	621.0	0	0.0	621.0	0	0.0
info	15	104	156123.0	11	0.5066789497927222	156123.0	15	0.6909258406264394	627.0	11	0.5066789497927222	627.0	0	0.0	627.0	0	0.0
info	15	105	157617.0	15	0.6909258406264394	157617.0	15	0.6909258406264394	633.0	10	0.4606172270842929	633.0	0	0.0	633.0	0	0.0
info	15	106	159111.0	9	0.41455550437586364	159111.0	0	0.0	639.0	5	0.23030861354214646	639.0	0	0.0	639.0	0	0.0
info	15	107	160605.0	8	0.36849378166743435	160605.0	15	0.6909258406264394	645.0	6	0.2763703362505758	645.0	0	0.0	645.0	0	0.0
info	15	108	162099.0	13	0.5988023952095808	162099.0	15	0.6909258406264394	651.0	3	0.1381851681252879	651.0	0	0.0	651.0	0	0.0
info	15	109	163593.0	15	0.6909258406264394	163593.0	14	0.6448641179180101	657.0	7	0.32243205895900506	657.0	0	0.0	657.0	0	0.0
info	15	110	165087.0	5	0.23030861354214646	165087.0	1	0.046061722708429294	663.0	7	0.32243205895900506	663.0	0	0.0	663.0	0	0.0
info	15	111	166581.0	10	0.4606172270842929	166581.0	15	0.6909258406264394	669.0	18	0.8291110087517273	669.0	0	0.0	669.0	0	0.0
info	15	112	168075.0	15	0.6909258406264394	168075.0	15	0.6909258406264394	675.0	12	0.5527406725011516	675.0	0	0.0	675.0	0	0.0
info	15	113	169569.0	6	0.2763703362505758	169569.0	0	0.0	681.0	13	0.5988023952095808	681.0	0	0.0	681.0	0	0.0
info	15	114	171063.0	9	0.41455550437586364	171063.0	15	0.6909258406264394	687.0	18	0.8291110087517273	687.0	0	0.0	687.0	0	0.0
info	15	115	172557.0	15	0.6909258406264394	172557.0	15	0.6909258406264394	693.0	17	0.783049286043298	693.0	0	0.0	693.0	0	0.0
info	15	116	174051.0	12	0.5527406725011516	174051.0	12	0.5527406725011516	699.0	10	0.4606172270842929	699.0	0	0.0	699.0	0	0.0
info	15	117	175545.0	8	0.36849378166743435	175545.0	3	0.1381851681252879	705.0	11	0.5066789497927222	705.0	0	0.0	705.0	0	0.0
info	15	118	177039.0	10	0.4606172270842929	177039.0	15	0.6909258406264394	711.0	13	0.5988023952095808	711.0	0	0.0	711.0	0	0.0
info	15	119	178533.0	15	0.6909258406264394	178533.0	15	0.6909258406264394	717.0	16	0.7369875633348687	717.0	0	0.0	717.0	0	0.0
info	15	120	180027.0	6	0.2763703362505758	180027.0	0	0.0	723.0	11	0.5066789497927222	723.0	0	0.0	723.0	0	0.0
info	15	121	181521.0	9	0.41455550437586364	181521.0	15	0.6909258406264394	729.0	10	0.4606172270842929	729.0	0	0.0	729.0	0	0.0
info	15	122	183015.0	15	0.6909258406264394	183015.0	15	0.6909258406264394	735.0	5	0.23030861354214646	735.0	0	0.0	735.0	0	0.0
info	15	123	184509.0	12	0.5527406725011516	184509.0	12	0.5527406725011516	741.0	3	0.1381851681252879	741.0	0	0.0	741.0	0	0.0
info	15	124	186003.0	7	0.32243205895900506	186003.0	3	0.1381851681252879	747.0	3	0.1381851681252879	747.0	0	0.0	747.0	0	0.0
info	15	125	187497.0	11	0.5066789497927222	187497.0	15	0.6909258406264394	753.0	8	0.36849378166743435	753.0	0	0.0	753.0	0	0.0
info	15	126	188991.0	15	0.6909258406264394	188991.0	15	0.6909258406264394	759.0	5	0.23030861354214646	759.0	0	0.0	759.0	0	0.0
info	15	127	190485.0	12	0.5527406725011516	190485.0	12	0.5527406725011516	765.0	5	0.23030861354214646	765.0	0	0.0	765.0	0	0.0
info	15	128	191979.0	9	0.41455550437586364	191979.0	3	0.1381851681252879	771.0	4	0.18424689083371718	771.0	0	0.0	771.0	0	0.0
info	15	129	193473.0	9	0.41455550437586364	193473.0	15	0.6909258406264394	777.0	15	0.6909258406264394	777.0	0	0.0	777.0	0	0.0
info	15	130	194967.0	15	0.6909258406264394	194967.0	15	0.6909258406264394	783.0	6	0.2763703362505758	783.0	0	0.0	783.0	0	0.0
info	15	131	196461.0	11	0.5066789497927222	196461.0	0	0.0	789.0	13	0.5988023952095808	789.0	0	0.0	789.0	0	0.0
info	15	132	197955.0	8	0.36849378166743435	197955.0	15	0.6909258406264394	795.0	5	0.23030861354214646	795.0	0	0.0	795.0	0	0.0
info	15	133	199449.0	11	0.5066789497927222	199449.0	15	0.6909258406264394	801.0	7	0.32243205895900506	801.0	0	0.0	801.0	0	0.0
info	15	134	200943.0	15	0.6909258406264394	200943.0	15	0.6909258406264394	807.0	7	0.32243205895900506	807.0	0	0.0	807.0	0	0.0
info	15	135	202437.0	12	0.5527406725011516	202437.0	12	0.5527406725011516	813.0	8	0.36849378166743435	813.0	0	0.0	813.0	0	0.0
info	15	136	203931.0	8	0.36849378166743435	203931.0	3	0.1381851681252879	819.0	1	0.046061722708429294	819.0	0	0.0	819.0	0	0.0
info	15	137	205425.0	10	0.4606172270842929	205425.0	15	0.6909258406264394	825.0	2	0.09212344541685859	825.0	0	0.0	825.0	0	0.0
info	15	138	206919.0	15	0.6909258406264394	206919.0	15	0.6909258406264394	831.0	2	0.09212344541685859	831.0	0	0.0	831.0	0	0.0
info	15	139	208413.0	8	0.36849378166743435	208413.0	0	0.0	837.0	3	0.1381851681252879	837.0	0	0.0	837.0	0	0.0
info	15	140	209907.0	11	0.5066789497927222	209907.0	15	0.6909258406264394	843.0	1	0.046061722708429294	843.0	0	0.0	843.0	0	0.0
info	15	141	211401.0	11	0.5066789497927222	211401.0	15	0.6909258406264394	849.0	2	0.09212344541685859	849.0	0	0.0	849.0	0	0.0
info	15	142	212895.0	15	0.6909258406264394	212895.0	15	0.6909258406264394	855.0	0	0.0	855.0	0	0.0	855.0	0	0.0
info	15	143	214389.0	11	0.5066789497927222	214389.0	0	0.0	861.0	1	0.046061722708429294	861.0	0	0.0	861.0	0	0.0
info	15	144	215883.0	9	0.41455550437586364	215883.0	15	0.6909258406264394	867.0	2	0.09212344541685859	867.0	0	0.0	867.0	0	0.0
info	15	145	217377.0	10	0.4606172270842929	217377.0	15	0.6909258406264394	873.0	2	0.09212344541685859	873.0	0	0.0	873.0	0	0.0
info	15	146	218871.0	15	0.6909258406264394	218871.0	15	0.6909258406264394	879.0	4	0.18424689083371718	879.0	0	0.0	879.0	0	0.0
info	15	147	220365.0	9	0.41455550437586364	220365.0	0	0.0	885.0	4	0.18424689083371718	885.0	0	0.0	885.0	0	0.0
info	15	148	221859.0	7	0.32243205895900506	221859.0	15	0.6909258406264394	891.0	1	0.046061722708429294	891.0	0	0.0	891.0	0	0.0
info	15	149	223353.0	14	0.6448641179180101	223353.0	15	0.6909258406264394	897.0	6	0.2763703362505758	897.0	0	0.0	897.0	0	0.0
info	15	150	224847.0	10	0.4606172270842929	224847.0	0	0.0	903.0	2	0.09212344541685859	903.0	0	0.0	903.0	0	0.0
info	15	151	226341.0	10	0.4606172270842929	226341.0	15	0.6909258406264394	909.0	3	0.1381851681252879	909.0	0	0.0	909.0	0	0.0
info	15	152	227835.0	10	0.4606172270842929	227835.0	15	0.6909258406264394	915.0	0	0.0	915.0	0	0.0	915.0	0	0.0
info	15	153	229329.0	15	0.6909258406264394	229329.0	15	0.6909258406264394	921.0	1	0.046061722708429294	921.0	0	0.0	921.0	0	0.0
info	15	154	230823.0	10	0.4606172270842929	230823.0	1	0.046061722708429294	927.0	0	0.0	927.0	0	0.0	927.0	0	0.0
info	15	155	232317.0	7	0.32243205895900506	232317.0	14	0.6448641179180101	933.0	0	0.0	933.0	0	0.0	933.0	0	0.0
info	15	156	233811.0	13	0.5988023952095808	233811.0	15	0.6909258406264394	939.0	1	0.046061722708429294	939.0	0	0.0	939.0	0	0.0
info	15	157	235305.0	15	0.6909258406264394	235305.0	15	0.6909258406264394	945.0	1	0.046061722708429294	945.0	0	0.0	945.0	0	0.0
info	15	158	236799.0	5	0.23030861354214646	236799.0	0	0.0	951.0	1	0.046061722708429294	951.0	0	0.0	951.0	0	0.0
info	15	159	238293.0	10	0.4606172270842929	238293.0	15	0.6909258406264394	957.0	0	0.0	957.0	0	0.0	957.0	0	0.0
info	15	160	239787.0	15	0.6909258406264394	239787.0	15	0.6909258406264394	963.0	0	0.0	963.0	0	0.0	963.0	0	0.0
info	15	161	241281.0	9	0.41455550437586364	241281.0	0	0.0	969.0	0	0.0	969.0	0	0.0	969.0	0	0.0
info	15	162	242775.0	6	0.2763703362505758	242775.0	15	0.6909258406264394	975.0	1	0.046061722708429294	975.0	0	0.0	975.0	0	0.0
info	15	163	244269.0	15	0.6909258406264394	244269.0	15	0.6909258406264394	981.0	1	0.046061722708429294	981.0	0	0.0	981.0	0	0.0
info	15	164	245763.0	14	0.6448641179180101	245763.0	14	0.6448641179180101	987.0	1	0.046061722708429294	987.0	0	0.0	987.0	0	0.0
info	15	165	247257.0	8	0.36849378166743435	247257.0	1	0.046061722708429294	993.0	0	0.0	993.0	0	0.0	993.0	0	0.0
info	15	166	248751.0	8	0.36849378166743435	248751.0	15	0.6909258406264394	999.0	0	0.0	999.0	0	0.0	999.0	0	0.0
info	15	167	250245.0	15	0.6909258406264394	250245.0	15	0.6909258406264394	1005.0	1	0.046061722708429294	1005.0	0	0.0	1005.0	0	0.0
info	15	168	251739.0	6	0.2763703362505758	251739.0	0	0.0	1011.0	0	0.0	1011.0	0	0.0	1011.0	0	0.0
info	15	169	253233.0	9	0.41455550437586364	253233.0	15	0.6909258406264394	1017.0	1	0.046061722708429294	1017.0	0	0.0	1017.0	0	0.0
info	15	170	254727.0	15	0.6909258406264394	254727.0	15	0.6909258406264394	1023.0	0	0.0	1023.0	0	0.0	1023.0	0	0.0
info	15	171	256221.0	7	0.32243205895900506	256221.0	0	0.0	1029.0	0	0.0	1029.0	0	0.0	1029.0	0	0.0
info	15	172	257715.0	8	0.36849378166743435	257715.0	15	0.6909258406264394	1035.0	0	0.0	1035.0	0	0.0	1035.0	0	0.0
info	15	173	259209.0	15	0.6909258406264394	259209.0	15	0.6909258406264394	1041.0	0	0.0	1041.0	0	0.0	1041.0	0	0.0
info	15	174	260703.0	15	0.6909258406264394	260703.0	15	0.6909258406264394	1047.0	0	0.0	1047.0	0	0.0	1047.0	0	0.0
info	15	175	262197.0	9	0.41455550437586364	262197.0	0	0.0	1053.0	0	0.0	1053.0	0	0.0	1053.0	0	0.0
info	15	176	263691.0	6	0.2763703362505758	263691.0	15	0.6909258406264394	1059.0	0	0.0	1059.0	0	0.0	1059.0	0	0.0
info	15	177	265185.0	15	0.6909258406264394	265185.0	15	0.6909258406264394	1065.0	0	0.0	1065.0	0	0.0	1065.0	0	0.0
info	15	178	266679.0	8	0.36849378166743435	266679.0	0	0.0	1071.0	0	0.0	1071.0	0	0.0	1071.0	0	0.0
info	15	179	268173.0	8	0.36849378166743435	268173.0	15	0.6909258406264394	1077.0	0	0.0	1077.0	0	0.0	1077.0	0	0.0
info	15	180	269667.0	14	0.6448641179180101	269667.0	15	0.6909258406264394	1083.0	0	0.0	1083.0	0	0.0	1083.0	0	0.0
info	15	181	271161.0	15	0.6909258406264394	271161.0	15	0.6909258406264394	1089.0	0	0.0	1089.0	0	0.0	1089.0	0	0.0
info	15	182	272655.0	8	0.36849378166743435	272655.0	0	0.0	1095.0	0	0.0	1095.0	0	0.0	1095.0	0	0.0
info	15	183	274149.0	7	0.32243205895900506	274149.0	15	0.6909258406264394	1101.0	0	0.0	1101.0	0	0.0	1101.0	0	0.0
info	15	184	275643.0	15	0.6909258406264394	275643.0	15	0.6909258406264394	1107.0	0	0.0	1107.0	0	0.0	1107.0	0	0.0
info	15	185	277137.0	12	0.5527406725011516	277137.0	12	0.5527406725011516	1113.0	0	0.0	1113.0	0	0.0	1113.0	0	0.0
info	15	186	278631.0	7	0.32243205895900506	278631.0	3	0.1381851681252879	1119.0	0	0.0	1119.0	0	0.0	1119.0	0	0.0
info	15	187	280125.0	11	0.5066789497927222	280125.0	15	0.6909258406264394	1125.0	0	0.0	1125.0	0	0.0	1125.0	0	0.0
info	15	188	281619.0	15	0.6909258406264394	281619.0	15	0.6909258406264394	1131.0	0	0.0	1131.0	0	0.0	1131.0	0	0.0
info	15	189	283113.0	10	0.4606172270842929	283113.0	1	0.046061722708429294	1137.0	0	0.0	1137.0	0	0.0	1137.0	0	0.0
info	15	190	284607.0	6	0.2763703362505758	284607.0	14	0.6448641179180101	1143.0	0	0.0	1143.0	0	0.0	1143.0	0	0.0
info	15	191	286101.0	14	0.6448641179180101	286101.0	15	0.6909258406264394	1149.0	0	0.0	1149.0	0	0.0	1149.0	0	0.0
info	15	192	287595.0	15	0.6909258406264394	287595.0	15	0.6909258406264394	1155.0	0	0.0	1155.0	0	0.0	1155.0	0	0.0
info	15	193	289089.0	8	0.36849378166743435	289089.0	0	0.0	1161.0	0	0.0	1161.0	0	0.0	1161.0	0	0.0
info	15	194	290583.0	7	0.32243205895900506	290583.0	15	0.6909258406264394	1167.0	0	0.0	1167.0	0	0.0	1167.0	0	0.0
info	15	195	292077.0	15	0.6909258406264394	292077.0	15	0.6909258406264394	1173.0	0	0.0	1173.0	0	0.0	1173.0	0	0.0
info	15	196	293571.0	15	0.6909258406264394	293571.0	15	0.6909258406264394	1179.0	0	0.0	1179.0	0	0.0	1179.0	0	0.0
info	15	197	295065.0	6	0.2763703362505758	295065.0	0	0.0	1185.0	0	0.0	1185.0	0	0.0	1185.0	0	0.0
info	15	198	296559.0	9	0.41455550437586364	296559.0	15	0.6909258406264394	1191.0	0	0.0	1191.0	0	0.0	1191.0	0	0.0
info	15	199	298053.0	15	0.6909258406264394	298053.0	15	0.6909258406264394	1197.0	0	0.0	1197.0	0	0.0	1197.0	0	0.0
home	15	0	746.5	18	0.8291110087517273	746.5	18	0.8291110087517273	2.0	142	6.540764624596959	3.0	2171	100.0	3.0	2171	100.0
home	15	1	2239.5	16	0.7369875633348687	2239.5	16	0.7369875633348687	6.0	210	9.672961768770152	9.0	0	0.0	9.0	0	0.0
home	15	2	3732.5	5	0.23030861354214646	3732.5	3	0.1381851681252879	10.0	27	1.243666513127591	15.0	0	0.0	15.0	0	0.0
home	15	3	5225.5	14	0.6448641179180101	5225.5	16	0.7369875633348687	14.0	31	1.4279134039613082	21.0	0	0.0	21.0	0	0.0
home	15	4	6718.5	15	0.6909258406264394	6718.5	15	0.6909258406264394	18.0	77	3.5467526485490555	27.0	0	0.0	27.0	0	0.0
home	15	5	8211.5	12	0.5527406725011516	8211.5	1	0.046061722708429294	22.0	53	2.4412713035467526	33.0	0	0.0	33.0	0	0.0
home	15	6	9704.5	4	0.18424689083371718	9704.5	15	0.6909258406264394	26.0	89	4.099493321050208	39.0	0	0.0	39.0	0	0.0
home	15	7	11197.5	15	0.6909258406264394	11197.5	15	0.6909258406264394	30.0	98	4.51404882542607	45.0	0	0.0	45.0	0	0.0
home	15	8	12690.5	15	0.6909258406264394	12690.5	15	0.6909258406264394	34.0	82	3.7770612620912023	51.0	0	0.0	51.0	0	0.0
home	15	9	14183.5	0	0.0	14183.5	0	0.0	38.0	72	3.316444035006909	57.0	0	0.0	57.0	0	0.0
home	15	10	15676.5	15	0.6909258406264394	15676.5	15	0.6909258406264394	42.0	45	2.0727775218793183	63.0	0	0.0	63.0	0	0.0
home	15	11	17169.5	15	0.6909258406264394	17169.5	15	0.6909258406264394	46.0	28	1.2897282358360203	69.0	0	0.0	69.0	0	0.0
home	15	12	18662.5	3	0.1381851681252879	18662.5	0	0.0	50.0	41	1.8885306310456011	75.0	0	0.0	75.0	0	0.0
home	15	13	20155.5	12	0.5527406725011516	20155.5	15	0.6909258406264394	54.0	11	0.5066789497927222	81.0	0	0.0	81.0	0	0.0
home	15	14	21648.5	15	0.6909258406264394	21648.5	15	0.6909258406264394	58.0	7	0.32243205895900506	87.0	0	0.0	87.0	0	0.0
home	15	15	23141.5	15	0.6909258406264394	23141.5	15	0.6909258406264394	62.0	27	1.243666513127591	93.0	0	0.0	93.0	0	0.0
home	15	16	24634.5	0	0.0	24634.5	0	0.0	66.0	33	1.5200368493781666	99.0	0	0.0	99.0	0	0.0
home	15	17	26127.5	15	0.6909258406264394	26127.5	15	0.6909258406264394	70.0	56	2.5794564716720405	105.0	0	0.0	105.0	0	0.0
home	15	18	27620.5	15	0.6909258406264394	27620.5	15	0.6909258406264394	74.0	96	4.421925380009212	111.0	0	0.0	111.0	0	0.0
home	15	19	29113.5	0	0.0	29113.5	0	0.0	78.0	83	3.8231229847996313	117.0	0	0.0	117.0	0	0.0
home	15	20	30606.5	15	0.6909258406264394	30606.5	15	0.6909258406264394	82.0	125	5.757715338553662	123.0	0	0.0	123.0	0	0.0
home	15	21	32099.5	15	0.6909258406264394	32099.5	15	0.6909258406264394	86.0	136	6.264394288346384	129.0	0	0.0	129.0	0	0.0
home	15	22	33592.5	0	0.0	33592.5	0	0.0	90.0	117	5.389221556886227	135.0	0	0.0	135.0	0	0.0
home	15	23	35085.5	15	0.6909258406264394	35085.5	15	0.6909258406264394	94.0	100	4.606172270842929	141.0	0	0.0	141.0	0	0.0
home	15	24	36578.5	15	0.6909258406264394	36578.5	15	0.6909258406264394	98.0	96	4.421925380009212	147.0	0	0.0	147.0	0	0.0
home	15	25	38071.5	4	0.18424689083371718	38071.5	0	0.0	102.0	73	3.3625057577153386	153.0	0	0.0	153.0	0	0.0
home	15	26	39564.5	11	0.5066789497927222	39564.5	15	0.6909258406264394	106.0	67	3.0861354214647627	159.0	0	0.0	159.0	0	0.0
home	15	27	41057.5	15	0.6909258406264394	41057.5	15	0.6909258406264394	110.0	30	1.3818516812528787	165.0	0	0.0	165.0	0	0.0
home	15	28	42550.5	15	0.6909258406264394	42550.5	15	0.6909258406264394	114.0	18	0.8291110087517273	171.0	0	0.0	171.0	0	0.0
home	15	29	44043.5	0	0.0	44043.5	0	0.0	118.0	17	0.783049286043298	177.0	0	0.0	177.0	0	0.0
home	15	30	45536.5	15	0.6909258406264394	45536.5	15	0.6909258406264394	122.0	3	0.1381851681252879	183.0	0	0.0	183.0	0	0.0
home	15	31	47029.5	15	0.6909258406264394	47029.5	15	0.6909258406264394	126.0	11	0.5066789497927222	189.0	0	0.0	189.0	0	0.0
home	15	32	48522.5	0	0.0	48522.5	0	0.0	130.0	6	0.2763703362505758	195.0	0	0.0	195.0	0	0.0
home	15	33	50015.5	15	0.6909258406264394	50015.5	15	0.6909258406264394	134.0	3	0.1381851681252879	201.0	0	0.0	201.0	0	0.0
home	15	34	51508.5	15	0.6909258406264394	51508.5	15	0.6909258406264394	138.0	3	0.1381851681252879	207.0	0	0.0	207.0	0	0.0
home	15	35	53001.5	15	0.6909258406264394	53001.5	15	0.6909258406264394	142.0	0	0.0	213.0	0	0.0	213.0	0	0.0
home	15	36	54494.5	0	0.0	54494.5	0	0.0	146.0	3	0.1381851681252879	219.0	0	0.0	219.0	0	0.0
home	15	37	55987.5	15	0.6909258406264394	55987.5	15	0.6909258406264394	150.0	5	0.23030861354214646	225.0	0	0.0	225.0	0	0.0
home	15	38	57480.5	15	0.6909258406264394	57480.5	15	0.6909258406264394	154.0	4	0.18424689083371718	231.0	0	0.0	231.0	0	0.0
home	15	39	58973.5	0	0.0	58973.5	0	0.0	158.0	1	0.046061722708429294	237.0	0	0.0	237.0	0	0.0
home	15	40	60466.5	15	0.6909258406264394	60466.5	15	0.6909258406264394	162.0	4	0.18424689083371718	243.0	0	0.0	243.0	0	0.0
home	15	41	61959.5	15	0.6909258406264394	61959.5	15	0.6909258406264394	166.0	5	0.23030861354214646	249.0	0	0.0	249.0	0	0.0
home	15	42	63452.5	15	0.6909258406264394	63452.5	15	0.6909258406264394	170.0	1	0.046061722708429294	255.0	0	0.0	255.0	0	0.0
home	15	43	64945.5	0	0.0	64945.5	0	0.0	174.0	0	0.0	261.0	0	0.0	261.0	0	0.0
home	15	44	66438.5	15	0.6909258406264394	66438.5	15	0.6909258406264394	178.0	1	0.046061722708429294	267.0	0	0.0	267.0	0	0.0
home	15	45	67931.5	15	0.6909258406264394	67931.5	15	0.6909258406264394	182.0	8	0.36849378166743435	273.0	0	0.0	273.0	0	0.0
home	15	46	69424.5	0	0.0	69424.5	0	0.0	186.0	1	0.046061722708429294	279.0	0	0.0	279.0	0	0.0
home	15	47	70917.5	15	0.6909258406264394	70917.5	15	0.6909258406264394	190.0	1	0.046061722708429294	285.0	0	0.0	285.0	0	0.0
home	15	48	72410.5	15	0.6909258406264394	72410.5	15	0.6909258406264394	194.0	0	0.0	291.0	0	0.0	291.0	0	0.0
home	15	49	73903.5	12	0.5527406725011516	73903.5	12	0.5527406725011516	198.0	5	0.23030861354214646	297.0	0	0.0	297.0	0	0.0
home	15	50	75396.5	3	0.1381851681252879	75396.5	3	0.1381851681252879	202.0	1	0.046061722708429294	303.0	0	0.0	303.0	0	0.0
home	15	51	76889.5	15	0.6909258406264394	76889.5	15	0.6909258406264394	206.0	0	0.0	309.0	0	0.0	309.0	0	0.0
home	15	52	78382.5	15	0.6909258406264394	78382.5	15	0.6909258406264394	210.0	0	0.0	315.0	0	0.0	315.0	0	0.0
home	15	53	79875.5	11	0.5066789497927222	79875.5	0	0.0	214.0	2	0.09212344541685859	321.0	0	0.0	321.0	0	0.0
home	15	54	81368.5	4	0.18424689083371718	81368.5	15	0.6909258406264394	218.0	0	0.0	327.0	0	0.0	327.0	0	0.0
home	15	55	82861.5	15	0.6909258406264394	82861.5	15	0.6909258406264394	222.0	1	0.046061722708429294	333.0	0	0.0	333.0	0	0.0
home	15	56	84354.5	15	0.6909258406264394	84354.5	15	0.6909258406264394	226.0	0	0.0	339.0	0	0.0	339.0	0	0.0
home	15	57	85847.5	0	0.0	85847.5	0	0.0	230.0	0	0.0	345.0	0	0.0	345.0	0	0.0
home	15	58	87340.5	15	0.6909258406264394	87340.5	15	0.6909258406264394	234.0	0	0.0	351.0	0	0.0	351.0	0	0.0
home	15	59	88833.5	15	0.6909258406264394	88833.5	15	0.6909258406264394	238.0	0	0.0	357.0	0	0.0	357.0	0	0.0
home	15	60	90326.5	0	0.0	90326.5	0	0.0	242.0	0	0.0	363.0	0	0.0	363.0	0	0.0
home	15	61	91819.5	15	0.6909258406264394	91819.5	15	0.6909258406264394	246.0	0	0.0	369.0	0	0.0	369.0	0	0.0
home	15	62	93312.5	15	0.6909258406264394	93312.5	15	0.6909258406264394	250.0	0	0.0	375.0	0	0.0	375.0	0	0.0
home	15	63	94805.5	12	0.5527406725011516	94805.5	2	0.09212344541685859	254.0	0	0.0	381.0	0	0.0	381.0	0	0.0
home	15	64	96298.5	4	0.18424689083371718	96298.5	13	0.5988023952095808	258.0	1	0.046061722708429294	387.0	0	0.0	387.0	0	0.0
home	15	65	97791.5	15	0.6909258406264394	97791.5	16	0.7369875633348687	262.0	0	0.0	393.0	0	0.0	393.0	0	0.0
home	15	66	99284.5	15	0.6909258406264394	99284.5	15	0.6909258406264394	266.0	0	0.0	399.0	0	0.0	399.0	0	0.0
home	15	67	100777.5	1	0.046061722708429294	100777.5	0	0.0	270.0	0	0.0	405.0	0	0.0	405.0	0	0.0
home	15	68	102270.5	14	0.6448641179180101	102270.5	15	0.6909258406264394	274.0	0	0.0	411.0	0	0.0	411.0	0	0.0
home	15	69	103763.5	15	0.6909258406264394	103763.5	15	0.6909258406264394	278.0	1	0.046061722708429294	417.0	0	0.0	417.0	0	0.0
home	15	70	105256.5	15	0.6909258406264394	105256.5	15	0.6909258406264394	282.0	0	0.0	423.0	0	0.0	423.0	0	0.0
home	15	71	106749.5	0	0.0	106749.5	0	0.0	286.0	0	0.0	429.0	0	0.0	429.0	0	0.0
home	15	72	108242.5	15	0.6909258406264394	108242.5	15	0.6909258406264394	290.0	0	0.0	435.0	0	0.0	435.0	0	0.0
home	15	73	109735.5	15	0.6909258406264394	109735.5	15	0.6909258406264394	294.0	0	0.0	441.0	0	0.0	441.0	0	0.0
home	15	74	111228.5	0	0.0	111228.5	0	0.0	298.0	0	0.0	447.0	0	0.0	447.0	0	0.0
home	15	75	112721.5	15	0.6909258406264394	112721.5	15	0.6909258406264394	302.0	1	0.046061722708429294	453.0	0	0.0	453.0	0	0.0
home	15	76	114214.5	15	0.6909258406264394	114214.5	15	0.6909258406264394	306.0	0	0.0	459.0	0	0.0	459.0	0	0.0
home	15	77	115707.5	15	0.6909258406264394	115707.5	15	0.6909258406264394	310.0	0	0.0	465.0	0	0.0	465.0	0	0.0
home	15	78	117200.5	0	0.0	117200.5	0	0.0	314.0	1	0.046061722708429294	471.0	0	0.0	471.0	0	0.0
home	15	79	118693.5	15	0.6909258406264394	118693.5	15	0.6909258406264394	318.0	0	0.0	477.0	0	0.0	477.0	0	0.0
home	15	80	120186.5	15	0.6909258406264394	120186.5	15	0.6909258406264394	322.0	1	0.046061722708429294	483.0	0	0.0	483.0	0	0.0
home	15	81	121679.5	15	0.6909258406264394	121679.5	15	0.6909258406264394	326.0	1	0.046061722708429294	489.0	0	0.0	489.0	0	0.0
home	15	82	123172.5	1	0.046061722708429294	123172.5	0	0.0	330.0	0	0.0	495.0	0	0.0	495.0	0	0.0
home	15	83	124665.5	15	0.6909258406264394	124665.5	16	0.7369875633348687	334.0	0	0.0	501.0	0	0.0	501.0	0	0.0
home	15	84	126158.5	15	0.6909258406264394	126158.5	15	0.6909258406264394	338.0	0	0.0	507.0	0	0.0	507.0	0	0.0
home	15	85	127651.5	12	0.5527406725011516	127651.5	10	0.4606172270842929	342.0	1	0.046061722708429294	513.0	0	0.0	513.0	0	0.0
home	15	86	129144.5	3	0.1381851681252879	129144.5	5	0.23030861354214646	346.0	0	0.0	519.0	0	0.0	519.0	0	0.0
home	15	87	130637.5	15	0.6909258406264394	130637.5	15	0.6909258406264394	350.0	0	0.0	525.0	0	0.0	525.0	0	0.0
home	15	88	132130.5	15	0.6909258406264394	132130.5	15	0.6909258406264394	354.0	0	0.0	531.0	0	0.0	531.0	0	0.0
home	15	89	133623.5	0	0.0	133623.5	0	0.0	358.0	0	0.0	537.0	0	0.0	537.0	0	0.0
home	15	90	135116.5	15	0.6909258406264394	135116.5	15	0.6909258406264394	362.0	0	0.0	543.0	0	0.0	543.0	0	0.0
home	15	91	136609.5	15	0.6909258406264394	136609.5	15	0.6909258406264394	366.0	0	0.0	549.0	0	0.0	549.0	0	0.0
home	15	92	138102.5	12	0.5527406725011516	138102.5	2	0.09212344541685859	370.0	1	0.046061722708429294	555.0	0	0.0	555.0	0	0.0
home	15	93	139595.5	3	0.1381851681252879	139595.5	13	0.5988023952095808	374.0	0	0.0	561.0	0	0.0	561.0	0	0.0
home	15	94	141088.5	15	0.6909258406264394	141088.5	15	0.6909258406264394	378.0	0	0.0	567.0	0	0.0	567.0	0	0.0
home	15	95	142581.5	15	0.6909258406264394	142581.5	15	0.6909258406264394	382.0	0	0.0	573.0	0	0.0	573.0	0	0.0
home	15	96	144074.5	0	0.0	144074.5	0	0.0	386.0	1	0.046061722708429294	579.0	0	0.0	579.0	0	0.0
home	15	97	145567.5	15	0.6909258406264394	145567.5	15	0.6909258406264394	390.0	1	0.046061722708429294	585.0	0	0.0	585.0	0	0.0
home	15	98	147060.5	15	0.6909258406264394	147060.5	15	0.6909258406264394	394.0	0	0.0	591.0	0	0.0	591.0	0	0.0
home	15	99	148553.5	12	0.5527406725011516	148553.5	0	0.0	398.0	0	0.0	597.0	0	0.0	597.0	0	0.0
home	15	100	150046.5	3	0.1381851681252879	150046.5	15	0.6909258406264394	402.0	0	0.0	603.0	0	0.0	603.0	0	0.0
home	15	101	151539.5	15	0.6909258406264394	151539.5	15	0.6909258406264394	406.0	0	0.0	609.0	0	0.0	609.0	0	0.0
home	15	102	153032.5	15	0.6909258406264394	153032.5	15	0.6909258406264394	410.0	0	0.0	615.0	0	0.0	615.0	0	0.0
home	15	103	154525.5	0	0.0	154525.5	0	0.0	414.0	0	0.0	621.0	0	0.0	621.0	0	0.0
home	15	104	156018.5	15	0.6909258406264394	156018.5	15	0.6909258406264394	418.0	0	0.0	627.0	0	0.0	627.0	0	0.0
home	15	105	157511.5	15	0.6909258406264394	157511.5	15	0.6909258406264394	422.0	0	0.0	633.0	0	0.0	633.0	0	0.0
home	15	106	159004.5	4	0.18424689083371718	159004.5	0	0.0	426.0	0	0.0	639.0	0	0.0	639.0	0	0.0
home	15	107	160497.5	11	0.5066789497927222	160497.5	15	0.6909258406264394	430.0	0	0.0	645.0	0	0.0	645.0	0	0.0
home	15	108	161990.5	15	0.6909258406264394	161990.5	15	0.6909258406264394	434.0	0	0.0	651.0	0	0.0	651.0	0	0.0
home	15	109	163483.5	15	0.6909258406264394	163483.5	15	0.6909258406264394	438.0	0	0.0	657.0	0	0.0	657.0	0	0.0
home	15	110	164976.5	0	0.0	164976.5	0	0.0	442.0	0	0.0	663.0	0	0.0	663.0	0	0.0
home	15	111	166469.5	15	0.6909258406264394	166469.5	15	0.6909258406264394	446.0	1	0.046061722708429294	669.0	0	0.0	669.0	0	0.0
home	15	112	167962.5	15	0.6909258406264394	167962.5	15	0.6909258406264394	450.0	0	0.0	675.0	0	0.0	675.0	0	0.0
home	15	113	169455.5	0	0.0	169455.5	0	0.0	454.0	0	0.0	681.0	0	0.0	681.0	0	0.0
home	15	114	170948.5	15	0.6909258406264394	170948.5	15	0.6909258406264394	458.0	0	0.0	687.0	0	0.0	687.0	0	0.0
home	15	115	172441.5	15	0.6909258406264394	172441.5	15	0.6909258406264394	462.0	0	0.0	693.0	0	0.0	693.0	0	0.0
home	15	116	173934.5	15	0.6909258406264394	173934.5	15	0.6909258406264394	466.0	0	0.0	699.0	0	0.0	699.0	0	0.0
home	15	117	175427.5	0	0.0	175427.5	0	0.0	470.0	0	0.0	705.0	0	0.0	705.0	0	0.0
home	15	118	176920.5	15	0.6909258406264394	176920.5	15	0.6909258406264394	474.0	0	0.0	711.0	0	0.0	711.0	0	0.0
home	15	119	178413.5	15	0.6909258406264394	178413.5	15	0.6909258406264394	478.0	1	0.046061722708429294	717.0	0	0.0	717.0	0	0.0
home	15	120	179906.5	0	0.0	179906.5	0	0.0	482.0	0	0.0	723.0	0	0.0	723.0	0	0.0
home	15	121	181399.5	15	0.6909258406264394	181399.5	15	0.6909258406264394	486.0	0	0.0	729.0	0	0.0	729.0	0	0.0
home	15	122	182892.5	15	0.6909258406264394	182892.5	15	0.6909258406264394	490.0	0	0.0	735.0	0	0.0	735.0	0	0.0
home	15	123	184385.5	12	0.5527406725011516	184385.5	12	0.5527406725011516	494.0	0	0.0	741.0	0	0.0	741.0	0	0.0
home	15	124	185878.5	3	0.1381851681252879	185878.5	3	0.1381851681252879	498.0	0	0.0	747.0	0	0.0	747.0	0	0.0
home	15	125	187371.5	15	0.6909258406264394	187371.5	15	0.6909258406264394	502.0	0	0.0	753.0	0	0.0	753.0	0	0.0
home	15	126	188864.5	15	0.6909258406264394	188864.5	15	0.6909258406264394	506.0	0	0.0	759.0	0	0.0	759.0	0	0.0
home	15	127	190357.5	12	0.5527406725011516	190357.5	12	0.5527406725011516	510.0	0	0.0	765.0	0	0.0	765.0	0	0.0
home	15	128	191850.5	3	0.1381851681252879	191850.5	3	0.1381851681252879	514.0	0	0.0	771.0	0	0.0	771.0	0	0.0
home	15	129	193343.5	15	0.6909258406264394	193343.5	15	0.6909258406264394	518.0	0	0.0	777.0	0	0.0	777.0	0	0.0
home	15	130	194836.5	15	0.6909258406264394	194836.5	15	0.6909258406264394	522.0	0	0.0	783.0	0	0.0	783.0	0	0.0
home	15	131	196329.5	12	0.5527406725011516	196329.5	3	0.1381851681252879	526.0	0	0.0	789.0	0	0.0	789.0	0	0.0
home	15	132	197822.5	3	0.1381851681252879	197822.5	12	0.5527406725011516	530.0	0	0.0	795.0	0	0.0	795.0	0	0.0
home	15	133	199315.5	15	0.6909258406264394	199315.5	15	0.6909258406264394	534.0	0	0.0	801.0	0	0.0	801.0	0	0.0
home	15	134	200808.5	15	0.6909258406264394	200808.5	15	0.6909258406264394	538.0	0	0.0	807.0	0	0.0	807.0	0	0.0
home	15	135	202301.5	15	0.6909258406264394	202301.5	13	0.5988023952095808	542.0	0	0.0	813.0	0	0.0	813.0	0	0.0
home	15	136	203794.5	0	0.0	203794.5	2	0.09212344541685859	546.0	0	0.0	819.0	0	0.0	819.0	0	0.0
home	15	137	205287.5	15	0.6909258406264394	205287.5	15	0.6909258406264394	550.0	0	0.0	825.0	0	0.0	825.0	0	0.0
home	15	138	206780.5	15	0.6909258406264394	206780.5	15	0.6909258406264394	554.0	0	0.0	831.0	0	0.0	831.0	0	0.0
home	15	139	208273.5	12	0.5527406725011516	208273.5	0	0.0	558.0	0	0.0	837.0	0	0.0	837.0	0	0.0
home	15	140	209766.5	3	0.1381851681252879	209766.5	15	0.6909258406264394	562.0	0	0.0	843.0	0	0.0	843.0	0	0.0
home	15	141	211259.5	15	0.6909258406264394	211259.5	15	0.6909258406264394	566.0	0	0.0	849.0	0	0.0	849.0	0	0.0
home	15	142	212752.5	15	0.6909258406264394	212752.5	15	0.6909258406264394	570.0	0	0.0	855.0	0	0.0	855.0	0	0.0
home	15	143	214245.5	12	0.5527406725011516	214245.5	0	0.0	574.0	0	0.0	861.0	0	0.0	861.0	0	0.0
home	15	144	215738.5	3	0.1381851681252879	215738.5	15	0.6909258406264394	578.0	1	0.046061722708429294	867.0	0	0.0	867.0	0	0.0
home	15	145	217231.5	15	0.6909258406264394	217231.5	15	0.6909258406264394	582.0	1	0.046061722708429294	873.0	0	0.0	873.0	0	0.0
home	15	146	218724.5	15	0.6909258406264394	218724.5	15	0.6909258406264394	586.0	0	0.0	879.0	0	0.0	879.0	0	0.0
home	15	147	220217.5	0	0.0	220217.5	0	0.0	590.0	0	0.0	885.0	0	0.0	885.0	0	0.0
home	15	148	221710.5	15	0.6909258406264394	221710.5	15	0.6909258406264394	594.0	0	0.0	891.0	0	0.0	891.0	0	0.0
home	15	149	223203.5	15	0.6909258406264394	223203.5	15	0.6909258406264394	598.0	0	0.0	897.0	0	0.0	897.0	0	0.0
home	15	150	224696.5	12	0.5527406725011516	224696.5	6	0.2763703362505758	602.0	0	0.0	903.0	0	0.0	903.0	0	0.0
home	15	151	226189.5	3	0.1381851681252879	226189.5	9	0.41455550437586364	606.0	0	0.0	909.0	0	0.0	909.0	0	0.0
home	15	152	227682.5	15	0.6909258406264394	227682.5	15	0.6909258406264394	610.0	0	0.0	915.0	0	0.0	915.0	0	0.0
home	15	153	229175.5	15	0.6909258406264394	229175.5	15	0.6909258406264394	614.0	0	0.0	921.0	0	0.0	921.0	0	0.0
home	15	154	230668.5	1	0.046061722708429294	230668.5	0	0.0	618.0	0	0.0	927.0	0	0.0	927.0	0	0.0
home	15	155	232161.5	14	0.6448641179180101	232161.5	15	0.6909258406264394	622.0	0	0.0	933.0	0	0.0	933.0	0	0.0
home	15	156	233654.5	15	0.6909258406264394	233654.5	15	0.6909258406264394	626.0	0	0.0	939.0	0	0.0	939.0	0	0.0
home	15	157	235147.5	15	0.6909258406264394	235147.5	15	0.6909258406264394	630.0	0	0.0	945.0	0	0.0	945.0	0	0.0
home	15	158	236640.5	0	0.0	236640.5	0	0.0	634.0	0	0.0	951.0	0	0.0	951.0	0	0.0
home	15	159	238133.5	15	0.6909258406264394	238133.5	15	0.6909258406264394	638.0	0	0.0	957.0	0	0.0	957.0	0	0.0
home	15	160	239626.5	15	0.6909258406264394	239626.5	15	0.6909258406264394	642.0	0	0.0	963.0	0	0.0	963.0	0	0.0
home	15	161	241119.5	0	0.0	241119.5	0	0.0	646.0	0	0.0	969.0	0	0.0	969.0	0	0.0
home	15	162	242612.5	15	0.6909258406264394	242612.5	15	0.6909258406264394	650.0	0	0.0	975.0	0	0.0	975.0	0	0.0
home	15	163	244105.5	15	0.6909258406264394	244105.5	15	0.6909258406264394	654.0	0	0.0	981.0	0	0.0	981.0	0	0.0
home	15	164	245598.5	15	0.6909258406264394	245598.5	15	0.6909258406264394	658.0	0	0.0	987.0	0	0.0	987.0	0	0.0
home	15	165	247091.5	0	0.0	247091.5	0	0.0	662.0	0	0.0	993.0	0	0.0	993.0	0	0.0
home	15	166	248584.5	15	0.6909258406264394	248584.5	15	0.6909258406264394	666.0	0	0.0	999.0	0	0.0	999.0	0	0.0
home	15	167	250077.5	15	0.6909258406264394	250077.5	15	0.6909258406264394	670.0	0	0.0	1005.0	0	0.0	1005.0	0	0.0
home	15	168	251570.5	0	0.0	251570.5	0	0.0	674.0	0	0.0	1011.0	0	0.0	1011.0	0	0.0
home	15	169	253063.5	15	0.6909258406264394	253063.5	15	0.6909258406264394	678.0	0	0.0	1017.0	0	0.0	1017.0	0	0.0
home	15	170	254556.5	15	0.6909258406264394	254556.5	15	0.6909258406264394	682.0	0	0.0	1023.0	0	0.0	1023.0	0	0.0
home	15	171	256049.5	0	0.0	256049.5	0	0.0	686.0	0	0.0	1029.0	0	0.0	1029.0	0	0.0
home	15	172	257542.5	15	0.6909258406264394	257542.5	15	0.6909258406264394	690.0	0	0.0	1035.0	0	0.0	1035.0	0	0.0
home	15	173	259035.5	15	0.6909258406264394	259035.5	15	0.6909258406264394	694.0	0	0.0	1041.0	0	0.0	1041.0	0	0.0
home	15	174	260528.5	15	0.6909258406264394	260528.5	15	0.6909258406264394	698.0	0	0.0	1047.0	0	0.0	1047.0	0	0.0
home	15	175	262021.5	0	0.0	262021.5	0	0.0	702.0	0	0.0	1053.0	0	0.0	1053.0	0	0.0
home	15	176	263514.5	15	0.6909258406264394	263514.5	15	0.6909258406264394	706.0	0	0.0	1059.0	0	0.0	1059.0	0	0.0
home	15	177	265007.5	15	0.6909258406264394	265007.5	15	0.6909258406264394	710.0	0	0.0	1065.0	0	0.0	1065.0	0	0.0
home	15	178	266500.5	0	0.0	266500.5	0	0.0	714.0	0	0.0	1071.0	0	0.0	1071.0	0	0.0
home	15	179	267993.5	15	0.6909258406264394	267993.5	15	0.6909258406264394	718.0	0	0.0	1077.0	0	0.0	1077.0	0	0.0
home	15	180	269486.5	15	0.6909258406264394	269486.5	15	0.6909258406264394	722.0	0	0.0	1083.0	0	0.0	1083.0	0	0.0
home	15	181	270979.5	15	0.6909258406264394	270979.5	15	0.6909258406264394	726.0	0	0.0	1089.0	0	0.0	1089.0	0	0.0
home	15	182	272472.5	0	0.0	272472.5	0	0.0	730.0	0	0.0	1095.0	0	0.0	1095.0	0	0.0
home	15	183	273965.5	15	0.6909258406264394	273965.5	15	0.6909258406264394	734.0	0	0.0	1101.0	0	0.0	1101.0	0	0.0
home	15	184	275458.5	15	0.6909258406264394	275458.5	15	0.6909258406264394	738.0	0	0.0	1107.0	0	0.0	1107.0	0	0.0
home	15	185	276951.5	13	0.5988023952095808	276951.5	13	0.5988023952095808	742.0	0	0.0	1113.0	0	0.0	1113.0	0	0.0
home	15	186	278444.5	2	0.09212344541685859	278444.5	2	0.09212344541685859	746.0	1	0.046061722708429294	1119.0	0	0.0	1119.0	0	0.0
home	15	187	279937.5	15	0.6909258406264394	279937.5	15	0.6909258406264394	750.0	0	0.0	1125.0	0	0.0	1125.0	0	0.0
home	15	188	281430.5	15	0.6909258406264394	281430.5	15	0.6909258406264394	754.0	0	0.0	1131.0	0	0.0	1131.0	0	0.0
home	15	189	282923.5	1	0.046061722708429294	282923.5	0	0.0	758.0	0	0.0	1137.0	0	0.0	1137.0	0	0.0
home	15	190	284416.5	14	0.6448641179180101	284416.5	15	0.6909258406264394	762.0	0	0.0	1143.0	0	0.0	1143.0	0	0.0
home	15	191	285909.5	15	0.6909258406264394	285909.5	15	0.6909258406264394	766.0	0	0.0	1149.0	0	0.0	1149.0	0	0.0
home	15	192	287402.5	15	0.6909258406264394	287402.5	15	0.6909258406264394	770.0	0	0.0	1155.0	0	0.0	1155.0	0	0.0
home	15	193	288895.5	0	0.0	288895.5	0	0.0	774.0	0	0.0	1161.0	0	0.0	1161.0	0	0.0
home	15	194	290388.5	15	0.6909258406264394	290388.5	15	0.6909258406264394	778.0	0	0.0	1167.0	0	0.0	1167.0	0	0.0
home	15	195	291881.5	15	0.6909258406264394	291881.5	15	0.6909258406264394	782.0	0	0.0	1173.0	0	0.0	1173.0	0	0.0
home	15	196	293374.5	15	0.6909258406264394	293374.5	15	0.6909258406264394	786.0	0	0.0	1179.0	0	0.0	1179.0	0	0.0
home	15	197	294867.5	0	0.0	294867.5	0	0.0	790.0	0	0.0	1185.0	0	0.0	1185.0	0	0.0
home	15	198	296360.5	15	0.6909258406264394	296360.5	15	0.6909258406264394	794.0	0	0.0	1191.0	0	0.0	1191.0	0	0.0
home	15	199	297853.5	15	0.6909258406264394	297853.5	15	0.6909258406264394	798.0	0	0.0	1197.0	0	0.0	1197.0	0	0.0
