'Request type'	'Load'	'Bucket'	'Start time'	'Absolute'	'Percent of requests'	'End time'	'Absolute'	'Percent of requests'	'Residence time'	'Absolute'	'Percent of requests'	'Theor. think time'	'Absolute'	'Percent of requests'	'Actual think time'	'Absolute'	'Percent of requests'
login	19	0	751.0	19	0.8102345415778252	751.0	19	0.8102345415778252	4.5	0	0.0	3.0	2345	100.0	3.0	2345	100.0
login	19	1	2253.0	21	0.8955223880597015	2253.0	13	0.5543710021321961	13.5	0	0.0	9.0	0	0.0	9.0	0	0.0
login	19	2	3755.0	3	0.1279317697228145	3755.0	11	0.4690831556503198	22.5	0	0.0	15.0	0	0.0	15.0	0	0.0
login	19	3	5257.0	19	0.8102345415778252	5257.0	15	0.6396588486140725	31.5	0	0.0	21.0	0	0.0	21.0	0	0.0
login	19	4	6759.0	19	0.8102345415778252	6759.0	10	0.42643923240938164	40.5	0	0.0	27.0	0	0.0	27.0	0	0.0
login	19	5	8261.0	0	0.0	8261.0	13	0.5543710021321961	49.5	0	0.0	33.0	0	0.0	33.0	0	0.0
login	19	6	9763.0	19	0.8102345415778252	9763.0	12	0.511727078891258	58.5	0	0.0	39.0	0	0.0	39.0	0	0.0
login	19	7	11265.0	19	0.8102345415778252	11265.0	7	0.29850746268656714	67.5	0	0.0	45.0	0	0.0	45.0	0	0.0
login	19	8	12767.0	0	0.0	12767.0	19	0.8102345415778252	76.5	1	0.042643923240938165	51.0	0	0.0	51.0	0	0.0
login	19	9	14269.0	19	0.8102345415778252	14269.0	7	0.29850746268656714	85.5	0	0.0	57.0	0	0.0	57.0	0	0.0
login	19	10	15771.0	0	0.0	15771.0	12	0.511727078891258	94.5	2	0.08528784648187633	63.0	0	0.0	63.0	0	0.0
login	19	11	17273.0	19	0.8102345415778252	17273.0	14	0.5970149253731343	103.5	1	0.042643923240938165	69.0	0	0.0	69.0	0	0.0
login	19	12	18775.0	19	0.8102345415778252	18775.0	7	0.29850746268656714	112.5	1	0.042643923240938165	75.0	0	0.0	75.0	0	0.0
login	19	13	20277.0	0	0.0	20277.0	17	0.7249466950959488	121.5	2	0.08528784648187633	81.0	0	0.0	81.0	0	0.0
login	19	14	21779.0	19	0.8102345415778252	21779.0	12	0.511727078891258	130.5	0	0.0	87.0	0	0.0	87.0	0	0.0
login	19	15	23281.0	19	0.8102345415778252	23281.0	7	0.29850746268656714	139.5	2	0.08528784648187633	93.0	0	0.0	93.0	0	0.0
login	19	16	24783.0	0	0.0	24783.0	19	0.8102345415778252	148.5	1	0.042643923240938165	99.0	0	0.0	99.0	0	0.0
login	19	17	26285.0	19	0.8102345415778252	26285.0	11	0.4690831556503198	157.5	4	0.17057569296375266	105.0	0	0.0	105.0	0	0.0
login	19	18	27787.0	19	0.8102345415778252	27787.0	8	0.3411513859275053	166.5	9	0.3837953091684435	111.0	0	0.0	111.0	0	0.0
login	19	19	29289.0	0	0.0	29289.0	18	0.767590618336887	175.5	9	0.3837953091684435	117.0	0	0.0	117.0	0	0.0
login	19	20	30791.0	19	0.8102345415778252	30791.0	5	0.21321961620469082	184.5	7	0.29850746268656714	123.0	0	0.0	123.0	0	0.0
login	19	21	32293.0	0	0.0	32293.0	15	0.6396588486140725	193.5	10	0.42643923240938164	129.0	0	0.0	129.0	0	0.0
login	19	22	33795.0	19	0.8102345415778252	33795.0	12	0.511727078891258	202.5	18	0.767590618336887	135.0	0	0.0	135.0	0	0.0
login	19	23	35297.0	19	0.8102345415778252	35297.0	8	0.3411513859275053	211.5	6	0.255863539445629	141.0	0	0.0	141.0	0	0.0
login	19	24	36799.0	0	0.0	36799.0	18	0.767590618336887	220.5	12	0.511727078891258	147.0	0	0.0	147.0	0	0.0
login	19	25	38301.0	19	0.8102345415778252	38301.0	11	0.4690831556503198	229.5	7	0.29850746268656714	153.0	0	0.0	153.0	0	0.0
login	19	26	39803.0	15	0.6396588486140725	39803.0	8	0.3411513859275053	238.5	7	0.29850746268656714	159.0	0	0.0	159.0	0	0.0
login	19	27	41305.0	4	0.17057569296375266	41305.0	19	0.8102345415778252	247.5	4	0.17057569296375266	165.0	0	0.0	165.0	0	0.0
login	19	28	42807.0	19	0.8102345415778252	42807.0	4	0.17057569296375266	256.5	3	0.1279317697228145	171.0	0	0.0	171.0	0	0.0
login	19	29	44309.0	0	0.0	44309.0	15	0.6396588486140725	265.5	5	0.21321961620469082	177.0	0	0.0	177.0	0	0.0
login	19	30	45811.0	19	0.8102345415778252	45811.0	11	0.4690831556503198	274.5	11	0.4690831556503198	183.0	0	0.0	183.0	0	0.0
login	19	31	47313.0	9	0.3837953091684435	47313.0	8	0.3411513859275053	283.5	22	0.9381663113006397	189.0	0	0.0	189.0	0	0.0
login	19	32	48815.0	10	0.42643923240938164	48815.0	16	0.6823027718550106	292.5	16	0.6823027718550106	195.0	0	0.0	195.0	0	0.0
login	19	33	50317.0	19	0.8102345415778252	50317.0	7	0.29850746268656714	301.5	29	1.236673773987207	201.0	0	0.0	201.0	0	0.0
login	19	34	51819.0	0	0.0	51819.0	15	0.6396588486140725	310.5	18	0.767590618336887	207.0	0	0.0	207.0	0	0.0
login	19	35	53321.0	19	0.8102345415778252	53321.0	10	0.42643923240938164	319.5	17	0.7249466950959488	213.0	0	0.0	213.0	0	0.0
login	19	36	54823.0	0	0.0	54823.0	9	0.3837953091684435	328.5	15	0.6396588486140725	219.0	0	0.0	219.0	0	0.0
login	19	37	56325.0	19	0.8102345415778252	56325.0	16	0.6823027718550106	337.5	21	0.8955223880597015	225.0	0	0.0	225.0	0	0.0
login	19	38	57827.0	19	0.8102345415778252	57827.0	8	0.3411513859275053	346.5	13	0.5543710021321961	231.0	0	0.0	231.0	0	0.0
login	19	39	59329.0	0	0.0	59329.0	14	0.5970149253731343	355.5	11	0.4690831556503198	237.0	0	0.0	237.0	0	0.0
login	19	40	60831.0	19	0.8102345415778252	60831.0	11	0.4690831556503198	364.5	12	0.511727078891258	243.0	0	0.0	243.0	0	0.0
login	19	41	62333.0	19	0.8102345415778252	62333.0	8	0.3411513859275053	373.5	16	0.6823027718550106	249.0	0	0.0	249.0	0	0.0
login	19	42	63835.0	0	0.0	63835.0	19	0.8102345415778252	382.5	15	0.6396588486140725	255.0	0	0.0	255.0	0	0.0
login	19	43	65337.0	19	0.8102345415778252	65337.0	7	0.29850746268656714	391.5	26	1.1087420042643923	261.0	0	0.0	261.0	0	0.0
login	19	44	66839.0	0	0.0	66839.0	12	0.511727078891258	400.5	26	1.1087420042643923	267.0	0	0.0	267.0	0	0.0
login	19	45	68341.0	19	0.8102345415778252	68341.0	13	0.5543710021321961	409.5	22	0.9381663113006397	273.0	0	0.0	273.0	0	0.0
login	19	46	69843.0	19	0.8102345415778252	69843.0	8	0.3411513859275053	418.5	24	1.023454157782516	279.0	0	0.0	279.0	0	0.0
login	19	47	71345.0	0	0.0	71345.0	17	0.7249466950959488	427.5	18	0.767590618336887	285.0	0	0.0	285.0	0	0.0
login	19	48	72847.0	19	0.8102345415778252	72847.0	7	0.29850746268656714	436.5	7	0.29850746268656714	291.0	0	0.0	291.0	0	0.0
login	19	49	74349.0	0	0.0	74349.0	12	0.511727078891258	445.5	11	0.4690831556503198	297.0	0	0.0	297.0	0	0.0
login	19	50	75851.0	19	0.8102345415778252	75851.0	14	0.5970149253731343	454.5	8	0.3411513859275053	303.0	0	0.0	303.0	0	0.0
login	19	51	77353.0	19	0.8102345415778252	77353.0	6	0.255863539445629	463.5	18	0.767590618336887	309.0	0	0.0	309.0	0	0.0
login	19	52	78855.0	0	0.0	78855.0	18	0.767590618336887	472.5	25	1.0660980810234542	315.0	0	0.0	315.0	0	0.0
login	19	53	80357.0	19	0.8102345415778252	80357.0	7	0.29850746268656714	481.5	19	0.8102345415778252	321.0	0	0.0	321.0	0	0.0
login	19	54	81859.0	0	0.0	81859.0	12	0.511727078891258	490.5	30	1.279317697228145	327.0	0	0.0	327.0	0	0.0
login	19	55	83361.0	19	0.8102345415778252	83361.0	14	0.5970149253731343	499.5	22	0.9381663113006397	333.0	0	0.0	333.0	0	0.0
login	19	56	84863.0	19	0.8102345415778252	84863.0	7	0.29850746268656714	508.5	18	0.767590618336887	339.0	0	0.0	339.0	0	0.0
login	19	57	86365.0	0	0.0	86365.0	17	0.7249466950959488	517.5	17	0.7249466950959488	345.0	0	0.0	345.0	0	0.0
login	19	58	87867.0	19	0.8102345415778252	87867.0	9	0.3837953091684435	526.5	21	0.8955223880597015	351.0	0	0.0	351.0	0	0.0
login	19	59	89369.0	0	0.0	89369.0	10	0.42643923240938164	535.5	12	0.511727078891258	357.0	0	0.0	357.0	0	0.0
login	19	60	90871.0	19	0.8102345415778252	90871.0	19	0.8102345415778252	544.5	7	0.29850746268656714	363.0	0	0.0	363.0	0	0.0
login	19	61	92373.0	19	0.8102345415778252	92373.0	5	0.21321961620469082	553.5	5	0.21321961620469082	369.0	0	0.0	369.0	0	0.0
login	19	62	93875.0	0	0.0	93875.0	14	0.5970149253731343	562.5	7	0.29850746268656714	375.0	0	0.0	375.0	0	0.0
login	19	63	95377.0	19	0.8102345415778252	95377.0	13	0.5543710021321961	571.5	20	0.8528784648187633	381.0	0	0.0	381.0	0	0.0
login	19	64	96879.0	19	0.8102345415778252	96879.0	7	0.29850746268656714	580.5	21	0.8955223880597015	387.0	0	0.0	387.0	0	0.0
login	19	65	98381.0	0	0.0	98381.0	18	0.767590618336887	589.5	29	1.236673773987207	393.0	0	0.0	393.0	0	0.0
login	19	66	99883.0	19	0.8102345415778252	99883.0	7	0.29850746268656714	598.5	31	1.3219616204690832	399.0	0	0.0	399.0	0	0.0
login	19	67	101385.0	0	0.0	101385.0	12	0.511727078891258	607.5	24	1.023454157782516	405.0	0	0.0	405.0	0	0.0
login	19	68	102887.0	19	0.8102345415778252	102887.0	16	0.6823027718550106	616.5	14	0.5970149253731343	411.0	0	0.0	411.0	0	0.0
login	19	69	104389.0	19	0.8102345415778252	104389.0	9	0.3837953091684435	625.5	18	0.767590618336887	417.0	0	0.0	417.0	0	0.0
login	19	70	105891.0	0	0.0	105891.0	13	0.5543710021321961	634.5	12	0.511727078891258	423.0	0	0.0	423.0	0	0.0
login	19	71	107393.0	19	0.8102345415778252	107393.0	10	0.42643923240938164	643.5	12	0.511727078891258	429.0	0	0.0	429.0	0	0.0
login	19	72	108895.0	19	0.8102345415778252	108895.0	9	0.3837953091684435	652.5	9	0.3837953091684435	435.0	0	0.0	435.0	0	0.0
login	19	73	110397.0	0	0.0	110397.0	16	0.6823027718550106	661.5	6	0.255863539445629	441.0	0	0.0	441.0	0	0.0
login	19	74	111899.0	19	0.8102345415778252	111899.0	7	0.29850746268656714	670.5	9	0.3837953091684435	447.0	0	0.0	447.0	0	0.0
login	19	75	113401.0	0	0.0	113401.0	15	0.6396588486140725	679.5	13	0.5543710021321961	453.0	0	0.0	453.0	0	0.0
login	19	76	114903.0	19	0.8102345415778252	114903.0	12	0.511727078891258	688.5	12	0.511727078891258	459.0	0	0.0	459.0	0	0.0
login	19	77	116405.0	11	0.4690831556503198	116405.0	7	0.29850746268656714	697.5	26	1.1087420042643923	465.0	0	0.0	465.0	0	0.0
login	19	78	117907.0	8	0.3411513859275053	117907.0	18	0.767590618336887	706.5	13	0.5543710021321961	471.0	0	0.0	471.0	0	0.0
login	19	79	119409.0	18	0.767590618336887	119409.0	5	0.21321961620469082	715.5	14	0.5970149253731343	477.0	0	0.0	477.0	0	0.0
login	19	80	120911.0	0	0.0	120911.0	14	0.5970149253731343	724.5	16	0.6823027718550106	483.0	0	0.0	483.0	0	0.0
login	19	81	122413.0	19	0.8102345415778252	122413.0	13	0.5543710021321961	733.5	10	0.42643923240938164	489.0	0	0.0	489.0	0	0.0
login	19	82	123915.0	19	0.8102345415778252	123915.0	7	0.29850746268656714	742.5	5	0.21321961620469082	495.0	0	0.0	495.0	0	0.0
login	19	83	125417.0	0	0.0	125417.0	18	0.767590618336887	751.5	6	0.255863539445629	501.0	0	0.0	501.0	0	0.0
login	19	84	126919.0	19	0.8102345415778252	126919.0	9	0.3837953091684435	760.5	10	0.42643923240938164	507.0	0	0.0	507.0	0	0.0
login	19	85	128421.0	1	0.042643923240938165	128421.0	10	0.42643923240938164	769.5	7	0.29850746268656714	513.0	0	0.0	513.0	0	0.0
login	19	86	129923.0	18	0.767590618336887	129923.0	19	0.8102345415778252	778.5	2	0.08528784648187633	519.0	0	0.0	519.0	0	0.0
login	19	87	131425.0	19	0.8102345415778252	131425.0	5	0.21321961620469082	787.5	22	0.9381663113006397	525.0	0	0.0	525.0	0	0.0
login	19	88	132927.0	0	0.0	132927.0	14	0.5970149253731343	796.5	21	0.8955223880597015	531.0	0	0.0	531.0	0	0.0
login	19	89	134429.0	19	0.8102345415778252	134429.0	16	0.6823027718550106	805.5	23	0.9808102345415778	537.0	0	0.0	537.0	0	0.0
login	19	90	135931.0	19	0.8102345415778252	135931.0	8	0.3411513859275053	814.5	23	0.9808102345415778	543.0	0	0.0	543.0	0	0.0
login	19	91	137433.0	0	0.0	137433.0	14	0.5970149253731343	823.5	20	0.8528784648187633	549.0	0	0.0	549.0	0	0.0
login	19	92	138935.0	19	0.8102345415778252	138935.0	11	0.4690831556503198	832.5	10	0.42643923240938164	555.0	0	0.0	555.0	0	0.0
login	19	93	140437.0	0	0.0	140437.0	8	0.3411513859275053	841.5	8	0.3411513859275053	561.0	0	0.0	561.0	0	0.0
login	19	94	141939.0	19	0.8102345415778252	141939.0	19	0.8102345415778252	850.5	9	0.3837953091684435	567.0	0	0.0	567.0	0	0.0
login	19	95	143441.0	19	0.8102345415778252	143441.0	7	0.29850746268656714	859.5	7	0.29850746268656714	573.0	0	0.0	573.0	0	0.0
login	19	96	144943.0	0	0.0	144943.0	12	0.511727078891258	868.5	20	0.8528784648187633	579.0	0	0.0	579.0	0	0.0
login	19	97	146445.0	19	0.8102345415778252	146445.0	18	0.767590618336887	877.5	15	0.6396588486140725	585.0	0	0.0	585.0	0	0.0
login	19	98	147947.0	19	0.8102345415778252	147947.0	7	0.29850746268656714	886.5	19	0.8102345415778252	591.0	0	0.0	591.0	0	0.0
login	19	99	149449.0	0	0.0	149449.0	13	0.5543710021321961	895.5	37	1.5778251599147122	597.0	0	0.0	597.0	0	0.0
login	19	100	150951.0	19	0.8102345415778252	150951.0	12	0.511727078891258	904.5	28	1.1940298507462686	603.0	0	0.0	603.0	0	0.0
login	19	101	152453.0	15	0.6396588486140725	152453.0	7	0.29850746268656714	913.5	20	0.8528784648187633	609.0	0	0.0	609.0	0	0.0
login	19	102	153955.0	4	0.17057569296375266	153955.0	19	0.8102345415778252	922.5	20	0.8528784648187633	615.0	0	0.0	615.0	0	0.0
login	19	103	155457.0	19	0.8102345415778252	155457.0	4	0.17057569296375266	931.5	8	0.3411513859275053	621.0	0	0.0	621.0	0	0.0
login	19	104	156959.0	0	0.0	156959.0	15	0.6396588486140725	940.5	10	0.42643923240938164	627.0	0	0.0	627.0	0	0.0
login	19	105	158461.0	19	0.8102345415778252	158461.0	15	0.6396588486140725	949.5	8	0.3411513859275053	633.0	0	0.0	633.0	0	0.0
login	19	106	159963.0	19	0.8102345415778252	159963.0	4	0.17057569296375266	958.5	10	0.42643923240938164	639.0	0	0.0	639.0	0	0.0
login	19	107	161465.0	0	0.0	161465.0	19	0.8102345415778252	967.5	12	0.511727078891258	645.0	0	0.0	645.0	0	0.0
login	19	108	162967.0	19	0.8102345415778252	162967.0	12	0.511727078891258	976.5	21	0.8955223880597015	651.0	0	0.0	651.0	0	0.0
login	19	109	164469.0	19	0.8102345415778252	164469.0	7	0.29850746268656714	985.5	17	0.7249466950959488	657.0	0	0.0	657.0	0	0.0
login	19	110	165971.0	0	0.0	165971.0	19	0.8102345415778252	994.5	23	0.9808102345415778	663.0	0	0.0	663.0	0	0.0
login	19	111	167473.0	19	0.8102345415778252	167473.0	6	0.255863539445629	1003.5	21	0.8955223880597015	669.0	0	0.0	669.0	0	0.0
login	19	112	168975.0	0	0.0	168975.0	13	0.5543710021321961	1012.5	20	0.8528784648187633	675.0	0	0.0	675.0	0	0.0
login	19	113	170477.0	19	0.8102345415778252	170477.0	13	0.5543710021321961	1021.5	14	0.5970149253731343	681.0	0	0.0	681.0	0	0.0
login	19	114	171979.0	19	0.8102345415778252	171979.0	7	0.29850746268656714	1030.5	15	0.6396588486140725	687.0	0	0.0	687.0	0	0.0
login	19	115	173481.0	0	0.0	173481.0	18	0.767590618336887	1039.5	12	0.511727078891258	693.0	0	0.0	693.0	0	0.0
login	19	116	174983.0	19	0.8102345415778252	174983.0	12	0.511727078891258	1048.5	7	0.29850746268656714	699.0	0	0.0	699.0	0	0.0
login	19	117	176485.0	4	0.17057569296375266	176485.0	7	0.29850746268656714	1057.5	1	0.042643923240938165	705.0	0	0.0	705.0	0	0.0
login	19	118	177987.0	15	0.6396588486140725	177987.0	17	0.7249466950959488	1066.5	10	0.42643923240938164	711.0	0	0.0	711.0	0	0.0
login	19	119	179489.0	19	0.8102345415778252	179489.0	7	0.29850746268656714	1075.5	14	0.5970149253731343	717.0	0	0.0	717.0	0	0.0
login	19	120	180991.0	0	0.0	180991.0	14	0.5970149253731343	1084.5	22	0.9381663113006397	723.0	0	0.0	723.0	0	0.0
login	19	121	182493.0	19	0.8102345415778252	182493.0	6	0.255863539445629	1093.5	24	1.023454157782516	729.0	0	0.0	729.0	0	0.0
login	19	122	183995.0	0	0.0	183995.0	13	0.5543710021321961	1102.5	23	0.9808102345415778	735.0	0	0.0	735.0	0	0.0
login	19	123	185497.0	19	0.8102345415778252	185497.0	14	0.5970149253731343	1111.5	19	0.8102345415778252	741.0	0	0.0	741.0	0	0.0
login	19	124	186999.0	19	0.8102345415778252	186999.0	6	0.255863539445629	1120.5	13	0.5543710021321961	747.0	0	0.0	747.0	0	0.0
login	19	125	188501.0	0	0.0	188501.0	18	0.767590618336887	1129.5	14	0.5970149253731343	753.0	0	0.0	753.0	0	0.0
login	19	126	190003.0	19	0.8102345415778252	190003.0	8	0.3411513859275053	1138.5	9	0.3837953091684435	759.0	0	0.0	759.0	0	0.0
login	19	127	191505.0	0	0.0	191505.0	11	0.4690831556503198	1147.5	5	0.21321961620469082	765.0	0	0.0	765.0	0	0.0
login	19	128	193007.0	19	0.8102345415778252	193007.0	13	0.5543710021321961	1156.5	10	0.42643923240938164	771.0	0	0.0	771.0	0	0.0
login	19	129	194509.0	19	0.8102345415778252	194509.0	8	0.3411513859275053	1165.5	7	0.29850746268656714	777.0	0	0.0	777.0	0	0.0
login	19	130	196011.0	0	0.0	196011.0	17	0.7249466950959488	1174.5	14	0.5970149253731343	783.0	0	0.0	783.0	0	0.0
login	19	131	197513.0	19	0.8102345415778252	197513.0	12	0.511727078891258	1183.5	16	0.6823027718550106	789.0	0	0.0	789.0	0	0.0
login	19	132	199015.0	18	0.767590618336887	199015.0	7	0.29850746268656714	1192.5	16	0.6823027718550106	795.0	0	0.0	795.0	0	0.0
login	19	133	200517.0	1	0.042643923240938165	200517.0	19	0.8102345415778252	1201.5	23	0.9808102345415778	801.0	0	0.0	801.0	0	0.0
login	19	134	202019.0	19	0.8102345415778252	202019.0	6	0.255863539445629	1210.5	17	0.7249466950959488	807.0	0	0.0	807.0	0	0.0
login	19	135	203521.0	0	0.0	203521.0	13	0.5543710021321961	1219.5	14	0.5970149253731343	813.0	0	0.0	813.0	0	0.0
login	19	136	205023.0	19	0.8102345415778252	205023.0	15	0.6396588486140725	1228.5	15	0.6396588486140725	819.0	0	0.0	819.0	0	0.0
login	19	137	206525.0	19	0.8102345415778252	206525.0	4	0.17057569296375266	1237.5	11	0.4690831556503198	825.0	0	0.0	825.0	0	0.0
login	19	138	208027.0	0	0.0	208027.0	19	0.8102345415778252	1246.5	10	0.42643923240938164	831.0	0	0.0	831.0	0	0.0
login	19	139	209529.0	19	0.8102345415778252	209529.0	9	0.3837953091684435	1255.5	13	0.5543710021321961	837.0	0	0.0	837.0	0	0.0
login	19	140	211031.0	19	0.8102345415778252	211031.0	10	0.42643923240938164	1264.5	9	0.3837953091684435	843.0	0	0.0	843.0	0	0.0
login	19	141	212533.0	0	0.0	212533.0	19	0.8102345415778252	1273.5	10	0.42643923240938164	849.0	0	0.0	849.0	0	0.0
login	19	142	214035.0	19	0.8102345415778252	214035.0	7	0.29850746268656714	1282.5	20	0.8528784648187633	855.0	0	0.0	855.0	0	0.0
login	19	143	215537.0	0	0.0	215537.0	12	0.511727078891258	1291.5	31	1.3219616204690832	861.0	0	0.0	861.0	0	0.0
login	19	144	217039.0	19	0.8102345415778252	217039.0	14	0.5970149253731343	1300.5	29	1.236673773987207	867.0	0	0.0	867.0	0	0.0
login	19	145	218541.0	19	0.8102345415778252	218541.0	6	0.255863539445629	1309.5	24	1.023454157782516	873.0	0	0.0	873.0	0	0.0
login	19	146	220043.0	0	0.0	220043.0	18	0.767590618336887	1318.5	14	0.5970149253731343	879.0	0	0.0	879.0	0	0.0
login	19	147	221545.0	19	0.8102345415778252	221545.0	8	0.3411513859275053	1327.5	23	0.9808102345415778	885.0	0	0.0	885.0	0	0.0
login	19	148	223047.0	0	0.0	223047.0	11	0.4690831556503198	1336.5	12	0.511727078891258	891.0	0	0.0	891.0	0	0.0
login	19	149	224549.0	19	0.8102345415778252	224549.0	15	0.6396588486140725	1345.5	8	0.3411513859275053	897.0	0	0.0	897.0	0	0.0
login	19	150	226051.0	19	0.8102345415778252	226051.0	5	0.21321961620469082	1354.5	11	0.4690831556503198	903.0	0	0.0	903.0	0	0.0
login	19	151	227553.0	0	0.0	227553.0	18	0.767590618336887	1363.5	12	0.511727078891258	909.0	0	0.0	909.0	0	0.0
login	19	152	229055.0	19	0.8102345415778252	229055.0	11	0.4690831556503198	1372.5	12	0.511727078891258	915.0	0	0.0	915.0	0	0.0
login	19	153	230557.0	2	0.08528784648187633	230557.0	8	0.3411513859275053	1381.5	27	1.1513859275053304	921.0	0	0.0	921.0	0	0.0
login	19	154	232059.0	17	0.7249466950959488	232059.0	19	0.8102345415778252	1390.5	28	1.1940298507462686	927.0	0	0.0	927.0	0	0.0
login	19	155	233561.0	19	0.8102345415778252	233561.0	8	0.3411513859275053	1399.5	30	1.279317697228145	933.0	0	0.0	933.0	0	0.0
login	19	156	235063.0	0	0.0	235063.0	11	0.4690831556503198	1408.5	20	0.8528784648187633	939.0	0	0.0	939.0	0	0.0
login	19	157	236565.0	19	0.8102345415778252	236565.0	16	0.6823027718550106	1417.5	15	0.6396588486140725	945.0	0	0.0	945.0	0	0.0
login	19	158	238067.0	19	0.8102345415778252	238067.0	8	0.3411513859275053	1426.5	14	0.5970149253731343	951.0	0	0.0	951.0	0	0.0
login	19	159	239569.0	0	0.0	239569.0	14	0.5970149253731343	1435.5	8	0.3411513859275053	957.0	0	0.0	957.0	0	0.0
login	19	160	241071.0	19	0.8102345415778252	241071.0	12	0.511727078891258	1444.5	5	0.21321961620469082	963.0	0	0.0	963.0	0	0.0
login	19	161	242573.0	19	0.8102345415778252	242573.0	7	0.29850746268656714	1453.5	6	0.255863539445629	969.0	0	0.0	969.0	0	0.0
login	19	162	244075.0	0	0.0	244075.0	19	0.8102345415778252	1462.5	9	0.3837953091684435	975.0	0	0.0	975.0	0	0.0
login	19	163	245577.0	19	0.8102345415778252	245577.0	8	0.3411513859275053	1471.5	14	0.5970149253731343	981.0	0	0.0	981.0	0	0.0
login	19	164	247079.0	0	0.0	247079.0	11	0.4690831556503198	1480.5	26	1.1087420042643923	987.0	0	0.0	987.0	0	0.0
login	19	165	248581.0	19	0.8102345415778252	248581.0	16	0.6823027718550106	1489.5	19	0.8102345415778252	993.0	0	0.0	993.0	0	0.0
login	19	166	250083.0	19	0.8102345415778252	250083.0	7	0.29850746268656714	1498.5	11	0.4690831556503198	999.0	0	0.0	999.0	0	0.0
login	19	167	251585.0	0	0.0	251585.0	15	0.6396588486140725	1507.5	7	0.29850746268656714	1005.0	0	0.0	1005.0	0	0.0
login	19	168	253087.0	19	0.8102345415778252	253087.0	11	0.4690831556503198	1516.5	7	0.29850746268656714	1011.0	0	0.0	1011.0	0	0.0
login	19	169	254589.0	3	0.1279317697228145	254589.0	8	0.3411513859275053	1525.5	8	0.3411513859275053	1017.0	0	0.0	1017.0	0	0.0
login	19	170	256091.0	16	0.6823027718550106	256091.0	16	0.6823027718550106	1534.5	4	0.17057569296375266	1023.0	0	0.0	1023.0	0	0.0
login	19	171	257593.0	19	0.8102345415778252	257593.0	7	0.29850746268656714	1543.5	2	0.08528784648187633	1029.0	0	0.0	1029.0	0	0.0
login	19	172	259095.0	0	0.0	259095.0	15	0.6396588486140725	1552.5	3	0.1279317697228145	1035.0	0	0.0	1035.0	0	0.0
login	19	173	260597.0	19	0.8102345415778252	260597.0	12	0.511727078891258	1561.5	3	0.1279317697228145	1041.0	0	0.0	1041.0	0	0.0
login	19	174	262099.0	19	0.8102345415778252	262099.0	8	0.3411513859275053	1570.5	8	0.3411513859275053	1047.0	0	0.0	1047.0	0	0.0
login	19	175	263601.0	0	0.0	263601.0	18	0.767590618336887	1579.5	5	0.21321961620469082	1053.0	0	0.0	1053.0	0	0.0
login	19	176	265103.0	19	0.8102345415778252	265103.0	8	0.3411513859275053	1588.5	2	0.08528784648187633	1059.0	0	0.0	1059.0	0	0.0
login	19	177	266605.0	0	0.0	266605.0	11	0.4690831556503198	1597.5	4	0.17057569296375266	1065.0	0	0.0	1065.0	0	0.0
login	19	178	268107.0	19	0.8102345415778252	268107.0	16	0.6823027718550106	1606.5	1	0.042643923240938165	1071.0	0	0.0	1071.0	0	0.0
login	19	179	269609.0	19	0.8102345415778252	269609.0	5	0.21321961620469082	1615.5	4	0.17057569296375266	1077.0	0	0.0	1077.0	0	0.0
login	19	180	271111.0	0	0.0	271111.0	17	0.7249466950959488	1624.5	2	0.08528784648187633	1083.0	0	0.0	1083.0	0	0.0
login	19	181	272613.0	19	0.8102345415778252	272613.0	7	0.29850746268656714	1633.5	1	0.042643923240938165	1089.0	0	0.0	1089.0	0	0.0
login	19	182	274115.0	0	0.0	274115.0	12	0.511727078891258	1642.5	0	0.0	1095.0	0	0.0	1095.0	0	0.0
login	19	183	275617.0	19	0.8102345415778252	275617.0	12	0.511727078891258	1651.5	1	0.042643923240938165	1101.0	0	0.0	1101.0	0	0.0
login	19	184	277119.0	16	0.6823027718550106	277119.0	7	0.29850746268656714	1660.5	1	0.042643923240938165	1107.0	0	0.0	1107.0	0	0.0
login	19	185	278621.0	3	0.1279317697228145	278621.0	18	0.767590618336887	1669.5	0	0.0	1113.0	0	0.0	1113.0	0	0.0
login	19	186	280123.0	19	0.8102345415778252	280123.0	6	0.255863539445629	1678.5	2	0.08528784648187633	1119.0	0	0.0	1119.0	0	0.0
login	19	187	281625.0	0	0.0	281625.0	14	0.5970149253731343	1687.5	1	0.042643923240938165	1125.0	0	0.0	1125.0	0	0.0
login	19	188	283127.0	19	0.8102345415778252	283127.0	12	0.511727078891258	1696.5	1	0.042643923240938165	1131.0	0	0.0	1131.0	0	0.0
login	19	189	284629.0	19	0.8102345415778252	284629.0	7	0.29850746268656714	1705.5	0	0.0	1137.0	0	0.0	1137.0	0	0.0
login	19	190	286131.0	0	0.0	286131.0	19	0.8102345415778252	1714.5	0	0.0	1143.0	0	0.0	1143.0	0	0.0
login	19	191	287633.0	19	0.8102345415778252	287633.0	7	0.29850746268656714	1723.5	0	0.0	1149.0	0	0.0	1149.0	0	0.0
login	19	192	289135.0	0	0.0	289135.0	12	0.511727078891258	1732.5	0	0.0	1155.0	0	0.0	1155.0	0	0.0
login	19	193	290637.0	19	0.8102345415778252	290637.0	11	0.4690831556503198	1741.5	0	0.0	1161.0	0	0.0	1161.0	0	0.0
login	19	194	292139.0	0	0.0	292139.0	8	0.3411513859275053	1750.5	0	0.0	1167.0	0	0.0	1167.0	0	0.0
login	19	195	293641.0	19	0.8102345415778252	293641.0	16	0.6823027718550106	1759.5	0	0.0	1173.0	0	0.0	1173.0	0	0.0
login	19	196	295143.0	19	0.8102345415778252	295143.0	9	0.3837953091684435	1768.5	1	0.042643923240938165	1179.0	0	0.0	1179.0	0	0.0
login	19	197	296645.0	0	0.0	296645.0	13	0.5543710021321961	1777.5	0	0.0	1185.0	0	0.0	1185.0	0	0.0
login	19	198	298147.0	19	0.8102345415778252	298147.0	14	0.5970149253731343	1786.5	1	0.042643923240938165	1191.0	0	0.0	1191.0	0	0.0
login	19	199	299649.0	4	0.17057569296375266	299649.0	9	0.3837953091684435	1795.5	0	0.0	1197.0	0	0.0	1197.0	0	0.0
info	19	0	747.5	19	0.8116189662537378	747.5	19	0.8116189662537378	4.0	214	9.14139256727894	3.0	2341	100.0	3.0	2341	100.0
info	19	1	2242.5	16	0.6834686031610423	2242.5	6	0.25630072618539085	12.0	38	1.6232379325074755	9.0	0	0.0	9.0	0	0.0
info	19	2	3737.5	8	0.34173430158052115	3737.5	18	0.7689021785561726	20.0	63	2.6911576249466043	15.0	0	0.0	15.0	0	0.0
info	19	3	5232.5	19	0.8116189662537378	5232.5	19	0.8116189662537378	28.0	45	1.9222554463904316	21.0	0	0.0	21.0	0	0.0
info	19	4	6727.5	7	0.299017513882956	6727.5	0	0.0	36.0	27	1.1533532678342588	27.0	0	0.0	27.0	0	0.0
info	19	5	8222.5	12	0.5126014523707817	8222.5	19	0.8116189662537378	44.0	11	0.4698846646732166	33.0	0	0.0	33.0	0	0.0
info	19	6	9717.5	15	0.6407518154634771	9717.5	0	0.0	52.0	9	0.3844510892780863	39.0	0	0.0	39.0	0	0.0
info	19	7	11212.5	6	0.25630072618539085	11212.5	19	0.8116189662537378	60.0	24	1.0252029047415634	45.0	0	0.0	45.0	0	0.0
info	19	8	12707.5	17	0.7261853908586074	12707.5	19	0.8116189662537378	68.0	38	1.6232379325074755	51.0	0	0.0	51.0	0	0.0
info	19	9	14202.5	10	0.42716787697565145	14202.5	0	0.0	76.0	41	1.751388295600171	57.0	0	0.0	57.0	0	0.0
info	19	10	15697.5	9	0.3844510892780863	15697.5	19	0.8116189662537378	84.0	40	1.7086715079026058	63.0	0	0.0	63.0	0	0.0
info	19	11	17192.5	18	0.7689021785561726	17192.5	18	0.7689021785561726	92.0	29	1.2387868432293891	69.0	0	0.0	69.0	0	0.0
info	19	12	18687.5	7	0.299017513882956	18687.5	1	0.042716787697565144	100.0	24	1.0252029047415634	75.0	0	0.0	75.0	0	0.0
info	19	13	20182.5	13	0.5553182400683468	20182.5	19	0.8116189662537378	108.0	22	0.9397693293464332	81.0	0	0.0	81.0	0	0.0
info	19	14	21677.5	14	0.598035027765912	21677.5	0	0.0	116.0	20	0.8543357539513029	87.0	0	0.0	87.0	0	0.0
info	19	15	23172.5	8	0.34173430158052115	23172.5	19	0.8116189662537378	124.0	8	0.34173430158052115	93.0	0	0.0	93.0	0	0.0
info	19	16	24667.5	16	0.6834686031610423	24667.5	19	0.8116189662537378	132.0	7	0.299017513882956	99.0	0	0.0	99.0	0	0.0
info	19	17	26162.5	12	0.5126014523707817	26162.5	1	0.042716787697565144	140.0	7	0.299017513882956	105.0	0	0.0	105.0	0	0.0
info	19	18	27657.5	7	0.299017513882956	27657.5	18	0.7689021785561726	148.0	3	0.12815036309269542	111.0	0	0.0	111.0	0	0.0
info	19	19	29152.5	19	0.8116189662537378	29152.5	19	0.8116189662537378	156.0	9	0.3844510892780863	117.0	0	0.0	117.0	0	0.0
info	19	20	30647.5	7	0.299017513882956	30647.5	0	0.0	164.0	9	0.3844510892780863	123.0	0	0.0	123.0	0	0.0
info	19	21	32142.5	12	0.5126014523707817	32142.5	19	0.8116189662537378	172.0	7	0.299017513882956	129.0	0	0.0	129.0	0	0.0
info	19	22	33637.5	15	0.6407518154634771	33637.5	0	0.0	180.0	7	0.299017513882956	135.0	0	0.0	135.0	0	0.0
info	19	23	35132.5	7	0.299017513882956	35132.5	19	0.8116189662537378	188.0	10	0.42716787697565145	141.0	0	0.0	141.0	0	0.0
info	19	24	36627.5	16	0.6834686031610423	36627.5	19	0.8116189662537378	196.0	9	0.3844510892780863	147.0	0	0.0	147.0	0	0.0
info	19	25	38122.5	11	0.4698846646732166	38122.5	0	0.0	204.0	15	0.6407518154634771	153.0	0	0.0	153.0	0	0.0
info	19	26	39617.5	8	0.34173430158052115	39617.5	19	0.8116189662537378	212.0	7	0.299017513882956	159.0	0	0.0	159.0	0	0.0
info	19	27	41112.5	19	0.8116189662537378	41112.5	19	0.8116189662537378	220.0	8	0.34173430158052115	165.0	0	0.0	165.0	0	0.0
info	19	28	42607.5	4	0.17086715079026057	42607.5	0	0.0	228.0	6	0.25630072618539085	171.0	0	0.0	171.0	0	0.0
info	19	29	44102.5	15	0.6407518154634771	44102.5	19	0.8116189662537378	236.0	5	0.21358393848782573	177.0	0	0.0	177.0	0	0.0
info	19	30	45597.5	11	0.4698846646732166	45597.5	0	0.0	244.0	6	0.25630072618539085	183.0	0	0.0	183.0	0	0.0
info	19	31	47092.5	8	0.34173430158052115	47092.5	19	0.8116189662537378	252.0	2	0.08543357539513029	189.0	0	0.0	189.0	0	0.0
info	19	32	48587.5	16	0.6834686031610423	48587.5	16	0.6834686031610423	260.0	4	0.17086715079026057	195.0	0	0.0	195.0	0	0.0
info	19	33	50082.5	7	0.299017513882956	50082.5	3	0.12815036309269542	268.0	2	0.08543357539513029	201.0	0	0.0	201.0	0	0.0
info	19	34	51577.5	15	0.6407518154634771	51577.5	19	0.8116189662537378	276.0	9	0.3844510892780863	207.0	0	0.0	207.0	0	0.0
info	19	35	53072.5	10	0.42716787697565145	53072.5	0	0.0	284.0	11	0.4698846646732166	213.0	0	0.0	213.0	0	0.0
info	19	36	54567.5	9	0.3844510892780863	54567.5	19	0.8116189662537378	292.0	23	0.9824861170439984	219.0	0	0.0	219.0	0	0.0
info	19	37	56062.5	16	0.6834686031610423	56062.5	16	0.6834686031610423	300.0	30	1.2815036309269543	225.0	0	0.0	225.0	0	0.0
info	19	38	57557.5	8	0.34173430158052115	57557.5	3	0.12815036309269542	308.0	25	1.0679196924391285	231.0	0	0.0	231.0	0	0.0
info	19	39	59052.5	14	0.598035027765912	59052.5	19	0.8116189662537378	316.0	23	0.9824861170439984	237.0	0	0.0	237.0	0	0.0
info	19	40	60547.5	11	0.4698846646732166	60547.5	0	0.0	324.0	19	0.8116189662537378	243.0	0	0.0	243.0	0	0.0
info	19	41	62042.5	8	0.34173430158052115	62042.5	19	0.8116189662537378	332.0	9	0.3844510892780863	249.0	0	0.0	249.0	0	0.0
info	19	42	63537.5	19	0.8116189662537378	63537.5	19	0.8116189662537378	340.0	11	0.4698846646732166	255.0	0	0.0	255.0	0	0.0
info	19	43	65032.5	7	0.299017513882956	65032.5	0	0.0	348.0	5	0.21358393848782573	261.0	0	0.0	261.0	0	0.0
info	19	44	66527.5	12	0.5126014523707817	66527.5	19	0.8116189662537378	356.0	10	0.42716787697565145	267.0	0	0.0	267.0	0	0.0
info	19	45	68022.5	13	0.5553182400683468	68022.5	0	0.0	364.0	5	0.21358393848782573	273.0	0	0.0	273.0	0	0.0
info	19	46	69517.5	7	0.299017513882956	69517.5	19	0.8116189662537378	372.0	6	0.25630072618539085	279.0	0	0.0	279.0	0	0.0
info	19	47	71012.5	18	0.7689021785561726	71012.5	19	0.8116189662537378	380.0	25	1.0679196924391285	285.0	0	0.0	285.0	0	0.0
info	19	48	72507.5	7	0.299017513882956	72507.5	0	0.0	388.0	31	1.3242204186245194	291.0	0	0.0	291.0	0	0.0
info	19	49	74002.5	12	0.5126014523707817	74002.5	19	0.8116189662537378	396.0	26	1.1106364801366937	297.0	0	0.0	297.0	0	0.0
info	19	50	75497.5	13	0.5553182400683468	75497.5	0	0.0	404.0	23	0.9824861170439984	303.0	0	0.0	303.0	0	0.0
info	19	51	76992.5	6	0.25630072618539085	76992.5	19	0.8116189662537378	412.0	20	0.8543357539513029	309.0	0	0.0	309.0	0	0.0
info	19	52	78487.5	19	0.8116189662537378	78487.5	19	0.8116189662537378	420.0	11	0.4698846646732166	315.0	0	0.0	315.0	0	0.0
info	19	53	79982.5	7	0.299017513882956	79982.5	0	0.0	428.0	9	0.3844510892780863	321.0	0	0.0	321.0	0	0.0
info	19	54	81477.5	12	0.5126014523707817	81477.5	19	0.8116189662537378	436.0	8	0.34173430158052115	327.0	0	0.0	327.0	0	0.0
info	19	55	82972.5	13	0.5553182400683468	82972.5	0	0.0	444.0	8	0.34173430158052115	333.0	0	0.0	333.0	0	0.0
info	19	56	84467.5	7	0.299017513882956	84467.5	19	0.8116189662537378	452.0	4	0.17086715079026057	339.0	0	0.0	339.0	0	0.0
info	19	57	85962.5	18	0.7689021785561726	85962.5	19	0.8116189662537378	460.0	7	0.299017513882956	345.0	0	0.0	345.0	0	0.0
info	19	58	87457.5	7	0.299017513882956	87457.5	0	0.0	468.0	9	0.3844510892780863	351.0	0	0.0	351.0	0	0.0
info	19	59	88952.5	12	0.5126014523707817	88952.5	19	0.8116189662537378	476.0	21	0.897052541648868	357.0	0	0.0	357.0	0	0.0
info	19	60	90447.5	16	0.6834686031610423	90447.5	0	0.0	484.0	23	0.9824861170439984	363.0	0	0.0	363.0	0	0.0
info	19	61	91942.5	8	0.34173430158052115	91942.5	19	0.8116189662537378	492.0	20	0.8543357539513029	369.0	0	0.0	369.0	0	0.0
info	19	62	93437.5	14	0.598035027765912	93437.5	19	0.8116189662537378	500.0	22	0.9397693293464332	375.0	0	0.0	375.0	0	0.0
info	19	63	94932.5	11	0.4698846646732166	94932.5	0	0.0	508.0	13	0.5553182400683468	381.0	0	0.0	381.0	0	0.0
info	19	64	96427.5	8	0.34173430158052115	96427.5	19	0.8116189662537378	516.0	13	0.5553182400683468	387.0	0	0.0	387.0	0	0.0
info	19	65	97922.5	16	0.6834686031610423	97922.5	16	0.6834686031610423	524.0	10	0.42716787697565145	393.0	0	0.0	393.0	0	0.0
info	19	66	99417.5	9	0.3844510892780863	99417.5	3	0.12815036309269542	532.0	13	0.5553182400683468	399.0	0	0.0	399.0	0	0.0
info	19	67	100912.5	13	0.5553182400683468	100912.5	19	0.8116189662537378	540.0	11	0.4698846646732166	405.0	0	0.0	405.0	0	0.0
info	19	68	102407.5	13	0.5553182400683468	102407.5	0	0.0	548.0	6	0.25630072618539085	411.0	0	0.0	411.0	0	0.0
info	19	69	103902.5	7	0.299017513882956	103902.5	19	0.8116189662537378	556.0	4	0.17086715079026057	417.0	0	0.0	417.0	0	0.0
info	19	70	105397.5	18	0.7689021785561726	105397.5	19	0.8116189662537378	564.0	8	0.34173430158052115	423.0	0	0.0	423.0	0	0.0
info	19	71	106892.5	6	0.25630072618539085	106892.5	0	0.0	572.0	12	0.5126014523707817	429.0	0	0.0	429.0	0	0.0
info	19	72	108387.5	13	0.5553182400683468	108387.5	19	0.8116189662537378	580.0	13	0.5553182400683468	435.0	0	0.0	435.0	0	0.0
info	19	73	109882.5	12	0.5126014523707817	109882.5	0	0.0	588.0	22	0.9397693293464332	441.0	0	0.0	441.0	0	0.0
info	19	74	111377.5	7	0.299017513882956	111377.5	19	0.8116189662537378	596.0	23	0.9824861170439984	447.0	0	0.0	447.0	0	0.0
info	19	75	112872.5	19	0.8116189662537378	112872.5	19	0.8116189662537378	604.0	31	1.3242204186245194	453.0	0	0.0	453.0	0	0.0
info	19	76	114367.5	8	0.34173430158052115	114367.5	0	0.0	612.0	21	0.897052541648868	459.0	0	0.0	459.0	0	0.0
info	19	77	115862.5	11	0.4698846646732166	115862.5	19	0.8116189662537378	620.0	17	0.7261853908586074	465.0	0	0.0	465.0	0	0.0
info	19	78	117357.5	14	0.598035027765912	117357.5	0	0.0	628.0	11	0.4698846646732166	471.0	0	0.0	471.0	0	0.0
info	19	79	118852.5	4	0.17086715079026057	118852.5	18	0.7689021785561726	636.0	9	0.3844510892780863	477.0	0	0.0	477.0	0	0.0
info	19	80	120347.5	19	0.8116189662537378	120347.5	19	0.8116189662537378	644.0	5	0.21358393848782573	483.0	0	0.0	483.0	0	0.0
info	19	81	121842.5	9	0.3844510892780863	121842.5	0	0.0	652.0	3	0.12815036309269542	489.0	0	0.0	489.0	0	0.0
info	19	82	123337.5	10	0.42716787697565145	123337.5	19	0.8116189662537378	660.0	8	0.34173430158052115	495.0	0	0.0	495.0	0	0.0
info	19	83	124832.5	16	0.6834686031610423	124832.5	16	0.6834686031610423	668.0	6	0.25630072618539085	501.0	0	0.0	501.0	0	0.0
info	19	84	126327.5	7	0.299017513882956	126327.5	3	0.12815036309269542	676.0	17	0.7261853908586074	507.0	0	0.0	507.0	0	0.0
info	19	85	127822.5	15	0.6407518154634771	127822.5	19	0.8116189662537378	684.0	18	0.7689021785561726	513.0	0	0.0	513.0	0	0.0
info	19	86	129317.5	13	0.5553182400683468	129317.5	1	0.042716787697565144	692.0	18	0.7689021785561726	519.0	0	0.0	519.0	0	0.0
info	19	87	130812.5	6	0.25630072618539085	130812.5	18	0.7689021785561726	700.0	21	0.897052541648868	525.0	0	0.0	525.0	0	0.0
info	19	88	132307.5	19	0.8116189662537378	132307.5	19	0.8116189662537378	708.0	10	0.42716787697565145	531.0	0	0.0	531.0	0	0.0
info	19	89	133802.5	10	0.42716787697565145	133802.5	0	0.0	716.0	13	0.5553182400683468	537.0	0	0.0	537.0	0	0.0
info	19	90	135297.5	9	0.3844510892780863	135297.5	19	0.8116189662537378	724.0	5	0.21358393848782573	543.0	0	0.0	543.0	0	0.0
info	19	91	136792.5	19	0.8116189662537378	136792.5	19	0.8116189662537378	732.0	10	0.42716787697565145	549.0	0	0.0	549.0	0	0.0
info	19	92	138287.5	5	0.21358393848782573	138287.5	0	0.0	740.0	3	0.12815036309269542	555.0	0	0.0	555.0	0	0.0
info	19	93	139782.5	14	0.598035027765912	139782.5	19	0.8116189662537378	748.0	0	0.0	561.0	0	0.0	561.0	0	0.0
info	19	94	141277.5	12	0.5126014523707817	141277.5	0	0.0	756.0	4	0.17086715079026057	567.0	0	0.0	567.0	0	0.0
info	19	95	142772.5	9	0.3844510892780863	142772.5	19	0.8116189662537378	764.0	14	0.598035027765912	573.0	0	0.0	573.0	0	0.0
info	19	96	144267.5	17	0.7261853908586074	144267.5	19	0.8116189662537378	772.0	12	0.5126014523707817	579.0	0	0.0	579.0	0	0.0
info	19	97	145762.5	12	0.5126014523707817	145762.5	0	0.0	780.0	17	0.7261853908586074	585.0	0	0.0	585.0	0	0.0
info	19	98	147257.5	7	0.299017513882956	147257.5	19	0.8116189662537378	788.0	14	0.598035027765912	591.0	0	0.0	591.0	0	0.0
info	19	99	148752.5	19	0.8116189662537378	148752.5	19	0.8116189662537378	796.0	18	0.7689021785561726	597.0	0	0.0	597.0	0	0.0
info	19	100	150247.5	6	0.25630072618539085	150247.5	0	0.0	804.0	14	0.598035027765912	603.0	0	0.0	603.0	0	0.0
info	19	101	151742.5	13	0.5553182400683468	151742.5	19	0.8116189662537378	812.0	14	0.598035027765912	609.0	0	0.0	609.0	0	0.0
info	19	102	153237.5	12	0.5126014523707817	153237.5	0	0.0	820.0	16	0.6834686031610423	615.0	0	0.0	615.0	0	0.0
info	19	103	154732.5	7	0.299017513882956	154732.5	19	0.8116189662537378	828.0	19	0.8116189662537378	621.0	0	0.0	621.0	0	0.0
info	19	104	156227.5	19	0.8116189662537378	156227.5	19	0.8116189662537378	836.0	12	0.5126014523707817	627.0	0	0.0	627.0	0	0.0
info	19	105	157722.5	8	0.34173430158052115	157722.5	0	0.0	844.0	7	0.299017513882956	633.0	0	0.0	633.0	0	0.0
info	19	106	159217.5	11	0.4698846646732166	159217.5	19	0.8116189662537378	852.0	9	0.3844510892780863	639.0	0	0.0	639.0	0	0.0
info	19	107	160712.5	15	0.6407518154634771	160712.5	0	0.0	860.0	14	0.598035027765912	645.0	0	0.0	645.0	0	0.0
info	19	108	162207.5	9	0.3844510892780863	162207.5	19	0.8116189662537378	868.0	9	0.3844510892780863	651.0	0	0.0	651.0	0	0.0
info	19	109	163702.5	14	0.598035027765912	163702.5	19	0.8116189662537378	876.0	14	0.598035027765912	657.0	0	0.0	657.0	0	0.0
info	19	110	165197.5	12	0.5126014523707817	165197.5	0	0.0	884.0	32	1.3669372063220846	663.0	0	0.0	663.0	0	0.0
info	19	111	166692.5	7	0.299017513882956	166692.5	19	0.8116189662537378	892.0	28	1.196070055531824	669.0	0	0.0	669.0	0	0.0
info	19	112	168187.5	19	0.8116189662537378	168187.5	19	0.8116189662537378	900.0	32	1.3669372063220846	675.0	0	0.0	675.0	0	0.0
info	19	113	169682.5	7	0.299017513882956	169682.5	0	0.0	908.0	18	0.7689021785561726	681.0	0	0.0	681.0	0	0.0
info	19	114	171177.5	12	0.5126014523707817	171177.5	19	0.8116189662537378	916.0	14	0.598035027765912	687.0	0	0.0	687.0	0	0.0
info	19	115	172672.5	14	0.598035027765912	172672.5	1	0.042716787697565144	924.0	9	0.3844510892780863	693.0	0	0.0	693.0	0	0.0
info	19	116	174167.5	6	0.25630072618539085	174167.5	18	0.7689021785561726	932.0	13	0.5553182400683468	699.0	0	0.0	699.0	0	0.0
info	19	117	175662.5	18	0.7689021785561726	175662.5	19	0.8116189662537378	940.0	7	0.299017513882956	705.0	0	0.0	705.0	0	0.0
info	19	118	177157.5	9	0.3844510892780863	177157.5	0	0.0	948.0	9	0.3844510892780863	711.0	0	0.0	711.0	0	0.0
info	19	119	178652.5	10	0.42716787697565145	178652.5	19	0.8116189662537378	956.0	8	0.34173430158052115	717.0	0	0.0	717.0	0	0.0
info	19	120	180147.5	15	0.6407518154634771	180147.5	0	0.0	964.0	17	0.7261853908586074	723.0	0	0.0	723.0	0	0.0
info	19	121	181642.5	4	0.17086715079026057	181642.5	19	0.8116189662537378	972.0	13	0.5553182400683468	729.0	0	0.0	729.0	0	0.0
info	19	122	183137.5	19	0.8116189662537378	183137.5	19	0.8116189662537378	980.0	18	0.7689021785561726	735.0	0	0.0	735.0	0	0.0
info	19	123	184632.5	7	0.299017513882956	184632.5	0	0.0	988.0	23	0.9824861170439984	741.0	0	0.0	741.0	0	0.0
info	19	124	186127.5	12	0.5126014523707817	186127.5	19	0.8116189662537378	996.0	27	1.1533532678342588	747.0	0	0.0	747.0	0	0.0
info	19	125	187622.5	12	0.5126014523707817	187622.5	0	0.0	1004.0	19	0.8116189662537378	753.0	0	0.0	753.0	0	0.0
info	19	126	189117.5	7	0.299017513882956	189117.5	19	0.8116189662537378	1012.0	18	0.7689021785561726	759.0	0	0.0	759.0	0	0.0
info	19	127	190612.5	19	0.8116189662537378	190612.5	19	0.8116189662537378	1020.0	13	0.5553182400683468	765.0	0	0.0	765.0	0	0.0
info	19	128	192107.5	6	0.25630072618539085	192107.5	0	0.0	1028.0	14	0.598035027765912	771.0	0	0.0	771.0	0	0.0
info	19	129	193602.5	13	0.5553182400683468	193602.5	19	0.8116189662537378	1036.0	11	0.4698846646732166	777.0	0	0.0	777.0	0	0.0
info	19	130	195097.5	13	0.5553182400683468	195097.5	1	0.042716787697565144	1044.0	3	0.12815036309269542	783.0	0	0.0	783.0	0	0.0
info	19	131	196592.5	8	0.34173430158052115	196592.5	18	0.7689021785561726	1052.0	9	0.3844510892780863	789.0	0	0.0	789.0	0	0.0
info	19	132	198087.5	17	0.7261853908586074	198087.5	19	0.8116189662537378	1060.0	4	0.17086715079026057	795.0	0	0.0	795.0	0	0.0
info	19	133	199582.5	10	0.42716787697565145	199582.5	0	0.0	1068.0	11	0.4698846646732166	801.0	0	0.0	801.0	0	0.0
info	19	134	201077.5	9	0.3844510892780863	201077.5	19	0.8116189662537378	1076.0	7	0.299017513882956	807.0	0	0.0	807.0	0	0.0
info	19	135	202572.5	17	0.7261853908586074	202572.5	17	0.7261853908586074	1084.0	15	0.6407518154634771	813.0	0	0.0	813.0	0	0.0
info	19	136	204067.5	7	0.299017513882956	204067.5	2	0.08543357539513029	1092.0	15	0.6407518154634771	819.0	0	0.0	819.0	0	0.0
info	19	137	205562.5	14	0.598035027765912	205562.5	19	0.8116189662537378	1100.0	15	0.6407518154634771	825.0	0	0.0	825.0	0	0.0
info	19	138	207057.5	12	0.5126014523707817	207057.5	0	0.0	1108.0	13	0.5553182400683468	831.0	0	0.0	831.0	0	0.0
info	19	139	208552.5	8	0.34173430158052115	208552.5	19	0.8116189662537378	1116.0	11	0.4698846646732166	837.0	0	0.0	837.0	0	0.0
info	19	140	210047.5	18	0.7689021785561726	210047.5	19	0.8116189662537378	1124.0	10	0.42716787697565145	843.0	0	0.0	843.0	0	0.0
info	19	141	211542.5	10	0.42716787697565145	211542.5	0	0.0	1132.0	10	0.42716787697565145	849.0	0	0.0	849.0	0	0.0
info	19	142	213037.5	9	0.3844510892780863	213037.5	19	0.8116189662537378	1140.0	3	0.12815036309269542	855.0	0	0.0	855.0	0	0.0
info	19	143	214532.5	17	0.7261853908586074	214532.5	17	0.7261853908586074	1148.0	2	0.08543357539513029	861.0	0	0.0	861.0	0	0.0
info	19	144	216027.5	8	0.34173430158052115	216027.5	2	0.08543357539513029	1156.0	2	0.08543357539513029	867.0	0	0.0	867.0	0	0.0
info	19	145	217522.5	13	0.5553182400683468	217522.5	19	0.8116189662537378	1164.0	7	0.299017513882956	873.0	0	0.0	873.0	0	0.0
info	19	146	219017.5	11	0.4698846646732166	219017.5	0	0.0	1172.0	2	0.08543357539513029	879.0	0	0.0	879.0	0	0.0
info	19	147	220512.5	8	0.34173430158052115	220512.5	19	0.8116189662537378	1180.0	7	0.299017513882956	885.0	0	0.0	885.0	0	0.0
info	19	148	222007.5	16	0.6834686031610423	222007.5	16	0.6834686031610423	1188.0	4	0.17086715079026057	891.0	0	0.0	891.0	0	0.0
info	19	149	223502.5	9	0.3844510892780863	223502.5	3	0.12815036309269542	1196.0	7	0.299017513882956	897.0	0	0.0	897.0	0	0.0
info	19	150	224997.5	13	0.5553182400683468	224997.5	19	0.8116189662537378	1204.0	9	0.3844510892780863	903.0	0	0.0	903.0	0	0.0
info	19	151	226492.5	11	0.4698846646732166	226492.5	0	0.0	1212.0	3	0.12815036309269542	909.0	0	0.0	909.0	0	0.0
info	19	152	227987.5	9	0.3844510892780863	227987.5	19	0.8116189662537378	1220.0	3	0.12815036309269542	915.0	0	0.0	915.0	0	0.0
info	19	153	229482.5	18	0.7689021785561726	229482.5	19	0.8116189662537378	1228.0	1	0.042716787697565144	921.0	0	0.0	921.0	0	0.0
info	19	154	230977.5	9	0.3844510892780863	230977.5	0	0.0	1236.0	3	0.12815036309269542	927.0	0	0.0	927.0	0	0.0
info	19	155	232472.5	10	0.42716787697565145	232472.5	19	0.8116189662537378	1244.0	0	0.0	933.0	0	0.0	933.0	0	0.0
info	19	156	233967.5	18	0.7689021785561726	233967.5	18	0.7689021785561726	1252.0	0	0.0	939.0	0	0.0	939.0	0	0.0
info	19	157	235462.5	7	0.299017513882956	235462.5	1	0.042716787697565144	1260.0	1	0.042716787697565144	945.0	0	0.0	945.0	0	0.0
info	19	158	236957.5	13	0.5553182400683468	236957.5	19	0.8116189662537378	1268.0	1	0.042716787697565144	951.0	0	0.0	951.0	0	0.0
info	19	159	238452.5	13	0.5553182400683468	238452.5	0	0.0	1276.0	0	0.0	957.0	0	0.0	957.0	0	0.0
info	19	160	239947.5	7	0.299017513882956	239947.5	19	0.8116189662537378	1284.0	2	0.08543357539513029	963.0	0	0.0	963.0	0	0.0
info	19	161	241442.5	18	0.7689021785561726	241442.5	19	0.8116189662537378	1292.0	3	0.12815036309269542	969.0	0	0.0	969.0	0	0.0
info	19	162	242937.5	8	0.34173430158052115	242937.5	0	0.0	1300.0	2	0.08543357539513029	975.0	0	0.0	975.0	0	0.0
info	19	163	244432.5	11	0.4698846646732166	244432.5	19	0.8116189662537378	1308.0	0	0.0	981.0	0	0.0	981.0	0	0.0
info	19	164	245927.5	16	0.6834686031610423	245927.5	8	0.34173430158052115	1316.0	0	0.0	987.0	0	0.0	987.0	0	0.0
info	19	165	247422.5	8	0.34173430158052115	247422.5	11	0.4698846646732166	1324.0	0	0.0	993.0	0	0.0	993.0	0	0.0
info	19	166	248917.5	14	0.598035027765912	248917.5	19	0.8116189662537378	1332.0	1	0.042716787697565144	999.0	0	0.0	999.0	0	0.0
info	19	167	250412.5	11	0.4698846646732166	250412.5	1	0.042716787697565144	1340.0	0	0.0	1005.0	0	0.0	1005.0	0	0.0
info	19	168	251907.5	8	0.34173430158052115	251907.5	18	0.7689021785561726	1348.0	0	0.0	1011.0	0	0.0	1011.0	0	0.0
info	19	169	253402.5	18	0.7689021785561726	253402.5	18	0.7689021785561726	1356.0	0	0.0	1017.0	0	0.0	1017.0	0	0.0
info	19	170	254897.5	5	0.21358393848782573	254897.5	1	0.042716787697565144	1364.0	0	0.0	1023.0	0	0.0	1023.0	0	0.0
info	19	171	256392.5	15	0.6407518154634771	256392.5	19	0.8116189662537378	1372.0	0	0.0	1029.0	0	0.0	1029.0	0	0.0
info	19	172	257887.5	9	0.3844510892780863	257887.5	0	0.0	1380.0	1	0.042716787697565144	1035.0	0	0.0	1035.0	0	0.0
info	19	173	259382.5	10	0.42716787697565145	259382.5	19	0.8116189662537378	1388.0	0	0.0	1041.0	0	0.0	1041.0	0	0.0
info	19	174	260877.5	19	0.8116189662537378	260877.5	19	0.8116189662537378	1396.0	0	0.0	1047.0	0	0.0	1047.0	0	0.0
info	19	175	262372.5	8	0.34173430158052115	262372.5	0	0.0	1404.0	0	0.0	1053.0	0	0.0	1053.0	0	0.0
info	19	176	263867.5	11	0.4698846646732166	263867.5	19	0.8116189662537378	1412.0	0	0.0	1059.0	0	0.0	1059.0	0	0.0
info	19	177	265362.5	15	0.6407518154634771	265362.5	0	0.0	1420.0	0	0.0	1065.0	0	0.0	1065.0	0	0.0
info	19	178	266857.5	7	0.299017513882956	266857.5	19	0.8116189662537378	1428.0	1	0.042716787697565144	1071.0	0	0.0	1071.0	0	0.0
info	19	179	268352.5	16	0.6834686031610423	268352.5	19	0.8116189662537378	1436.0	0	0.0	1077.0	0	0.0	1077.0	0	0.0
info	19	180	269847.5	11	0.4698846646732166	269847.5	0	0.0	1444.0	0	0.0	1083.0	0	0.0	1083.0	0	0.0
info	19	181	271342.5	8	0.34173430158052115	271342.5	19	0.8116189662537378	1452.0	0	0.0	1089.0	0	0.0	1089.0	0	0.0
info	19	182	272837.5	14	0.598035027765912	272837.5	0	0.0	1460.0	0	0.0	1095.0	0	0.0	1095.0	0	0.0
info	19	183	274332.5	6	0.25630072618539085	274332.5	19	0.8116189662537378	1468.0	0	0.0	1101.0	0	0.0	1101.0	0	0.0
info	19	184	275827.5	16	0.6834686031610423	275827.5	16	0.6834686031610423	1476.0	0	0.0	1107.0	0	0.0	1107.0	0	0.0
info	19	185	277322.5	6	0.25630072618539085	277322.5	3	0.12815036309269542	1484.0	0	0.0	1113.0	0	0.0	1113.0	0	0.0
info	19	186	278817.5	15	0.6407518154634771	278817.5	19	0.8116189662537378	1492.0	0	0.0	1119.0	0	0.0	1119.0	0	0.0
info	19	187	280312.5	11	0.4698846646732166	280312.5	0	0.0	1500.0	0	0.0	1125.0	0	0.0	1125.0	0	0.0
info	19	188	281807.5	8	0.34173430158052115	281807.5	19	0.8116189662537378	1508.0	0	0.0	1131.0	0	0.0	1131.0	0	0.0
info	19	189	283302.5	18	0.7689021785561726	283302.5	18	0.7689021785561726	1516.0	0	0.0	1137.0	0	0.0	1137.0	0	0.0
info	19	190	284797.5	7	0.299017513882956	284797.5	1	0.042716787697565144	1524.0	0	0.0	1143.0	0	0.0	1143.0	0	0.0
info	19	191	286292.5	13	0.5553182400683468	286292.5	19	0.8116189662537378	1532.0	0	0.0	1149.0	0	0.0	1149.0	0	0.0
info	19	192	287787.5	12	0.5126014523707817	287787.5	0	0.0	1540.0	0	0.0	1155.0	0	0.0	1155.0	0	0.0
info	19	193	289282.5	7	0.299017513882956	289282.5	19	0.8116189662537378	1548.0	0	0.0	1161.0	0	0.0	1161.0	0	0.0
info	19	194	290777.5	15	0.6407518154634771	290777.5	0	0.0	1556.0	0	0.0	1167.0	0	0.0	1167.0	0	0.0
info	19	195	292272.5	5	0.21358393848782573	292272.5	19	0.8116189662537378	1564.0	0	0.0	1173.0	0	0.0	1173.0	0	0.0
info	19	196	293767.5	18	0.7689021785561726	293767.5	19	0.8116189662537378	1572.0	0	0.0	1179.0	0	0.0	1179.0	0	0.0
info	19	197	295262.5	12	0.5126014523707817	295262.5	0	0.0	1580.0	0	0.0	1185.0	0	0.0	1185.0	0	0.0
info	19	198	296757.5	7	0.299017513882956	296757.5	19	0.8116189662537378	1588.0	0	0.0	1191.0	0	0.0	1191.0	0	0.0
info	19	199	298252.5	19	0.8116189662537378	298252.5	19	0.8116189662537378	1596.0	0	0.0	1197.0	0	0.0	1197.0	0	0.0
home	19	0	747.0	20	0.8543357539513029	747.0	19	0.8116189662537378	3.0	236	10.081161896625375	3.0	2341	100.0	3.0	2341	100.0
home	19	1	2241.0	11	0.4698846646732166	2241.0	5	0.21358393848782573	9.0	57	2.4348568987612134	9.0	0	0.0	9.0	0	0.0
home	19	2	3735.0	12	0.5126014523707817	3735.0	19	0.8116189662537378	15.0	57	2.4348568987612134	15.0	0	0.0	15.0	0	0.0
home	19	3	5229.0	19	0.8116189662537378	5229.0	19	0.8116189662537378	21.0	141	6.023067065356686	21.0	0	0.0	21.0	0	0.0
home	19	4	6723.0	0	0.0	6723.0	0	0.0	27.0	151	6.450234942332337	27.0	0	0.0	27.0	0	0.0
home	19	5	8217.0	19	0.8116189662537378	8217.0	19	0.8116189662537378	33.0	159	6.791969243912858	33.0	0	0.0	33.0	0	0.0
home	19	6	9711.0	0	0.0	9711.0	0	0.0	39.0	79	3.3746262281076462	39.0	0	0.0	39.0	0	0.0
home	19	7	11205.0	19	0.8116189662537378	11205.0	19	0.8116189662537378	45.0	60	2.5630072618539086	45.0	0	0.0	45.0	0	0.0
home	19	8	12699.0	19	0.8116189662537378	12699.0	19	0.8116189662537378	51.0	29	1.2387868432293891	51.0	0	0.0	51.0	0	0.0
home	19	9	14193.0	0	0.0	14193.0	0	0.0	57.0	20	0.8543357539513029	57.0	0	0.0	57.0	0	0.0
home	19	10	15687.0	19	0.8116189662537378	15687.0	19	0.8116189662537378	63.0	63	2.6911576249466043	63.0	0	0.0	63.0	0	0.0
home	19	11	17181.0	19	0.8116189662537378	17181.0	19	0.8116189662537378	69.0	101	4.3143955574540795	69.0	0	0.0	69.0	0	0.0
home	19	12	18675.0	0	0.0	18675.0	0	0.0	75.0	168	7.176420333190944	75.0	0	0.0	75.0	0	0.0
home	19	13	20169.0	19	0.8116189662537378	20169.0	19	0.8116189662537378	81.0	181	7.731738573259291	81.0	0	0.0	81.0	0	0.0
home	19	14	21663.0	0	0.0	21663.0	0	0.0	87.0	158	6.7492524562152925	87.0	0	0.0	87.0	0	0.0
home	19	15	23157.0	19	0.8116189662537378	23157.0	19	0.8116189662537378	93.0	165	7.048269970098248	93.0	0	0.0	93.0	0	0.0
home	19	16	24651.0	19	0.8116189662537378	24651.0	19	0.8116189662537378	99.0	164	7.005553182400684	99.0	0	0.0	99.0	0	0.0
home	19	17	26145.0	1	0.042716787697565144	26145.0	0	0.0	105.0	83	3.545493378897907	105.0	0	0.0	105.0	0	0.0
home	19	18	27639.0	18	0.7689021785561726	27639.0	19	0.8116189662537378	111.0	76	3.246475865014951	111.0	0	0.0	111.0	0	0.0
home	19	19	29133.0	19	0.8116189662537378	29133.0	19	0.8116189662537378	117.0	27	1.1533532678342588	117.0	0	0.0	117.0	0	0.0
home	19	20	30627.0	0	0.0	30627.0	0	0.0	123.0	7	0.299017513882956	123.0	0	0.0	123.0	0	0.0
home	19	21	32121.0	19	0.8116189662537378	32121.0	19	0.8116189662537378	129.0	8	0.34173430158052115	129.0	0	0.0	129.0	0	0.0
home	19	22	33615.0	6	0.25630072618539085	33615.0	0	0.0	135.0	5	0.21358393848782573	135.0	0	0.0	135.0	0	0.0
home	19	23	35109.0	13	0.5553182400683468	35109.0	19	0.8116189662537378	141.0	5	0.21358393848782573	141.0	0	0.0	141.0	0	0.0
home	19	24	36603.0	19	0.8116189662537378	36603.0	19	0.8116189662537378	147.0	12	0.5126014523707817	147.0	0	0.0	147.0	0	0.0
home	19	25	38097.0	0	0.0	38097.0	0	0.0	153.0	23	0.9824861170439984	153.0	0	0.0	153.0	0	0.0
home	19	26	39591.0	19	0.8116189662537378	39591.0	19	0.8116189662537378	159.0	33	1.4096539940196497	159.0	0	0.0	159.0	0	0.0
home	19	27	41085.0	19	0.8116189662537378	41085.0	19	0.8116189662537378	165.0	20	0.8543357539513029	165.0	0	0.0	165.0	0	0.0
home	19	28	42579.0	0	0.0	42579.0	0	0.0	171.0	7	0.299017513882956	171.0	0	0.0	171.0	0	0.0
home	19	29	44073.0	19	0.8116189662537378	44073.0	19	0.8116189662537378	177.0	5	0.21358393848782573	177.0	0	0.0	177.0	0	0.0
home	19	30	45567.0	0	0.0	45567.0	0	0.0	183.0	6	0.25630072618539085	183.0	0	0.0	183.0	0	0.0
home	19	31	47061.0	19	0.8116189662537378	47061.0	19	0.8116189662537378	189.0	6	0.25630072618539085	189.0	0	0.0	189.0	0	0.0
home	19	32	48555.0	18	0.7689021785561726	48555.0	18	0.7689021785561726	195.0	2	0.08543357539513029	195.0	0	0.0	195.0	0	0.0
home	19	33	50049.0	1	0.042716787697565144	50049.0	1	0.042716787697565144	201.0	3	0.12815036309269542	201.0	0	0.0	201.0	0	0.0
home	19	34	51543.0	19	0.8116189662537378	51543.0	19	0.8116189662537378	207.0	0	0.0	207.0	0	0.0	207.0	0	0.0
home	19	35	53037.0	0	0.0	53037.0	0	0.0	213.0	0	0.0	213.0	0	0.0	213.0	0	0.0
home	19	36	54531.0	19	0.8116189662537378	54531.0	19	0.8116189662537378	219.0	0	0.0	219.0	0	0.0	219.0	0	0.0
home	19	37	56025.0	16	0.6834686031610423	56025.0	16	0.6834686031610423	225.0	1	0.042716787697565144	225.0	0	0.0	225.0	0	0.0
home	19	38	57519.0	3	0.12815036309269542	57519.0	3	0.12815036309269542	231.0	0	0.0	231.0	0	0.0	231.0	0	0.0
home	19	39	59013.0	19	0.8116189662537378	59013.0	19	0.8116189662537378	237.0	0	0.0	237.0	0	0.0	237.0	0	0.0
home	19	40	60507.0	0	0.0	60507.0	0	0.0	243.0	0	0.0	243.0	0	0.0	243.0	0	0.0
home	19	41	62001.0	19	0.8116189662537378	62001.0	19	0.8116189662537378	249.0	0	0.0	249.0	0	0.0	249.0	0	0.0
home	19	42	63495.0	19	0.8116189662537378	63495.0	19	0.8116189662537378	255.0	0	0.0	255.0	0	0.0	255.0	0	0.0
home	19	43	64989.0	0	0.0	64989.0	0	0.0	261.0	1	0.042716787697565144	261.0	0	0.0	261.0	0	0.0
home	19	44	66483.0	19	0.8116189662537378	66483.0	19	0.8116189662537378	267.0	0	0.0	267.0	0	0.0	267.0	0	0.0
home	19	45	67977.0	0	0.0	67977.0	0	0.0	273.0	0	0.0	273.0	0	0.0	273.0	0	0.0
home	19	46	69471.0	19	0.8116189662537378	69471.0	19	0.8116189662537378	279.0	0	0.0	279.0	0	0.0	279.0	0	0.0
home	19	47	70965.0	19	0.8116189662537378	70965.0	19	0.8116189662537378	285.0	0	0.0	285.0	0	0.0	285.0	0	0.0
home	19	48	72459.0	0	0.0	72459.0	0	0.0	291.0	0	0.0	291.0	0	0.0	291.0	0	0.0
home	19	49	73953.0	19	0.8116189662537378	73953.0	19	0.8116189662537378	297.0	2	0.08543357539513029	297.0	0	0.0	297.0	0	0.0
home	19	50	75447.0	0	0.0	75447.0	0	0.0	303.0	0	0.0	303.0	0	0.0	303.0	0	0.0
home	19	51	76941.0	19	0.8116189662537378	76941.0	19	0.8116189662537378	309.0	1	0.042716787697565144	309.0	0	0.0	309.0	0	0.0
home	19	52	78435.0	19	0.8116189662537378	78435.0	19	0.8116189662537378	315.0	0	0.0	315.0	0	0.0	315.0	0	0.0
home	19	53	79929.0	0	0.0	79929.0	0	0.0	321.0	2	0.08543357539513029	321.0	0	0.0	321.0	0	0.0
home	19	54	81423.0	19	0.8116189662537378	81423.0	19	0.8116189662537378	327.0	1	0.042716787697565144	327.0	0	0.0	327.0	0	0.0
home	19	55	82917.0	0	0.0	82917.0	0	0.0	333.0	0	0.0	333.0	0	0.0	333.0	0	0.0
home	19	56	84411.0	19	0.8116189662537378	84411.0	19	0.8116189662537378	339.0	0	0.0	339.0	0	0.0	339.0	0	0.0
home	19	57	85905.0	19	0.8116189662537378	85905.0	19	0.8116189662537378	345.0	0	0.0	345.0	0	0.0	345.0	0	0.0
home	19	58	87399.0	0	0.0	87399.0	0	0.0	351.0	2	0.08543357539513029	351.0	0	0.0	351.0	0	0.0
home	19	59	88893.0	19	0.8116189662537378	88893.0	19	0.8116189662537378	357.0	2	0.08543357539513029	357.0	0	0.0	357.0	0	0.0
home	19	60	90387.0	1	0.042716787697565144	90387.0	0	0.0	363.0	0	0.0	363.0	0	0.0	363.0	0	0.0
home	19	61	91881.0	18	0.7689021785561726	91881.0	19	0.8116189662537378	369.0	0	0.0	369.0	0	0.0	369.0	0	0.0
home	19	62	93375.0	19	0.8116189662537378	93375.0	19	0.8116189662537378	375.0	1	0.042716787697565144	375.0	0	0.0	375.0	0	0.0
home	19	63	94869.0	0	0.0	94869.0	0	0.0	381.0	1	0.042716787697565144	381.0	0	0.0	381.0	0	0.0
home	19	64	96363.0	19	0.8116189662537378	96363.0	19	0.8116189662537378	387.0	0	0.0	387.0	0	0.0	387.0	0	0.0
home	19	65	97857.0	17	0.7261853908586074	97857.0	16	0.6834686031610423	393.0	1	0.042716787697565144	393.0	0	0.0	393.0	0	0.0
home	19	66	99351.0	2	0.08543357539513029	99351.0	3	0.12815036309269542	399.0	1	0.042716787697565144	399.0	0	0.0	399.0	0	0.0
home	19	67	100845.0	19	0.8116189662537378	100845.0	19	0.8116189662537378	405.0	1	0.042716787697565144	405.0	0	0.0	405.0	0	0.0
home	19	68	102339.0	0	0.0	102339.0	0	0.0	411.0	0	0.0	411.0	0	0.0	411.0	0	0.0
home	19	69	103833.0	19	0.8116189662537378	103833.0	19	0.8116189662537378	417.0	0	0.0	417.0	0	0.0	417.0	0	0.0
home	19	70	105327.0	19	0.8116189662537378	105327.0	19	0.8116189662537378	423.0	0	0.0	423.0	0	0.0	423.0	0	0.0
home	19	71	106821.0	0	0.0	106821.0	0	0.0	429.0	0	0.0	429.0	0	0.0	429.0	0	0.0
home	19	72	108315.0	19	0.8116189662537378	108315.0	19	0.8116189662537378	435.0	0	0.0	435.0	0	0.0	435.0	0	0.0
home	19	73	109809.0	0	0.0	109809.0	0	0.0	441.0	0	0.0	441.0	0	0.0	441.0	0	0.0
home	19	74	111303.0	19	0.8116189662537378	111303.0	19	0.8116189662537378	447.0	0	0.0	447.0	0	0.0	447.0	0	0.0
home	19	75	112797.0	19	0.8116189662537378	112797.0	19	0.8116189662537378	453.0	1	0.042716787697565144	453.0	0	0.0	453.0	0	0.0
home	19	76	114291.0	0	0.0	114291.0	0	0.0	459.0	0	0.0	459.0	0	0.0	459.0	0	0.0
home	19	77	115785.0	19	0.8116189662537378	115785.0	19	0.8116189662537378	465.0	0	0.0	465.0	0	0.0	465.0	0	0.0
home	19	78	117279.0	0	0.0	117279.0	0	0.0	471.0	0	0.0	471.0	0	0.0	471.0	0	0.0
home	19	79	118773.0	18	0.7689021785561726	118773.0	18	0.7689021785561726	477.0	0	0.0	477.0	0	0.0	477.0	0	0.0
home	19	80	120267.0	19	0.8116189662537378	120267.0	19	0.8116189662537378	483.0	0	0.0	483.0	0	0.0	483.0	0	0.0
home	19	81	121761.0	0	0.0	121761.0	0	0.0	489.0	0	0.0	489.0	0	0.0	489.0	0	0.0
home	19	82	123255.0	19	0.8116189662537378	123255.0	19	0.8116189662537378	495.0	0	0.0	495.0	0	0.0	495.0	0	0.0
home	19	83	124749.0	16	0.6834686031610423	124749.0	0	0.0	501.0	1	0.042716787697565144	501.0	0	0.0	501.0	0	0.0
home	19	84	126243.0	3	0.12815036309269542	126243.0	19	0.8116189662537378	507.0	1	0.042716787697565144	507.0	0	0.0	507.0	0	0.0
home	19	85	127737.0	19	0.8116189662537378	127737.0	19	0.8116189662537378	513.0	0	0.0	513.0	0	0.0	513.0	0	0.0
home	19	86	129231.0	1	0.042716787697565144	129231.0	0	0.0	519.0	0	0.0	519.0	0	0.0	519.0	0	0.0
home	19	87	130725.0	18	0.7689021785561726	130725.0	19	0.8116189662537378	525.0	0	0.0	525.0	0	0.0	525.0	0	0.0
home	19	88	132219.0	19	0.8116189662537378	132219.0	19	0.8116189662537378	531.0	0	0.0	531.0	0	0.0	531.0	0	0.0
home	19	89	133713.0	0	0.0	133713.0	0	0.0	537.0	0	0.0	537.0	0	0.0	537.0	0	0.0
home	19	90	135207.0	19	0.8116189662537378	135207.0	19	0.8116189662537378	543.0	0	0.0	543.0	0	0.0	543.0	0	0.0
home	19	91	136701.0	19	0.8116189662537378	136701.0	19	0.8116189662537378	549.0	0	0.0	549.0	0	0.0	549.0	0	0.0
home	19	92	138195.0	0	0.0	138195.0	0	0.0	555.0	0	0.0	555.0	0	0.0	555.0	0	0.0
home	19	93	139689.0	19	0.8116189662537378	139689.0	19	0.8116189662537378	561.0	0	0.0	561.0	0	0.0	561.0	0	0.0
home	19	94	141183.0	0	0.0	141183.0	0	0.0	567.0	0	0.0	567.0	0	0.0	567.0	0	0.0
home	19	95	142677.0	19	0.8116189662537378	142677.0	19	0.8116189662537378	573.0	0	0.0	573.0	0	0.0	573.0	0	0.0
home	19	96	144171.0	19	0.8116189662537378	144171.0	19	0.8116189662537378	579.0	0	0.0	579.0	0	0.0	579.0	0	0.0
home	19	97	145665.0	0	0.0	145665.0	0	0.0	585.0	0	0.0	585.0	0	0.0	585.0	0	0.0
home	19	98	147159.0	19	0.8116189662537378	147159.0	19	0.8116189662537378	591.0	0	0.0	591.0	0	0.0	591.0	0	0.0
home	19	99	148653.0	19	0.8116189662537378	148653.0	19	0.8116189662537378	597.0	0	0.0	597.0	0	0.0	597.0	0	0.0
home	19	100	150147.0	0	0.0	150147.0	0	0.0	603.0	0	0.0	603.0	0	0.0	603.0	0	0.0
home	19	101	151641.0	19	0.8116189662537378	151641.0	19	0.8116189662537378	609.0	0	0.0	609.0	0	0.0	609.0	0	0.0
home	19	102	153135.0	0	0.0	153135.0	0	0.0	615.0	0	0.0	615.0	0	0.0	615.0	0	0.0
home	19	103	154629.0	19	0.8116189662537378	154629.0	19	0.8116189662537378	621.0	1	0.042716787697565144	621.0	0	0.0	621.0	0	0.0
home	19	104	156123.0	19	0.8116189662537378	156123.0	19	0.8116189662537378	627.0	0	0.0	627.0	0	0.0	627.0	0	0.0
home	19	105	157617.0	0	0.0	157617.0	0	0.0	633.0	0	0.0	633.0	0	0.0	633.0	0	0.0
home	19	106	159111.0	19	0.8116189662537378	159111.0	19	0.8116189662537378	639.0	0	0.0	639.0	0	0.0	639.0	0	0.0
home	19	107	160605.0	0	0.0	160605.0	0	0.0	645.0	0	0.0	645.0	0	0.0	645.0	0	0.0
home	19	108	162099.0	19	0.8116189662537378	162099.0	19	0.8116189662537378	651.0	0	0.0	651.0	0	0.0	651.0	0	0.0
home	19	109	163593.0	19	0.8116189662537378	163593.0	19	0.8116189662537378	657.0	0	0.0	657.0	0	0.0	657.0	0	0.0
home	19	110	165087.0	0	0.0	165087.0	0	0.0	663.0	0	0.0	663.0	0	0.0	663.0	0	0.0
home	19	111	166581.0	19	0.8116189662537378	166581.0	19	0.8116189662537378	669.0	0	0.0	669.0	0	0.0	669.0	0	0.0
home	19	112	168075.0	19	0.8116189662537378	168075.0	19	0.8116189662537378	675.0	0	0.0	675.0	0	0.0	675.0	0	0.0
home	19	113	169569.0	0	0.0	169569.0	0	0.0	681.0	0	0.0	681.0	0	0.0	681.0	0	0.0
home	19	114	171063.0	19	0.8116189662537378	171063.0	19	0.8116189662537378	687.0	1	0.042716787697565144	687.0	0	0.0	687.0	0	0.0
home	19	115	172557.0	1	0.042716787697565144	172557.0	0	0.0	693.0	0	0.0	693.0	0	0.0	693.0	0	0.0
home	19	116	174051.0	18	0.7689021785561726	174051.0	19	0.8116189662537378	699.0	0	0.0	699.0	0	0.0	699.0	0	0.0
home	19	117	175545.0	19	0.8116189662537378	175545.0	19	0.8116189662537378	705.0	0	0.0	705.0	0	0.0	705.0	0	0.0
home	19	118	177039.0	0	0.0	177039.0	0	0.0	711.0	0	0.0	711.0	0	0.0	711.0	0	0.0
home	19	119	178533.0	19	0.8116189662537378	178533.0	19	0.8116189662537378	717.0	0	0.0	717.0	0	0.0	717.0	0	0.0
home	19	120	180027.0	0	0.0	180027.0	0	0.0	723.0	0	0.0	723.0	0	0.0	723.0	0	0.0
home	19	121	181521.0	19	0.8116189662537378	181521.0	19	0.8116189662537378	729.0	0	0.0	729.0	0	0.0	729.0	0	0.0
home	19	122	183015.0	17	0.7261853908586074	183015.0	17	0.7261853908586074	735.0	0	0.0	735.0	0	0.0	735.0	0	0.0
home	19	123	184509.0	2	0.08543357539513029	184509.0	2	0.08543357539513029	741.0	0	0.0	741.0	0	0.0	741.0	0	0.0
home	19	124	186003.0	19	0.8116189662537378	186003.0	19	0.8116189662537378	747.0	0	0.0	747.0	0	0.0	747.0	0	0.0
home	19	125	187497.0	0	0.0	187497.0	0	0.0	753.0	0	0.0	753.0	0	0.0	753.0	0	0.0
home	19	126	188991.0	19	0.8116189662537378	188991.0	19	0.8116189662537378	759.0	0	0.0	759.0	0	0.0	759.0	0	0.0
home	19	127	190485.0	19	0.8116189662537378	190485.0	19	0.8116189662537378	765.0	0	0.0	765.0	0	0.0	765.0	0	0.0
home	19	128	191979.0	0	0.0	191979.0	0	0.0	771.0	0	0.0	771.0	0	0.0	771.0	0	0.0
home	19	129	193473.0	19	0.8116189662537378	193473.0	19	0.8116189662537378	777.0	0	0.0	777.0	0	0.0	777.0	0	0.0
home	19	130	194967.0	1	0.042716787697565144	194967.0	0	0.0	783.0	0	0.0	783.0	0	0.0	783.0	0	0.0
home	19	131	196461.0	18	0.7689021785561726	196461.0	19	0.8116189662537378	789.0	0	0.0	789.0	0	0.0	789.0	0	0.0
home	19	132	197955.0	19	0.8116189662537378	197955.0	19	0.8116189662537378	795.0	0	0.0	795.0	0	0.0	795.0	0	0.0
home	19	133	199449.0	0	0.0	199449.0	0	0.0	801.0	0	0.0	801.0	0	0.0	801.0	0	0.0
home	19	134	200943.0	19	0.8116189662537378	200943.0	19	0.8116189662537378	807.0	0	0.0	807.0	0	0.0	807.0	0	0.0
home	19	135	202437.0	15	0.6407518154634771	202437.0	0	0.0	813.0	0	0.0	813.0	0	0.0	813.0	0	0.0
home	19	136	203931.0	4	0.17086715079026057	203931.0	19	0.8116189662537378	819.0	0	0.0	819.0	0	0.0	819.0	0	0.0
home	19	137	205425.0	19	0.8116189662537378	205425.0	19	0.8116189662537378	825.0	0	0.0	825.0	0	0.0	825.0	0	0.0
home	19	138	206919.0	0	0.0	206919.0	0	0.0	831.0	0	0.0	831.0	0	0.0	831.0	0	0.0
home	19	139	208413.0	19	0.8116189662537378	208413.0	19	0.8116189662537378	837.0	0	0.0	837.0	0	0.0	837.0	0	0.0
home	19	140	209907.0	19	0.8116189662537378	209907.0	19	0.8116189662537378	843.0	0	0.0	843.0	0	0.0	843.0	0	0.0
home	19	141	211401.0	0	0.0	211401.0	0	0.0	849.0	0	0.0	849.0	0	0.0	849.0	0	0.0
home	19	142	212895.0	19	0.8116189662537378	212895.0	19	0.8116189662537378	855.0	0	0.0	855.0	0	0.0	855.0	0	0.0
home	19	143	214389.0	17	0.7261853908586074	214389.0	3	0.12815036309269542	861.0	0	0.0	861.0	0	0.0	861.0	0	0.0
home	19	144	215883.0	2	0.08543357539513029	215883.0	16	0.6834686031610423	867.0	0	0.0	867.0	0	0.0	867.0	0	0.0
home	19	145	217377.0	19	0.8116189662537378	217377.0	19	0.8116189662537378	873.0	0	0.0	873.0	0	0.0	873.0	0	0.0
home	19	146	218871.0	0	0.0	218871.0	0	0.0	879.0	0	0.0	879.0	0	0.0	879.0	0	0.0
home	19	147	220365.0	19	0.8116189662537378	220365.0	19	0.8116189662537378	885.0	0	0.0	885.0	0	0.0	885.0	0	0.0
home	19	148	221859.0	16	0.6834686031610423	221859.0	14	0.598035027765912	891.0	0	0.0	891.0	0	0.0	891.0	0	0.0
home	19	149	223353.0	3	0.12815036309269542	223353.0	5	0.21358393848782573	897.0	0	0.0	897.0	0	0.0	897.0	0	0.0
home	19	150	224847.0	19	0.8116189662537378	224847.0	19	0.8116189662537378	903.0	0	0.0	903.0	0	0.0	903.0	0	0.0
home	19	151	226341.0	0	0.0	226341.0	0	0.0	909.0	0	0.0	909.0	0	0.0	909.0	0	0.0
home	19	152	227835.0	19	0.8116189662537378	227835.0	19	0.8116189662537378	915.0	0	0.0	915.0	0	0.0	915.0	0	0.0
home	19	153	229329.0	16	0.6834686031610423	229329.0	16	0.6834686031610423	921.0	0	0.0	921.0	0	0.0	921.0	0	0.0
home	19	154	230823.0	3	0.12815036309269542	230823.0	3	0.12815036309269542	927.0	0	0.0	927.0	0	0.0	927.0	0	0.0
home	19	155	232317.0	19	0.8116189662537378	232317.0	19	0.8116189662537378	933.0	0	0.0	933.0	0	0.0	933.0	0	0.0
home	19	156	233811.0	16	0.6834686031610423	233811.0	3	0.12815036309269542	939.0	0	0.0	939.0	0	0.0	939.0	0	0.0
home	19	157	235305.0	3	0.12815036309269542	235305.0	16	0.6834686031610423	945.0	0	0.0	945.0	0	0.0	945.0	0	0.0
home	19	158	236799.0	19	0.8116189662537378	236799.0	19	0.8116189662537378	951.0	0	0.0	951.0	0	0.0	951.0	0	0.0
home	19	159	238293.0	0	0.0	238293.0	0	0.0	957.0	0	0.0	957.0	0	0.0	957.0	0	0.0
home	19	160	239787.0	19	0.8116189662537378	239787.0	19	0.8116189662537378	963.0	0	0.0	963.0	0	0.0	963.0	0	0.0
home	19	161	241281.0	19	0.8116189662537378	241281.0	19	0.8116189662537378	969.0	0	0.0	969.0	0	0.0	969.0	0	0.0
home	19	162	242775.0	0	0.0	242775.0	0	0.0	975.0	0	0.0	975.0	0	0.0	975.0	0	0.0
home	19	163	244269.0	19	0.8116189662537378	244269.0	19	0.8116189662537378	981.0	0	0.0	981.0	0	0.0	981.0	0	0.0
home	19	164	245763.0	0	0.0	245763.0	0	0.0	987.0	0	0.0	987.0	0	0.0	987.0	0	0.0
home	19	165	247257.0	19	0.8116189662537378	247257.0	19	0.8116189662537378	993.0	1	0.042716787697565144	993.0	0	0.0	993.0	0	0.0
home	19	166	248751.0	19	0.8116189662537378	248751.0	19	0.8116189662537378	999.0	0	0.0	999.0	0	0.0	999.0	0	0.0
home	19	167	250245.0	1	0.042716787697565144	250245.0	0	0.0	1005.0	0	0.0	1005.0	0	0.0	1005.0	0	0.0
home	19	168	251739.0	18	0.7689021785561726	251739.0	19	0.8116189662537378	1011.0	0	0.0	1011.0	0	0.0	1011.0	0	0.0
home	19	169	253233.0	16	0.6834686031610423	253233.0	0	0.0	1017.0	0	0.0	1017.0	0	0.0	1017.0	0	0.0
home	19	170	254727.0	3	0.12815036309269542	254727.0	19	0.8116189662537378	1023.0	0	0.0	1023.0	0	0.0	1023.0	0	0.0
home	19	171	256221.0	19	0.8116189662537378	256221.0	19	0.8116189662537378	1029.0	0	0.0	1029.0	0	0.0	1029.0	0	0.0
home	19	172	257715.0	0	0.0	257715.0	0	0.0	1035.0	0	0.0	1035.0	0	0.0	1035.0	0	0.0
home	19	173	259209.0	19	0.8116189662537378	259209.0	19	0.8116189662537378	1041.0	0	0.0	1041.0	0	0.0	1041.0	0	0.0
home	19	174	260703.0	19	0.8116189662537378	260703.0	19	0.8116189662537378	1047.0	0	0.0	1047.0	0	0.0	1047.0	0	0.0
home	19	175	262197.0	0	0.0	262197.0	0	0.0	1053.0	0	0.0	1053.0	0	0.0	1053.0	0	0.0
home	19	176	263691.0	19	0.8116189662537378	263691.0	19	0.8116189662537378	1059.0	0	0.0	1059.0	0	0.0	1059.0	0	0.0
home	19	177	265185.0	0	0.0	265185.0	0	0.0	1065.0	0	0.0	1065.0	0	0.0	1065.0	0	0.0
home	19	178	266679.0	19	0.8116189662537378	266679.0	19	0.8116189662537378	1071.0	0	0.0	1071.0	0	0.0	1071.0	0	0.0
home	19	179	268173.0	19	0.8116189662537378	268173.0	19	0.8116189662537378	1077.0	0	0.0	1077.0	0	0.0	1077.0	0	0.0
home	19	180	269667.0	0	0.0	269667.0	0	0.0	1083.0	0	0.0	1083.0	0	0.0	1083.0	0	0.0
home	19	181	271161.0	19	0.8116189662537378	271161.0	19	0.8116189662537378	1089.0	0	0.0	1089.0	0	0.0	1089.0	0	0.0
home	19	182	272655.0	0	0.0	272655.0	0	0.0	1095.0	1	0.042716787697565144	1095.0	0	0.0	1095.0	0	0.0
home	19	183	274149.0	19	0.8116189662537378	274149.0	19	0.8116189662537378	1101.0	0	0.0	1101.0	0	0.0	1101.0	0	0.0
home	19	184	275643.0	0	0.0	275643.0	0	0.0	1107.0	0	0.0	1107.0	0	0.0	1107.0	0	0.0
home	19	185	277137.0	19	0.8116189662537378	277137.0	19	0.8116189662537378	1113.0	0	0.0	1113.0	0	0.0	1113.0	0	0.0
home	19	186	278631.0	19	0.8116189662537378	278631.0	19	0.8116189662537378	1119.0	0	0.0	1119.0	0	0.0	1119.0	0	0.0
home	19	187	280125.0	0	0.0	280125.0	0	0.0	1125.0	0	0.0	1125.0	0	0.0	1125.0	0	0.0
home	19	188	281619.0	19	0.8116189662537378	281619.0	19	0.8116189662537378	1131.0	0	0.0	1131.0	0	0.0	1131.0	0	0.0
home	19	189	283113.0	16	0.6834686031610423	283113.0	6	0.25630072618539085	1137.0	0	0.0	1137.0	0	0.0	1137.0	0	0.0
home	19	190	284607.0	3	0.12815036309269542	284607.0	13	0.5553182400683468	1143.0	0	0.0	1143.0	0	0.0	1143.0	0	0.0
home	19	191	286101.0	19	0.8116189662537378	286101.0	19	0.8116189662537378	1149.0	0	0.0	1149.0	0	0.0	1149.0	0	0.0
home	19	192	287595.0	0	0.0	287595.0	0	0.0	1155.0	0	0.0	1155.0	0	0.0	1155.0	0	0.0
home	19	193	289089.0	19	0.8116189662537378	289089.0	19	0.8116189662537378	1161.0	0	0.0	1161.0	0	0.0	1161.0	0	0.0
home	19	194	290583.0	0	0.0	290583.0	0	0.0	1167.0	0	0.0	1167.0	0	0.0	1167.0	0	0.0
home	19	195	292077.0	19	0.8116189662537378	292077.0	19	0.8116189662537378	1173.0	0	0.0	1173.0	0	0.0	1173.0	0	0.0
home	19	196	293571.0	19	0.8116189662537378	293571.0	19	0.8116189662537378	1179.0	0	0.0	1179.0	0	0.0	1179.0	0	0.0
home	19	197	295065.0	0	0.0	295065.0	0	0.0	1185.0	0	0.0	1185.0	0	0.0	1185.0	0	0.0
home	19	198	296559.0	19	0.8116189662537378	296559.0	19	0.8116189662537378	1191.0	0	0.0	1191.0	0	0.0	1191.0	0	0.0
home	19	199	298053.0	19	0.8116189662537378	298053.0	19	0.8116189662537378	1197.0	0	0.0	1197.0	0	0.0	1197.0	0	0.0
