'Request type'	'Load'	'Bucket'	'Start time'	'Absolute'	'Percent of requests'	'End time'	'Absolute'	'Percent of requests'	'Residence time'	'Absolute'	'Percent of requests'	'Theor. think time'	'Absolute'	'Percent of requests'	'Actual think time'	'Absolute'	'Percent of requests'
login	18	0	749.0	18	0.766609880749574	749.0	18	0.766609880749574	4.0	0	0.0	3.0	2348	100.0	3.0	2348	100.0
login	18	1	2247.0	18	0.766609880749574	2247.0	8	0.34071550255536626	12.0	0	0.0	9.0	0	0.0	9.0	0	0.0
login	18	2	3745.0	1	0.04258943781942078	3745.0	11	0.4684838160136286	20.0	0	0.0	15.0	0	0.0	15.0	0	0.0
login	18	3	5243.0	18	0.766609880749574	5243.0	18	0.766609880749574	28.0	0	0.0	21.0	0	0.0	21.0	0	0.0
login	18	4	6741.0	18	0.766609880749574	6741.0	8	0.34071550255536626	36.0	0	0.0	27.0	0	0.0	27.0	0	0.0
login	18	5	8239.0	2	0.08517887563884156	8239.0	10	0.42589437819420783	44.0	0	0.0	33.0	0	0.0	33.0	0	0.0
login	18	6	9737.0	16	0.6814310051107325	9737.0	17	0.7240204429301533	52.0	0	0.0	39.0	0	0.0	39.0	0	0.0
login	18	7	11235.0	18	0.766609880749574	11235.0	5	0.21294718909710392	60.0	0	0.0	45.0	0	0.0	45.0	0	0.0
login	18	8	12733.0	0	0.0	12733.0	14	0.596252129471891	68.0	0	0.0	51.0	0	0.0	51.0	0	0.0
login	18	9	14231.0	18	0.766609880749574	14231.0	15	0.6388415672913117	76.0	0	0.0	57.0	0	0.0	57.0	0	0.0
login	18	10	15729.0	18	0.766609880749574	15729.0	7	0.2981260647359455	84.0	1	0.04258943781942078	63.0	0	0.0	63.0	0	0.0
login	18	11	17227.0	0	0.0	17227.0	14	0.596252129471891	92.0	0	0.0	69.0	0	0.0	69.0	0	0.0
login	18	12	18725.0	18	0.766609880749574	18725.0	12	0.5110732538330494	100.0	1	0.04258943781942078	75.0	0	0.0	75.0	0	0.0
login	18	13	20223.0	18	0.766609880749574	20223.0	9	0.383304940374787	108.0	0	0.0	81.0	0	0.0	81.0	0	0.0
login	18	14	21721.0	0	0.0	21721.0	15	0.6388415672913117	116.0	1	0.04258943781942078	87.0	0	0.0	87.0	0	0.0
login	18	15	23219.0	18	0.766609880749574	23219.0	12	0.5110732538330494	124.0	2	0.08517887563884156	93.0	0	0.0	93.0	0	0.0
login	18	16	24717.0	18	0.766609880749574	24717.0	6	0.2555366269165247	132.0	1	0.04258943781942078	99.0	0	0.0	99.0	0	0.0
login	18	17	26215.0	0	0.0	26215.0	18	0.766609880749574	140.0	0	0.0	105.0	0	0.0	105.0	0	0.0
login	18	18	27713.0	18	0.766609880749574	27713.0	8	0.34071550255536626	148.0	4	0.17035775127768313	111.0	0	0.0	111.0	0	0.0
login	18	19	29211.0	17	0.7240204429301533	29211.0	10	0.42589437819420783	156.0	4	0.17035775127768313	117.0	0	0.0	117.0	0	0.0
login	18	20	30709.0	1	0.04258943781942078	30709.0	18	0.766609880749574	164.0	8	0.34071550255536626	123.0	0	0.0	123.0	0	0.0
login	18	21	32207.0	18	0.766609880749574	32207.0	9	0.383304940374787	172.0	11	0.4684838160136286	129.0	0	0.0	129.0	0	0.0
login	18	22	33705.0	18	0.766609880749574	33705.0	9	0.383304940374787	180.0	7	0.2981260647359455	135.0	0	0.0	135.0	0	0.0
login	18	23	35203.0	0	0.0	35203.0	18	0.766609880749574	188.0	10	0.42589437819420783	141.0	0	0.0	141.0	0	0.0
login	18	24	36701.0	18	0.766609880749574	36701.0	8	0.34071550255536626	196.0	15	0.6388415672913117	147.0	0	0.0	147.0	0	0.0
login	18	25	38199.0	0	0.0	38199.0	10	0.42589437819420783	204.0	15	0.6388415672913117	153.0	0	0.0	153.0	0	0.0
login	18	26	39697.0	18	0.766609880749574	39697.0	18	0.766609880749574	212.0	7	0.2981260647359455	159.0	0	0.0	159.0	0	0.0
login	18	27	41195.0	18	0.766609880749574	41195.0	7	0.2981260647359455	220.0	8	0.34071550255536626	165.0	0	0.0	165.0	0	0.0
login	18	28	42693.0	0	0.0	42693.0	11	0.4684838160136286	228.0	4	0.17035775127768313	171.0	0	0.0	171.0	0	0.0
login	18	29	44191.0	18	0.766609880749574	44191.0	16	0.6814310051107325	236.0	7	0.2981260647359455	177.0	0	0.0	177.0	0	0.0
login	18	30	45689.0	18	0.766609880749574	45689.0	6	0.2555366269165247	244.0	7	0.2981260647359455	183.0	0	0.0	183.0	0	0.0
login	18	31	47187.0	0	0.0	47187.0	14	0.596252129471891	252.0	5	0.21294718909710392	189.0	0	0.0	189.0	0	0.0
login	18	32	48685.0	18	0.766609880749574	48685.0	16	0.6814310051107325	260.0	4	0.17035775127768313	195.0	0	0.0	195.0	0	0.0
login	18	33	50183.0	18	0.766609880749574	50183.0	7	0.2981260647359455	268.0	6	0.2555366269165247	201.0	0	0.0	201.0	0	0.0
login	18	34	51681.0	0	0.0	51681.0	13	0.5536626916524702	276.0	11	0.4684838160136286	207.0	0	0.0	207.0	0	0.0
login	18	35	53179.0	18	0.766609880749574	53179.0	14	0.596252129471891	284.0	20	0.8517887563884157	213.0	0	0.0	213.0	0	0.0
login	18	36	54677.0	18	0.766609880749574	54677.0	5	0.21294718909710392	292.0	25	1.0647359454855196	219.0	0	0.0	219.0	0	0.0
login	18	37	56175.0	0	0.0	56175.0	17	0.7240204429301533	300.0	23	0.979557069846678	225.0	0	0.0	225.0	0	0.0
login	18	38	57673.0	18	0.766609880749574	57673.0	12	0.5110732538330494	308.0	26	1.1073253833049403	231.0	0	0.0	231.0	0	0.0
login	18	39	59171.0	18	0.766609880749574	59171.0	8	0.34071550255536626	316.0	21	0.8943781942078364	237.0	0	0.0	237.0	0	0.0
login	18	40	60669.0	0	0.0	60669.0	16	0.6814310051107325	324.0	22	0.9369676320272572	243.0	0	0.0	243.0	0	0.0
login	18	41	62167.0	18	0.766609880749574	62167.0	8	0.34071550255536626	332.0	15	0.6388415672913117	249.0	0	0.0	249.0	0	0.0
login	18	42	63665.0	17	0.7240204429301533	63665.0	10	0.42589437819420783	340.0	7	0.2981260647359455	255.0	0	0.0	255.0	0	0.0
login	18	43	65163.0	1	0.04258943781942078	65163.0	18	0.766609880749574	348.0	5	0.21294718909710392	261.0	0	0.0	261.0	0	0.0
login	18	44	66661.0	18	0.766609880749574	66661.0	7	0.2981260647359455	356.0	14	0.596252129471891	267.0	0	0.0	267.0	0	0.0
login	18	45	68159.0	0	0.0	68159.0	11	0.4684838160136286	364.0	13	0.5536626916524702	273.0	0	0.0	273.0	0	0.0
login	18	46	69657.0	18	0.766609880749574	69657.0	15	0.6388415672913117	372.0	15	0.6388415672913117	279.0	0	0.0	279.0	0	0.0
login	18	47	71155.0	18	0.766609880749574	71155.0	5	0.21294718909710392	380.0	17	0.7240204429301533	285.0	0	0.0	285.0	0	0.0
login	18	48	72653.0	0	0.0	72653.0	16	0.6814310051107325	388.0	30	1.2776831345826234	291.0	0	0.0	291.0	0	0.0
login	18	49	74151.0	18	0.766609880749574	74151.0	13	0.5536626916524702	396.0	32	1.362862010221465	297.0	0	0.0	297.0	0	0.0
login	18	50	75649.0	18	0.766609880749574	75649.0	8	0.34071550255536626	404.0	35	1.4906303236797274	303.0	0	0.0	303.0	0	0.0
login	18	51	77147.0	0	0.0	77147.0	15	0.6388415672913117	412.0	24	1.0221465076660987	309.0	0	0.0	309.0	0	0.0
login	18	52	78645.0	18	0.766609880749574	78645.0	10	0.42589437819420783	420.0	18	0.766609880749574	315.0	0	0.0	315.0	0	0.0
login	18	53	80143.0	18	0.766609880749574	80143.0	8	0.34071550255536626	428.0	12	0.5110732538330494	321.0	0	0.0	321.0	0	0.0
login	18	54	81641.0	0	0.0	81641.0	18	0.766609880749574	436.0	10	0.42589437819420783	327.0	0	0.0	327.0	0	0.0
login	18	55	83139.0	18	0.766609880749574	83139.0	7	0.2981260647359455	444.0	10	0.42589437819420783	333.0	0	0.0	333.0	0	0.0
login	18	56	84637.0	0	0.0	84637.0	11	0.4684838160136286	452.0	13	0.5536626916524702	339.0	0	0.0	339.0	0	0.0
login	18	57	86135.0	18	0.766609880749574	86135.0	18	0.766609880749574	460.0	9	0.383304940374787	345.0	0	0.0	345.0	0	0.0
login	18	58	87633.0	18	0.766609880749574	87633.0	4	0.17035775127768313	468.0	19	0.8091993185689949	351.0	0	0.0	351.0	0	0.0
login	18	59	89131.0	0	0.0	89131.0	14	0.596252129471891	476.0	22	0.9369676320272572	357.0	0	0.0	357.0	0	0.0
login	18	60	90629.0	18	0.766609880749574	90629.0	13	0.5536626916524702	484.0	21	0.8943781942078364	363.0	0	0.0	363.0	0	0.0
login	18	61	92127.0	18	0.766609880749574	92127.0	9	0.383304940374787	492.0	17	0.7240204429301533	369.0	0	0.0	369.0	0	0.0
login	18	62	93625.0	0	0.0	93625.0	14	0.596252129471891	500.0	33	1.4054514480408857	375.0	0	0.0	375.0	0	0.0
login	18	63	95123.0	18	0.766609880749574	95123.0	13	0.5536626916524702	508.0	21	0.8943781942078364	381.0	0	0.0	381.0	0	0.0
login	18	64	96621.0	18	0.766609880749574	96621.0	6	0.2555366269165247	516.0	21	0.8943781942078364	387.0	0	0.0	387.0	0	0.0
login	18	65	98119.0	0	0.0	98119.0	17	0.7240204429301533	524.0	16	0.6814310051107325	393.0	0	0.0	393.0	0	0.0
login	18	66	99617.0	18	0.766609880749574	99617.0	9	0.383304940374787	532.0	12	0.5110732538330494	399.0	0	0.0	399.0	0	0.0
login	18	67	101115.0	18	0.766609880749574	101115.0	9	0.383304940374787	540.0	8	0.34071550255536626	405.0	0	0.0	405.0	0	0.0
login	18	68	102613.0	0	0.0	102613.0	18	0.766609880749574	548.0	7	0.2981260647359455	411.0	0	0.0	411.0	0	0.0
login	18	69	104111.0	18	0.766609880749574	104111.0	9	0.383304940374787	556.0	7	0.2981260647359455	417.0	0	0.0	417.0	0	0.0
login	18	70	105609.0	17	0.7240204429301533	105609.0	9	0.383304940374787	564.0	13	0.5536626916524702	423.0	0	0.0	423.0	0	0.0
login	18	71	107107.0	1	0.04258943781942078	107107.0	18	0.766609880749574	572.0	13	0.5536626916524702	429.0	0	0.0	429.0	0	0.0
login	18	72	108605.0	18	0.766609880749574	108605.0	8	0.34071550255536626	580.0	24	1.0221465076660987	435.0	0	0.0	435.0	0	0.0
login	18	73	110103.0	0	0.0	110103.0	10	0.42589437819420783	588.0	16	0.6814310051107325	441.0	0	0.0	441.0	0	0.0
login	18	74	111601.0	18	0.766609880749574	111601.0	17	0.7240204429301533	596.0	28	1.192504258943782	447.0	0	0.0	447.0	0	0.0
login	18	75	113099.0	18	0.766609880749574	113099.0	6	0.2555366269165247	604.0	18	0.766609880749574	453.0	0	0.0	453.0	0	0.0
login	18	76	114597.0	0	0.0	114597.0	13	0.5536626916524702	612.0	21	0.8943781942078364	459.0	0	0.0	459.0	0	0.0
login	18	77	116095.0	18	0.766609880749574	116095.0	14	0.596252129471891	620.0	13	0.5536626916524702	465.0	0	0.0	465.0	0	0.0
login	18	78	117593.0	18	0.766609880749574	117593.0	5	0.21294718909710392	628.0	16	0.6814310051107325	471.0	0	0.0	471.0	0	0.0
login	18	79	119091.0	0	0.0	119091.0	17	0.7240204429301533	636.0	2	0.08517887563884156	477.0	0	0.0	477.0	0	0.0
login	18	80	120589.0	18	0.766609880749574	120589.0	11	0.4684838160136286	644.0	7	0.2981260647359455	483.0	0	0.0	483.0	0	0.0
login	18	81	122087.0	18	0.766609880749574	122087.0	7	0.2981260647359455	652.0	6	0.2555366269165247	489.0	0	0.0	489.0	0	0.0
login	18	82	123585.0	0	0.0	123585.0	18	0.766609880749574	660.0	11	0.4684838160136286	495.0	0	0.0	495.0	0	0.0
login	18	83	125083.0	18	0.766609880749574	125083.0	7	0.2981260647359455	668.0	8	0.34071550255536626	501.0	0	0.0	501.0	0	0.0
login	18	84	126581.0	0	0.0	126581.0	11	0.4684838160136286	676.0	19	0.8091993185689949	507.0	0	0.0	507.0	0	0.0
login	18	85	128079.0	18	0.766609880749574	128079.0	14	0.596252129471891	684.0	19	0.8091993185689949	513.0	0	0.0	513.0	0	0.0
login	18	86	129577.0	18	0.766609880749574	129577.0	7	0.2981260647359455	692.0	18	0.766609880749574	519.0	0	0.0	519.0	0	0.0
login	18	87	131075.0	0	0.0	131075.0	15	0.6388415672913117	700.0	24	1.0221465076660987	525.0	0	0.0	525.0	0	0.0
login	18	88	132573.0	18	0.766609880749574	132573.0	12	0.5110732538330494	708.0	15	0.6388415672913117	531.0	0	0.0	531.0	0	0.0
login	18	89	134071.0	18	0.766609880749574	134071.0	7	0.2981260647359455	716.0	10	0.42589437819420783	537.0	0	0.0	537.0	0	0.0
login	18	90	135569.0	0	0.0	135569.0	17	0.7240204429301533	724.0	8	0.34071550255536626	543.0	0	0.0	543.0	0	0.0
login	18	91	137067.0	18	0.766609880749574	137067.0	12	0.5110732538330494	732.0	5	0.21294718909710392	549.0	0	0.0	549.0	0	0.0
login	18	92	138565.0	18	0.766609880749574	138565.0	7	0.2981260647359455	740.0	2	0.08517887563884156	555.0	0	0.0	555.0	0	0.0
login	18	93	140063.0	0	0.0	140063.0	17	0.7240204429301533	748.0	7	0.2981260647359455	561.0	0	0.0	561.0	0	0.0
login	18	94	141561.0	18	0.766609880749574	141561.0	12	0.5110732538330494	756.0	6	0.2555366269165247	567.0	0	0.0	567.0	0	0.0
login	18	95	143059.0	18	0.766609880749574	143059.0	7	0.2981260647359455	764.0	11	0.4684838160136286	573.0	0	0.0	573.0	0	0.0
login	18	96	144557.0	0	0.0	144557.0	17	0.7240204429301533	772.0	14	0.596252129471891	579.0	0	0.0	579.0	0	0.0
login	18	97	146055.0	18	0.766609880749574	146055.0	9	0.383304940374787	780.0	17	0.7240204429301533	585.0	0	0.0	585.0	0	0.0
login	18	98	147553.0	0	0.0	147553.0	9	0.383304940374787	788.0	33	1.4054514480408857	591.0	0	0.0	591.0	0	0.0
login	18	99	149051.0	18	0.766609880749574	149051.0	18	0.766609880749574	796.0	26	1.1073253833049403	597.0	0	0.0	597.0	0	0.0
login	18	100	150549.0	18	0.766609880749574	150549.0	9	0.383304940374787	804.0	20	0.8517887563884157	603.0	0	0.0	603.0	0	0.0
login	18	101	152047.0	2	0.08517887563884156	152047.0	9	0.383304940374787	812.0	25	1.0647359454855196	609.0	0	0.0	609.0	0	0.0
login	18	102	153545.0	16	0.6814310051107325	153545.0	18	0.766609880749574	820.0	17	0.7240204429301533	615.0	0	0.0	615.0	0	0.0
login	18	103	155043.0	18	0.766609880749574	155043.0	8	0.34071550255536626	828.0	17	0.7240204429301533	621.0	0	0.0	621.0	0	0.0
login	18	104	156541.0	0	0.0	156541.0	10	0.42589437819420783	836.0	5	0.21294718909710392	627.0	0	0.0	627.0	0	0.0
login	18	105	158039.0	18	0.766609880749574	158039.0	16	0.6814310051107325	844.0	4	0.17035775127768313	633.0	0	0.0	633.0	0	0.0
login	18	106	159537.0	18	0.766609880749574	159537.0	17	0.7240204429301533	852.0	9	0.383304940374787	639.0	0	0.0	639.0	0	0.0
login	18	107	161035.0	18	0.766609880749574	161035.0	15	0.6388415672913117	860.0	12	0.5110732538330494	645.0	0	0.0	645.0	0	0.0
login	18	108	162533.0	7	0.2981260647359455	162533.0	13	0.5536626916524702	868.0	18	0.766609880749574	651.0	0	0.0	651.0	0	0.0
login	18	109	164031.0	18	0.766609880749574	164031.0	13	0.5536626916524702	876.0	20	0.8517887563884157	657.0	0	0.0	657.0	0	0.0
login	18	110	165529.0	18	0.766609880749574	165529.0	9	0.383304940374787	884.0	30	1.2776831345826234	663.0	0	0.0	663.0	0	0.0
login	18	111	167027.0	0	0.0	167027.0	14	0.596252129471891	892.0	29	1.2350936967632027	669.0	0	0.0	669.0	0	0.0
login	18	112	168525.0	18	0.766609880749574	168525.0	12	0.5110732538330494	900.0	28	1.192504258943782	675.0	0	0.0	675.0	0	0.0
login	18	113	170023.0	18	0.766609880749574	170023.0	7	0.2981260647359455	908.0	27	1.149914821124361	681.0	0	0.0	681.0	0	0.0
login	18	114	171521.0	0	0.0	171521.0	17	0.7240204429301533	916.0	16	0.6814310051107325	687.0	0	0.0	687.0	0	0.0
login	18	115	173019.0	18	0.766609880749574	173019.0	9	0.383304940374787	924.0	17	0.7240204429301533	693.0	0	0.0	693.0	0	0.0
login	18	116	174517.0	1	0.04258943781942078	174517.0	9	0.383304940374787	932.0	7	0.2981260647359455	699.0	0	0.0	699.0	0	0.0
login	18	117	176015.0	17	0.7240204429301533	176015.0	18	0.766609880749574	940.0	6	0.2555366269165247	705.0	0	0.0	705.0	0	0.0
login	18	118	177513.0	18	0.766609880749574	177513.0	7	0.2981260647359455	948.0	11	0.4684838160136286	711.0	0	0.0	711.0	0	0.0
login	18	119	179011.0	0	0.0	179011.0	11	0.4684838160136286	956.0	11	0.4684838160136286	717.0	0	0.0	717.0	0	0.0
login	18	120	180509.0	18	0.766609880749574	180509.0	18	0.766609880749574	964.0	8	0.34071550255536626	723.0	0	0.0	723.0	0	0.0
login	18	121	182007.0	18	0.766609880749574	182007.0	8	0.34071550255536626	972.0	10	0.42589437819420783	729.0	0	0.0	729.0	0	0.0
login	18	122	183505.0	0	0.0	183505.0	10	0.42589437819420783	980.0	14	0.596252129471891	735.0	0	0.0	735.0	0	0.0
login	18	123	185003.0	18	0.766609880749574	185003.0	18	0.766609880749574	988.0	28	1.192504258943782	741.0	0	0.0	741.0	0	0.0
login	18	124	186501.0	18	0.766609880749574	186501.0	4	0.17035775127768313	996.0	19	0.8091993185689949	747.0	0	0.0	747.0	0	0.0
login	18	125	187999.0	0	0.0	187999.0	14	0.596252129471891	1004.0	25	1.0647359454855196	753.0	0	0.0	753.0	0	0.0
login	18	126	189497.0	18	0.766609880749574	189497.0	15	0.6388415672913117	1012.0	10	0.42589437819420783	759.0	0	0.0	759.0	0	0.0
login	18	127	190995.0	18	0.766609880749574	190995.0	7	0.2981260647359455	1020.0	11	0.4684838160136286	765.0	0	0.0	765.0	0	0.0
login	18	128	192493.0	0	0.0	192493.0	14	0.596252129471891	1028.0	10	0.42589437819420783	771.0	0	0.0	771.0	0	0.0
login	18	129	193991.0	18	0.766609880749574	193991.0	15	0.6388415672913117	1036.0	8	0.34071550255536626	777.0	0	0.0	777.0	0	0.0
login	18	130	195489.0	18	0.766609880749574	195489.0	6	0.2555366269165247	1044.0	4	0.17035775127768313	783.0	0	0.0	783.0	0	0.0
login	18	131	196987.0	0	0.0	196987.0	15	0.6388415672913117	1052.0	6	0.2555366269165247	789.0	0	0.0	789.0	0	0.0
login	18	132	198485.0	18	0.766609880749574	198485.0	13	0.5536626916524702	1060.0	6	0.2555366269165247	795.0	0	0.0	795.0	0	0.0
login	18	133	199983.0	18	0.766609880749574	199983.0	7	0.2981260647359455	1068.0	12	0.5110732538330494	801.0	0	0.0	801.0	0	0.0
login	18	134	201481.0	0	0.0	201481.0	16	0.6814310051107325	1076.0	12	0.5110732538330494	807.0	0	0.0	807.0	0	0.0
login	18	135	202979.0	18	0.766609880749574	202979.0	11	0.4684838160136286	1084.0	18	0.766609880749574	813.0	0	0.0	813.0	0	0.0
login	18	136	204477.0	18	0.766609880749574	204477.0	8	0.34071550255536626	1092.0	31	1.3202725724020443	819.0	0	0.0	819.0	0	0.0
login	18	137	205975.0	0	0.0	205975.0	17	0.7240204429301533	1100.0	18	0.766609880749574	825.0	0	0.0	825.0	0	0.0
login	18	138	207473.0	18	0.766609880749574	207473.0	12	0.5110732538330494	1108.0	20	0.8517887563884157	831.0	0	0.0	831.0	0	0.0
login	18	139	208971.0	18	0.766609880749574	208971.0	8	0.34071550255536626	1116.0	24	1.0221465076660987	837.0	0	0.0	837.0	0	0.0
login	18	140	210469.0	0	0.0	210469.0	16	0.6814310051107325	1124.0	16	0.6814310051107325	843.0	0	0.0	843.0	0	0.0
login	18	141	211967.0	18	0.766609880749574	211967.0	12	0.5110732538330494	1132.0	5	0.21294718909710392	849.0	0	0.0	849.0	0	0.0
login	18	142	213465.0	18	0.766609880749574	213465.0	6	0.2555366269165247	1140.0	8	0.34071550255536626	855.0	0	0.0	855.0	0	0.0
login	18	143	214963.0	0	0.0	214963.0	18	0.766609880749574	1148.0	6	0.2555366269165247	861.0	0	0.0	861.0	0	0.0
login	18	144	216461.0	18	0.766609880749574	216461.0	9	0.383304940374787	1156.0	11	0.4684838160136286	867.0	0	0.0	867.0	0	0.0
login	18	145	217959.0	16	0.6814310051107325	217959.0	9	0.383304940374787	1164.0	12	0.5110732538330494	873.0	0	0.0	873.0	0	0.0
login	18	146	219457.0	2	0.08517887563884156	219457.0	18	0.766609880749574	1172.0	16	0.6814310051107325	879.0	0	0.0	879.0	0	0.0
login	18	147	220955.0	18	0.766609880749574	220955.0	10	0.42589437819420783	1180.0	24	1.0221465076660987	885.0	0	0.0	885.0	0	0.0
login	18	148	222453.0	17	0.7240204429301533	222453.0	8	0.34071550255536626	1188.0	29	1.2350936967632027	891.0	0	0.0	891.0	0	0.0
login	18	149	223951.0	1	0.04258943781942078	223951.0	18	0.766609880749574	1196.0	18	0.766609880749574	897.0	0	0.0	897.0	0	0.0
login	18	150	225449.0	18	0.766609880749574	225449.0	11	0.4684838160136286	1204.0	22	0.9369676320272572	903.0	0	0.0	903.0	0	0.0
login	18	151	226947.0	18	0.766609880749574	226947.0	7	0.2981260647359455	1212.0	21	0.8943781942078364	909.0	0	0.0	909.0	0	0.0
login	18	152	228445.0	0	0.0	228445.0	18	0.766609880749574	1220.0	16	0.6814310051107325	915.0	0	0.0	915.0	0	0.0
login	18	153	229943.0	18	0.766609880749574	229943.0	7	0.2981260647359455	1228.0	13	0.5536626916524702	921.0	0	0.0	921.0	0	0.0
login	18	154	231441.0	0	0.0	231441.0	11	0.4684838160136286	1236.0	12	0.5110732538330494	927.0	0	0.0	927.0	0	0.0
login	18	155	232939.0	18	0.766609880749574	232939.0	18	0.766609880749574	1244.0	8	0.34071550255536626	933.0	0	0.0	933.0	0	0.0
login	18	156	234437.0	18	0.766609880749574	234437.0	6	0.2555366269165247	1252.0	10	0.42589437819420783	939.0	0	0.0	939.0	0	0.0
login	18	157	235935.0	0	0.0	235935.0	12	0.5110732538330494	1260.0	17	0.7240204429301533	945.0	0	0.0	945.0	0	0.0
login	18	158	237433.0	18	0.766609880749574	237433.0	17	0.7240204429301533	1268.0	18	0.766609880749574	951.0	0	0.0	951.0	0	0.0
login	18	159	238931.0	18	0.766609880749574	238931.0	5	0.21294718909710392	1276.0	20	0.8517887563884157	957.0	0	0.0	957.0	0	0.0
login	18	160	240429.0	0	0.0	240429.0	14	0.596252129471891	1284.0	18	0.766609880749574	963.0	0	0.0	963.0	0	0.0
login	18	161	241927.0	18	0.766609880749574	241927.0	17	0.7240204429301533	1292.0	16	0.6814310051107325	969.0	0	0.0	969.0	0	0.0
login	18	162	243425.0	18	0.766609880749574	243425.0	6	0.2555366269165247	1300.0	19	0.8091993185689949	975.0	0	0.0	975.0	0	0.0
login	18	163	244923.0	0	0.0	244923.0	13	0.5536626916524702	1308.0	28	1.192504258943782	981.0	0	0.0	981.0	0	0.0
login	18	164	246421.0	18	0.766609880749574	246421.0	14	0.596252129471891	1316.0	17	0.7240204429301533	987.0	0	0.0	987.0	0	0.0
login	18	165	247919.0	18	0.766609880749574	247919.0	6	0.2555366269165247	1324.0	16	0.6814310051107325	993.0	0	0.0	993.0	0	0.0
login	18	166	249417.0	0	0.0	249417.0	16	0.6814310051107325	1332.0	14	0.596252129471891	999.0	0	0.0	999.0	0	0.0
login	18	167	250915.0	18	0.766609880749574	250915.0	12	0.5110732538330494	1340.0	9	0.383304940374787	1005.0	0	0.0	1005.0	0	0.0
login	18	168	252413.0	18	0.766609880749574	252413.0	6	0.2555366269165247	1348.0	10	0.42589437819420783	1011.0	0	0.0	1011.0	0	0.0
login	18	169	253911.0	0	0.0	253911.0	18	0.766609880749574	1356.0	9	0.383304940374787	1017.0	0	0.0	1017.0	0	0.0
login	18	170	255409.0	18	0.766609880749574	255409.0	12	0.5110732538330494	1364.0	12	0.5110732538330494	1023.0	0	0.0	1023.0	0	0.0
login	18	171	256907.0	18	0.766609880749574	256907.0	7	0.2981260647359455	1372.0	10	0.42589437819420783	1029.0	0	0.0	1029.0	0	0.0
login	18	172	258405.0	0	0.0	258405.0	17	0.7240204429301533	1380.0	9	0.383304940374787	1035.0	0	0.0	1035.0	0	0.0
login	18	173	259903.0	18	0.766609880749574	259903.0	12	0.5110732538330494	1388.0	12	0.5110732538330494	1041.0	0	0.0	1041.0	0	0.0
login	18	174	261401.0	18	0.766609880749574	261401.0	7	0.2981260647359455	1396.0	12	0.5110732538330494	1047.0	0	0.0	1047.0	0	0.0
login	18	175	262899.0	0	0.0	262899.0	17	0.7240204429301533	1404.0	4	0.17035775127768313	1053.0	0	0.0	1053.0	0	0.0
login	18	176	264397.0	18	0.766609880749574	264397.0	11	0.4684838160136286	1412.0	4	0.17035775127768313	1059.0	0	0.0	1059.0	0	0.0
login	18	177	265895.0	17	0.7240204429301533	265895.0	7	0.2981260647359455	1420.0	2	0.08517887563884156	1065.0	0	0.0	1065.0	0	0.0
login	18	178	267393.0	1	0.04258943781942078	267393.0	18	0.766609880749574	1428.0	2	0.08517887563884156	1071.0	0	0.0	1071.0	0	0.0
login	18	179	268891.0	18	0.766609880749574	268891.0	8	0.34071550255536626	1436.0	0	0.0	1077.0	0	0.0	1077.0	0	0.0
login	18	180	270389.0	0	0.0	270389.0	10	0.42589437819420783	1444.0	3	0.12776831345826234	1083.0	0	0.0	1083.0	0	0.0
login	18	181	271887.0	18	0.766609880749574	271887.0	17	0.7240204429301533	1452.0	2	0.08517887563884156	1089.0	0	0.0	1089.0	0	0.0
login	18	182	273385.0	18	0.766609880749574	273385.0	3	0.12776831345826234	1460.0	0	0.0	1095.0	0	0.0	1095.0	0	0.0
login	18	183	274883.0	0	0.0	274883.0	16	0.6814310051107325	1468.0	1	0.04258943781942078	1101.0	0	0.0	1101.0	0	0.0
login	18	184	276381.0	18	0.766609880749574	276381.0	14	0.596252129471891	1476.0	0	0.0	1107.0	0	0.0	1107.0	0	0.0
login	18	185	277879.0	18	0.766609880749574	277879.0	6	0.2555366269165247	1484.0	3	0.12776831345826234	1113.0	0	0.0	1113.0	0	0.0
login	18	186	279377.0	0	0.0	279377.0	16	0.6814310051107325	1492.0	1	0.04258943781942078	1119.0	0	0.0	1119.0	0	0.0
login	18	187	280875.0	18	0.766609880749574	280875.0	12	0.5110732538330494	1500.0	0	0.0	1125.0	0	0.0	1125.0	0	0.0
login	18	188	282373.0	18	0.766609880749574	282373.0	6	0.2555366269165247	1508.0	0	0.0	1131.0	0	0.0	1131.0	0	0.0
login	18	189	283871.0	0	0.0	283871.0	18	0.766609880749574	1516.0	1	0.04258943781942078	1137.0	0	0.0	1137.0	0	0.0
login	18	190	285369.0	18	0.766609880749574	285369.0	7	0.2981260647359455	1524.0	0	0.0	1143.0	0	0.0	1143.0	0	0.0
login	18	191	286867.0	0	0.0	286867.0	11	0.4684838160136286	1532.0	0	0.0	1149.0	0	0.0	1149.0	0	0.0
login	18	192	288365.0	18	0.766609880749574	288365.0	16	0.6814310051107325	1540.0	0	0.0	1155.0	0	0.0	1155.0	0	0.0
login	18	193	289863.0	0	0.0	289863.0	2	0.08517887563884156	1548.0	0	0.0	1161.0	0	0.0	1161.0	0	0.0
login	18	194	291361.0	18	0.766609880749574	291361.0	12	0.5110732538330494	1556.0	0	0.0	1167.0	0	0.0	1167.0	0	0.0
login	18	195	292859.0	18	0.766609880749574	292859.0	6	0.2555366269165247	1564.0	0	0.0	1173.0	0	0.0	1173.0	0	0.0
login	18	196	294357.0	0	0.0	294357.0	18	0.766609880749574	1572.0	0	0.0	1179.0	0	0.0	1179.0	0	0.0
login	18	197	295855.0	18	0.766609880749574	295855.0	8	0.34071550255536626	1580.0	0	0.0	1185.0	0	0.0	1185.0	0	0.0
login	18	198	297353.0	0	0.0	297353.0	10	0.42589437819420783	1588.0	0	0.0	1191.0	0	0.0	1191.0	0	0.0
login	18	199	298851.0	18	0.766609880749574	298851.0	18	0.766609880749574	1596.0	0	0.0	1197.0	0	0.0	1197.0	0	0.0
info	18	0	748.5	18	0.766609880749574	748.5	18	0.766609880749574	3.5	207	8.816013628620102	3.0	2348	100.0	3.0	2348	100.0
info	18	1	2245.5	13	0.5536626916524702	2245.5	1	0.04258943781942078	10.5	56	2.385008517887564	9.0	0	0.0	9.0	0	0.0
info	18	2	3742.5	7	0.2981260647359455	3742.5	18	0.766609880749574	17.5	68	2.8960817717206133	15.0	0	0.0	15.0	0	0.0
info	18	3	5239.5	17	0.7240204429301533	5239.5	18	0.766609880749574	24.5	51	2.17206132879046	21.0	0	0.0	21.0	0	0.0
info	18	4	6736.5	13	0.5536626916524702	6736.5	0	0.0	31.5	31	1.3202725724020443	27.0	0	0.0	27.0	0	0.0
info	18	5	8233.5	6	0.2555366269165247	8233.5	18	0.766609880749574	38.5	12	0.5110732538330494	33.0	0	0.0	33.0	0	0.0
info	18	6	9730.5	17	0.7240204429301533	9730.5	18	0.766609880749574	45.5	17	0.7240204429301533	39.0	0	0.0	39.0	0	0.0
info	18	7	11227.5	8	0.34071550255536626	11227.5	0	0.0	52.5	7	0.2981260647359455	45.0	0	0.0	45.0	0	0.0
info	18	8	12724.5	10	0.42589437819420783	12724.5	18	0.766609880749574	59.5	19	0.8091993185689949	51.0	0	0.0	51.0	0	0.0
info	18	9	14221.5	18	0.766609880749574	14221.5	18	0.766609880749574	66.5	31	1.3202725724020443	57.0	0	0.0	57.0	0	0.0
info	18	10	15718.5	9	0.383304940374787	15718.5	0	0.0	73.5	34	1.4480408858603067	63.0	0	0.0	63.0	0	0.0
info	18	11	17215.5	9	0.383304940374787	17215.5	18	0.766609880749574	80.5	33	1.4054514480408857	69.0	0	0.0	69.0	0	0.0
info	18	12	18712.5	16	0.6814310051107325	18712.5	16	0.6814310051107325	87.5	36	1.533219761499148	75.0	0	0.0	75.0	0	0.0
info	18	13	20209.5	7	0.2981260647359455	20209.5	2	0.08517887563884156	94.5	25	1.0647359454855196	81.0	0	0.0	81.0	0	0.0
info	18	14	21706.5	13	0.5536626916524702	21706.5	18	0.766609880749574	101.5	21	0.8943781942078364	87.0	0	0.0	87.0	0	0.0
info	18	15	23203.5	16	0.6814310051107325	23203.5	15	0.6388415672913117	108.5	13	0.5536626916524702	93.0	0	0.0	93.0	0	0.0
info	18	16	24700.5	4	0.17035775127768313	24700.5	3	0.12776831345826234	115.5	12	0.5110732538330494	99.0	0	0.0	99.0	0	0.0
info	18	17	26197.5	16	0.6814310051107325	26197.5	18	0.766609880749574	122.5	8	0.34071550255536626	105.0	0	0.0	105.0	0	0.0
info	18	18	27694.5	13	0.5536626916524702	27694.5	0	0.0	129.5	9	0.383304940374787	111.0	0	0.0	111.0	0	0.0
info	18	19	29191.5	10	0.42589437819420783	29191.5	18	0.766609880749574	136.5	10	0.42589437819420783	117.0	0	0.0	117.0	0	0.0
info	18	20	30688.5	13	0.5536626916524702	30688.5	18	0.766609880749574	143.5	2	0.08517887563884156	123.0	0	0.0	123.0	0	0.0
info	18	21	32185.5	14	0.596252129471891	32185.5	0	0.0	150.5	2	0.08517887563884156	129.0	0	0.0	129.0	0	0.0
info	18	22	33682.5	6	0.2555366269165247	33682.5	18	0.766609880749574	157.5	7	0.2981260647359455	135.0	0	0.0	135.0	0	0.0
info	18	23	35179.5	16	0.6814310051107325	35179.5	18	0.766609880749574	164.5	4	0.17035775127768313	141.0	0	0.0	141.0	0	0.0
info	18	24	36676.5	12	0.5110732538330494	36676.5	0	0.0	171.5	6	0.2555366269165247	147.0	0	0.0	147.0	0	0.0
info	18	25	38173.5	6	0.2555366269165247	38173.5	18	0.766609880749574	178.5	11	0.4684838160136286	153.0	0	0.0	153.0	0	0.0
info	18	26	39670.5	18	0.766609880749574	39670.5	18	0.766609880749574	185.5	10	0.42589437819420783	159.0	0	0.0	159.0	0	0.0
info	18	27	41167.5	10	0.42589437819420783	41167.5	0	0.0	192.5	12	0.5110732538330494	165.0	0	0.0	165.0	0	0.0
info	18	28	42664.5	8	0.34071550255536626	42664.5	18	0.766609880749574	199.5	15	0.6388415672913117	171.0	0	0.0	171.0	0	0.0
info	18	29	44161.5	18	0.766609880749574	44161.5	18	0.766609880749574	206.5	8	0.34071550255536626	177.0	0	0.0	177.0	0	0.0
info	18	30	45658.5	8	0.34071550255536626	45658.5	0	0.0	213.5	12	0.5110732538330494	183.0	0	0.0	183.0	0	0.0
info	18	31	47155.5	10	0.42589437819420783	47155.5	18	0.766609880749574	220.5	4	0.17035775127768313	189.0	0	0.0	189.0	0	0.0
info	18	32	48652.5	18	0.766609880749574	48652.5	18	0.766609880749574	227.5	8	0.34071550255536626	195.0	0	0.0	195.0	0	0.0
info	18	33	50149.5	7	0.2981260647359455	50149.5	0	0.0	234.5	8	0.34071550255536626	201.0	0	0.0	201.0	0	0.0
info	18	34	51646.5	11	0.4684838160136286	51646.5	18	0.766609880749574	241.5	11	0.4684838160136286	207.0	0	0.0	207.0	0	0.0
info	18	35	53143.5	18	0.766609880749574	53143.5	18	0.766609880749574	248.5	3	0.12776831345826234	213.0	0	0.0	213.0	0	0.0
info	18	36	54640.5	6	0.2555366269165247	54640.5	0	0.0	255.5	4	0.17035775127768313	219.0	0	0.0	219.0	0	0.0
info	18	37	56137.5	12	0.5110732538330494	56137.5	18	0.766609880749574	262.5	4	0.17035775127768313	225.0	0	0.0	225.0	0	0.0
info	18	38	57634.5	16	0.6814310051107325	57634.5	15	0.6388415672913117	269.5	3	0.12776831345826234	231.0	0	0.0	231.0	0	0.0
info	18	39	59131.5	8	0.34071550255536626	59131.5	3	0.12776831345826234	276.5	5	0.21294718909710392	237.0	0	0.0	237.0	0	0.0
info	18	40	60628.5	12	0.5110732538330494	60628.5	18	0.766609880749574	283.5	11	0.4684838160136286	243.0	0	0.0	243.0	0	0.0
info	18	41	62125.5	12	0.5110732538330494	62125.5	0	0.0	290.5	31	1.3202725724020443	249.0	0	0.0	249.0	0	0.0
info	18	42	63622.5	6	0.2555366269165247	63622.5	18	0.766609880749574	297.5	22	0.9369676320272572	255.0	0	0.0	255.0	0	0.0
info	18	43	65119.5	18	0.766609880749574	65119.5	18	0.766609880749574	304.5	40	1.7035775127768313	261.0	0	0.0	261.0	0	0.0
info	18	44	66616.5	8	0.34071550255536626	66616.5	0	0.0	311.5	26	1.1073253833049403	267.0	0	0.0	267.0	0	0.0
info	18	45	68113.5	10	0.42589437819420783	68113.5	18	0.766609880749574	318.5	31	1.3202725724020443	273.0	0	0.0	273.0	0	0.0
info	18	46	69610.5	18	0.766609880749574	69610.5	18	0.766609880749574	325.5	17	0.7240204429301533	279.0	0	0.0	279.0	0	0.0
info	18	47	71107.5	6	0.2555366269165247	71107.5	0	0.0	332.5	17	0.7240204429301533	285.0	0	0.0	285.0	0	0.0
info	18	48	72604.5	12	0.5110732538330494	72604.5	18	0.766609880749574	339.5	8	0.34071550255536626	291.0	0	0.0	291.0	0	0.0
info	18	49	74101.5	18	0.766609880749574	74101.5	18	0.766609880749574	346.5	6	0.2555366269165247	297.0	0	0.0	297.0	0	0.0
info	18	50	75598.5	6	0.2555366269165247	75598.5	0	0.0	353.5	8	0.34071550255536626	303.0	0	0.0	303.0	0	0.0
info	18	51	77095.5	12	0.5110732538330494	77095.5	18	0.766609880749574	360.5	6	0.2555366269165247	309.0	0	0.0	309.0	0	0.0
info	18	52	78592.5	14	0.596252129471891	78592.5	0	0.0	367.5	15	0.6388415672913117	315.0	0	0.0	315.0	0	0.0
info	18	53	80089.5	5	0.21294718909710392	80089.5	18	0.766609880749574	374.5	17	0.7240204429301533	321.0	0	0.0	321.0	0	0.0
info	18	54	81586.5	17	0.7240204429301533	81586.5	18	0.766609880749574	381.5	25	1.0647359454855196	327.0	0	0.0	327.0	0	0.0
info	18	55	83083.5	12	0.5110732538330494	83083.5	0	0.0	388.5	19	0.8091993185689949	333.0	0	0.0	333.0	0	0.0
info	18	56	84580.5	6	0.2555366269165247	84580.5	18	0.766609880749574	395.5	19	0.8091993185689949	339.0	0	0.0	339.0	0	0.0
info	18	57	86077.5	18	0.766609880749574	86077.5	18	0.766609880749574	402.5	29	1.2350936967632027	345.0	0	0.0	345.0	0	0.0
info	18	58	87574.5	8	0.34071550255536626	87574.5	0	0.0	409.5	25	1.0647359454855196	351.0	0	0.0	351.0	0	0.0
info	18	59	89071.5	10	0.42589437819420783	89071.5	18	0.766609880749574	416.5	16	0.6814310051107325	357.0	0	0.0	357.0	0	0.0
info	18	60	90568.5	18	0.766609880749574	90568.5	18	0.766609880749574	423.5	20	0.8517887563884157	363.0	0	0.0	363.0	0	0.0
info	18	61	92065.5	4	0.17035775127768313	92065.5	0	0.0	430.5	14	0.596252129471891	369.0	0	0.0	369.0	0	0.0
info	18	62	93562.5	14	0.596252129471891	93562.5	18	0.766609880749574	437.5	6	0.2555366269165247	375.0	0	0.0	375.0	0	0.0
info	18	63	95059.5	15	0.6388415672913117	95059.5	11	0.4684838160136286	444.5	3	0.12776831345826234	381.0	0	0.0	381.0	0	0.0
info	18	64	96556.5	7	0.2981260647359455	96556.5	7	0.2981260647359455	451.5	5	0.21294718909710392	387.0	0	0.0	387.0	0	0.0
info	18	65	98053.5	14	0.596252129471891	98053.5	18	0.766609880749574	458.5	5	0.21294718909710392	393.0	0	0.0	393.0	0	0.0
info	18	66	99550.5	14	0.596252129471891	99550.5	0	0.0	465.5	10	0.42589437819420783	399.0	0	0.0	399.0	0	0.0
info	18	67	101047.5	7	0.2981260647359455	101047.5	18	0.766609880749574	472.5	8	0.34071550255536626	405.0	0	0.0	405.0	0	0.0
info	18	68	102544.5	15	0.6388415672913117	102544.5	18	0.766609880749574	479.5	13	0.5536626916524702	411.0	0	0.0	411.0	0	0.0
info	18	69	104041.5	13	0.5536626916524702	104041.5	0	0.0	486.5	20	0.8517887563884157	417.0	0	0.0	417.0	0	0.0
info	18	70	105538.5	7	0.2981260647359455	105538.5	18	0.766609880749574	493.5	13	0.5536626916524702	423.0	0	0.0	423.0	0	0.0
info	18	71	107035.5	16	0.6814310051107325	107035.5	18	0.766609880749574	500.5	11	0.4684838160136286	429.0	0	0.0	429.0	0	0.0
info	18	72	108532.5	12	0.5110732538330494	108532.5	0	0.0	507.5	9	0.383304940374787	435.0	0	0.0	435.0	0	0.0
info	18	73	110029.5	6	0.2555366269165247	110029.5	18	0.766609880749574	514.5	5	0.21294718909710392	441.0	0	0.0	441.0	0	0.0
info	18	74	111526.5	18	0.766609880749574	111526.5	18	0.766609880749574	521.5	9	0.383304940374787	447.0	0	0.0	447.0	0	0.0
info	18	75	113023.5	9	0.383304940374787	113023.5	0	0.0	528.5	11	0.4684838160136286	453.0	0	0.0	453.0	0	0.0
info	18	76	114520.5	9	0.383304940374787	114520.5	18	0.766609880749574	535.5	4	0.17035775127768313	459.0	0	0.0	459.0	0	0.0
info	18	77	116017.5	18	0.766609880749574	116017.5	18	0.766609880749574	542.5	12	0.5110732538330494	465.0	0	0.0	465.0	0	0.0
info	18	78	117514.5	6	0.2555366269165247	117514.5	0	0.0	549.5	4	0.17035775127768313	471.0	0	0.0	471.0	0	0.0
info	18	79	119011.5	12	0.5110732538330494	119011.5	18	0.766609880749574	556.5	2	0.08517887563884156	477.0	0	0.0	477.0	0	0.0
info	18	80	120508.5	14	0.596252129471891	120508.5	0	0.0	563.5	3	0.12776831345826234	483.0	0	0.0	483.0	0	0.0
info	18	81	122005.5	6	0.2555366269165247	122005.5	18	0.766609880749574	570.5	15	0.6388415672913117	489.0	0	0.0	489.0	0	0.0
info	18	82	123502.5	16	0.6814310051107325	123502.5	18	0.766609880749574	577.5	11	0.4684838160136286	495.0	0	0.0	495.0	0	0.0
info	18	83	124999.5	11	0.4684838160136286	124999.5	0	0.0	584.5	19	0.8091993185689949	501.0	0	0.0	501.0	0	0.0
info	18	84	126496.5	7	0.2981260647359455	126496.5	18	0.766609880749574	591.5	27	1.149914821124361	507.0	0	0.0	507.0	0	0.0
info	18	85	127993.5	18	0.766609880749574	127993.5	18	0.766609880749574	598.5	23	0.979557069846678	513.0	0	0.0	513.0	0	0.0
info	18	86	129490.5	5	0.21294718909710392	129490.5	0	0.0	605.5	25	1.0647359454855196	519.0	0	0.0	519.0	0	0.0
info	18	87	130987.5	13	0.5536626916524702	130987.5	18	0.766609880749574	612.5	15	0.6388415672913117	525.0	0	0.0	525.0	0	0.0
info	18	88	132484.5	16	0.6814310051107325	132484.5	15	0.6388415672913117	619.5	16	0.6814310051107325	531.0	0	0.0	531.0	0	0.0
info	18	89	133981.5	7	0.2981260647359455	133981.5	3	0.12776831345826234	626.5	10	0.42589437819420783	537.0	0	0.0	537.0	0	0.0
info	18	90	135478.5	13	0.5536626916524702	135478.5	18	0.766609880749574	633.5	12	0.5110732538330494	543.0	0	0.0	543.0	0	0.0
info	18	91	136975.5	16	0.6814310051107325	136975.5	16	0.6814310051107325	640.5	8	0.34071550255536626	549.0	0	0.0	549.0	0	0.0
info	18	92	138472.5	8	0.34071550255536626	138472.5	2	0.08517887563884156	647.5	5	0.21294718909710392	555.0	0	0.0	555.0	0	0.0
info	18	93	139969.5	12	0.5110732538330494	139969.5	18	0.766609880749574	654.5	8	0.34071550255536626	561.0	0	0.0	561.0	0	0.0
info	18	94	141466.5	15	0.6388415672913117	141466.5	15	0.6388415672913117	661.5	5	0.21294718909710392	567.0	0	0.0	567.0	0	0.0
info	18	95	142963.5	7	0.2981260647359455	142963.5	3	0.12776831345826234	668.5	9	0.383304940374787	573.0	0	0.0	573.0	0	0.0
info	18	96	144460.5	14	0.596252129471891	144460.5	18	0.766609880749574	675.5	10	0.42589437819420783	579.0	0	0.0	579.0	0	0.0
info	18	97	145957.5	12	0.5110732538330494	145957.5	0	0.0	682.5	9	0.383304940374787	585.0	0	0.0	585.0	0	0.0
info	18	98	147454.5	7	0.2981260647359455	147454.5	18	0.766609880749574	689.5	22	0.9369676320272572	591.0	0	0.0	591.0	0	0.0
info	18	99	148951.5	17	0.7240204429301533	148951.5	18	0.766609880749574	696.5	16	0.6814310051107325	597.0	0	0.0	597.0	0	0.0
info	18	100	150448.5	12	0.5110732538330494	150448.5	0	0.0	703.5	18	0.766609880749574	603.0	0	0.0	603.0	0	0.0
info	18	101	151945.5	6	0.2555366269165247	151945.5	18	0.766609880749574	710.5	22	0.9369676320272572	609.0	0	0.0	609.0	0	0.0
info	18	102	153442.5	18	0.766609880749574	153442.5	18	0.766609880749574	717.5	12	0.5110732538330494	615.0	0	0.0	615.0	0	0.0
info	18	103	154939.5	8	0.34071550255536626	154939.5	0	0.0	724.5	19	0.8091993185689949	621.0	0	0.0	621.0	0	0.0
info	18	104	156436.5	10	0.42589437819420783	156436.5	18	0.766609880749574	731.5	10	0.42589437819420783	627.0	0	0.0	627.0	0	0.0
info	18	105	157933.5	18	0.766609880749574	157933.5	18	0.766609880749574	738.5	8	0.34071550255536626	633.0	0	0.0	633.0	0	0.0
info	18	106	159430.5	18	0.766609880749574	159430.5	18	0.766609880749574	745.5	5	0.21294718909710392	639.0	0	0.0	639.0	0	0.0
info	18	107	160927.5	14	0.596252129471891	160927.5	7	0.2981260647359455	752.5	4	0.17035775127768313	645.0	0	0.0	645.0	0	0.0
info	18	108	162424.5	11	0.4684838160136286	162424.5	18	0.766609880749574	759.5	8	0.34071550255536626	651.0	0	0.0	651.0	0	0.0
info	18	109	163921.5	16	0.6814310051107325	163921.5	16	0.6814310051107325	766.5	5	0.21294718909710392	657.0	0	0.0	657.0	0	0.0
info	18	110	165418.5	8	0.34071550255536626	165418.5	2	0.08517887563884156	773.5	10	0.42589437819420783	663.0	0	0.0	663.0	0	0.0
info	18	111	166915.5	12	0.5110732538330494	166915.5	18	0.766609880749574	780.5	15	0.6388415672913117	669.0	0	0.0	669.0	0	0.0
info	18	112	168412.5	16	0.6814310051107325	168412.5	14	0.596252129471891	787.5	17	0.7240204429301533	675.0	0	0.0	675.0	0	0.0
info	18	113	169909.5	6	0.2555366269165247	169909.5	4	0.17035775127768313	794.5	13	0.5536626916524702	681.0	0	0.0	681.0	0	0.0
info	18	114	171406.5	14	0.596252129471891	171406.5	18	0.766609880749574	801.5	20	0.8517887563884157	687.0	0	0.0	687.0	0	0.0
info	18	115	172903.5	11	0.4684838160136286	172903.5	0	0.0	808.5	28	1.192504258943782	693.0	0	0.0	693.0	0	0.0
info	18	116	174400.5	7	0.2981260647359455	174400.5	18	0.766609880749574	815.5	19	0.8091993185689949	699.0	0	0.0	699.0	0	0.0
info	18	117	175897.5	18	0.766609880749574	175897.5	18	0.766609880749574	822.5	26	1.1073253833049403	705.0	0	0.0	705.0	0	0.0
info	18	118	177394.5	9	0.383304940374787	177394.5	0	0.0	829.5	13	0.5536626916524702	711.0	0	0.0	711.0	0	0.0
info	18	119	178891.5	9	0.383304940374787	178891.5	18	0.766609880749574	836.5	6	0.2555366269165247	717.0	0	0.0	717.0	0	0.0
info	18	120	180388.5	18	0.766609880749574	180388.5	18	0.766609880749574	843.5	9	0.383304940374787	723.0	0	0.0	723.0	0	0.0
info	18	121	181885.5	10	0.42589437819420783	181885.5	0	0.0	850.5	8	0.34071550255536626	729.0	0	0.0	729.0	0	0.0
info	18	122	183382.5	8	0.34071550255536626	183382.5	18	0.766609880749574	857.5	12	0.5110732538330494	735.0	0	0.0	735.0	0	0.0
info	18	123	184879.5	18	0.766609880749574	184879.5	18	0.766609880749574	864.5	9	0.383304940374787	741.0	0	0.0	741.0	0	0.0
info	18	124	186376.5	8	0.34071550255536626	186376.5	0	0.0	871.5	13	0.5536626916524702	747.0	0	0.0	747.0	0	0.0
info	18	125	187873.5	10	0.42589437819420783	187873.5	18	0.766609880749574	878.5	22	0.9369676320272572	753.0	0	0.0	753.0	0	0.0
info	18	126	189370.5	18	0.766609880749574	189370.5	18	0.766609880749574	885.5	23	0.979557069846678	759.0	0	0.0	759.0	0	0.0
info	18	127	190867.5	8	0.34071550255536626	190867.5	0	0.0	892.5	28	1.192504258943782	765.0	0	0.0	765.0	0	0.0
info	18	128	192364.5	10	0.42589437819420783	192364.5	18	0.766609880749574	899.5	20	0.8517887563884157	771.0	0	0.0	771.0	0	0.0
info	18	129	193861.5	18	0.766609880749574	193861.5	18	0.766609880749574	906.5	21	0.8943781942078364	777.0	0	0.0	777.0	0	0.0
info	18	130	195358.5	7	0.2981260647359455	195358.5	0	0.0	913.5	26	1.1073253833049403	783.0	0	0.0	783.0	0	0.0
info	18	131	196855.5	11	0.4684838160136286	196855.5	18	0.766609880749574	920.5	17	0.7240204429301533	789.0	0	0.0	789.0	0	0.0
info	18	132	198352.5	16	0.6814310051107325	198352.5	16	0.6814310051107325	927.5	11	0.4684838160136286	795.0	0	0.0	795.0	0	0.0
info	18	133	199849.5	6	0.2555366269165247	199849.5	2	0.08517887563884156	934.5	7	0.2981260647359455	801.0	0	0.0	801.0	0	0.0
info	18	134	201346.5	14	0.596252129471891	201346.5	18	0.766609880749574	941.5	1	0.04258943781942078	807.0	0	0.0	807.0	0	0.0
info	18	135	202843.5	14	0.596252129471891	202843.5	0	0.0	948.5	3	0.12776831345826234	813.0	0	0.0	813.0	0	0.0
info	18	136	204340.5	9	0.383304940374787	204340.5	18	0.766609880749574	955.5	7	0.2981260647359455	819.0	0	0.0	819.0	0	0.0
info	18	137	205837.5	13	0.5536626916524702	205837.5	18	0.766609880749574	962.5	7	0.2981260647359455	825.0	0	0.0	825.0	0	0.0
info	18	138	207334.5	13	0.5536626916524702	207334.5	0	0.0	969.5	10	0.42589437819420783	831.0	0	0.0	831.0	0	0.0
info	18	139	208831.5	8	0.34071550255536626	208831.5	18	0.766609880749574	976.5	9	0.383304940374787	837.0	0	0.0	837.0	0	0.0
info	18	140	210328.5	15	0.6388415672913117	210328.5	18	0.766609880749574	983.5	10	0.42589437819420783	843.0	0	0.0	843.0	0	0.0
info	18	141	211825.5	13	0.5536626916524702	211825.5	0	0.0	990.5	16	0.6814310051107325	849.0	0	0.0	849.0	0	0.0
info	18	142	213322.5	6	0.2555366269165247	213322.5	18	0.766609880749574	997.5	15	0.6388415672913117	855.0	0	0.0	855.0	0	0.0
info	18	143	214819.5	17	0.7240204429301533	214819.5	18	0.766609880749574	1004.5	14	0.596252129471891	861.0	0	0.0	861.0	0	0.0
info	18	144	216316.5	12	0.5110732538330494	216316.5	0	0.0	1011.5	6	0.2555366269165247	867.0	0	0.0	867.0	0	0.0
info	18	145	217813.5	6	0.2555366269165247	217813.5	18	0.766609880749574	1018.5	9	0.383304940374787	873.0	0	0.0	873.0	0	0.0
info	18	146	219310.5	18	0.766609880749574	219310.5	18	0.766609880749574	1025.5	2	0.08517887563884156	879.0	0	0.0	879.0	0	0.0
info	18	147	220807.5	11	0.4684838160136286	220807.5	0	0.0	1032.5	5	0.21294718909710392	885.0	0	0.0	885.0	0	0.0
info	18	148	222304.5	8	0.34071550255536626	222304.5	18	0.766609880749574	1039.5	5	0.21294718909710392	891.0	0	0.0	891.0	0	0.0
info	18	149	223801.5	17	0.7240204429301533	223801.5	18	0.766609880749574	1046.5	1	0.04258943781942078	897.0	0	0.0	897.0	0	0.0
info	18	150	225298.5	13	0.5536626916524702	225298.5	0	0.0	1053.5	1	0.04258943781942078	903.0	0	0.0	903.0	0	0.0
info	18	151	226795.5	5	0.21294718909710392	226795.5	18	0.766609880749574	1060.5	4	0.17035775127768313	909.0	0	0.0	909.0	0	0.0
info	18	152	228292.5	18	0.766609880749574	228292.5	18	0.766609880749574	1067.5	4	0.17035775127768313	915.0	0	0.0	915.0	0	0.0
info	18	153	229789.5	10	0.42589437819420783	229789.5	0	0.0	1074.5	3	0.12776831345826234	921.0	0	0.0	921.0	0	0.0
info	18	154	231286.5	8	0.34071550255536626	231286.5	18	0.766609880749574	1081.5	4	0.17035775127768313	927.0	0	0.0	927.0	0	0.0
info	18	155	232783.5	18	0.766609880749574	232783.5	18	0.766609880749574	1088.5	3	0.12776831345826234	933.0	0	0.0	933.0	0	0.0
info	18	156	234280.5	8	0.34071550255536626	234280.5	0	0.0	1095.5	5	0.21294718909710392	939.0	0	0.0	939.0	0	0.0
info	18	157	235777.5	10	0.42589437819420783	235777.5	18	0.766609880749574	1102.5	3	0.12776831345826234	945.0	0	0.0	945.0	0	0.0
info	18	158	237274.5	18	0.766609880749574	237274.5	18	0.766609880749574	1109.5	5	0.21294718909710392	951.0	0	0.0	951.0	0	0.0
info	18	159	238771.5	8	0.34071550255536626	238771.5	0	0.0	1116.5	4	0.17035775127768313	957.0	0	0.0	957.0	0	0.0
info	18	160	240268.5	10	0.42589437819420783	240268.5	18	0.766609880749574	1123.5	2	0.08517887563884156	963.0	0	0.0	963.0	0	0.0
info	18	161	241765.5	18	0.766609880749574	241765.5	18	0.766609880749574	1130.5	2	0.08517887563884156	969.0	0	0.0	969.0	0	0.0
info	18	162	243262.5	7	0.2981260647359455	243262.5	0	0.0	1137.5	0	0.0	975.0	0	0.0	975.0	0	0.0
info	18	163	244759.5	11	0.4684838160136286	244759.5	18	0.766609880749574	1144.5	0	0.0	981.0	0	0.0	981.0	0	0.0
info	18	164	246256.5	18	0.766609880749574	246256.5	18	0.766609880749574	1151.5	0	0.0	987.0	0	0.0	987.0	0	0.0
info	18	165	247753.5	4	0.17035775127768313	247753.5	0	0.0	1158.5	0	0.0	993.0	0	0.0	993.0	0	0.0
info	18	166	249250.5	14	0.596252129471891	249250.5	18	0.766609880749574	1165.5	0	0.0	999.0	0	0.0	999.0	0	0.0
info	18	167	250747.5	13	0.5536626916524702	250747.5	0	0.0	1172.5	0	0.0	1005.0	0	0.0	1005.0	0	0.0
info	18	168	252244.5	6	0.2555366269165247	252244.5	18	0.766609880749574	1179.5	0	0.0	1011.0	0	0.0	1011.0	0	0.0
info	18	169	253741.5	17	0.7240204429301533	253741.5	18	0.766609880749574	1186.5	1	0.04258943781942078	1017.0	0	0.0	1017.0	0	0.0
info	18	170	255238.5	14	0.596252129471891	255238.5	1	0.04258943781942078	1193.5	1	0.04258943781942078	1023.0	0	0.0	1023.0	0	0.0
info	18	171	256735.5	6	0.2555366269165247	256735.5	17	0.7240204429301533	1200.5	1	0.04258943781942078	1029.0	0	0.0	1029.0	0	0.0
info	18	172	258232.5	16	0.6814310051107325	258232.5	18	0.766609880749574	1207.5	0	0.0	1035.0	0	0.0	1035.0	0	0.0
info	18	173	259729.5	13	0.5536626916524702	259729.5	0	0.0	1214.5	0	0.0	1041.0	0	0.0	1041.0	0	0.0
info	18	174	261226.5	7	0.2981260647359455	261226.5	18	0.766609880749574	1221.5	1	0.04258943781942078	1047.0	0	0.0	1047.0	0	0.0
info	18	175	262723.5	16	0.6814310051107325	262723.5	18	0.766609880749574	1228.5	1	0.04258943781942078	1053.0	0	0.0	1053.0	0	0.0
info	18	176	264220.5	11	0.4684838160136286	264220.5	0	0.0	1235.5	0	0.0	1059.0	0	0.0	1059.0	0	0.0
info	18	177	265717.5	8	0.34071550255536626	265717.5	18	0.766609880749574	1242.5	0	0.0	1065.0	0	0.0	1065.0	0	0.0
info	18	178	267214.5	17	0.7240204429301533	267214.5	18	0.766609880749574	1249.5	0	0.0	1071.0	0	0.0	1071.0	0	0.0
info	18	179	268711.5	9	0.383304940374787	268711.5	0	0.0	1256.5	0	0.0	1077.0	0	0.0	1077.0	0	0.0
info	18	180	270208.5	9	0.383304940374787	270208.5	18	0.766609880749574	1263.5	0	0.0	1083.0	0	0.0	1083.0	0	0.0
info	18	181	271705.5	18	0.766609880749574	271705.5	18	0.766609880749574	1270.5	0	0.0	1089.0	0	0.0	1089.0	0	0.0
info	18	182	273202.5	6	0.2555366269165247	273202.5	0	0.0	1277.5	0	0.0	1095.0	0	0.0	1095.0	0	0.0
info	18	183	274699.5	12	0.5110732538330494	274699.5	18	0.766609880749574	1284.5	0	0.0	1101.0	0	0.0	1101.0	0	0.0
info	18	184	276196.5	15	0.6388415672913117	276196.5	14	0.596252129471891	1291.5	0	0.0	1107.0	0	0.0	1107.0	0	0.0
info	18	185	277693.5	6	0.2555366269165247	277693.5	4	0.17035775127768313	1298.5	0	0.0	1113.0	0	0.0	1113.0	0	0.0
info	18	186	279190.5	15	0.6388415672913117	279190.5	18	0.766609880749574	1305.5	0	0.0	1119.0	0	0.0	1119.0	0	0.0
info	18	187	280687.5	12	0.5110732538330494	280687.5	0	0.0	1312.5	0	0.0	1125.0	0	0.0	1125.0	0	0.0
info	18	188	282184.5	7	0.2981260647359455	282184.5	18	0.766609880749574	1319.5	0	0.0	1131.0	0	0.0	1131.0	0	0.0
info	18	189	283681.5	17	0.7240204429301533	283681.5	18	0.766609880749574	1326.5	0	0.0	1137.0	0	0.0	1137.0	0	0.0
info	18	190	285178.5	8	0.34071550255536626	285178.5	0	0.0	1333.5	0	0.0	1143.0	0	0.0	1143.0	0	0.0
info	18	191	286675.5	10	0.42589437819420783	286675.5	18	0.766609880749574	1340.5	0	0.0	1149.0	0	0.0	1149.0	0	0.0
info	18	192	288172.5	13	0.5536626916524702	288172.5	13	0.5536626916524702	1347.5	0	0.0	1155.0	0	0.0	1155.0	0	0.0
info	18	193	289669.5	5	0.21294718909710392	289669.5	5	0.21294718909710392	1354.5	0	0.0	1161.0	0	0.0	1161.0	0	0.0
info	18	194	291166.5	12	0.5110732538330494	291166.5	0	0.0	1361.5	0	0.0	1167.0	0	0.0	1167.0	0	0.0
info	18	195	292663.5	9	0.383304940374787	292663.5	18	0.766609880749574	1368.5	0	0.0	1173.0	0	0.0	1173.0	0	0.0
info	18	196	294160.5	15	0.6388415672913117	294160.5	18	0.766609880749574	1375.5	0	0.0	1179.0	0	0.0	1179.0	0	0.0
info	18	197	295657.5	10	0.42589437819420783	295657.5	0	0.0	1382.5	0	0.0	1185.0	0	0.0	1185.0	0	0.0
info	18	198	297154.5	8	0.34071550255536626	297154.5	18	0.766609880749574	1389.5	0	0.0	1191.0	0	0.0	1191.0	0	0.0
info	18	199	298651.5	18	0.766609880749574	298651.5	18	0.766609880749574	1396.5	0	0.0	1197.0	0	0.0	1197.0	0	0.0
home	18	0	747.5	18	0.766609880749574	747.5	18	0.766609880749574	2.5	189	8.049403747870528	3.0	2348	100.0	3.0	2348	100.0
home	18	1	2242.5	19	0.8091993185689949	2242.5	19	0.8091993185689949	7.5	107	4.557069846678024	9.0	0	0.0	9.0	0	0.0
home	18	2	3737.5	0	0.0	3737.5	0	0.0	12.5	45	1.916524701873935	15.0	0	0.0	15.0	0	0.0
home	18	3	5232.5	18	0.766609880749574	5232.5	18	0.766609880749574	17.5	151	6.431005110732538	21.0	0	0.0	21.0	0	0.0
home	18	4	6727.5	18	0.766609880749574	6727.5	18	0.766609880749574	22.5	231	9.8381601362862	27.0	0	0.0	27.0	0	0.0
home	18	5	8222.5	0	0.0	8222.5	0	0.0	27.5	130	5.5366269165247015	33.0	0	0.0	33.0	0	0.0
home	18	6	9717.5	18	0.766609880749574	9717.5	18	0.766609880749574	32.5	83	3.534923339011925	39.0	0	0.0	39.0	0	0.0
home	18	7	11212.5	0	0.0	11212.5	0	0.0	37.5	70	2.9812606473594547	45.0	0	0.0	45.0	0	0.0
home	18	8	12707.5	18	0.766609880749574	12707.5	18	0.766609880749574	42.5	57	2.4275979557069847	51.0	0	0.0	51.0	0	0.0
home	18	9	14202.5	18	0.766609880749574	14202.5	18	0.766609880749574	47.5	32	1.362862010221465	57.0	0	0.0	57.0	0	0.0
home	18	10	15697.5	0	0.0	15697.5	0	0.0	52.5	18	0.766609880749574	63.0	0	0.0	63.0	0	0.0
home	18	11	17192.5	18	0.766609880749574	17192.5	18	0.766609880749574	57.5	25	1.0647359454855196	69.0	0	0.0	69.0	0	0.0
home	18	12	18687.5	18	0.766609880749574	18687.5	18	0.766609880749574	62.5	49	2.086882453151618	75.0	0	0.0	75.0	0	0.0
home	18	13	20182.5	0	0.0	20182.5	0	0.0	67.5	95	4.045996592844975	81.0	0	0.0	81.0	0	0.0
home	18	14	21677.5	18	0.766609880749574	21677.5	18	0.766609880749574	72.5	133	5.664395229982964	87.0	0	0.0	87.0	0	0.0
home	18	15	23172.5	18	0.766609880749574	23172.5	18	0.766609880749574	77.5	147	6.260647359454855	93.0	0	0.0	93.0	0	0.0
home	18	16	24667.5	0	0.0	24667.5	0	0.0	82.5	134	5.706984667802385	99.0	0	0.0	99.0	0	0.0
home	18	17	26162.5	18	0.766609880749574	26162.5	18	0.766609880749574	87.5	140	5.9625212947189095	105.0	0	0.0	105.0	0	0.0
home	18	18	27657.5	18	0.766609880749574	27657.5	18	0.766609880749574	92.5	141	6.005110732538331	111.0	0	0.0	111.0	0	0.0
home	18	19	29152.5	0	0.0	29152.5	0	0.0	97.5	112	4.770017035775128	117.0	0	0.0	117.0	0	0.0
home	18	20	30647.5	18	0.766609880749574	30647.5	18	0.766609880749574	102.5	83	3.534923339011925	123.0	0	0.0	123.0	0	0.0
home	18	21	32142.5	18	0.766609880749574	32142.5	18	0.766609880749574	107.5	71	3.0238500851788754	129.0	0	0.0	129.0	0	0.0
home	18	22	33637.5	0	0.0	33637.5	0	0.0	112.5	26	1.1073253833049403	135.0	0	0.0	135.0	0	0.0
home	18	23	35132.5	18	0.766609880749574	35132.5	18	0.766609880749574	117.5	18	0.766609880749574	141.0	0	0.0	141.0	0	0.0
home	18	24	36627.5	16	0.6814310051107325	36627.5	16	0.6814310051107325	122.5	5	0.21294718909710392	147.0	0	0.0	147.0	0	0.0
home	18	25	38122.5	2	0.08517887563884156	38122.5	2	0.08517887563884156	127.5	3	0.12776831345826234	153.0	0	0.0	153.0	0	0.0
home	18	26	39617.5	18	0.766609880749574	39617.5	18	0.766609880749574	132.5	1	0.04258943781942078	159.0	0	0.0	159.0	0	0.0
home	18	27	41112.5	0	0.0	41112.5	0	0.0	137.5	3	0.12776831345826234	165.0	0	0.0	165.0	0	0.0
home	18	28	42607.5	18	0.766609880749574	42607.5	18	0.766609880749574	142.5	2	0.08517887563884156	171.0	0	0.0	171.0	0	0.0
home	18	29	44102.5	18	0.766609880749574	44102.5	18	0.766609880749574	147.5	1	0.04258943781942078	177.0	0	0.0	177.0	0	0.0
home	18	30	45597.5	0	0.0	45597.5	0	0.0	152.5	4	0.17035775127768313	183.0	0	0.0	183.0	0	0.0
home	18	31	47092.5	18	0.766609880749574	47092.5	18	0.766609880749574	157.5	5	0.21294718909710392	189.0	0	0.0	189.0	0	0.0
home	18	32	48587.5	18	0.766609880749574	48587.5	18	0.766609880749574	162.5	5	0.21294718909710392	195.0	0	0.0	195.0	0	0.0
home	18	33	50082.5	0	0.0	50082.5	0	0.0	167.5	2	0.08517887563884156	201.0	0	0.0	201.0	0	0.0
home	18	34	51577.5	18	0.766609880749574	51577.5	18	0.766609880749574	172.5	2	0.08517887563884156	207.0	0	0.0	207.0	0	0.0
home	18	35	53072.5	18	0.766609880749574	53072.5	18	0.766609880749574	177.5	1	0.04258943781942078	213.0	0	0.0	213.0	0	0.0
home	18	36	54567.5	0	0.0	54567.5	0	0.0	182.5	1	0.04258943781942078	219.0	0	0.0	219.0	0	0.0
home	18	37	56062.5	18	0.766609880749574	56062.5	18	0.766609880749574	187.5	1	0.04258943781942078	225.0	0	0.0	225.0	0	0.0
home	18	38	57557.5	18	0.766609880749574	57557.5	18	0.766609880749574	192.5	0	0.0	231.0	0	0.0	231.0	0	0.0
home	18	39	59052.5	0	0.0	59052.5	0	0.0	197.5	1	0.04258943781942078	237.0	0	0.0	237.0	0	0.0
home	18	40	60547.5	18	0.766609880749574	60547.5	18	0.766609880749574	202.5	1	0.04258943781942078	243.0	0	0.0	243.0	0	0.0
home	18	41	62042.5	18	0.766609880749574	62042.5	18	0.766609880749574	207.5	0	0.0	249.0	0	0.0	249.0	0	0.0
home	18	42	63537.5	0	0.0	63537.5	0	0.0	212.5	1	0.04258943781942078	255.0	0	0.0	255.0	0	0.0
home	18	43	65032.5	18	0.766609880749574	65032.5	18	0.766609880749574	217.5	0	0.0	261.0	0	0.0	261.0	0	0.0
home	18	44	66527.5	0	0.0	66527.5	0	0.0	222.5	0	0.0	267.0	0	0.0	267.0	0	0.0
home	18	45	68022.5	18	0.766609880749574	68022.5	18	0.766609880749574	227.5	1	0.04258943781942078	273.0	0	0.0	273.0	0	0.0
home	18	46	69517.5	18	0.766609880749574	69517.5	18	0.766609880749574	232.5	0	0.0	279.0	0	0.0	279.0	0	0.0
home	18	47	71012.5	0	0.0	71012.5	0	0.0	237.5	0	0.0	285.0	0	0.0	285.0	0	0.0
home	18	48	72507.5	18	0.766609880749574	72507.5	18	0.766609880749574	242.5	0	0.0	291.0	0	0.0	291.0	0	0.0
home	18	49	74002.5	18	0.766609880749574	74002.5	18	0.766609880749574	247.5	0	0.0	297.0	0	0.0	297.0	0	0.0
home	18	50	75497.5	0	0.0	75497.5	0	0.0	252.5	0	0.0	303.0	0	0.0	303.0	0	0.0
home	18	51	76992.5	18	0.766609880749574	76992.5	18	0.766609880749574	257.5	0	0.0	309.0	0	0.0	309.0	0	0.0
home	18	52	78487.5	18	0.766609880749574	78487.5	18	0.766609880749574	262.5	0	0.0	315.0	0	0.0	315.0	0	0.0
home	18	53	79982.5	0	0.0	79982.5	0	0.0	267.5	0	0.0	321.0	0	0.0	321.0	0	0.0
home	18	54	81477.5	18	0.766609880749574	81477.5	18	0.766609880749574	272.5	0	0.0	327.0	0	0.0	327.0	0	0.0
home	18	55	82972.5	0	0.0	82972.5	0	0.0	277.5	0	0.0	333.0	0	0.0	333.0	0	0.0
home	18	56	84467.5	18	0.766609880749574	84467.5	18	0.766609880749574	282.5	0	0.0	339.0	0	0.0	339.0	0	0.0
home	18	57	85962.5	18	0.766609880749574	85962.5	18	0.766609880749574	287.5	1	0.04258943781942078	345.0	0	0.0	345.0	0	0.0
home	18	58	87457.5	0	0.0	87457.5	0	0.0	292.5	0	0.0	351.0	0	0.0	351.0	0	0.0
home	18	59	88952.5	18	0.766609880749574	88952.5	18	0.766609880749574	297.5	1	0.04258943781942078	357.0	0	0.0	357.0	0	0.0
home	18	60	90447.5	18	0.766609880749574	90447.5	18	0.766609880749574	302.5	0	0.0	363.0	0	0.0	363.0	0	0.0
home	18	61	91942.5	0	0.0	91942.5	0	0.0	307.5	1	0.04258943781942078	369.0	0	0.0	369.0	0	0.0
home	18	62	93437.5	18	0.766609880749574	93437.5	18	0.766609880749574	312.5	0	0.0	375.0	0	0.0	375.0	0	0.0
home	18	63	94932.5	18	0.766609880749574	94932.5	18	0.766609880749574	317.5	0	0.0	381.0	0	0.0	381.0	0	0.0
home	18	64	96427.5	0	0.0	96427.5	0	0.0	322.5	0	0.0	387.0	0	0.0	387.0	0	0.0
home	18	65	97922.5	18	0.766609880749574	97922.5	18	0.766609880749574	327.5	0	0.0	393.0	0	0.0	393.0	0	0.0
home	18	66	99417.5	18	0.766609880749574	99417.5	18	0.766609880749574	332.5	0	0.0	399.0	0	0.0	399.0	0	0.0
home	18	67	100912.5	0	0.0	100912.5	0	0.0	337.5	1	0.04258943781942078	405.0	0	0.0	405.0	0	0.0
home	18	68	102407.5	18	0.766609880749574	102407.5	18	0.766609880749574	342.5	0	0.0	411.0	0	0.0	411.0	0	0.0
home	18	69	103902.5	17	0.7240204429301533	103902.5	17	0.7240204429301533	347.5	0	0.0	417.0	0	0.0	417.0	0	0.0
home	18	70	105397.5	1	0.04258943781942078	105397.5	1	0.04258943781942078	352.5	0	0.0	423.0	0	0.0	423.0	0	0.0
home	18	71	106892.5	18	0.766609880749574	106892.5	18	0.766609880749574	357.5	0	0.0	429.0	0	0.0	429.0	0	0.0
home	18	72	108387.5	14	0.596252129471891	108387.5	0	0.0	362.5	0	0.0	435.0	0	0.0	435.0	0	0.0
home	18	73	109882.5	4	0.17035775127768313	109882.5	18	0.766609880749574	367.5	0	0.0	441.0	0	0.0	441.0	0	0.0
home	18	74	111377.5	18	0.766609880749574	111377.5	18	0.766609880749574	372.5	0	0.0	447.0	0	0.0	447.0	0	0.0
home	18	75	112872.5	0	0.0	112872.5	0	0.0	377.5	0	0.0	453.0	0	0.0	453.0	0	0.0
home	18	76	114367.5	18	0.766609880749574	114367.5	18	0.766609880749574	382.5	0	0.0	459.0	0	0.0	459.0	0	0.0
home	18	77	115862.5	18	0.766609880749574	115862.5	18	0.766609880749574	387.5	0	0.0	465.0	0	0.0	465.0	0	0.0
home	18	78	117357.5	0	0.0	117357.5	0	0.0	392.5	0	0.0	471.0	0	0.0	471.0	0	0.0
home	18	79	118852.5	18	0.766609880749574	118852.5	18	0.766609880749574	397.5	0	0.0	477.0	0	0.0	477.0	0	0.0
home	18	80	120347.5	18	0.766609880749574	120347.5	18	0.766609880749574	402.5	1	0.04258943781942078	483.0	0	0.0	483.0	0	0.0
home	18	81	121842.5	0	0.0	121842.5	0	0.0	407.5	0	0.0	489.0	0	0.0	489.0	0	0.0
home	18	82	123337.5	18	0.766609880749574	123337.5	18	0.766609880749574	412.5	0	0.0	495.0	0	0.0	495.0	0	0.0
home	18	83	124832.5	0	0.0	124832.5	0	0.0	417.5	0	0.0	501.0	0	0.0	501.0	0	0.0
home	18	84	126327.5	18	0.766609880749574	126327.5	18	0.766609880749574	422.5	0	0.0	507.0	0	0.0	507.0	0	0.0
home	18	85	127822.5	18	0.766609880749574	127822.5	18	0.766609880749574	427.5	0	0.0	513.0	0	0.0	513.0	0	0.0
home	18	86	129317.5	0	0.0	129317.5	0	0.0	432.5	0	0.0	519.0	0	0.0	519.0	0	0.0
home	18	87	130812.5	18	0.766609880749574	130812.5	18	0.766609880749574	437.5	0	0.0	525.0	0	0.0	525.0	0	0.0
home	18	88	132307.5	18	0.766609880749574	132307.5	18	0.766609880749574	442.5	0	0.0	531.0	0	0.0	531.0	0	0.0
home	18	89	133802.5	0	0.0	133802.5	0	0.0	447.5	0	0.0	537.0	0	0.0	537.0	0	0.0
home	18	90	135297.5	18	0.766609880749574	135297.5	18	0.766609880749574	452.5	0	0.0	543.0	0	0.0	543.0	0	0.0
home	18	91	136792.5	18	0.766609880749574	136792.5	18	0.766609880749574	457.5	1	0.04258943781942078	549.0	0	0.0	549.0	0	0.0
home	18	92	138287.5	0	0.0	138287.5	0	0.0	462.5	0	0.0	555.0	0	0.0	555.0	0	0.0
home	18	93	139782.5	18	0.766609880749574	139782.5	18	0.766609880749574	467.5	0	0.0	561.0	0	0.0	561.0	0	0.0
home	18	94	141277.5	18	0.766609880749574	141277.5	18	0.766609880749574	472.5	1	0.04258943781942078	567.0	0	0.0	567.0	0	0.0
home	18	95	142772.5	0	0.0	142772.5	0	0.0	477.5	3	0.12776831345826234	573.0	0	0.0	573.0	0	0.0
home	18	96	144267.5	18	0.766609880749574	144267.5	18	0.766609880749574	482.5	3	0.12776831345826234	579.0	0	0.0	579.0	0	0.0
home	18	97	145762.5	1	0.04258943781942078	145762.5	0	0.0	487.5	0	0.0	585.0	0	0.0	585.0	0	0.0
home	18	98	147257.5	17	0.7240204429301533	147257.5	18	0.766609880749574	492.5	0	0.0	591.0	0	0.0	591.0	0	0.0
home	18	99	148752.5	18	0.766609880749574	148752.5	18	0.766609880749574	497.5	0	0.0	597.0	0	0.0	597.0	0	0.0
home	18	100	150247.5	0	0.0	150247.5	0	0.0	502.5	0	0.0	603.0	0	0.0	603.0	0	0.0
home	18	101	151742.5	18	0.766609880749574	151742.5	18	0.766609880749574	507.5	0	0.0	609.0	0	0.0	609.0	0	0.0
home	18	102	153237.5	18	0.766609880749574	153237.5	18	0.766609880749574	512.5	0	0.0	615.0	0	0.0	615.0	0	0.0
home	18	103	154732.5	0	0.0	154732.5	0	0.0	517.5	0	0.0	621.0	0	0.0	621.0	0	0.0
home	18	104	156227.5	18	0.766609880749574	156227.5	18	0.766609880749574	522.5	1	0.04258943781942078	627.0	0	0.0	627.0	0	0.0
home	18	105	157722.5	18	0.766609880749574	157722.5	18	0.766609880749574	527.5	0	0.0	633.0	0	0.0	633.0	0	0.0
home	18	106	159217.5	18	0.766609880749574	159217.5	18	0.766609880749574	532.5	0	0.0	639.0	0	0.0	639.0	0	0.0
home	18	107	160712.5	13	0.5536626916524702	160712.5	7	0.2981260647359455	537.5	0	0.0	645.0	0	0.0	645.0	0	0.0
home	18	108	162207.5	12	0.5110732538330494	162207.5	18	0.766609880749574	542.5	0	0.0	651.0	0	0.0	651.0	0	0.0
home	18	109	163702.5	18	0.766609880749574	163702.5	18	0.766609880749574	547.5	0	0.0	657.0	0	0.0	657.0	0	0.0
home	18	110	165197.5	0	0.0	165197.5	0	0.0	552.5	0	0.0	663.0	0	0.0	663.0	0	0.0
home	18	111	166692.5	18	0.766609880749574	166692.5	18	0.766609880749574	557.5	0	0.0	669.0	0	0.0	669.0	0	0.0
home	18	112	168187.5	18	0.766609880749574	168187.5	18	0.766609880749574	562.5	0	0.0	675.0	0	0.0	675.0	0	0.0
home	18	113	169682.5	0	0.0	169682.5	0	0.0	567.5	0	0.0	681.0	0	0.0	681.0	0	0.0
home	18	114	171177.5	18	0.766609880749574	171177.5	18	0.766609880749574	572.5	0	0.0	687.0	0	0.0	687.0	0	0.0
home	18	115	172672.5	4	0.17035775127768313	172672.5	0	0.0	577.5	2	0.08517887563884156	693.0	0	0.0	693.0	0	0.0
home	18	116	174167.5	14	0.596252129471891	174167.5	18	0.766609880749574	582.5	0	0.0	699.0	0	0.0	699.0	0	0.0
home	18	117	175662.5	18	0.766609880749574	175662.5	18	0.766609880749574	587.5	2	0.08517887563884156	705.0	0	0.0	705.0	0	0.0
home	18	118	177157.5	0	0.0	177157.5	0	0.0	592.5	1	0.04258943781942078	711.0	0	0.0	711.0	0	0.0
home	18	119	178652.5	19	0.8091993185689949	178652.5	18	0.766609880749574	597.5	0	0.0	717.0	0	0.0	717.0	0	0.0
home	18	120	180147.5	17	0.7240204429301533	180147.5	18	0.766609880749574	602.5	0	0.0	723.0	0	0.0	723.0	0	0.0
home	18	121	181642.5	0	0.0	181642.5	0	0.0	607.5	0	0.0	729.0	0	0.0	729.0	0	0.0
home	18	122	183137.5	18	0.766609880749574	183137.5	18	0.766609880749574	612.5	0	0.0	735.0	0	0.0	735.0	0	0.0
home	18	123	184632.5	18	0.766609880749574	184632.5	18	0.766609880749574	617.5	0	0.0	741.0	0	0.0	741.0	0	0.0
home	18	124	186127.5	0	0.0	186127.5	0	0.0	622.5	0	0.0	747.0	0	0.0	747.0	0	0.0
home	18	125	187622.5	18	0.766609880749574	187622.5	18	0.766609880749574	627.5	0	0.0	753.0	0	0.0	753.0	0	0.0
home	18	126	189117.5	18	0.766609880749574	189117.5	18	0.766609880749574	632.5	0	0.0	759.0	0	0.0	759.0	0	0.0
home	18	127	190612.5	0	0.0	190612.5	0	0.0	637.5	0	0.0	765.0	0	0.0	765.0	0	0.0
home	18	128	192107.5	18	0.766609880749574	192107.5	18	0.766609880749574	642.5	0	0.0	771.0	0	0.0	771.0	0	0.0
home	18	129	193602.5	18	0.766609880749574	193602.5	18	0.766609880749574	647.5	0	0.0	777.0	0	0.0	777.0	0	0.0
home	18	130	195097.5	0	0.0	195097.5	0	0.0	652.5	0	0.0	783.0	0	0.0	783.0	0	0.0
home	18	131	196592.5	18	0.766609880749574	196592.5	18	0.766609880749574	657.5	0	0.0	789.0	0	0.0	789.0	0	0.0
home	18	132	198087.5	18	0.766609880749574	198087.5	18	0.766609880749574	662.5	0	0.0	795.0	0	0.0	795.0	0	0.0
home	18	133	199582.5	0	0.0	199582.5	0	0.0	667.5	0	0.0	801.0	0	0.0	801.0	0	0.0
home	18	134	201077.5	18	0.766609880749574	201077.5	18	0.766609880749574	672.5	0	0.0	807.0	0	0.0	807.0	0	0.0
home	18	135	202572.5	15	0.6388415672913117	202572.5	3	0.12776831345826234	677.5	0	0.0	813.0	0	0.0	813.0	0	0.0
home	18	136	204067.5	3	0.12776831345826234	204067.5	15	0.6388415672913117	682.5	0	0.0	819.0	0	0.0	819.0	0	0.0
home	18	137	205562.5	18	0.766609880749574	205562.5	18	0.766609880749574	687.5	0	0.0	825.0	0	0.0	825.0	0	0.0
home	18	138	207057.5	13	0.5536626916524702	207057.5	0	0.0	692.5	0	0.0	831.0	0	0.0	831.0	0	0.0
home	18	139	208552.5	5	0.21294718909710392	208552.5	18	0.766609880749574	697.5	0	0.0	837.0	0	0.0	837.0	0	0.0
home	18	140	210047.5	18	0.766609880749574	210047.5	18	0.766609880749574	702.5	0	0.0	843.0	0	0.0	843.0	0	0.0
home	18	141	211542.5	0	0.0	211542.5	0	0.0	707.5	0	0.0	849.0	0	0.0	849.0	0	0.0
home	18	142	213037.5	18	0.766609880749574	213037.5	18	0.766609880749574	712.5	0	0.0	855.0	0	0.0	855.0	0	0.0
home	18	143	214532.5	18	0.766609880749574	214532.5	18	0.766609880749574	717.5	0	0.0	861.0	0	0.0	861.0	0	0.0
home	18	144	216027.5	0	0.0	216027.5	0	0.0	722.5	0	0.0	867.0	0	0.0	867.0	0	0.0
home	18	145	217522.5	18	0.766609880749574	217522.5	18	0.766609880749574	727.5	0	0.0	873.0	0	0.0	873.0	0	0.0
home	18	146	219017.5	18	0.766609880749574	219017.5	18	0.766609880749574	732.5	0	0.0	879.0	0	0.0	879.0	0	0.0
home	18	147	220512.5	0	0.0	220512.5	0	0.0	737.5	0	0.0	885.0	0	0.0	885.0	0	0.0
home	18	148	222007.5	18	0.766609880749574	222007.5	18	0.766609880749574	742.5	0	0.0	891.0	0	0.0	891.0	0	0.0
home	18	149	223502.5	18	0.766609880749574	223502.5	18	0.766609880749574	747.5	0	0.0	897.0	0	0.0	897.0	0	0.0
home	18	150	224997.5	0	0.0	224997.5	0	0.0	752.5	0	0.0	903.0	0	0.0	903.0	0	0.0
home	18	151	226492.5	18	0.766609880749574	226492.5	18	0.766609880749574	757.5	0	0.0	909.0	0	0.0	909.0	0	0.0
home	18	152	227987.5	18	0.766609880749574	227987.5	18	0.766609880749574	762.5	0	0.0	915.0	0	0.0	915.0	0	0.0
home	18	153	229482.5	0	0.0	229482.5	0	0.0	767.5	0	0.0	921.0	0	0.0	921.0	0	0.0
home	18	154	230977.5	18	0.766609880749574	230977.5	18	0.766609880749574	772.5	0	0.0	927.0	0	0.0	927.0	0	0.0
home	18	155	232472.5	18	0.766609880749574	232472.5	18	0.766609880749574	777.5	0	0.0	933.0	0	0.0	933.0	0	0.0
home	18	156	233967.5	0	0.0	233967.5	0	0.0	782.5	0	0.0	939.0	0	0.0	939.0	0	0.0
home	18	157	235462.5	18	0.766609880749574	235462.5	18	0.766609880749574	787.5	0	0.0	945.0	0	0.0	945.0	0	0.0
home	18	158	236957.5	18	0.766609880749574	236957.5	18	0.766609880749574	792.5	0	0.0	951.0	0	0.0	951.0	0	0.0
home	18	159	238452.5	0	0.0	238452.5	0	0.0	797.5	0	0.0	957.0	0	0.0	957.0	0	0.0
home	18	160	239947.5	18	0.766609880749574	239947.5	18	0.766609880749574	802.5	0	0.0	963.0	0	0.0	963.0	0	0.0
home	18	161	241442.5	18	0.766609880749574	241442.5	18	0.766609880749574	807.5	0	0.0	969.0	0	0.0	969.0	0	0.0
home	18	162	242937.5	0	0.0	242937.5	0	0.0	812.5	1	0.04258943781942078	975.0	0	0.0	975.0	0	0.0
home	18	163	244432.5	18	0.766609880749574	244432.5	18	0.766609880749574	817.5	0	0.0	981.0	0	0.0	981.0	0	0.0
home	18	164	245927.5	18	0.766609880749574	245927.5	18	0.766609880749574	822.5	0	0.0	987.0	0	0.0	987.0	0	0.0
home	18	165	247422.5	0	0.0	247422.5	0	0.0	827.5	0	0.0	993.0	0	0.0	993.0	0	0.0
home	18	166	248917.5	18	0.766609880749574	248917.5	18	0.766609880749574	832.5	0	0.0	999.0	0	0.0	999.0	0	0.0
home	18	167	250412.5	0	0.0	250412.5	0	0.0	837.5	0	0.0	1005.0	0	0.0	1005.0	0	0.0
home	18	168	251907.5	18	0.766609880749574	251907.5	18	0.766609880749574	842.5	0	0.0	1011.0	0	0.0	1011.0	0	0.0
home	18	169	253402.5	18	0.766609880749574	253402.5	18	0.766609880749574	847.5	0	0.0	1017.0	0	0.0	1017.0	0	0.0
home	18	170	254897.5	8	0.34071550255536626	254897.5	0	0.0	852.5	0	0.0	1023.0	0	0.0	1023.0	0	0.0
home	18	171	256392.5	10	0.42589437819420783	256392.5	18	0.766609880749574	857.5	0	0.0	1029.0	0	0.0	1029.0	0	0.0
home	18	172	257887.5	18	0.766609880749574	257887.5	18	0.766609880749574	862.5	0	0.0	1035.0	0	0.0	1035.0	0	0.0
home	18	173	259382.5	0	0.0	259382.5	0	0.0	867.5	0	0.0	1041.0	0	0.0	1041.0	0	0.0
home	18	174	260877.5	18	0.766609880749574	260877.5	18	0.766609880749574	872.5	0	0.0	1047.0	0	0.0	1047.0	0	0.0
home	18	175	262372.5	18	0.766609880749574	262372.5	18	0.766609880749574	877.5	1	0.04258943781942078	1053.0	0	0.0	1053.0	0	0.0
home	18	176	263867.5	0	0.0	263867.5	0	0.0	882.5	0	0.0	1059.0	0	0.0	1059.0	0	0.0
home	18	177	265362.5	18	0.766609880749574	265362.5	18	0.766609880749574	887.5	0	0.0	1065.0	0	0.0	1065.0	0	0.0
home	18	178	266857.5	18	0.766609880749574	266857.5	18	0.766609880749574	892.5	0	0.0	1071.0	0	0.0	1071.0	0	0.0
home	18	179	268352.5	0	0.0	268352.5	0	0.0	897.5	0	0.0	1077.0	0	0.0	1077.0	0	0.0
home	18	180	269847.5	18	0.766609880749574	269847.5	18	0.766609880749574	902.5	0	0.0	1083.0	0	0.0	1083.0	0	0.0
home	18	181	271342.5	18	0.766609880749574	271342.5	18	0.766609880749574	907.5	0	0.0	1089.0	0	0.0	1089.0	0	0.0
home	18	182	272837.5	0	0.0	272837.5	0	0.0	912.5	0	0.0	1095.0	0	0.0	1095.0	0	0.0
home	18	183	274332.5	18	0.766609880749574	274332.5	18	0.766609880749574	917.5	0	0.0	1101.0	0	0.0	1101.0	0	0.0
home	18	184	275827.5	14	0.596252129471891	275827.5	0	0.0	922.5	0	0.0	1107.0	0	0.0	1107.0	0	0.0
home	18	185	277322.5	4	0.17035775127768313	277322.5	18	0.766609880749574	927.5	0	0.0	1113.0	0	0.0	1113.0	0	0.0
home	18	186	278817.5	18	0.766609880749574	278817.5	18	0.766609880749574	932.5	0	0.0	1119.0	0	0.0	1119.0	0	0.0
home	18	187	280312.5	0	0.0	280312.5	0	0.0	937.5	0	0.0	1125.0	0	0.0	1125.0	0	0.0
home	18	188	281807.5	18	0.766609880749574	281807.5	18	0.766609880749574	942.5	0	0.0	1131.0	0	0.0	1131.0	0	0.0
home	18	189	283302.5	18	0.766609880749574	283302.5	18	0.766609880749574	947.5	0	0.0	1137.0	0	0.0	1137.0	0	0.0
home	18	190	284797.5	0	0.0	284797.5	0	0.0	952.5	0	0.0	1143.0	0	0.0	1143.0	0	0.0
home	18	191	286292.5	18	0.766609880749574	286292.5	18	0.766609880749574	957.5	0	0.0	1149.0	0	0.0	1149.0	0	0.0
home	18	192	287787.5	0	0.0	287787.5	0	0.0	962.5	0	0.0	1155.0	0	0.0	1155.0	0	0.0
home	18	193	289282.5	18	0.766609880749574	289282.5	18	0.766609880749574	967.5	0	0.0	1161.0	0	0.0	1161.0	0	0.0
home	18	194	290777.5	0	0.0	290777.5	0	0.0	972.5	0	0.0	1167.0	0	0.0	1167.0	0	0.0
home	18	195	292272.5	18	0.766609880749574	292272.5	18	0.766609880749574	977.5	0	0.0	1173.0	0	0.0	1173.0	0	0.0
home	18	196	293767.5	18	0.766609880749574	293767.5	18	0.766609880749574	982.5	0	0.0	1179.0	0	0.0	1179.0	0	0.0
home	18	197	295262.5	0	0.0	295262.5	0	0.0	987.5	0	0.0	1185.0	0	0.0	1185.0	0	0.0
home	18	198	296757.5	18	0.766609880749574	296757.5	18	0.766609880749574	992.5	0	0.0	1191.0	0	0.0	1191.0	0	0.0
home	18	199	298252.5	18	0.766609880749574	298252.5	18	0.766609880749574	997.5	0	0.0	1197.0	0	0.0	1197.0	0	0.0
