'Request type'	'Load'	'Bucket'	'Start time'	'Absolute'	'Percent of requests'	'End time'	'Absolute'	'Percent of requests'	'Residence time'	'Absolute'	'Percent of requests'	'Theor. think time'	'Absolute'	'Percent of requests'	'Actual think time'	'Absolute'	'Percent of requests'
login	12	0	748.0	15	0.7759958613554061	748.0	12	0.6207966890843248	3.0	0	0.0	3.0	1933	100.0	3.0	1933	100.0
login	12	1	2244.0	15	0.7759958613554061	2244.0	16	0.8277289187790998	9.0	0	0.0	9.0	0	0.0	9.0	0	0.0
login	12	2	3740.0	16	0.8277289187790998	3740.0	16	0.8277289187790998	15.0	0	0.0	15.0	0	0.0	15.0	0	0.0
login	12	3	5236.0	14	0.7242628039317124	5236.0	16	0.8277289187790998	21.0	0	0.0	21.0	0	0.0	21.0	0	0.0
login	12	4	6732.0	15	0.7759958613554061	6732.0	14	0.7242628039317124	27.0	0	0.0	27.0	0	0.0	27.0	0	0.0
login	12	5	8228.0	17	0.8794619762027935	8228.0	16	0.8277289187790998	33.0	0	0.0	33.0	0	0.0	33.0	0	0.0
login	12	6	9724.0	16	0.8277289187790998	9724.0	16	0.8277289187790998	39.0	0	0.0	39.0	0	0.0	39.0	0	0.0
login	12	7	11220.0	15	0.7759958613554061	11220.0	15	0.7759958613554061	45.0	0	0.0	45.0	0	0.0	45.0	0	0.0
login	12	8	12716.0	16	0.8277289187790998	12716.0	16	0.8277289187790998	51.0	0	0.0	51.0	0	0.0	51.0	0	0.0
login	12	9	14212.0	16	0.8277289187790998	14212.0	15	0.7759958613554061	57.0	0	0.0	57.0	0	0.0	57.0	0	0.0
login	12	10	15708.0	16	0.8277289187790998	15708.0	15	0.7759958613554061	63.0	0	0.0	63.0	0	0.0	63.0	0	0.0
login	12	11	17204.0	14	0.7242628039317124	17204.0	14	0.7242628039317124	69.0	0	0.0	69.0	0	0.0	69.0	0	0.0
login	12	12	18700.0	15	0.7759958613554061	18700.0	13	0.6725297465080186	75.0	6	0.3103983445421624	75.0	0	0.0	75.0	0	0.0
login	12	13	20196.0	12	0.6207966890843248	20196.0	9	0.46559751681324363	81.0	16	0.8277289187790998	81.0	0	0.0	81.0	0	0.0
login	12	14	21692.0	3	0.1551991722710812	21692.0	12	0.6207966890843248	87.0	9	0.46559751681324363	87.0	0	0.0	87.0	0	0.0
login	12	15	23188.0	12	0.6207966890843248	23188.0	12	0.6207966890843248	93.0	9	0.46559751681324363	93.0	0	0.0	93.0	0	0.0
login	12	16	24684.0	12	0.6207966890843248	24684.0	12	0.6207966890843248	99.0	8	0.4138644593895499	99.0	0	0.0	99.0	0	0.0
login	12	17	26180.0	12	0.6207966890843248	26180.0	6	0.3103983445421624	105.0	6	0.3103983445421624	105.0	0	0.0	105.0	0	0.0
login	12	18	27676.0	12	0.6207966890843248	27676.0	6	0.3103983445421624	111.0	10	0.5173305742369374	111.0	0	0.0	111.0	0	0.0
login	12	19	29172.0	0	0.0	29172.0	12	0.6207966890843248	117.0	8	0.4138644593895499	117.0	0	0.0	117.0	0	0.0
login	12	20	30668.0	12	0.6207966890843248	30668.0	12	0.6207966890843248	123.0	13	0.6725297465080186	123.0	0	0.0	123.0	0	0.0
login	12	21	32164.0	12	0.6207966890843248	32164.0	6	0.3103983445421624	129.0	6	0.3103983445421624	129.0	0	0.0	129.0	0	0.0
login	12	22	33660.0	12	0.6207966890843248	33660.0	6	0.3103983445421624	135.0	7	0.3621314019658562	135.0	0	0.0	135.0	0	0.0
login	12	23	35156.0	0	0.0	35156.0	12	0.6207966890843248	141.0	4	0.20693222969477496	141.0	0	0.0	141.0	0	0.0
login	12	24	36652.0	12	0.6207966890843248	36652.0	12	0.6207966890843248	147.0	4	0.20693222969477496	147.0	0	0.0	147.0	0	0.0
login	12	25	38148.0	12	0.6207966890843248	38148.0	6	0.3103983445421624	153.0	8	0.4138644593895499	153.0	0	0.0	153.0	0	0.0
login	12	26	39644.0	12	0.6207966890843248	39644.0	8	0.4138644593895499	159.0	9	0.46559751681324363	159.0	0	0.0	159.0	0	0.0
login	12	27	41140.0	0	0.0	41140.0	10	0.5173305742369374	165.0	10	0.5173305742369374	165.0	0	0.0	165.0	0	0.0
login	12	28	42636.0	12	0.6207966890843248	42636.0	12	0.6207966890843248	171.0	8	0.4138644593895499	171.0	0	0.0	171.0	0	0.0
login	12	29	44132.0	12	0.6207966890843248	44132.0	12	0.6207966890843248	177.0	15	0.7759958613554061	177.0	0	0.0	177.0	0	0.0
login	12	30	45628.0	12	0.6207966890843248	45628.0	7	0.3621314019658562	183.0	13	0.6725297465080186	183.0	0	0.0	183.0	0	0.0
login	12	31	47124.0	12	0.6207966890843248	47124.0	6	0.3103983445421624	189.0	16	0.8277289187790998	189.0	0	0.0	189.0	0	0.0
login	12	32	48620.0	0	0.0	48620.0	11	0.5690636316606311	195.0	18	0.9311950336264873	195.0	0	0.0	195.0	0	0.0
login	12	33	50116.0	12	0.6207966890843248	50116.0	12	0.6207966890843248	201.0	12	0.6207966890843248	201.0	0	0.0	201.0	0	0.0
login	12	34	51612.0	12	0.6207966890843248	51612.0	8	0.4138644593895499	207.0	11	0.5690636316606311	207.0	0	0.0	207.0	0	0.0
login	12	35	53108.0	12	0.6207966890843248	53108.0	6	0.3103983445421624	213.0	13	0.6725297465080186	213.0	0	0.0	213.0	0	0.0
login	12	36	54604.0	0	0.0	54604.0	10	0.5173305742369374	219.0	9	0.46559751681324363	219.0	0	0.0	219.0	0	0.0
login	12	37	56100.0	12	0.6207966890843248	56100.0	12	0.6207966890843248	225.0	5	0.2586652871184687	225.0	0	0.0	225.0	0	0.0
login	12	38	57596.0	12	0.6207966890843248	57596.0	9	0.46559751681324363	231.0	7	0.3621314019658562	231.0	0	0.0	231.0	0	0.0
login	12	39	59092.0	12	0.6207966890843248	59092.0	5	0.2586652871184687	237.0	7	0.3621314019658562	237.0	0	0.0	237.0	0	0.0
login	12	40	60588.0	0	0.0	60588.0	10	0.5173305742369374	243.0	4	0.20693222969477496	243.0	0	0.0	243.0	0	0.0
login	12	41	62084.0	12	0.6207966890843248	62084.0	12	0.6207966890843248	249.0	9	0.46559751681324363	249.0	0	0.0	249.0	0	0.0
login	12	42	63580.0	12	0.6207966890843248	63580.0	10	0.5173305742369374	255.0	3	0.1551991722710812	255.0	0	0.0	255.0	0	0.0
login	12	43	65076.0	12	0.6207966890843248	65076.0	8	0.4138644593895499	261.0	10	0.5173305742369374	261.0	0	0.0	261.0	0	0.0
login	12	44	66572.0	11	0.5690636316606311	66572.0	6	0.3103983445421624	267.0	3	0.1551991722710812	267.0	0	0.0	267.0	0	0.0
login	12	45	68068.0	1	0.05173305742369374	68068.0	12	0.6207966890843248	273.0	13	0.6725297465080186	273.0	0	0.0	273.0	0	0.0
login	12	46	69564.0	12	0.6207966890843248	69564.0	12	0.6207966890843248	279.0	7	0.3621314019658562	279.0	0	0.0	279.0	0	0.0
login	12	47	71060.0	12	0.6207966890843248	71060.0	8	0.4138644593895499	285.0	9	0.46559751681324363	285.0	0	0.0	285.0	0	0.0
login	12	48	72556.0	12	0.6207966890843248	72556.0	6	0.3103983445421624	291.0	15	0.7759958613554061	291.0	0	0.0	291.0	0	0.0
login	12	49	74052.0	0	0.0	74052.0	10	0.5173305742369374	297.0	17	0.8794619762027935	297.0	0	0.0	297.0	0	0.0
login	12	50	75548.0	12	0.6207966890843248	75548.0	12	0.6207966890843248	303.0	19	0.9829280910501811	303.0	0	0.0	303.0	0	0.0
login	12	51	77044.0	12	0.6207966890843248	77044.0	12	0.6207966890843248	309.0	14	0.7242628039317124	309.0	0	0.0	309.0	0	0.0
login	12	52	78540.0	12	0.6207966890843248	78540.0	5	0.2586652871184687	315.0	15	0.7759958613554061	315.0	0	0.0	315.0	0	0.0
login	12	53	80036.0	11	0.5690636316606311	80036.0	7	0.3621314019658562	321.0	19	0.9829280910501811	321.0	0	0.0	321.0	0	0.0
login	12	54	81532.0	1	0.05173305742369374	81532.0	12	0.6207966890843248	327.0	15	0.7759958613554061	327.0	0	0.0	327.0	0	0.0
login	12	55	83028.0	12	0.6207966890843248	83028.0	7	0.3621314019658562	333.0	9	0.46559751681324363	333.0	0	0.0	333.0	0	0.0
login	12	56	84524.0	12	0.6207966890843248	84524.0	8	0.4138644593895499	339.0	4	0.20693222969477496	339.0	0	0.0	339.0	0	0.0
login	12	57	86020.0	11	0.5690636316606311	86020.0	9	0.46559751681324363	345.0	11	0.5690636316606311	345.0	0	0.0	345.0	0	0.0
login	12	58	87516.0	1	0.05173305742369374	87516.0	12	0.6207966890843248	351.0	6	0.3103983445421624	351.0	0	0.0	351.0	0	0.0
login	12	59	89012.0	12	0.6207966890843248	89012.0	12	0.6207966890843248	357.0	9	0.46559751681324363	357.0	0	0.0	357.0	0	0.0
login	12	60	90508.0	12	0.6207966890843248	90508.0	5	0.2586652871184687	363.0	9	0.46559751681324363	363.0	0	0.0	363.0	0	0.0
login	12	61	92004.0	12	0.6207966890843248	92004.0	7	0.3621314019658562	369.0	15	0.7759958613554061	369.0	0	0.0	369.0	0	0.0
login	12	62	93500.0	0	0.0	93500.0	12	0.6207966890843248	375.0	21	1.0863942058975684	375.0	0	0.0	375.0	0	0.0
login	12	63	94996.0	12	0.6207966890843248	94996.0	12	0.6207966890843248	381.0	17	0.8794619762027935	381.0	0	0.0	381.0	0	0.0
login	12	64	96492.0	12	0.6207966890843248	96492.0	6	0.3103983445421624	387.0	10	0.5173305742369374	387.0	0	0.0	387.0	0	0.0
login	12	65	97988.0	12	0.6207966890843248	97988.0	6	0.3103983445421624	393.0	17	0.8794619762027935	393.0	0	0.0	393.0	0	0.0
login	12	66	99484.0	0	0.0	99484.0	12	0.6207966890843248	399.0	18	0.9311950336264873	399.0	0	0.0	399.0	0	0.0
login	12	67	100980.0	12	0.6207966890843248	100980.0	12	0.6207966890843248	405.0	24	1.2415933781686497	405.0	0	0.0	405.0	0	0.0
login	12	68	102476.0	12	0.6207966890843248	102476.0	3	0.1551991722710812	411.0	18	0.9311950336264873	411.0	0	0.0	411.0	0	0.0
login	12	69	103972.0	9	0.46559751681324363	103972.0	9	0.46559751681324363	417.0	18	0.9311950336264873	417.0	0	0.0	417.0	0	0.0
login	12	70	105468.0	3	0.1551991722710812	105468.0	12	0.6207966890843248	423.0	18	0.9311950336264873	423.0	0	0.0	423.0	0	0.0
login	12	71	106964.0	12	0.6207966890843248	106964.0	12	0.6207966890843248	429.0	8	0.4138644593895499	429.0	0	0.0	429.0	0	0.0
login	12	72	108460.0	12	0.6207966890843248	108460.0	5	0.2586652871184687	435.0	11	0.5690636316606311	435.0	0	0.0	435.0	0	0.0
login	12	73	109956.0	12	0.6207966890843248	109956.0	7	0.3621314019658562	441.0	10	0.5173305742369374	441.0	0	0.0	441.0	0	0.0
login	12	74	111452.0	0	0.0	111452.0	12	0.6207966890843248	447.0	3	0.1551991722710812	447.0	0	0.0	447.0	0	0.0
login	12	75	112948.0	12	0.6207966890843248	112948.0	11	0.5690636316606311	453.0	7	0.3621314019658562	453.0	0	0.0	453.0	0	0.0
login	12	76	114444.0	12	0.6207966890843248	114444.0	7	0.3621314019658562	459.0	11	0.5690636316606311	459.0	0	0.0	459.0	0	0.0
login	12	77	115940.0	12	0.6207966890843248	115940.0	6	0.3103983445421624	465.0	9	0.46559751681324363	465.0	0	0.0	465.0	0	0.0
login	12	78	117436.0	0	0.0	117436.0	12	0.6207966890843248	471.0	15	0.7759958613554061	471.0	0	0.0	471.0	0	0.0
login	12	79	118932.0	12	0.6207966890843248	118932.0	12	0.6207966890843248	477.0	18	0.9311950336264873	477.0	0	0.0	477.0	0	0.0
login	12	80	120428.0	12	0.6207966890843248	120428.0	4	0.20693222969477496	483.0	19	0.9829280910501811	483.0	0	0.0	483.0	0	0.0
login	12	81	121924.0	11	0.5690636316606311	121924.0	8	0.4138644593895499	489.0	19	0.9829280910501811	489.0	0	0.0	489.0	0	0.0
login	12	82	123420.0	1	0.05173305742369374	123420.0	12	0.6207966890843248	495.0	20	1.0346611484738748	495.0	0	0.0	495.0	0	0.0
login	12	83	124916.0	12	0.6207966890843248	124916.0	12	0.6207966890843248	501.0	19	0.9829280910501811	501.0	0	0.0	501.0	0	0.0
login	12	84	126412.0	12	0.6207966890843248	126412.0	9	0.46559751681324363	507.0	24	1.2415933781686497	507.0	0	0.0	507.0	0	0.0
login	12	85	127908.0	12	0.6207966890843248	127908.0	8	0.4138644593895499	513.0	16	0.8277289187790998	513.0	0	0.0	513.0	0	0.0
login	12	86	129404.0	12	0.6207966890843248	129404.0	9	0.46559751681324363	519.0	8	0.4138644593895499	519.0	0	0.0	519.0	0	0.0
login	12	87	130900.0	1	0.05173305742369374	130900.0	11	0.5690636316606311	525.0	19	0.9829280910501811	525.0	0	0.0	525.0	0	0.0
login	12	88	132396.0	12	0.6207966890843248	132396.0	12	0.6207966890843248	531.0	9	0.46559751681324363	531.0	0	0.0	531.0	0	0.0
login	12	89	133892.0	12	0.6207966890843248	133892.0	8	0.4138644593895499	537.0	7	0.3621314019658562	537.0	0	0.0	537.0	0	0.0
login	12	90	135388.0	12	0.6207966890843248	135388.0	5	0.2586652871184687	543.0	5	0.2586652871184687	543.0	0	0.0	543.0	0	0.0
login	12	91	136884.0	0	0.0	136884.0	11	0.5690636316606311	549.0	10	0.5173305742369374	549.0	0	0.0	549.0	0	0.0
login	12	92	138380.0	12	0.6207966890843248	138380.0	12	0.6207966890843248	555.0	5	0.2586652871184687	555.0	0	0.0	555.0	0	0.0
login	12	93	139876.0	12	0.6207966890843248	139876.0	8	0.4138644593895499	561.0	5	0.2586652871184687	561.0	0	0.0	561.0	0	0.0
login	12	94	141372.0	12	0.6207966890843248	141372.0	8	0.4138644593895499	567.0	10	0.5173305742369374	567.0	0	0.0	567.0	0	0.0
login	12	95	142868.0	0	0.0	142868.0	8	0.4138644593895499	573.0	10	0.5173305742369374	573.0	0	0.0	573.0	0	0.0
login	12	96	144364.0	12	0.6207966890843248	144364.0	12	0.6207966890843248	579.0	15	0.7759958613554061	579.0	0	0.0	579.0	0	0.0
login	12	97	145860.0	12	0.6207966890843248	145860.0	10	0.5173305742369374	585.0	28	1.4485256078634248	585.0	0	0.0	585.0	0	0.0
login	12	98	147356.0	12	0.6207966890843248	147356.0	8	0.4138644593895499	591.0	18	0.9311950336264873	591.0	0	0.0	591.0	0	0.0
login	12	99	148852.0	11	0.5690636316606311	148852.0	6	0.3103983445421624	597.0	26	1.345059493016037	597.0	0	0.0	597.0	0	0.0
login	12	100	150348.0	1	0.05173305742369374	150348.0	12	0.6207966890843248	603.0	19	0.9829280910501811	603.0	0	0.0	603.0	0	0.0
login	12	101	151844.0	12	0.6207966890843248	151844.0	12	0.6207966890843248	609.0	19	0.9829280910501811	609.0	0	0.0	609.0	0	0.0
login	12	102	153340.0	12	0.6207966890843248	153340.0	5	0.2586652871184687	615.0	12	0.6207966890843248	615.0	0	0.0	615.0	0	0.0
login	12	103	154836.0	12	0.6207966890843248	154836.0	7	0.3621314019658562	621.0	10	0.5173305742369374	621.0	0	0.0	621.0	0	0.0
login	12	104	156332.0	0	0.0	156332.0	12	0.6207966890843248	627.0	9	0.46559751681324363	627.0	0	0.0	627.0	0	0.0
login	12	105	157828.0	12	0.6207966890843248	157828.0	12	0.6207966890843248	633.0	5	0.2586652871184687	633.0	0	0.0	633.0	0	0.0
login	12	106	159324.0	12	0.6207966890843248	159324.0	8	0.4138644593895499	639.0	6	0.3103983445421624	639.0	0	0.0	639.0	0	0.0
login	12	107	160820.0	12	0.6207966890843248	160820.0	6	0.3103983445421624	645.0	6	0.3103983445421624	645.0	0	0.0	645.0	0	0.0
login	12	108	162316.0	0	0.0	162316.0	10	0.5173305742369374	651.0	3	0.1551991722710812	651.0	0	0.0	651.0	0	0.0
login	12	109	163812.0	12	0.6207966890843248	163812.0	12	0.6207966890843248	657.0	7	0.3621314019658562	657.0	0	0.0	657.0	0	0.0
login	12	110	165308.0	12	0.6207966890843248	165308.0	12	0.6207966890843248	663.0	9	0.46559751681324363	663.0	0	0.0	663.0	0	0.0
login	12	111	166804.0	12	0.6207966890843248	166804.0	7	0.3621314019658562	669.0	12	0.6207966890843248	669.0	0	0.0	669.0	0	0.0
login	12	112	168300.0	12	0.6207966890843248	168300.0	7	0.3621314019658562	675.0	16	0.8277289187790998	675.0	0	0.0	675.0	0	0.0
login	12	113	169796.0	0	0.0	169796.0	10	0.5173305742369374	681.0	10	0.5173305742369374	681.0	0	0.0	681.0	0	0.0
login	12	114	171292.0	12	0.6207966890843248	171292.0	12	0.6207966890843248	687.0	17	0.8794619762027935	687.0	0	0.0	687.0	0	0.0
login	12	115	172788.0	12	0.6207966890843248	172788.0	12	0.6207966890843248	693.0	13	0.6725297465080186	693.0	0	0.0	693.0	0	0.0
login	12	116	174284.0	12	0.6207966890843248	174284.0	7	0.3621314019658562	699.0	16	0.8277289187790998	699.0	0	0.0	699.0	0	0.0
login	12	117	175780.0	12	0.6207966890843248	175780.0	5	0.2586652871184687	705.0	10	0.5173305742369374	705.0	0	0.0	705.0	0	0.0
login	12	118	177276.0	0	0.0	177276.0	12	0.6207966890843248	711.0	13	0.6725297465080186	711.0	0	0.0	711.0	0	0.0
login	12	119	178772.0	12	0.6207966890843248	178772.0	12	0.6207966890843248	717.0	13	0.6725297465080186	717.0	0	0.0	717.0	0	0.0
login	12	120	180268.0	12	0.6207966890843248	180268.0	7	0.3621314019658562	723.0	9	0.46559751681324363	723.0	0	0.0	723.0	0	0.0
login	12	121	181764.0	12	0.6207966890843248	181764.0	6	0.3103983445421624	729.0	5	0.2586652871184687	729.0	0	0.0	729.0	0	0.0
login	12	122	183260.0	0	0.0	183260.0	11	0.5690636316606311	735.0	6	0.3103983445421624	735.0	0	0.0	735.0	0	0.0
login	12	123	184756.0	12	0.6207966890843248	184756.0	12	0.6207966890843248	741.0	3	0.1551991722710812	741.0	0	0.0	741.0	0	0.0
login	12	124	186252.0	12	0.6207966890843248	186252.0	12	0.6207966890843248	747.0	5	0.2586652871184687	747.0	0	0.0	747.0	0	0.0
login	12	125	187748.0	12	0.6207966890843248	187748.0	8	0.4138644593895499	753.0	2	0.10346611484738748	753.0	0	0.0	753.0	0	0.0
login	12	126	189244.0	12	0.6207966890843248	189244.0	8	0.4138644593895499	759.0	8	0.4138644593895499	759.0	0	0.0	759.0	0	0.0
login	12	127	190740.0	11	0.5690636316606311	190740.0	8	0.4138644593895499	765.0	8	0.4138644593895499	765.0	0	0.0	765.0	0	0.0
login	12	128	192236.0	1	0.05173305742369374	192236.0	12	0.6207966890843248	771.0	7	0.3621314019658562	771.0	0	0.0	771.0	0	0.0
login	12	129	193732.0	12	0.6207966890843248	193732.0	12	0.6207966890843248	777.0	22	1.1381272633212622	777.0	0	0.0	777.0	0	0.0
login	12	130	195228.0	12	0.6207966890843248	195228.0	8	0.4138644593895499	783.0	17	0.8794619762027935	783.0	0	0.0	783.0	0	0.0
login	12	131	196724.0	12	0.6207966890843248	196724.0	5	0.2586652871184687	789.0	22	1.1381272633212622	789.0	0	0.0	789.0	0	0.0
login	12	132	198220.0	0	0.0	198220.0	11	0.5690636316606311	795.0	17	0.8794619762027935	795.0	0	0.0	795.0	0	0.0
login	12	133	199716.0	12	0.6207966890843248	199716.0	12	0.6207966890843248	801.0	18	0.9311950336264873	801.0	0	0.0	801.0	0	0.0
login	12	134	201212.0	12	0.6207966890843248	201212.0	12	0.6207966890843248	807.0	23	1.189860320744956	807.0	0	0.0	807.0	0	0.0
login	12	135	202708.0	12	0.6207966890843248	202708.0	7	0.3621314019658562	813.0	14	0.7242628039317124	813.0	0	0.0	813.0	0	0.0
login	12	136	204204.0	12	0.6207966890843248	204204.0	5	0.2586652871184687	819.0	8	0.4138644593895499	819.0	0	0.0	819.0	0	0.0
login	12	137	205700.0	0	0.0	205700.0	12	0.6207966890843248	825.0	12	0.6207966890843248	825.0	0	0.0	825.0	0	0.0
login	12	138	207196.0	12	0.6207966890843248	207196.0	12	0.6207966890843248	831.0	5	0.2586652871184687	831.0	0	0.0	831.0	0	0.0
login	12	139	208692.0	12	0.6207966890843248	208692.0	10	0.5173305742369374	837.0	7	0.3621314019658562	837.0	0	0.0	837.0	0	0.0
login	12	140	210188.0	12	0.6207966890843248	210188.0	7	0.3621314019658562	843.0	7	0.3621314019658562	843.0	0	0.0	843.0	0	0.0
login	12	141	211684.0	12	0.6207966890843248	211684.0	9	0.46559751681324363	849.0	3	0.1551991722710812	849.0	0	0.0	849.0	0	0.0
login	12	142	213180.0	1	0.05173305742369374	213180.0	11	0.5690636316606311	855.0	9	0.46559751681324363	855.0	0	0.0	855.0	0	0.0
login	12	143	214676.0	12	0.6207966890843248	214676.0	12	0.6207966890843248	861.0	11	0.5690636316606311	861.0	0	0.0	861.0	0	0.0
login	12	144	216172.0	12	0.6207966890843248	216172.0	9	0.46559751681324363	867.0	22	1.1381272633212622	867.0	0	0.0	867.0	0	0.0
login	12	145	217668.0	12	0.6207966890843248	217668.0	8	0.4138644593895499	873.0	10	0.5173305742369374	873.0	0	0.0	873.0	0	0.0
login	12	146	219164.0	2	0.10346611484738748	219164.0	7	0.3621314019658562	879.0	18	0.9311950336264873	879.0	0	0.0	879.0	0	0.0
login	12	147	220660.0	10	0.5173305742369374	220660.0	12	0.6207966890843248	885.0	18	0.9311950336264873	885.0	0	0.0	885.0	0	0.0
login	12	148	222156.0	12	0.6207966890843248	222156.0	10	0.5173305742369374	891.0	27	1.396792550439731	891.0	0	0.0	891.0	0	0.0
login	12	149	223652.0	12	0.6207966890843248	223652.0	5	0.2586652871184687	897.0	22	1.1381272633212622	897.0	0	0.0	897.0	0	0.0
login	12	150	225148.0	9	0.46559751681324363	225148.0	9	0.46559751681324363	903.0	28	1.4485256078634248	903.0	0	0.0	903.0	0	0.0
login	12	151	226644.0	3	0.1551991722710812	226644.0	12	0.6207966890843248	909.0	22	1.1381272633212622	909.0	0	0.0	909.0	0	0.0
login	12	152	228140.0	12	0.6207966890843248	228140.0	7	0.3621314019658562	915.0	14	0.7242628039317124	915.0	0	0.0	915.0	0	0.0
login	12	153	229636.0	12	0.6207966890843248	229636.0	6	0.3103983445421624	921.0	10	0.5173305742369374	921.0	0	0.0	921.0	0	0.0
login	12	154	231132.0	0	0.0	231132.0	11	0.5690636316606311	927.0	7	0.3621314019658562	927.0	0	0.0	927.0	0	0.0
login	12	155	232628.0	12	0.6207966890843248	232628.0	12	0.6207966890843248	933.0	4	0.20693222969477496	933.0	0	0.0	933.0	0	0.0
login	12	156	234124.0	12	0.6207966890843248	234124.0	12	0.6207966890843248	939.0	7	0.3621314019658562	939.0	0	0.0	939.0	0	0.0
login	12	157	235620.0	12	0.6207966890843248	235620.0	5	0.2586652871184687	945.0	11	0.5690636316606311	945.0	0	0.0	945.0	0	0.0
login	12	158	237116.0	12	0.6207966890843248	237116.0	8	0.4138644593895499	951.0	12	0.6207966890843248	951.0	0	0.0	951.0	0	0.0
login	12	159	238612.0	0	0.0	238612.0	11	0.5690636316606311	957.0	9	0.46559751681324363	957.0	0	0.0	957.0	0	0.0
login	12	160	240108.0	12	0.6207966890843248	240108.0	12	0.6207966890843248	963.0	10	0.5173305742369374	963.0	0	0.0	963.0	0	0.0
login	12	161	241604.0	12	0.6207966890843248	241604.0	12	0.6207966890843248	969.0	11	0.5690636316606311	969.0	0	0.0	969.0	0	0.0
login	12	162	243100.0	12	0.6207966890843248	243100.0	5	0.2586652871184687	975.0	14	0.7242628039317124	975.0	0	0.0	975.0	0	0.0
login	12	163	244596.0	12	0.6207966890843248	244596.0	7	0.3621314019658562	981.0	13	0.6725297465080186	981.0	0	0.0	981.0	0	0.0
login	12	164	246092.0	0	0.0	246092.0	12	0.6207966890843248	987.0	10	0.5173305742369374	987.0	0	0.0	987.0	0	0.0
login	12	165	247588.0	12	0.6207966890843248	247588.0	12	0.6207966890843248	993.0	15	0.7759958613554061	993.0	0	0.0	993.0	0	0.0
login	12	166	249084.0	12	0.6207966890843248	249084.0	8	0.4138644593895499	999.0	15	0.7759958613554061	999.0	0	0.0	999.0	0	0.0
login	12	167	250580.0	12	0.6207966890843248	250580.0	8	0.4138644593895499	1005.0	6	0.3103983445421624	1005.0	0	0.0	1005.0	0	0.0
login	12	168	252076.0	2	0.10346611484738748	252076.0	8	0.4138644593895499	1011.0	10	0.5173305742369374	1011.0	0	0.0	1011.0	0	0.0
login	12	169	253572.0	10	0.5173305742369374	253572.0	12	0.6207966890843248	1017.0	5	0.2586652871184687	1017.0	0	0.0	1017.0	0	0.0
login	12	170	255068.0	12	0.6207966890843248	255068.0	7	0.3621314019658562	1023.0	4	0.20693222969477496	1023.0	0	0.0	1023.0	0	0.0
login	12	171	256564.0	12	0.6207966890843248	256564.0	7	0.3621314019658562	1029.0	2	0.10346611484738748	1029.0	0	0.0	1029.0	0	0.0
login	12	172	258060.0	11	0.5690636316606311	258060.0	10	0.5173305742369374	1035.0	2	0.10346611484738748	1035.0	0	0.0	1035.0	0	0.0
login	12	173	259556.0	1	0.05173305742369374	259556.0	12	0.6207966890843248	1041.0	4	0.20693222969477496	1041.0	0	0.0	1041.0	0	0.0
login	12	174	261052.0	12	0.6207966890843248	261052.0	12	0.6207966890843248	1047.0	1	0.05173305742369374	1047.0	0	0.0	1047.0	0	0.0
login	12	175	262548.0	12	0.6207966890843248	262548.0	7	0.3621314019658562	1053.0	1	0.05173305742369374	1053.0	0	0.0	1053.0	0	0.0
login	12	176	264044.0	12	0.6207966890843248	264044.0	6	0.3103983445421624	1059.0	4	0.20693222969477496	1059.0	0	0.0	1059.0	0	0.0
login	12	177	265540.0	0	0.0	265540.0	11	0.5690636316606311	1065.0	7	0.3621314019658562	1065.0	0	0.0	1065.0	0	0.0
login	12	178	267036.0	12	0.6207966890843248	267036.0	12	0.6207966890843248	1071.0	5	0.2586652871184687	1071.0	0	0.0	1071.0	0	0.0
login	12	179	268532.0	12	0.6207966890843248	268532.0	7	0.3621314019658562	1077.0	6	0.3103983445421624	1077.0	0	0.0	1077.0	0	0.0
login	12	180	270028.0	12	0.6207966890843248	270028.0	7	0.3621314019658562	1083.0	6	0.3103983445421624	1083.0	0	0.0	1083.0	0	0.0
login	12	181	271524.0	0	0.0	271524.0	10	0.5173305742369374	1089.0	5	0.2586652871184687	1089.0	0	0.0	1089.0	0	0.0
login	12	182	273020.0	12	0.6207966890843248	273020.0	12	0.6207966890843248	1095.0	2	0.10346611484738748	1095.0	0	0.0	1095.0	0	0.0
login	12	183	274516.0	12	0.6207966890843248	274516.0	6	0.3103983445421624	1101.0	2	0.10346611484738748	1101.0	0	0.0	1101.0	0	0.0
login	12	184	276012.0	12	0.6207966890843248	276012.0	6	0.3103983445421624	1107.0	1	0.05173305742369374	1107.0	0	0.0	1107.0	0	0.0
login	12	185	277508.0	0	0.0	277508.0	12	0.6207966890843248	1113.0	1	0.05173305742369374	1113.0	0	0.0	1113.0	0	0.0
login	12	186	279004.0	12	0.6207966890843248	279004.0	12	0.6207966890843248	1119.0	0	0.0	1119.0	0	0.0	1119.0	0	0.0
login	12	187	280500.0	12	0.6207966890843248	280500.0	6	0.3103983445421624	1125.0	1	0.05173305742369374	1125.0	0	0.0	1125.0	0	0.0
login	12	188	281996.0	12	0.6207966890843248	281996.0	7	0.3621314019658562	1131.0	2	0.10346611484738748	1131.0	0	0.0	1131.0	0	0.0
login	12	189	283492.0	0	0.0	283492.0	11	0.5690636316606311	1137.0	0	0.0	1137.0	0	0.0	1137.0	0	0.0
login	12	190	284988.0	12	0.6207966890843248	284988.0	12	0.6207966890843248	1143.0	2	0.10346611484738748	1143.0	0	0.0	1143.0	0	0.0
login	12	191	286484.0	12	0.6207966890843248	286484.0	9	0.46559751681324363	1149.0	0	0.0	1149.0	0	0.0	1149.0	0	0.0
login	12	192	287980.0	12	0.6207966890843248	287980.0	8	0.4138644593895499	1155.0	2	0.10346611484738748	1155.0	0	0.0	1155.0	0	0.0
login	12	193	289476.0	12	0.6207966890843248	289476.0	8	0.4138644593895499	1161.0	0	0.0	1161.0	0	0.0	1161.0	0	0.0
login	12	194	290972.0	0	0.0	290972.0	11	0.5690636316606311	1167.0	1	0.05173305742369374	1167.0	0	0.0	1167.0	0	0.0
login	12	195	292468.0	12	0.6207966890843248	292468.0	12	0.6207966890843248	1173.0	1	0.05173305742369374	1173.0	0	0.0	1173.0	0	0.0
login	12	196	293964.0	12	0.6207966890843248	293964.0	6	0.3103983445421624	1179.0	0	0.0	1179.0	0	0.0	1179.0	0	0.0
login	12	197	295460.0	12	0.6207966890843248	295460.0	6	0.3103983445421624	1185.0	0	0.0	1185.0	0	0.0	1185.0	0	0.0
login	12	198	296956.0	0	0.0	296956.0	12	0.6207966890843248	1191.0	1	0.05173305742369374	1191.0	0	0.0	1191.0	0	0.0
login	12	199	298452.0	12	0.6207966890843248	298452.0	12	0.6207966890843248	1197.0	0	0.0	1197.0	0	0.0	1197.0	0	0.0
info	12	0	747.5	17	0.8794619762027935	747.5	15	0.7759958613554061	2.5	347	17.951370926021728	3.0	1933	100.0	3.0	1933	100.0
info	12	1	2242.5	15	0.7759958613554061	2242.5	17	0.8794619762027935	7.5	82	4.242110708742887	9.0	0	0.0	9.0	0	0.0
info	12	2	3737.5	16	0.8277289187790998	3737.5	16	0.8277289187790998	12.5	88	4.552509053285049	15.0	0	0.0	15.0	0	0.0
info	12	3	5232.5	13	0.6725297465080186	5232.5	13	0.6725297465080186	17.5	72	3.724780134505949	21.0	0	0.0	21.0	0	0.0
info	12	4	6727.5	16	0.8277289187790998	6727.5	16	0.8277289187790998	22.5	44	2.2762545266425245	27.0	0	0.0	27.0	0	0.0
info	12	5	8222.5	16	0.8277289187790998	8222.5	16	0.8277289187790998	27.5	32	1.6554578375581996	33.0	0	0.0	33.0	0	0.0
info	12	6	9717.5	16	0.8277289187790998	9717.5	16	0.8277289187790998	32.5	22	1.1381272633212622	39.0	0	0.0	39.0	0	0.0
info	12	7	11212.5	15	0.7759958613554061	11212.5	15	0.7759958613554061	37.5	12	0.6207966890843248	45.0	0	0.0	45.0	0	0.0
info	12	8	12707.5	15	0.7759958613554061	12707.5	15	0.7759958613554061	42.5	6	0.3103983445421624	51.0	0	0.0	51.0	0	0.0
info	12	9	14202.5	18	0.9311950336264873	14202.5	18	0.9311950336264873	47.5	6	0.3103983445421624	57.0	0	0.0	57.0	0	0.0
info	12	10	15697.5	14	0.7242628039317124	15697.5	14	0.7242628039317124	52.5	12	0.6207966890843248	63.0	0	0.0	63.0	0	0.0
info	12	11	17192.5	15	0.7759958613554061	17192.5	15	0.7759958613554061	57.5	21	1.0863942058975684	69.0	0	0.0	69.0	0	0.0
info	12	12	18687.5	12	0.6207966890843248	18687.5	12	0.6207966890843248	62.5	30	1.5519917227108122	75.0	0	0.0	75.0	0	0.0
info	12	13	20182.5	11	0.5690636316606311	20182.5	9	0.46559751681324363	67.5	13	0.6725297465080186	81.0	0	0.0	81.0	0	0.0
info	12	14	21677.5	7	0.3621314019658562	21677.5	8	0.4138644593895499	72.5	20	1.0346611484738748	87.0	0	0.0	87.0	0	0.0
info	12	15	23172.5	11	0.5690636316606311	23172.5	12	0.6207966890843248	77.5	18	0.9311950336264873	93.0	0	0.0	93.0	0	0.0
info	12	16	24667.5	12	0.6207966890843248	24667.5	12	0.6207966890843248	82.5	11	0.5690636316606311	99.0	0	0.0	99.0	0	0.0
info	12	17	26162.5	8	0.4138644593895499	26162.5	0	0.0	87.5	10	0.5173305742369374	105.0	0	0.0	105.0	0	0.0
info	12	18	27657.5	8	0.4138644593895499	27657.5	12	0.6207966890843248	92.5	6	0.3103983445421624	111.0	0	0.0	111.0	0	0.0
info	12	19	29152.5	8	0.4138644593895499	29152.5	12	0.6207966890843248	97.5	10	0.5173305742369374	117.0	0	0.0	117.0	0	0.0
info	12	20	30647.5	12	0.6207966890843248	30647.5	12	0.6207966890843248	102.5	6	0.3103983445421624	123.0	0	0.0	123.0	0	0.0
info	12	21	32142.5	8	0.4138644593895499	32142.5	0	0.0	107.5	10	0.5173305742369374	129.0	0	0.0	129.0	0	0.0
info	12	22	33637.5	8	0.4138644593895499	33637.5	12	0.6207966890843248	112.5	10	0.5173305742369374	135.0	0	0.0	135.0	0	0.0
info	12	23	35132.5	8	0.4138644593895499	35132.5	12	0.6207966890843248	117.5	2	0.10346611484738748	141.0	0	0.0	141.0	0	0.0
info	12	24	36627.5	12	0.6207966890843248	36627.5	12	0.6207966890843248	122.5	4	0.20693222969477496	147.0	0	0.0	147.0	0	0.0
info	12	25	38122.5	12	0.6207966890843248	38122.5	12	0.6207966890843248	127.5	10	0.5173305742369374	153.0	0	0.0	153.0	0	0.0
info	12	26	39617.5	6	0.3103983445421624	39617.5	0	0.0	132.5	2	0.10346611484738748	159.0	0	0.0	159.0	0	0.0
info	12	27	41112.5	6	0.3103983445421624	41112.5	12	0.6207966890843248	137.5	3	0.1551991722710812	165.0	0	0.0	165.0	0	0.0
info	12	28	42607.5	12	0.6207966890843248	42607.5	12	0.6207966890843248	142.5	2	0.10346611484738748	171.0	0	0.0	171.0	0	0.0
info	12	29	44102.5	12	0.6207966890843248	44102.5	12	0.6207966890843248	147.5	3	0.1551991722710812	177.0	0	0.0	177.0	0	0.0
info	12	30	45597.5	12	0.6207966890843248	45597.5	12	0.6207966890843248	152.5	1	0.05173305742369374	183.0	0	0.0	183.0	0	0.0
info	12	31	47092.5	6	0.3103983445421624	47092.5	0	0.0	157.5	2	0.10346611484738748	189.0	0	0.0	189.0	0	0.0
info	12	32	48587.5	6	0.3103983445421624	48587.5	12	0.6207966890843248	162.5	2	0.10346611484738748	195.0	0	0.0	195.0	0	0.0
info	12	33	50082.5	12	0.6207966890843248	50082.5	12	0.6207966890843248	167.5	5	0.2586652871184687	201.0	0	0.0	201.0	0	0.0
info	12	34	51577.5	12	0.6207966890843248	51577.5	12	0.6207966890843248	172.5	7	0.3621314019658562	207.0	0	0.0	207.0	0	0.0
info	12	35	53072.5	5	0.2586652871184687	53072.5	0	0.0	177.5	4	0.20693222969477496	213.0	0	0.0	213.0	0	0.0
info	12	36	54567.5	7	0.3621314019658562	54567.5	12	0.6207966890843248	182.5	6	0.3103983445421624	219.0	0	0.0	219.0	0	0.0
info	12	37	56062.5	12	0.6207966890843248	56062.5	12	0.6207966890843248	187.5	10	0.5173305742369374	225.0	0	0.0	225.0	0	0.0
info	12	38	57557.5	10	0.5173305742369374	57557.5	10	0.5173305742369374	192.5	12	0.6207966890843248	231.0	0	0.0	231.0	0	0.0
info	12	39	59052.5	8	0.4138644593895499	59052.5	2	0.10346611484738748	197.5	10	0.5173305742369374	237.0	0	0.0	237.0	0	0.0
info	12	40	60547.5	6	0.3103983445421624	60547.5	12	0.6207966890843248	202.5	9	0.46559751681324363	243.0	0	0.0	243.0	0	0.0
info	12	41	62042.5	12	0.6207966890843248	62042.5	12	0.6207966890843248	207.5	7	0.3621314019658562	249.0	0	0.0	249.0	0	0.0
info	12	42	63537.5	12	0.6207966890843248	63537.5	12	0.6207966890843248	212.5	4	0.20693222969477496	255.0	0	0.0	255.0	0	0.0
info	12	43	65032.5	8	0.4138644593895499	65032.5	0	0.0	217.5	5	0.2586652871184687	261.0	0	0.0	261.0	0	0.0
info	12	44	66527.5	7	0.3621314019658562	66527.5	12	0.6207966890843248	222.5	10	0.5173305742369374	267.0	0	0.0	267.0	0	0.0
info	12	45	68022.5	9	0.46559751681324363	68022.5	12	0.6207966890843248	227.5	10	0.5173305742369374	273.0	0	0.0	273.0	0	0.0
info	12	46	69517.5	12	0.6207966890843248	69517.5	12	0.6207966890843248	232.5	14	0.7242628039317124	279.0	0	0.0	279.0	0	0.0
info	12	47	71012.5	12	0.6207966890843248	71012.5	12	0.6207966890843248	237.5	4	0.20693222969477496	285.0	0	0.0	285.0	0	0.0
info	12	48	72507.5	6	0.3103983445421624	72507.5	0	0.0	242.5	11	0.5690636316606311	291.0	0	0.0	291.0	0	0.0
info	12	49	74002.5	7	0.3621314019658562	74002.5	12	0.6207966890843248	247.5	5	0.2586652871184687	297.0	0	0.0	297.0	0	0.0
info	12	50	75497.5	11	0.5690636316606311	75497.5	12	0.6207966890843248	252.5	3	0.1551991722710812	303.0	0	0.0	303.0	0	0.0
info	12	51	76992.5	12	0.6207966890843248	76992.5	12	0.6207966890843248	257.5	2	0.10346611484738748	309.0	0	0.0	309.0	0	0.0
info	12	52	78487.5	7	0.3621314019658562	78487.5	0	0.0	262.5	6	0.3103983445421624	315.0	0	0.0	315.0	0	0.0
info	12	53	79982.5	9	0.46559751681324363	79982.5	12	0.6207966890843248	267.5	1	0.05173305742369374	321.0	0	0.0	321.0	0	0.0
info	12	54	81477.5	8	0.4138644593895499	81477.5	12	0.6207966890843248	272.5	5	0.2586652871184687	327.0	0	0.0	327.0	0	0.0
info	12	55	82972.5	12	0.6207966890843248	82972.5	12	0.6207966890843248	277.5	6	0.3103983445421624	333.0	0	0.0	333.0	0	0.0
info	12	56	84467.5	7	0.3621314019658562	84467.5	1	0.05173305742369374	282.5	16	0.8277289187790998	339.0	0	0.0	339.0	0	0.0
info	12	57	85962.5	5	0.2586652871184687	85962.5	11	0.5690636316606311	287.5	13	0.6725297465080186	345.0	0	0.0	345.0	0	0.0
info	12	58	87457.5	12	0.6207966890843248	87457.5	12	0.6207966890843248	292.5	25	1.2933264355923435	351.0	0	0.0	351.0	0	0.0
info	12	59	88952.5	12	0.6207966890843248	88952.5	12	0.6207966890843248	297.5	10	0.5173305742369374	357.0	0	0.0	357.0	0	0.0
info	12	60	90447.5	9	0.46559751681324363	90447.5	3	0.1551991722710812	302.5	25	1.2933264355923435	363.0	0	0.0	363.0	0	0.0
info	12	61	91942.5	4	0.20693222969477496	91942.5	9	0.46559751681324363	307.5	16	0.8277289187790998	369.0	0	0.0	369.0	0	0.0
info	12	62	93437.5	11	0.5690636316606311	93437.5	12	0.6207966890843248	312.5	19	0.9829280910501811	375.0	0	0.0	375.0	0	0.0
info	12	63	94932.5	12	0.6207966890843248	94932.5	12	0.6207966890843248	317.5	9	0.46559751681324363	381.0	0	0.0	381.0	0	0.0
info	12	64	96427.5	8	0.4138644593895499	96427.5	0	0.0	322.5	10	0.5173305742369374	387.0	0	0.0	387.0	0	0.0
info	12	65	97922.5	4	0.20693222969477496	97922.5	12	0.6207966890843248	327.5	15	0.7759958613554061	393.0	0	0.0	393.0	0	0.0
info	12	66	99417.5	12	0.6207966890843248	99417.5	12	0.6207966890843248	332.5	15	0.7759958613554061	399.0	0	0.0	399.0	0	0.0
info	12	67	100912.5	12	0.6207966890843248	100912.5	12	0.6207966890843248	337.5	6	0.3103983445421624	405.0	0	0.0	405.0	0	0.0
info	12	68	102407.5	8	0.4138644593895499	102407.5	0	0.0	342.5	10	0.5173305742369374	411.0	0	0.0	411.0	0	0.0
info	12	69	103902.5	5	0.2586652871184687	103902.5	12	0.6207966890843248	347.5	3	0.1551991722710812	417.0	0	0.0	417.0	0	0.0
info	12	70	105397.5	11	0.5690636316606311	105397.5	12	0.6207966890843248	352.5	3	0.1551991722710812	423.0	0	0.0	423.0	0	0.0
info	12	71	106892.5	12	0.6207966890843248	106892.5	12	0.6207966890843248	357.5	4	0.20693222969477496	429.0	0	0.0	429.0	0	0.0
info	12	72	108387.5	8	0.4138644593895499	108387.5	0	0.0	362.5	13	0.6725297465080186	435.0	0	0.0	435.0	0	0.0
info	12	73	109882.5	8	0.4138644593895499	109882.5	12	0.6207966890843248	367.5	3	0.1551991722710812	441.0	0	0.0	441.0	0	0.0
info	12	74	111377.5	8	0.4138644593895499	111377.5	12	0.6207966890843248	372.5	12	0.6207966890843248	447.0	0	0.0	447.0	0	0.0
info	12	75	112872.5	12	0.6207966890843248	112872.5	12	0.6207966890843248	377.5	9	0.46559751681324363	453.0	0	0.0	453.0	0	0.0
info	12	76	114367.5	8	0.4138644593895499	114367.5	0	0.0	382.5	16	0.8277289187790998	459.0	0	0.0	459.0	0	0.0
info	12	77	115862.5	5	0.2586652871184687	115862.5	12	0.6207966890843248	387.5	14	0.7242628039317124	465.0	0	0.0	465.0	0	0.0
info	12	78	117357.5	11	0.5690636316606311	117357.5	12	0.6207966890843248	392.5	16	0.8277289187790998	471.0	0	0.0	471.0	0	0.0
info	12	79	118852.5	12	0.6207966890843248	118852.5	12	0.6207966890843248	397.5	25	1.2933264355923435	477.0	0	0.0	477.0	0	0.0
info	12	80	120347.5	8	0.4138644593895499	120347.5	0	0.0	402.5	16	0.8277289187790998	483.0	0	0.0	483.0	0	0.0
info	12	81	121842.5	4	0.20693222969477496	121842.5	12	0.6207966890843248	407.5	22	1.1381272633212622	489.0	0	0.0	489.0	0	0.0
info	12	82	123337.5	12	0.6207966890843248	123337.5	12	0.6207966890843248	412.5	13	0.6725297465080186	495.0	0	0.0	495.0	0	0.0
info	12	83	124832.5	12	0.6207966890843248	124832.5	12	0.6207966890843248	417.5	17	0.8794619762027935	501.0	0	0.0	501.0	0	0.0
info	12	84	126327.5	11	0.5690636316606311	126327.5	11	0.5690636316606311	422.5	16	0.8277289187790998	507.0	0	0.0	507.0	0	0.0
info	12	85	127822.5	8	0.4138644593895499	127822.5	2	0.10346611484738748	427.5	12	0.6207966890843248	513.0	0	0.0	513.0	0	0.0
info	12	86	129317.5	8	0.4138644593895499	129317.5	12	0.6207966890843248	432.5	4	0.20693222969477496	519.0	0	0.0	519.0	0	0.0
info	12	87	130812.5	10	0.5173305742369374	130812.5	12	0.6207966890843248	437.5	4	0.20693222969477496	525.0	0	0.0	525.0	0	0.0
info	12	88	132307.5	12	0.6207966890843248	132307.5	12	0.6207966890843248	442.5	9	0.46559751681324363	531.0	0	0.0	531.0	0	0.0
info	12	89	133802.5	12	0.6207966890843248	133802.5	12	0.6207966890843248	447.5	2	0.10346611484738748	537.0	0	0.0	537.0	0	0.0
info	12	90	135297.5	5	0.2586652871184687	135297.5	0	0.0	452.5	3	0.1551991722710812	543.0	0	0.0	543.0	0	0.0
info	12	91	136792.5	8	0.4138644593895499	136792.5	12	0.6207966890843248	457.5	7	0.3621314019658562	549.0	0	0.0	549.0	0	0.0
info	12	92	138287.5	11	0.5690636316606311	138287.5	12	0.6207966890843248	462.5	6	0.3103983445421624	555.0	0	0.0	555.0	0	0.0
info	12	93	139782.5	12	0.6207966890843248	139782.5	12	0.6207966890843248	467.5	8	0.4138644593895499	561.0	0	0.0	561.0	0	0.0
info	12	94	141277.5	7	0.3621314019658562	141277.5	0	0.0	472.5	14	0.7242628039317124	567.0	0	0.0	567.0	0	0.0
info	12	95	142772.5	5	0.2586652871184687	142772.5	12	0.6207966890843248	477.5	8	0.4138644593895499	573.0	0	0.0	573.0	0	0.0
info	12	96	144267.5	12	0.6207966890843248	144267.5	12	0.6207966890843248	482.5	8	0.4138644593895499	579.0	0	0.0	579.0	0	0.0
info	12	97	145762.5	12	0.6207966890843248	145762.5	12	0.6207966890843248	487.5	15	0.7759958613554061	585.0	0	0.0	585.0	0	0.0
info	12	98	147257.5	7	0.3621314019658562	147257.5	0	0.0	492.5	14	0.7242628039317124	591.0	0	0.0	591.0	0	0.0
info	12	99	148752.5	6	0.3103983445421624	148752.5	12	0.6207966890843248	497.5	16	0.8277289187790998	597.0	0	0.0	597.0	0	0.0
info	12	100	150247.5	11	0.5690636316606311	150247.5	12	0.6207966890843248	502.5	16	0.8277289187790998	603.0	0	0.0	603.0	0	0.0
info	12	101	151742.5	12	0.6207966890843248	151742.5	12	0.6207966890843248	507.5	15	0.7759958613554061	609.0	0	0.0	609.0	0	0.0
info	12	102	153237.5	8	0.4138644593895499	153237.5	0	0.0	512.5	18	0.9311950336264873	615.0	0	0.0	615.0	0	0.0
info	12	103	154732.5	5	0.2586652871184687	154732.5	12	0.6207966890843248	517.5	17	0.8794619762027935	621.0	0	0.0	621.0	0	0.0
info	12	104	156227.5	11	0.5690636316606311	156227.5	12	0.6207966890843248	522.5	8	0.4138644593895499	627.0	0	0.0	627.0	0	0.0
info	12	105	157722.5	12	0.6207966890843248	157722.5	12	0.6207966890843248	527.5	12	0.6207966890843248	633.0	0	0.0	633.0	0	0.0
info	12	106	159217.5	10	0.5173305742369374	159217.5	10	0.5173305742369374	532.5	3	0.1551991722710812	639.0	0	0.0	639.0	0	0.0
info	12	107	160712.5	6	0.3103983445421624	160712.5	2	0.10346611484738748	537.5	7	0.3621314019658562	645.0	0	0.0	645.0	0	0.0
info	12	108	162207.5	8	0.4138644593895499	162207.5	12	0.6207966890843248	542.5	5	0.2586652871184687	651.0	0	0.0	651.0	0	0.0
info	12	109	163702.5	12	0.6207966890843248	163702.5	12	0.6207966890843248	547.5	5	0.2586652871184687	657.0	0	0.0	657.0	0	0.0
info	12	110	165197.5	12	0.6207966890843248	165197.5	12	0.6207966890843248	552.5	2	0.10346611484738748	663.0	0	0.0	663.0	0	0.0
info	12	111	166692.5	10	0.5173305742369374	166692.5	10	0.5173305742369374	557.5	3	0.1551991722710812	669.0	0	0.0	669.0	0	0.0
info	12	112	168187.5	5	0.2586652871184687	168187.5	2	0.10346611484738748	562.5	6	0.3103983445421624	675.0	0	0.0	675.0	0	0.0
info	12	113	169682.5	9	0.46559751681324363	169682.5	12	0.6207966890843248	567.5	5	0.2586652871184687	681.0	0	0.0	681.0	0	0.0
info	12	114	171177.5	12	0.6207966890843248	171177.5	12	0.6207966890843248	572.5	7	0.3621314019658562	687.0	0	0.0	687.0	0	0.0
info	12	115	172672.5	12	0.6207966890843248	172672.5	12	0.6207966890843248	577.5	10	0.5173305742369374	693.0	0	0.0	693.0	0	0.0
info	12	116	174167.5	8	0.4138644593895499	174167.5	0	0.0	582.5	14	0.7242628039317124	699.0	0	0.0	699.0	0	0.0
info	12	117	175662.5	8	0.4138644593895499	175662.5	12	0.6207966890843248	587.5	9	0.46559751681324363	705.0	0	0.0	705.0	0	0.0
info	12	118	177157.5	8	0.4138644593895499	177157.5	12	0.6207966890843248	592.5	11	0.5690636316606311	711.0	0	0.0	711.0	0	0.0
info	12	119	178652.5	12	0.6207966890843248	178652.5	12	0.6207966890843248	597.5	13	0.6725297465080186	717.0	0	0.0	717.0	0	0.0
info	12	120	180147.5	11	0.5690636316606311	180147.5	11	0.5690636316606311	602.5	12	0.6207966890843248	723.0	0	0.0	723.0	0	0.0
info	12	121	181642.5	6	0.3103983445421624	181642.5	1	0.05173305742369374	607.5	8	0.4138644593895499	729.0	0	0.0	729.0	0	0.0
info	12	122	183137.5	8	0.4138644593895499	183137.5	12	0.6207966890843248	612.5	13	0.6725297465080186	735.0	0	0.0	735.0	0	0.0
info	12	123	184632.5	11	0.5690636316606311	184632.5	12	0.6207966890843248	617.5	5	0.2586652871184687	741.0	0	0.0	741.0	0	0.0
info	12	124	186127.5	12	0.6207966890843248	186127.5	12	0.6207966890843248	622.5	6	0.3103983445421624	747.0	0	0.0	747.0	0	0.0
info	12	125	187622.5	12	0.6207966890843248	187622.5	12	0.6207966890843248	627.5	5	0.2586652871184687	753.0	0	0.0	753.0	0	0.0
info	12	126	189117.5	6	0.3103983445421624	189117.5	0	0.0	632.5	1	0.05173305742369374	759.0	0	0.0	759.0	0	0.0
info	12	127	190612.5	6	0.3103983445421624	190612.5	12	0.6207966890843248	637.5	2	0.10346611484738748	765.0	0	0.0	765.0	0	0.0
info	12	128	192107.5	12	0.6207966890843248	192107.5	12	0.6207966890843248	642.5	2	0.10346611484738748	771.0	0	0.0	771.0	0	0.0
info	12	129	193602.5	12	0.6207966890843248	193602.5	12	0.6207966890843248	647.5	1	0.05173305742369374	777.0	0	0.0	777.0	0	0.0
info	12	130	195097.5	10	0.5173305742369374	195097.5	9	0.46559751681324363	652.5	7	0.3621314019658562	783.0	0	0.0	783.0	0	0.0
info	12	131	196592.5	7	0.3621314019658562	196592.5	3	0.1551991722710812	657.5	2	0.10346611484738748	789.0	0	0.0	789.0	0	0.0
info	12	132	198087.5	7	0.3621314019658562	198087.5	12	0.6207966890843248	662.5	4	0.20693222969477496	795.0	0	0.0	795.0	0	0.0
info	12	133	199582.5	12	0.6207966890843248	199582.5	12	0.6207966890843248	667.5	6	0.3103983445421624	801.0	0	0.0	801.0	0	0.0
info	12	134	201077.5	12	0.6207966890843248	201077.5	12	0.6207966890843248	672.5	6	0.3103983445421624	807.0	0	0.0	807.0	0	0.0
info	12	135	202572.5	11	0.5690636316606311	202572.5	9	0.46559751681324363	677.5	5	0.2586652871184687	813.0	0	0.0	813.0	0	0.0
info	12	136	204067.5	5	0.2586652871184687	204067.5	3	0.1551991722710812	682.5	8	0.4138644593895499	819.0	0	0.0	819.0	0	0.0
info	12	137	205562.5	8	0.4138644593895499	205562.5	12	0.6207966890843248	687.5	5	0.2586652871184687	825.0	0	0.0	825.0	0	0.0
info	12	138	207057.5	12	0.6207966890843248	207057.5	12	0.6207966890843248	692.5	6	0.3103983445421624	831.0	0	0.0	831.0	0	0.0
info	12	139	208552.5	12	0.6207966890843248	208552.5	12	0.6207966890843248	697.5	5	0.2586652871184687	837.0	0	0.0	837.0	0	0.0
info	12	140	210047.5	9	0.46559751681324363	210047.5	9	0.46559751681324363	702.5	5	0.2586652871184687	843.0	0	0.0	843.0	0	0.0
info	12	141	211542.5	8	0.4138644593895499	211542.5	4	0.20693222969477496	707.5	3	0.1551991722710812	849.0	0	0.0	849.0	0	0.0
info	12	142	213037.5	8	0.4138644593895499	213037.5	12	0.6207966890843248	712.5	4	0.20693222969477496	855.0	0	0.0	855.0	0	0.0
info	12	143	214532.5	12	0.6207966890843248	214532.5	12	0.6207966890843248	717.5	3	0.1551991722710812	861.0	0	0.0	861.0	0	0.0
info	12	144	216027.5	12	0.6207966890843248	216027.5	12	0.6207966890843248	722.5	2	0.10346611484738748	867.0	0	0.0	867.0	0	0.0
info	12	145	217522.5	6	0.3103983445421624	217522.5	0	0.0	727.5	3	0.1551991722710812	873.0	0	0.0	873.0	0	0.0
info	12	146	219017.5	6	0.3103983445421624	219017.5	12	0.6207966890843248	732.5	0	0.0	879.0	0	0.0	879.0	0	0.0
info	12	147	220512.5	12	0.6207966890843248	220512.5	12	0.6207966890843248	737.5	1	0.05173305742369374	885.0	0	0.0	885.0	0	0.0
info	12	148	222007.5	12	0.6207966890843248	222007.5	12	0.6207966890843248	742.5	1	0.05173305742369374	891.0	0	0.0	891.0	0	0.0
info	12	149	223502.5	6	0.3103983445421624	223502.5	0	0.0	747.5	1	0.05173305742369374	897.0	0	0.0	897.0	0	0.0
info	12	150	224997.5	6	0.3103983445421624	224997.5	12	0.6207966890843248	752.5	0	0.0	903.0	0	0.0	903.0	0	0.0
info	12	151	226492.5	12	0.6207966890843248	226492.5	12	0.6207966890843248	757.5	3	0.1551991722710812	909.0	0	0.0	909.0	0	0.0
info	12	152	227987.5	10	0.5173305742369374	227987.5	10	0.5173305742369374	762.5	1	0.05173305742369374	915.0	0	0.0	915.0	0	0.0
info	12	153	229482.5	8	0.4138644593895499	229482.5	2	0.10346611484738748	767.5	3	0.1551991722710812	921.0	0	0.0	921.0	0	0.0
info	12	154	230977.5	6	0.3103983445421624	230977.5	12	0.6207966890843248	772.5	0	0.0	927.0	0	0.0	927.0	0	0.0
info	12	155	232472.5	12	0.6207966890843248	232472.5	12	0.6207966890843248	777.5	1	0.05173305742369374	933.0	0	0.0	933.0	0	0.0
info	12	156	233967.5	12	0.6207966890843248	233967.5	12	0.6207966890843248	782.5	0	0.0	939.0	0	0.0	939.0	0	0.0
info	12	157	235462.5	9	0.46559751681324363	235462.5	6	0.3103983445421624	787.5	4	0.20693222969477496	945.0	0	0.0	945.0	0	0.0
info	12	158	236957.5	5	0.2586652871184687	236957.5	6	0.3103983445421624	792.5	0	0.0	951.0	0	0.0	951.0	0	0.0
info	12	159	238452.5	10	0.5173305742369374	238452.5	12	0.6207966890843248	797.5	1	0.05173305742369374	957.0	0	0.0	957.0	0	0.0
info	12	160	239947.5	12	0.6207966890843248	239947.5	12	0.6207966890843248	802.5	0	0.0	963.0	0	0.0	963.0	0	0.0
info	12	161	241442.5	12	0.6207966890843248	241442.5	12	0.6207966890843248	807.5	0	0.0	969.0	0	0.0	969.0	0	0.0
info	12	162	242937.5	7	0.3621314019658562	242937.5	0	0.0	812.5	1	0.05173305742369374	975.0	0	0.0	975.0	0	0.0
info	12	163	244432.5	7	0.3621314019658562	244432.5	12	0.6207966890843248	817.5	0	0.0	981.0	0	0.0	981.0	0	0.0
info	12	164	245927.5	10	0.5173305742369374	245927.5	12	0.6207966890843248	822.5	1	0.05173305742369374	987.0	0	0.0	987.0	0	0.0
info	12	165	247422.5	12	0.6207966890843248	247422.5	12	0.6207966890843248	827.5	0	0.0	993.0	0	0.0	993.0	0	0.0
info	12	166	248917.5	12	0.6207966890843248	248917.5	12	0.6207966890843248	832.5	1	0.05173305742369374	999.0	0	0.0	999.0	0	0.0
info	12	167	250412.5	4	0.20693222969477496	250412.5	0	0.0	837.5	0	0.0	1005.0	0	0.0	1005.0	0	0.0
info	12	168	251907.5	8	0.4138644593895499	251907.5	12	0.6207966890843248	842.5	0	0.0	1011.0	0	0.0	1011.0	0	0.0
info	12	169	253402.5	12	0.6207966890843248	253402.5	12	0.6207966890843248	847.5	0	0.0	1017.0	0	0.0	1017.0	0	0.0
info	12	170	254897.5	11	0.5690636316606311	254897.5	11	0.5690636316606311	852.5	0	0.0	1023.0	0	0.0	1023.0	0	0.0
info	12	171	256392.5	7	0.3621314019658562	256392.5	1	0.05173305742369374	857.5	0	0.0	1029.0	0	0.0	1029.0	0	0.0
info	12	172	257887.5	6	0.3103983445421624	257887.5	12	0.6207966890843248	862.5	1	0.05173305742369374	1035.0	0	0.0	1035.0	0	0.0
info	12	173	259382.5	12	0.6207966890843248	259382.5	12	0.6207966890843248	867.5	0	0.0	1041.0	0	0.0	1041.0	0	0.0
info	12	174	260877.5	12	0.6207966890843248	260877.5	12	0.6207966890843248	872.5	1	0.05173305742369374	1047.0	0	0.0	1047.0	0	0.0
info	12	175	262372.5	8	0.4138644593895499	262372.5	0	0.0	877.5	0	0.0	1053.0	0	0.0	1053.0	0	0.0
info	12	176	263867.5	7	0.3621314019658562	263867.5	12	0.6207966890843248	882.5	0	0.0	1059.0	0	0.0	1059.0	0	0.0
info	12	177	265362.5	9	0.46559751681324363	265362.5	12	0.6207966890843248	887.5	0	0.0	1065.0	0	0.0	1065.0	0	0.0
info	12	178	266857.5	12	0.6207966890843248	266857.5	12	0.6207966890843248	892.5	0	0.0	1071.0	0	0.0	1071.0	0	0.0
info	12	179	268352.5	11	0.5690636316606311	268352.5	11	0.5690636316606311	897.5	0	0.0	1077.0	0	0.0	1077.0	0	0.0
info	12	180	269847.5	4	0.20693222969477496	269847.5	1	0.05173305742369374	902.5	0	0.0	1083.0	0	0.0	1083.0	0	0.0
info	12	181	271342.5	9	0.46559751681324363	271342.5	12	0.6207966890843248	907.5	0	0.0	1089.0	0	0.0	1089.0	0	0.0
info	12	182	272837.5	12	0.6207966890843248	272837.5	12	0.6207966890843248	912.5	0	0.0	1095.0	0	0.0	1095.0	0	0.0
info	12	183	274332.5	8	0.4138644593895499	274332.5	0	0.0	917.5	1	0.05173305742369374	1101.0	0	0.0	1101.0	0	0.0
info	12	184	275827.5	5	0.2586652871184687	275827.5	12	0.6207966890843248	922.5	0	0.0	1107.0	0	0.0	1107.0	0	0.0
info	12	185	277322.5	11	0.5690636316606311	277322.5	12	0.6207966890843248	927.5	0	0.0	1113.0	0	0.0	1113.0	0	0.0
info	12	186	278817.5	12	0.6207966890843248	278817.5	12	0.6207966890843248	932.5	0	0.0	1119.0	0	0.0	1119.0	0	0.0
info	12	187	280312.5	6	0.3103983445421624	280312.5	0	0.0	937.5	0	0.0	1125.0	0	0.0	1125.0	0	0.0
info	12	188	281807.5	8	0.4138644593895499	281807.5	12	0.6207966890843248	942.5	0	0.0	1131.0	0	0.0	1131.0	0	0.0
info	12	189	283302.5	10	0.5173305742369374	283302.5	12	0.6207966890843248	947.5	0	0.0	1137.0	0	0.0	1137.0	0	0.0
info	12	190	284797.5	12	0.6207966890843248	284797.5	12	0.6207966890843248	952.5	0	0.0	1143.0	0	0.0	1143.0	0	0.0
info	12	191	286292.5	12	0.6207966890843248	286292.5	12	0.6207966890843248	957.5	0	0.0	1149.0	0	0.0	1149.0	0	0.0
info	12	192	287787.5	8	0.4138644593895499	287787.5	0	0.0	962.5	0	0.0	1155.0	0	0.0	1155.0	0	0.0
info	12	193	289282.5	6	0.3103983445421624	289282.5	12	0.6207966890843248	967.5	0	0.0	1161.0	0	0.0	1161.0	0	0.0
info	12	194	290777.5	10	0.5173305742369374	290777.5	12	0.6207966890843248	972.5	0	0.0	1167.0	0	0.0	1167.0	0	0.0
info	12	195	292272.5	12	0.6207966890843248	292272.5	12	0.6207966890843248	977.5	0	0.0	1173.0	0	0.0	1173.0	0	0.0
info	12	196	293767.5	7	0.3621314019658562	293767.5	0	0.0	982.5	0	0.0	1179.0	0	0.0	1179.0	0	0.0
info	12	197	295262.5	5	0.2586652871184687	295262.5	12	0.6207966890843248	987.5	0	0.0	1185.0	0	0.0	1185.0	0	0.0
info	12	198	296757.5	12	0.6207966890843248	296757.5	12	0.6207966890843248	992.5	0	0.0	1191.0	0	0.0	1191.0	0	0.0
info	12	199	298252.5	12	0.6207966890843248	298252.5	12	0.6207966890843248	997.5	0	0.0	1197.0	0	0.0	1197.0	0	0.0
home	12	0	747.5	16	0.8277289187790998	747.5	15	0.7759958613554061	1.5	0	0.0	3.0	1933	100.0	3.0	1933	100.0
home	12	1	2242.5	16	0.8277289187790998	2242.5	17	0.8794619762027935	4.5	348	18.00310398344542	9.0	0	0.0	9.0	0	0.0
home	12	2	3737.5	16	0.8277289187790998	3737.5	16	0.8277289187790998	7.5	94	4.862907397827211	15.0	0	0.0	15.0	0	0.0
home	12	3	5232.5	13	0.6725297465080186	5232.5	13	0.6725297465080186	10.5	77	3.9834454216244177	21.0	0	0.0	21.0	0	0.0
home	12	4	6727.5	16	0.8277289187790998	6727.5	16	0.8277289187790998	13.5	99	5.12157268494568	27.0	0	0.0	27.0	0	0.0
home	12	5	8222.5	16	0.8277289187790998	8222.5	16	0.8277289187790998	16.5	98	5.069839627521986	33.0	0	0.0	33.0	0	0.0
home	12	6	9717.5	16	0.8277289187790998	9717.5	16	0.8277289187790998	19.5	102	5.276771857216762	39.0	0	0.0	39.0	0	0.0
home	12	7	11212.5	15	0.7759958613554061	11212.5	15	0.7759958613554061	22.5	84	4.345576823590274	45.0	0	0.0	45.0	0	0.0
home	12	8	12707.5	15	0.7759958613554061	12707.5	15	0.7759958613554061	25.5	84	4.345576823590274	51.0	0	0.0	51.0	0	0.0
home	12	9	14202.5	18	0.9311950336264873	14202.5	18	0.9311950336264873	28.5	59	3.0522503879979306	57.0	0	0.0	57.0	0	0.0
home	12	10	15697.5	14	0.7242628039317124	15697.5	14	0.7242628039317124	31.5	56	2.8970512157268495	63.0	0	0.0	63.0	0	0.0
home	12	11	17192.5	15	0.7759958613554061	17192.5	15	0.7759958613554061	34.5	55	2.8453181583031557	69.0	0	0.0	69.0	0	0.0
home	12	12	18687.5	12	0.6207966890843248	18687.5	12	0.6207966890843248	37.5	31	1.6037247801345058	75.0	0	0.0	75.0	0	0.0
home	12	13	20182.5	9	0.46559751681324363	20182.5	5	0.2586652871184687	40.5	16	0.8277289187790998	81.0	0	0.0	81.0	0	0.0
home	12	14	21677.5	8	0.4138644593895499	21677.5	12	0.6207966890843248	43.5	12	0.6207966890843248	87.0	0	0.0	87.0	0	0.0
home	12	15	23172.5	12	0.6207966890843248	23172.5	12	0.6207966890843248	46.5	12	0.6207966890843248	93.0	0	0.0	93.0	0	0.0
home	12	16	24667.5	12	0.6207966890843248	24667.5	12	0.6207966890843248	49.5	12	0.6207966890843248	99.0	0	0.0	99.0	0	0.0
home	12	17	26162.5	0	0.0	26162.5	0	0.0	52.5	18	0.9311950336264873	105.0	0	0.0	105.0	0	0.0
home	12	18	27657.5	12	0.6207966890843248	27657.5	12	0.6207966890843248	55.5	18	0.9311950336264873	111.0	0	0.0	111.0	0	0.0
home	12	19	29152.5	12	0.6207966890843248	29152.5	12	0.6207966890843248	58.5	31	1.6037247801345058	117.0	0	0.0	117.0	0	0.0
home	12	20	30647.5	12	0.6207966890843248	30647.5	12	0.6207966890843248	61.5	21	1.0863942058975684	123.0	0	0.0	123.0	0	0.0
home	12	21	32142.5	0	0.0	32142.5	0	0.0	64.5	55	2.8453181583031557	129.0	0	0.0	129.0	0	0.0
home	12	22	33637.5	12	0.6207966890843248	33637.5	12	0.6207966890843248	67.5	57	2.948784273150543	135.0	0	0.0	135.0	0	0.0
home	12	23	35132.5	12	0.6207966890843248	35132.5	12	0.6207966890843248	70.5	59	3.0522503879979306	141.0	0	0.0	141.0	0	0.0
home	12	24	36627.5	12	0.6207966890843248	36627.5	12	0.6207966890843248	73.5	46	2.379720641489912	147.0	0	0.0	147.0	0	0.0
home	12	25	38122.5	12	0.6207966890843248	38122.5	12	0.6207966890843248	76.5	53	2.741852043455768	153.0	0	0.0	153.0	0	0.0
home	12	26	39617.5	0	0.0	39617.5	0	0.0	79.5	57	2.948784273150543	159.0	0	0.0	159.0	0	0.0
home	12	27	41112.5	12	0.6207966890843248	41112.5	12	0.6207966890843248	82.5	53	2.741852043455768	165.0	0	0.0	165.0	0	0.0
home	12	28	42607.5	12	0.6207966890843248	42607.5	12	0.6207966890843248	85.5	39	2.0175892395240558	171.0	0	0.0	171.0	0	0.0
home	12	29	44102.5	12	0.6207966890843248	44102.5	12	0.6207966890843248	88.5	43	2.2245214692188306	177.0	0	0.0	177.0	0	0.0
home	12	30	45597.5	12	0.6207966890843248	45597.5	12	0.6207966890843248	91.5	28	1.4485256078634248	183.0	0	0.0	183.0	0	0.0
home	12	31	47092.5	0	0.0	47092.5	0	0.0	94.5	26	1.345059493016037	189.0	0	0.0	189.0	0	0.0
home	12	32	48587.5	12	0.6207966890843248	48587.5	12	0.6207966890843248	97.5	17	0.8794619762027935	195.0	0	0.0	195.0	0	0.0
home	12	33	50082.5	12	0.6207966890843248	50082.5	12	0.6207966890843248	100.5	10	0.5173305742369374	201.0	0	0.0	201.0	0	0.0
home	12	34	51577.5	12	0.6207966890843248	51577.5	12	0.6207966890843248	103.5	10	0.5173305742369374	207.0	0	0.0	207.0	0	0.0
home	12	35	53072.5	0	0.0	53072.5	0	0.0	106.5	9	0.46559751681324363	213.0	0	0.0	213.0	0	0.0
home	12	36	54567.5	12	0.6207966890843248	54567.5	12	0.6207966890843248	109.5	3	0.1551991722710812	219.0	0	0.0	219.0	0	0.0
home	12	37	56062.5	12	0.6207966890843248	56062.5	12	0.6207966890843248	112.5	2	0.10346611484738748	225.0	0	0.0	225.0	0	0.0
home	12	38	57557.5	10	0.5173305742369374	57557.5	10	0.5173305742369374	115.5	2	0.10346611484738748	231.0	0	0.0	231.0	0	0.0
home	12	39	59052.5	2	0.10346611484738748	59052.5	2	0.10346611484738748	118.5	0	0.0	237.0	0	0.0	237.0	0	0.0
home	12	40	60547.5	12	0.6207966890843248	60547.5	12	0.6207966890843248	121.5	1	0.05173305742369374	243.0	0	0.0	243.0	0	0.0
home	12	41	62042.5	12	0.6207966890843248	62042.5	12	0.6207966890843248	124.5	2	0.10346611484738748	249.0	0	0.0	249.0	0	0.0
home	12	42	63537.5	12	0.6207966890843248	63537.5	12	0.6207966890843248	127.5	1	0.05173305742369374	255.0	0	0.0	255.0	0	0.0
home	12	43	65032.5	0	0.0	65032.5	0	0.0	130.5	1	0.05173305742369374	261.0	0	0.0	261.0	0	0.0
home	12	44	66527.5	12	0.6207966890843248	66527.5	12	0.6207966890843248	133.5	0	0.0	267.0	0	0.0	267.0	0	0.0
home	12	45	68022.5	12	0.6207966890843248	68022.5	12	0.6207966890843248	136.5	0	0.0	273.0	0	0.0	273.0	0	0.0
home	12	46	69517.5	12	0.6207966890843248	69517.5	12	0.6207966890843248	139.5	0	0.0	279.0	0	0.0	279.0	0	0.0
home	12	47	71012.5	12	0.6207966890843248	71012.5	12	0.6207966890843248	142.5	0	0.0	285.0	0	0.0	285.0	0	0.0
home	12	48	72507.5	0	0.0	72507.5	0	0.0	145.5	1	0.05173305742369374	291.0	0	0.0	291.0	0	0.0
home	12	49	74002.5	12	0.6207966890843248	74002.5	12	0.6207966890843248	148.5	0	0.0	297.0	0	0.0	297.0	0	0.0
home	12	50	75497.5	12	0.6207966890843248	75497.5	12	0.6207966890843248	151.5	0	0.0	303.0	0	0.0	303.0	0	0.0
home	12	51	76992.5	12	0.6207966890843248	76992.5	12	0.6207966890843248	154.5	0	0.0	309.0	0	0.0	309.0	0	0.0
home	12	52	78487.5	0	0.0	78487.5	0	0.0	157.5	2	0.10346611484738748	315.0	0	0.0	315.0	0	0.0
home	12	53	79982.5	12	0.6207966890843248	79982.5	12	0.6207966890843248	160.5	6	0.3103983445421624	321.0	0	0.0	321.0	0	0.0
home	12	54	81477.5	12	0.6207966890843248	81477.5	12	0.6207966890843248	163.5	1	0.05173305742369374	327.0	0	0.0	327.0	0	0.0
home	12	55	82972.5	12	0.6207966890843248	82972.5	12	0.6207966890843248	166.5	0	0.0	333.0	0	0.0	333.0	0	0.0
home	12	56	84467.5	1	0.05173305742369374	84467.5	0	0.0	169.5	1	0.05173305742369374	339.0	0	0.0	339.0	0	0.0
home	12	57	85962.5	11	0.5690636316606311	85962.5	12	0.6207966890843248	172.5	0	0.0	345.0	0	0.0	345.0	0	0.0
home	12	58	87457.5	12	0.6207966890843248	87457.5	12	0.6207966890843248	175.5	0	0.0	351.0	0	0.0	351.0	0	0.0
home	12	59	88952.5	12	0.6207966890843248	88952.5	12	0.6207966890843248	178.5	0	0.0	357.0	0	0.0	357.0	0	0.0
home	12	60	90447.5	6	0.3103983445421624	90447.5	0	0.0	181.5	1	0.05173305742369374	363.0	0	0.0	363.0	0	0.0
home	12	61	91942.5	6	0.3103983445421624	91942.5	12	0.6207966890843248	184.5	1	0.05173305742369374	369.0	0	0.0	369.0	0	0.0
home	12	62	93437.5	12	0.6207966890843248	93437.5	12	0.6207966890843248	187.5	0	0.0	375.0	0	0.0	375.0	0	0.0
home	12	63	94932.5	12	0.6207966890843248	94932.5	12	0.6207966890843248	190.5	0	0.0	381.0	0	0.0	381.0	0	0.0
home	12	64	96427.5	0	0.0	96427.5	0	0.0	193.5	1	0.05173305742369374	387.0	0	0.0	387.0	0	0.0
home	12	65	97922.5	12	0.6207966890843248	97922.5	12	0.6207966890843248	196.5	3	0.1551991722710812	393.0	0	0.0	393.0	0	0.0
home	12	66	99417.5	12	0.6207966890843248	99417.5	12	0.6207966890843248	199.5	4	0.20693222969477496	399.0	0	0.0	399.0	0	0.0
home	12	67	100912.5	12	0.6207966890843248	100912.5	12	0.6207966890843248	202.5	0	0.0	405.0	0	0.0	405.0	0	0.0
home	12	68	102407.5	0	0.0	102407.5	0	0.0	205.5	1	0.05173305742369374	411.0	0	0.0	411.0	0	0.0
home	12	69	103902.5	12	0.6207966890843248	103902.5	12	0.6207966890843248	208.5	0	0.0	417.0	0	0.0	417.0	0	0.0
home	12	70	105397.5	12	0.6207966890843248	105397.5	12	0.6207966890843248	211.5	2	0.10346611484738748	423.0	0	0.0	423.0	0	0.0
home	12	71	106892.5	12	0.6207966890843248	106892.5	12	0.6207966890843248	214.5	1	0.05173305742369374	429.0	0	0.0	429.0	0	0.0
home	12	72	108387.5	0	0.0	108387.5	0	0.0	217.5	1	0.05173305742369374	435.0	0	0.0	435.0	0	0.0
home	12	73	109882.5	12	0.6207966890843248	109882.5	12	0.6207966890843248	220.5	0	0.0	441.0	0	0.0	441.0	0	0.0
home	12	74	111377.5	12	0.6207966890843248	111377.5	12	0.6207966890843248	223.5	0	0.0	447.0	0	0.0	447.0	0	0.0
home	12	75	112872.5	12	0.6207966890843248	112872.5	12	0.6207966890843248	226.5	0	0.0	453.0	0	0.0	453.0	0	0.0
home	12	76	114367.5	0	0.0	114367.5	0	0.0	229.5	0	0.0	459.0	0	0.0	459.0	0	0.0
home	12	77	115862.5	12	0.6207966890843248	115862.5	12	0.6207966890843248	232.5	0	0.0	465.0	0	0.0	465.0	0	0.0
home	12	78	117357.5	12	0.6207966890843248	117357.5	12	0.6207966890843248	235.5	0	0.0	471.0	0	0.0	471.0	0	0.0
home	12	79	118852.5	12	0.6207966890843248	118852.5	12	0.6207966890843248	238.5	0	0.0	477.0	0	0.0	477.0	0	0.0
home	12	80	120347.5	0	0.0	120347.5	0	0.0	241.5	0	0.0	483.0	0	0.0	483.0	0	0.0
home	12	81	121842.5	12	0.6207966890843248	121842.5	12	0.6207966890843248	244.5	0	0.0	489.0	0	0.0	489.0	0	0.0
home	12	82	123337.5	12	0.6207966890843248	123337.5	12	0.6207966890843248	247.5	0	0.0	495.0	0	0.0	495.0	0	0.0
home	12	83	124832.5	12	0.6207966890843248	124832.5	12	0.6207966890843248	250.5	0	0.0	501.0	0	0.0	501.0	0	0.0
home	12	84	126327.5	11	0.5690636316606311	126327.5	11	0.5690636316606311	253.5	0	0.0	507.0	0	0.0	507.0	0	0.0
home	12	85	127822.5	2	0.10346611484738748	127822.5	2	0.10346611484738748	256.5	0	0.0	513.0	0	0.0	513.0	0	0.0
home	12	86	129317.5	12	0.6207966890843248	129317.5	12	0.6207966890843248	259.5	0	0.0	519.0	0	0.0	519.0	0	0.0
home	12	87	130812.5	12	0.6207966890843248	130812.5	12	0.6207966890843248	262.5	0	0.0	525.0	0	0.0	525.0	0	0.0
home	12	88	132307.5	12	0.6207966890843248	132307.5	12	0.6207966890843248	265.5	0	0.0	531.0	0	0.0	531.0	0	0.0
home	12	89	133802.5	12	0.6207966890843248	133802.5	12	0.6207966890843248	268.5	0	0.0	537.0	0	0.0	537.0	0	0.0
home	12	90	135297.5	0	0.0	135297.5	0	0.0	271.5	0	0.0	543.0	0	0.0	543.0	0	0.0
home	12	91	136792.5	12	0.6207966890843248	136792.5	12	0.6207966890843248	274.5	0	0.0	549.0	0	0.0	549.0	0	0.0
home	12	92	138287.5	12	0.6207966890843248	138287.5	12	0.6207966890843248	277.5	0	0.0	555.0	0	0.0	555.0	0	0.0
home	12	93	139782.5	12	0.6207966890843248	139782.5	12	0.6207966890843248	280.5	0	0.0	561.0	0	0.0	561.0	0	0.0
home	12	94	141277.5	0	0.0	141277.5	0	0.0	283.5	0	0.0	567.0	0	0.0	567.0	0	0.0
home	12	95	142772.5	12	0.6207966890843248	142772.5	12	0.6207966890843248	286.5	0	0.0	573.0	0	0.0	573.0	0	0.0
home	12	96	144267.5	12	0.6207966890843248	144267.5	12	0.6207966890843248	289.5	0	0.0	579.0	0	0.0	579.0	0	0.0
home	12	97	145762.5	12	0.6207966890843248	145762.5	12	0.6207966890843248	292.5	0	0.0	585.0	0	0.0	585.0	0	0.0
home	12	98	147257.5	0	0.0	147257.5	0	0.0	295.5	0	0.0	591.0	0	0.0	591.0	0	0.0
home	12	99	148752.5	12	0.6207966890843248	148752.5	12	0.6207966890843248	298.5	0	0.0	597.0	0	0.0	597.0	0	0.0
home	12	100	150247.5	12	0.6207966890843248	150247.5	12	0.6207966890843248	301.5	0	0.0	603.0	0	0.0	603.0	0	0.0
home	12	101	151742.5	12	0.6207966890843248	151742.5	12	0.6207966890843248	304.5	0	0.0	609.0	0	0.0	609.0	0	0.0
home	12	102	153237.5	0	0.0	153237.5	0	0.0	307.5	0	0.0	615.0	0	0.0	615.0	0	0.0
home	12	103	154732.5	12	0.6207966890843248	154732.5	12	0.6207966890843248	310.5	0	0.0	621.0	0	0.0	621.0	0	0.0
home	12	104	156227.5	12	0.6207966890843248	156227.5	12	0.6207966890843248	313.5	0	0.0	627.0	0	0.0	627.0	0	0.0
home	12	105	157722.5	12	0.6207966890843248	157722.5	12	0.6207966890843248	316.5	0	0.0	633.0	0	0.0	633.0	0	0.0
home	12	106	159217.5	10	0.5173305742369374	159217.5	7	0.3621314019658562	319.5	0	0.0	639.0	0	0.0	639.0	0	0.0
home	12	107	160712.5	2	0.10346611484738748	160712.5	5	0.2586652871184687	322.5	0	0.0	645.0	0	0.0	645.0	0	0.0
home	12	108	162207.5	12	0.6207966890843248	162207.5	12	0.6207966890843248	325.5	0	0.0	651.0	0	0.0	651.0	0	0.0
home	12	109	163702.5	12	0.6207966890843248	163702.5	12	0.6207966890843248	328.5	0	0.0	657.0	0	0.0	657.0	0	0.0
home	12	110	165197.5	12	0.6207966890843248	165197.5	12	0.6207966890843248	331.5	0	0.0	663.0	0	0.0	663.0	0	0.0
home	12	111	166692.5	10	0.5173305742369374	166692.5	10	0.5173305742369374	334.5	0	0.0	669.0	0	0.0	669.0	0	0.0
home	12	112	168187.5	2	0.10346611484738748	168187.5	2	0.10346611484738748	337.5	1	0.05173305742369374	675.0	0	0.0	675.0	0	0.0
home	12	113	169682.5	12	0.6207966890843248	169682.5	12	0.6207966890843248	340.5	0	0.0	681.0	0	0.0	681.0	0	0.0
home	12	114	171177.5	12	0.6207966890843248	171177.5	12	0.6207966890843248	343.5	0	0.0	687.0	0	0.0	687.0	0	0.0
home	12	115	172672.5	12	0.6207966890843248	172672.5	12	0.6207966890843248	346.5	1	0.05173305742369374	693.0	0	0.0	693.0	0	0.0
home	12	116	174167.5	1	0.05173305742369374	174167.5	0	0.0	349.5	0	0.0	699.0	0	0.0	699.0	0	0.0
home	12	117	175662.5	11	0.5690636316606311	175662.5	12	0.6207966890843248	352.5	0	0.0	705.0	0	0.0	705.0	0	0.0
home	12	118	177157.5	12	0.6207966890843248	177157.5	12	0.6207966890843248	355.5	0	0.0	711.0	0	0.0	711.0	0	0.0
home	12	119	178652.5	12	0.6207966890843248	178652.5	12	0.6207966890843248	358.5	0	0.0	717.0	0	0.0	717.0	0	0.0
home	12	120	180147.5	12	0.6207966890843248	180147.5	11	0.5690636316606311	361.5	0	0.0	723.0	0	0.0	723.0	0	0.0
home	12	121	181642.5	0	0.0	181642.5	1	0.05173305742369374	364.5	1	0.05173305742369374	729.0	0	0.0	729.0	0	0.0
home	12	122	183137.5	12	0.6207966890843248	183137.5	12	0.6207966890843248	367.5	0	0.0	735.0	0	0.0	735.0	0	0.0
home	12	123	184632.5	12	0.6207966890843248	184632.5	12	0.6207966890843248	370.5	0	0.0	741.0	0	0.0	741.0	0	0.0
home	12	124	186127.5	12	0.6207966890843248	186127.5	12	0.6207966890843248	373.5	0	0.0	747.0	0	0.0	747.0	0	0.0
home	12	125	187622.5	12	0.6207966890843248	187622.5	12	0.6207966890843248	376.5	0	0.0	753.0	0	0.0	753.0	0	0.0
home	12	126	189117.5	0	0.0	189117.5	0	0.0	379.5	0	0.0	759.0	0	0.0	759.0	0	0.0
home	12	127	190612.5	12	0.6207966890843248	190612.5	12	0.6207966890843248	382.5	2	0.10346611484738748	765.0	0	0.0	765.0	0	0.0
home	12	128	192107.5	12	0.6207966890843248	192107.5	12	0.6207966890843248	385.5	0	0.0	771.0	0	0.0	771.0	0	0.0
home	12	129	193602.5	12	0.6207966890843248	193602.5	12	0.6207966890843248	388.5	0	0.0	777.0	0	0.0	777.0	0	0.0
home	12	130	195097.5	9	0.46559751681324363	195097.5	0	0.0	391.5	0	0.0	783.0	0	0.0	783.0	0	0.0
home	12	131	196592.5	3	0.1551991722710812	196592.5	12	0.6207966890843248	394.5	0	0.0	789.0	0	0.0	789.0	0	0.0
home	12	132	198087.5	12	0.6207966890843248	198087.5	12	0.6207966890843248	397.5	0	0.0	795.0	0	0.0	795.0	0	0.0
home	12	133	199582.5	12	0.6207966890843248	199582.5	12	0.6207966890843248	400.5	0	0.0	801.0	0	0.0	801.0	0	0.0
home	12	134	201077.5	12	0.6207966890843248	201077.5	12	0.6207966890843248	403.5	0	0.0	807.0	0	0.0	807.0	0	0.0
home	12	135	202572.5	9	0.46559751681324363	202572.5	0	0.0	406.5	0	0.0	813.0	0	0.0	813.0	0	0.0
home	12	136	204067.5	3	0.1551991722710812	204067.5	12	0.6207966890843248	409.5	0	0.0	819.0	0	0.0	819.0	0	0.0
home	12	137	205562.5	12	0.6207966890843248	205562.5	12	0.6207966890843248	412.5	0	0.0	825.0	0	0.0	825.0	0	0.0
home	12	138	207057.5	12	0.6207966890843248	207057.5	12	0.6207966890843248	415.5	0	0.0	831.0	0	0.0	831.0	0	0.0
home	12	139	208552.5	12	0.6207966890843248	208552.5	12	0.6207966890843248	418.5	0	0.0	837.0	0	0.0	837.0	0	0.0
home	12	140	210047.5	9	0.46559751681324363	210047.5	5	0.2586652871184687	421.5	0	0.0	843.0	0	0.0	843.0	0	0.0
home	12	141	211542.5	4	0.20693222969477496	211542.5	8	0.4138644593895499	424.5	0	0.0	849.0	0	0.0	849.0	0	0.0
home	12	142	213037.5	12	0.6207966890843248	213037.5	12	0.6207966890843248	427.5	0	0.0	855.0	0	0.0	855.0	0	0.0
home	12	143	214532.5	12	0.6207966890843248	214532.5	12	0.6207966890843248	430.5	0	0.0	861.0	0	0.0	861.0	0	0.0
home	12	144	216027.5	12	0.6207966890843248	216027.5	12	0.6207966890843248	433.5	0	0.0	867.0	0	0.0	867.0	0	0.0
home	12	145	217522.5	0	0.0	217522.5	0	0.0	436.5	0	0.0	873.0	0	0.0	873.0	0	0.0
home	12	146	219017.5	12	0.6207966890843248	219017.5	12	0.6207966890843248	439.5	0	0.0	879.0	0	0.0	879.0	0	0.0
home	12	147	220512.5	12	0.6207966890843248	220512.5	12	0.6207966890843248	442.5	0	0.0	885.0	0	0.0	885.0	0	0.0
home	12	148	222007.5	12	0.6207966890843248	222007.5	12	0.6207966890843248	445.5	0	0.0	891.0	0	0.0	891.0	0	0.0
home	12	149	223502.5	0	0.0	223502.5	0	0.0	448.5	0	0.0	897.0	0	0.0	897.0	0	0.0
home	12	150	224997.5	12	0.6207966890843248	224997.5	12	0.6207966890843248	451.5	0	0.0	903.0	0	0.0	903.0	0	0.0
home	12	151	226492.5	12	0.6207966890843248	226492.5	12	0.6207966890843248	454.5	0	0.0	909.0	0	0.0	909.0	0	0.0
home	12	152	227987.5	10	0.5173305742369374	227987.5	10	0.5173305742369374	457.5	0	0.0	915.0	0	0.0	915.0	0	0.0
home	12	153	229482.5	2	0.10346611484738748	229482.5	2	0.10346611484738748	460.5	0	0.0	921.0	0	0.0	921.0	0	0.0
home	12	154	230977.5	12	0.6207966890843248	230977.5	12	0.6207966890843248	463.5	0	0.0	927.0	0	0.0	927.0	0	0.0
home	12	155	232472.5	12	0.6207966890843248	232472.5	12	0.6207966890843248	466.5	0	0.0	933.0	0	0.0	933.0	0	0.0
home	12	156	233967.5	12	0.6207966890843248	233967.5	12	0.6207966890843248	469.5	0	0.0	939.0	0	0.0	939.0	0	0.0
home	12	157	235462.5	9	0.46559751681324363	235462.5	0	0.0	472.5	0	0.0	945.0	0	0.0	945.0	0	0.0
home	12	158	236957.5	3	0.1551991722710812	236957.5	12	0.6207966890843248	475.5	0	0.0	951.0	0	0.0	951.0	0	0.0
home	12	159	238452.5	12	0.6207966890843248	238452.5	12	0.6207966890843248	478.5	0	0.0	957.0	0	0.0	957.0	0	0.0
home	12	160	239947.5	12	0.6207966890843248	239947.5	12	0.6207966890843248	481.5	0	0.0	963.0	0	0.0	963.0	0	0.0
home	12	161	241442.5	12	0.6207966890843248	241442.5	12	0.6207966890843248	484.5	0	0.0	969.0	0	0.0	969.0	0	0.0
home	12	162	242937.5	0	0.0	242937.5	0	0.0	487.5	0	0.0	975.0	0	0.0	975.0	0	0.0
home	12	163	244432.5	12	0.6207966890843248	244432.5	12	0.6207966890843248	490.5	0	0.0	981.0	0	0.0	981.0	0	0.0
home	12	164	245927.5	12	0.6207966890843248	245927.5	12	0.6207966890843248	493.5	0	0.0	987.0	0	0.0	987.0	0	0.0
home	12	165	247422.5	12	0.6207966890843248	247422.5	12	0.6207966890843248	496.5	0	0.0	993.0	0	0.0	993.0	0	0.0
home	12	166	248917.5	12	0.6207966890843248	248917.5	12	0.6207966890843248	499.5	0	0.0	999.0	0	0.0	999.0	0	0.0
home	12	167	250412.5	0	0.0	250412.5	0	0.0	502.5	0	0.0	1005.0	0	0.0	1005.0	0	0.0
home	12	168	251907.5	12	0.6207966890843248	251907.5	12	0.6207966890843248	505.5	0	0.0	1011.0	0	0.0	1011.0	0	0.0
home	12	169	253402.5	12	0.6207966890843248	253402.5	12	0.6207966890843248	508.5	0	0.0	1017.0	0	0.0	1017.0	0	0.0
home	12	170	254897.5	11	0.5690636316606311	254897.5	11	0.5690636316606311	511.5	0	0.0	1023.0	0	0.0	1023.0	0	0.0
home	12	171	256392.5	1	0.05173305742369374	256392.5	1	0.05173305742369374	514.5	0	0.0	1029.0	0	0.0	1029.0	0	0.0
home	12	172	257887.5	12	0.6207966890843248	257887.5	12	0.6207966890843248	517.5	0	0.0	1035.0	0	0.0	1035.0	0	0.0
home	12	173	259382.5	12	0.6207966890843248	259382.5	12	0.6207966890843248	520.5	0	0.0	1041.0	0	0.0	1041.0	0	0.0
home	12	174	260877.5	12	0.6207966890843248	260877.5	12	0.6207966890843248	523.5	0	0.0	1047.0	0	0.0	1047.0	0	0.0
home	12	175	262372.5	0	0.0	262372.5	0	0.0	526.5	0	0.0	1053.0	0	0.0	1053.0	0	0.0
home	12	176	263867.5	12	0.6207966890843248	263867.5	12	0.6207966890843248	529.5	0	0.0	1059.0	0	0.0	1059.0	0	0.0
home	12	177	265362.5	12	0.6207966890843248	265362.5	12	0.6207966890843248	532.5	0	0.0	1065.0	0	0.0	1065.0	0	0.0
home	12	178	266857.5	12	0.6207966890843248	266857.5	12	0.6207966890843248	535.5	0	0.0	1071.0	0	0.0	1071.0	0	0.0
home	12	179	268352.5	11	0.5690636316606311	268352.5	11	0.5690636316606311	538.5	0	0.0	1077.0	0	0.0	1077.0	0	0.0
home	12	180	269847.5	1	0.05173305742369374	269847.5	1	0.05173305742369374	541.5	0	0.0	1083.0	0	0.0	1083.0	0	0.0
home	12	181	271342.5	12	0.6207966890843248	271342.5	12	0.6207966890843248	544.5	0	0.0	1089.0	0	0.0	1089.0	0	0.0
home	12	182	272837.5	12	0.6207966890843248	272837.5	12	0.6207966890843248	547.5	1	0.05173305742369374	1095.0	0	0.0	1095.0	0	0.0
home	12	183	274332.5	0	0.0	274332.5	0	0.0	550.5	0	0.0	1101.0	0	0.0	1101.0	0	0.0
home	12	184	275827.5	12	0.6207966890843248	275827.5	12	0.6207966890843248	553.5	0	0.0	1107.0	0	0.0	1107.0	0	0.0
home	12	185	277322.5	12	0.6207966890843248	277322.5	12	0.6207966890843248	556.5	0	0.0	1113.0	0	0.0	1113.0	0	0.0
home	12	186	278817.5	12	0.6207966890843248	278817.5	12	0.6207966890843248	559.5	0	0.0	1119.0	0	0.0	1119.0	0	0.0
home	12	187	280312.5	0	0.0	280312.5	0	0.0	562.5	0	0.0	1125.0	0	0.0	1125.0	0	0.0
home	12	188	281807.5	12	0.6207966890843248	281807.5	12	0.6207966890843248	565.5	0	0.0	1131.0	0	0.0	1131.0	0	0.0
home	12	189	283302.5	12	0.6207966890843248	283302.5	12	0.6207966890843248	568.5	0	0.0	1137.0	0	0.0	1137.0	0	0.0
home	12	190	284797.5	12	0.6207966890843248	284797.5	12	0.6207966890843248	571.5	0	0.0	1143.0	0	0.0	1143.0	0	0.0
home	12	191	286292.5	12	0.6207966890843248	286292.5	12	0.6207966890843248	574.5	0	0.0	1149.0	0	0.0	1149.0	0	0.0
home	12	192	287787.5	0	0.0	287787.5	0	0.0	577.5	0	0.0	1155.0	0	0.0	1155.0	0	0.0
home	12	193	289282.5	12	0.6207966890843248	289282.5	12	0.6207966890843248	580.5	0	0.0	1161.0	0	0.0	1161.0	0	0.0
home	12	194	290777.5	12	0.6207966890843248	290777.5	12	0.6207966890843248	583.5	0	0.0	1167.0	0	0.0	1167.0	0	0.0
home	12	195	292272.5	12	0.6207966890843248	292272.5	12	0.6207966890843248	586.5	0	0.0	1173.0	0	0.0	1173.0	0	0.0
home	12	196	293767.5	0	0.0	293767.5	0	0.0	589.5	0	0.0	1179.0	0	0.0	1179.0	0	0.0
home	12	197	295262.5	12	0.6207966890843248	295262.5	12	0.6207966890843248	592.5	0	0.0	1185.0	0	0.0	1185.0	0	0.0
home	12	198	296757.5	12	0.6207966890843248	296757.5	12	0.6207966890843248	595.5	0	0.0	1191.0	0	0.0	1191.0	0	0.0
home	12	199	298252.5	12	0.6207966890843248	298252.5	12	0.6207966890843248	598.5	0	0.0	1197.0	0	0.0	1197.0	0	0.0
