'Request type'	'Load'	'Bucket'	'Start time'	'Absolute'	'Percent of requests'	'End time'	'Absolute'	'Percent of requests'	'Residence time'	'Absolute'	'Percent of requests'	'Theor. think time'	'Absolute'	'Percent of requests'	'Actual think time'	'Absolute'	'Percent of requests'
login	10	0	751.0	13	0.7407407407407407	751.0	11	0.6267806267806268	3.0	0	0.0	3.0	1755	100.0	3.0	1755	100.0
login	10	1	2253.0	11	0.6267806267806268	2253.0	13	0.7407407407407407	9.0	0	0.0	9.0	0	0.0	9.0	0	0.0
login	10	2	3755.0	10	0.5698005698005698	3755.0	10	0.5698005698005698	15.0	0	0.0	15.0	0	0.0	15.0	0	0.0
login	10	3	5257.0	11	0.6267806267806268	5257.0	10	0.5698005698005698	21.0	0	0.0	21.0	0	0.0	21.0	0	0.0
login	10	4	6759.0	10	0.5698005698005698	6759.0	11	0.6267806267806268	27.0	0	0.0	27.0	0	0.0	27.0	0	0.0
login	10	5	8261.0	10	0.5698005698005698	8261.0	4	0.22792022792022792	33.0	0	0.0	33.0	0	0.0	33.0	0	0.0
login	10	6	9763.0	10	0.5698005698005698	9763.0	10	0.5698005698005698	39.0	0	0.0	39.0	0	0.0	39.0	0	0.0
login	10	7	11265.0	10	0.5698005698005698	11265.0	6	0.3418803418803419	45.0	0	0.0	45.0	0	0.0	45.0	0	0.0
login	10	8	12767.0	8	0.45584045584045585	12767.0	10	0.5698005698005698	51.0	0	0.0	51.0	0	0.0	51.0	0	0.0
login	10	9	14269.0	2	0.11396011396011396	14269.0	10	0.5698005698005698	57.0	0	0.0	57.0	0	0.0	57.0	0	0.0
login	10	10	15771.0	10	0.5698005698005698	15771.0	10	0.5698005698005698	63.0	0	0.0	63.0	0	0.0	63.0	0	0.0
login	10	11	17273.0	10	0.5698005698005698	17273.0	10	0.5698005698005698	69.0	0	0.0	69.0	0	0.0	69.0	0	0.0
login	10	12	18775.0	10	0.5698005698005698	18775.0	10	0.5698005698005698	75.0	1	0.05698005698005698	75.0	0	0.0	75.0	0	0.0
login	10	13	20277.0	10	0.5698005698005698	20277.0	10	0.5698005698005698	81.0	2	0.11396011396011396	81.0	0	0.0	81.0	0	0.0
login	10	14	21779.0	10	0.5698005698005698	21779.0	9	0.5128205128205128	87.0	2	0.11396011396011396	87.0	0	0.0	87.0	0	0.0
login	10	15	23281.0	10	0.5698005698005698	23281.0	4	0.22792022792022792	93.0	2	0.11396011396011396	93.0	0	0.0	93.0	0	0.0
login	10	16	24783.0	10	0.5698005698005698	24783.0	7	0.39886039886039887	99.0	1	0.05698005698005698	99.0	0	0.0	99.0	0	0.0
login	10	17	26285.0	0	0.0	26285.0	10	0.5698005698005698	105.0	1	0.05698005698005698	105.0	0	0.0	105.0	0	0.0
login	10	18	27787.0	10	0.5698005698005698	27787.0	10	0.5698005698005698	111.0	3	0.17094017094017094	111.0	0	0.0	111.0	0	0.0
login	10	19	29289.0	10	0.5698005698005698	29289.0	10	0.5698005698005698	117.0	0	0.0	117.0	0	0.0	117.0	0	0.0
login	10	20	30791.0	10	0.5698005698005698	30791.0	10	0.5698005698005698	123.0	1	0.05698005698005698	123.0	0	0.0	123.0	0	0.0
login	10	21	32293.0	10	0.5698005698005698	32293.0	10	0.5698005698005698	129.0	0	0.0	129.0	0	0.0	129.0	0	0.0
login	10	22	33795.0	10	0.5698005698005698	33795.0	9	0.5128205128205128	135.0	1	0.05698005698005698	135.0	0	0.0	135.0	0	0.0
login	10	23	35297.0	10	0.5698005698005698	35297.0	5	0.2849002849002849	141.0	2	0.11396011396011396	141.0	0	0.0	141.0	0	0.0
login	10	24	36799.0	10	0.5698005698005698	36799.0	8	0.45584045584045585	147.0	2	0.11396011396011396	147.0	0	0.0	147.0	0	0.0
login	10	25	38301.0	10	0.5698005698005698	38301.0	8	0.45584045584045585	153.0	3	0.17094017094017094	153.0	0	0.0	153.0	0	0.0
login	10	26	39803.0	6	0.3418803418803419	39803.0	10	0.5698005698005698	159.0	3	0.17094017094017094	159.0	0	0.0	159.0	0	0.0
login	10	27	41305.0	4	0.22792022792022792	41305.0	10	0.5698005698005698	165.0	4	0.22792022792022792	165.0	0	0.0	165.0	0	0.0
login	10	28	42807.0	10	0.5698005698005698	42807.0	10	0.5698005698005698	171.0	8	0.45584045584045585	171.0	0	0.0	171.0	0	0.0
login	10	29	44309.0	10	0.5698005698005698	44309.0	10	0.5698005698005698	177.0	10	0.5698005698005698	177.0	0	0.0	177.0	0	0.0
login	10	30	45811.0	10	0.5698005698005698	45811.0	6	0.3418803418803419	183.0	5	0.2849002849002849	183.0	0	0.0	183.0	0	0.0
login	10	31	47313.0	10	0.5698005698005698	47313.0	6	0.3418803418803419	189.0	7	0.39886039886039887	189.0	0	0.0	189.0	0	0.0
login	10	32	48815.0	10	0.5698005698005698	48815.0	10	0.5698005698005698	195.0	12	0.6837606837606838	195.0	0	0.0	195.0	0	0.0
login	10	33	50317.0	7	0.39886039886039887	50317.0	8	0.45584045584045585	201.0	8	0.45584045584045585	201.0	0	0.0	201.0	0	0.0
login	10	34	51819.0	3	0.17094017094017094	51819.0	10	0.5698005698005698	207.0	8	0.45584045584045585	207.0	0	0.0	207.0	0	0.0
login	10	35	53321.0	10	0.5698005698005698	53321.0	10	0.5698005698005698	213.0	6	0.3418803418803419	213.0	0	0.0	213.0	0	0.0
login	10	36	54823.0	10	0.5698005698005698	54823.0	10	0.5698005698005698	219.0	2	0.11396011396011396	219.0	0	0.0	219.0	0	0.0
login	10	37	56325.0	10	0.5698005698005698	56325.0	7	0.39886039886039887	225.0	6	0.3418803418803419	225.0	0	0.0	225.0	0	0.0
login	10	38	57827.0	10	0.5698005698005698	57827.0	7	0.39886039886039887	231.0	4	0.22792022792022792	231.0	0	0.0	231.0	0	0.0
login	10	39	59329.0	10	0.5698005698005698	59329.0	6	0.3418803418803419	237.0	10	0.5698005698005698	237.0	0	0.0	237.0	0	0.0
login	10	40	60831.0	0	0.0	60831.0	10	0.5698005698005698	243.0	1	0.05698005698005698	243.0	0	0.0	243.0	0	0.0
login	10	41	62333.0	10	0.5698005698005698	62333.0	10	0.5698005698005698	249.0	3	0.17094017094017094	249.0	0	0.0	249.0	0	0.0
login	10	42	63835.0	10	0.5698005698005698	63835.0	10	0.5698005698005698	255.0	6	0.3418803418803419	255.0	0	0.0	255.0	0	0.0
login	10	43	65337.0	10	0.5698005698005698	65337.0	10	0.5698005698005698	261.0	5	0.2849002849002849	261.0	0	0.0	261.0	0	0.0
login	10	44	66839.0	10	0.5698005698005698	66839.0	10	0.5698005698005698	267.0	6	0.3418803418803419	267.0	0	0.0	267.0	0	0.0
login	10	45	68341.0	10	0.5698005698005698	68341.0	6	0.3418803418803419	273.0	14	0.7977207977207977	273.0	0	0.0	273.0	0	0.0
login	10	46	69843.0	10	0.5698005698005698	69843.0	5	0.2849002849002849	279.0	18	1.0256410256410255	279.0	0	0.0	279.0	0	0.0
login	10	47	71345.0	10	0.5698005698005698	71345.0	9	0.5128205128205128	285.0	27	1.5384615384615385	285.0	0	0.0	285.0	0	0.0
login	10	48	72847.0	0	0.0	72847.0	10	0.5698005698005698	291.0	13	0.7407407407407407	291.0	0	0.0	291.0	0	0.0
login	10	49	74349.0	10	0.5698005698005698	74349.0	10	0.5698005698005698	297.0	26	1.4814814814814814	297.0	0	0.0	297.0	0	0.0
login	10	50	75851.0	10	0.5698005698005698	75851.0	10	0.5698005698005698	303.0	31	1.7663817663817665	303.0	0	0.0	303.0	0	0.0
login	10	51	77353.0	10	0.5698005698005698	77353.0	10	0.5698005698005698	309.0	28	1.5954415954415955	309.0	0	0.0	309.0	0	0.0
login	10	52	78855.0	10	0.5698005698005698	78855.0	7	0.39886039886039887	315.0	8	0.45584045584045585	315.0	0	0.0	315.0	0	0.0
login	10	53	80357.0	10	0.5698005698005698	80357.0	5	0.2849002849002849	321.0	12	0.6837606837606838	321.0	0	0.0	321.0	0	0.0
login	10	54	81859.0	7	0.39886039886039887	81859.0	8	0.45584045584045585	327.0	15	0.8547008547008548	327.0	0	0.0	327.0	0	0.0
login	10	55	83361.0	3	0.17094017094017094	83361.0	10	0.5698005698005698	333.0	10	0.5698005698005698	333.0	0	0.0	333.0	0	0.0
login	10	56	84863.0	10	0.5698005698005698	84863.0	10	0.5698005698005698	339.0	8	0.45584045584045585	339.0	0	0.0	339.0	0	0.0
login	10	57	86365.0	10	0.5698005698005698	86365.0	10	0.5698005698005698	345.0	10	0.5698005698005698	345.0	0	0.0	345.0	0	0.0
login	10	58	87867.0	10	0.5698005698005698	87867.0	10	0.5698005698005698	351.0	4	0.22792022792022792	351.0	0	0.0	351.0	0	0.0
login	10	59	89369.0	10	0.5698005698005698	89369.0	6	0.3418803418803419	357.0	8	0.45584045584045585	357.0	0	0.0	357.0	0	0.0
login	10	60	90871.0	10	0.5698005698005698	90871.0	5	0.2849002849002849	363.0	13	0.7407407407407407	363.0	0	0.0	363.0	0	0.0
login	10	61	92373.0	8	0.45584045584045585	92373.0	9	0.5128205128205128	369.0	13	0.7407407407407407	369.0	0	0.0	369.0	0	0.0
login	10	62	93875.0	2	0.11396011396011396	93875.0	10	0.5698005698005698	375.0	23	1.3105413105413106	375.0	0	0.0	375.0	0	0.0
login	10	63	95377.0	10	0.5698005698005698	95377.0	10	0.5698005698005698	381.0	18	1.0256410256410255	381.0	0	0.0	381.0	0	0.0
login	10	64	96879.0	10	0.5698005698005698	96879.0	10	0.5698005698005698	387.0	22	1.2535612535612537	387.0	0	0.0	387.0	0	0.0
login	10	65	98381.0	10	0.5698005698005698	98381.0	7	0.39886039886039887	393.0	24	1.3675213675213675	393.0	0	0.0	393.0	0	0.0
login	10	66	99883.0	10	0.5698005698005698	99883.0	7	0.39886039886039887	399.0	44	2.5071225071225074	399.0	0	0.0	399.0	0	0.0
login	10	67	101385.0	10	0.5698005698005698	101385.0	8	0.45584045584045585	405.0	35	1.9943019943019944	405.0	0	0.0	405.0	0	0.0
login	10	68	102887.0	10	0.5698005698005698	102887.0	9	0.5128205128205128	411.0	24	1.3675213675213675	411.0	0	0.0	411.0	0	0.0
login	10	69	104389.0	10	0.5698005698005698	104389.0	9	0.5128205128205128	417.0	24	1.3675213675213675	417.0	0	0.0	417.0	0	0.0
login	10	70	105891.0	0	0.0	105891.0	10	0.5698005698005698	423.0	13	0.7407407407407407	423.0	0	0.0	423.0	0	0.0
login	10	71	107393.0	10	0.5698005698005698	107393.0	10	0.5698005698005698	429.0	16	0.9116809116809117	429.0	0	0.0	429.0	0	0.0
login	10	72	108895.0	10	0.5698005698005698	108895.0	10	0.5698005698005698	435.0	14	0.7977207977207977	435.0	0	0.0	435.0	0	0.0
login	10	73	110397.0	10	0.5698005698005698	110397.0	10	0.5698005698005698	441.0	11	0.6267806267806268	441.0	0	0.0	441.0	0	0.0
login	10	74	111899.0	10	0.5698005698005698	111899.0	10	0.5698005698005698	447.0	6	0.3418803418803419	447.0	0	0.0	447.0	0	0.0
login	10	75	113401.0	10	0.5698005698005698	113401.0	10	0.5698005698005698	453.0	12	0.6837606837606838	453.0	0	0.0	453.0	0	0.0
login	10	76	114903.0	10	0.5698005698005698	114903.0	8	0.45584045584045585	459.0	10	0.5698005698005698	459.0	0	0.0	459.0	0	0.0
login	10	77	116405.0	10	0.5698005698005698	116405.0	6	0.3418803418803419	465.0	13	0.7407407407407407	465.0	0	0.0	465.0	0	0.0
login	10	78	117907.0	10	0.5698005698005698	117907.0	8	0.45584045584045585	471.0	9	0.5128205128205128	471.0	0	0.0	471.0	0	0.0
login	10	79	119409.0	10	0.5698005698005698	119409.0	8	0.45584045584045585	477.0	12	0.6837606837606838	477.0	0	0.0	477.0	0	0.0
login	10	80	120911.0	0	0.0	120911.0	10	0.5698005698005698	483.0	25	1.4245014245014245	483.0	0	0.0	483.0	0	0.0
login	10	81	122413.0	10	0.5698005698005698	122413.0	10	0.5698005698005698	489.0	20	1.1396011396011396	489.0	0	0.0	489.0	0	0.0
login	10	82	123915.0	10	0.5698005698005698	123915.0	10	0.5698005698005698	495.0	24	1.3675213675213675	495.0	0	0.0	495.0	0	0.0
login	10	83	125417.0	10	0.5698005698005698	125417.0	10	0.5698005698005698	501.0	36	2.051282051282051	501.0	0	0.0	501.0	0	0.0
login	10	84	126919.0	10	0.5698005698005698	126919.0	10	0.5698005698005698	507.0	29	1.6524216524216524	507.0	0	0.0	507.0	0	0.0
login	10	85	128421.0	10	0.5698005698005698	128421.0	6	0.3418803418803419	513.0	18	1.0256410256410255	513.0	0	0.0	513.0	0	0.0
login	10	86	129923.0	10	0.5698005698005698	129923.0	9	0.5128205128205128	519.0	15	0.8547008547008548	519.0	0	0.0	519.0	0	0.0
login	10	87	131425.0	10	0.5698005698005698	131425.0	9	0.5128205128205128	525.0	15	0.8547008547008548	525.0	0	0.0	525.0	0	0.0
login	10	88	132927.0	10	0.5698005698005698	132927.0	6	0.3418803418803419	531.0	10	0.5698005698005698	531.0	0	0.0	531.0	0	0.0
login	10	89	134429.0	9	0.5128205128205128	134429.0	10	0.5698005698005698	537.0	9	0.5128205128205128	537.0	0	0.0	537.0	0	0.0
login	10	90	135931.0	1	0.05698005698005698	135931.0	10	0.5698005698005698	543.0	7	0.39886039886039887	543.0	0	0.0	543.0	0	0.0
login	10	91	137433.0	10	0.5698005698005698	137433.0	10	0.5698005698005698	549.0	6	0.3418803418803419	549.0	0	0.0	549.0	0	0.0
login	10	92	138935.0	10	0.5698005698005698	138935.0	10	0.5698005698005698	555.0	10	0.5698005698005698	555.0	0	0.0	555.0	0	0.0
login	10	93	140437.0	10	0.5698005698005698	140437.0	10	0.5698005698005698	561.0	8	0.45584045584045585	561.0	0	0.0	561.0	0	0.0
login	10	94	141939.0	10	0.5698005698005698	141939.0	10	0.5698005698005698	567.0	21	1.1965811965811965	567.0	0	0.0	567.0	0	0.0
login	10	95	143441.0	10	0.5698005698005698	143441.0	8	0.45584045584045585	573.0	15	0.8547008547008548	573.0	0	0.0	573.0	0	0.0
login	10	96	144943.0	10	0.5698005698005698	144943.0	8	0.45584045584045585	579.0	12	0.6837606837606838	579.0	0	0.0	579.0	0	0.0
login	10	97	146445.0	10	0.5698005698005698	146445.0	6	0.3418803418803419	585.0	42	2.393162393162393	585.0	0	0.0	585.0	0	0.0
login	10	98	147947.0	10	0.5698005698005698	147947.0	9	0.5128205128205128	591.0	33	1.8803418803418803	591.0	0	0.0	591.0	0	0.0
login	10	99	149449.0	0	0.0	149449.0	9	0.5128205128205128	597.0	35	1.9943019943019944	597.0	0	0.0	597.0	0	0.0
login	10	100	150951.0	10	0.5698005698005698	150951.0	10	0.5698005698005698	603.0	27	1.5384615384615385	603.0	0	0.0	603.0	0	0.0
login	10	101	152453.0	10	0.5698005698005698	152453.0	10	0.5698005698005698	609.0	22	1.2535612535612537	609.0	0	0.0	609.0	0	0.0
login	10	102	153955.0	10	0.5698005698005698	153955.0	6	0.3418803418803419	615.0	17	0.9686609686609686	615.0	0	0.0	615.0	0	0.0
login	10	103	155457.0	10	0.5698005698005698	155457.0	9	0.5128205128205128	621.0	20	1.1396011396011396	621.0	0	0.0	621.0	0	0.0
login	10	104	156959.0	10	0.5698005698005698	156959.0	5	0.2849002849002849	627.0	11	0.6267806267806268	627.0	0	0.0	627.0	0	0.0
login	10	105	158461.0	6	0.3418803418803419	158461.0	10	0.5698005698005698	633.0	17	0.9686609686609686	633.0	0	0.0	633.0	0	0.0
login	10	106	159963.0	4	0.22792022792022792	159963.0	10	0.5698005698005698	639.0	6	0.3418803418803419	639.0	0	0.0	639.0	0	0.0
login	10	107	161465.0	10	0.5698005698005698	161465.0	10	0.5698005698005698	645.0	10	0.5698005698005698	645.0	0	0.0	645.0	0	0.0
login	10	108	162967.0	10	0.5698005698005698	162967.0	10	0.5698005698005698	651.0	3	0.17094017094017094	651.0	0	0.0	651.0	0	0.0
login	10	109	164469.0	10	0.5698005698005698	164469.0	5	0.2849002849002849	657.0	7	0.39886039886039887	657.0	0	0.0	657.0	0	0.0
login	10	110	165971.0	10	0.5698005698005698	165971.0	6	0.3418803418803419	663.0	16	0.9116809116809117	663.0	0	0.0	663.0	0	0.0
login	10	111	167473.0	8	0.45584045584045585	167473.0	9	0.5128205128205128	669.0	20	1.1396011396011396	669.0	0	0.0	669.0	0	0.0
login	10	112	168975.0	2	0.11396011396011396	168975.0	10	0.5698005698005698	675.0	22	1.2535612535612537	675.0	0	0.0	675.0	0	0.0
login	10	113	170477.0	10	0.5698005698005698	170477.0	10	0.5698005698005698	681.0	35	1.9943019943019944	681.0	0	0.0	681.0	0	0.0
login	10	114	171979.0	10	0.5698005698005698	171979.0	10	0.5698005698005698	687.0	31	1.7663817663817665	687.0	0	0.0	687.0	0	0.0
login	10	115	173481.0	10	0.5698005698005698	173481.0	9	0.5128205128205128	693.0	29	1.6524216524216524	693.0	0	0.0	693.0	0	0.0
login	10	116	174983.0	10	0.5698005698005698	174983.0	5	0.2849002849002849	699.0	31	1.7663817663817665	699.0	0	0.0	699.0	0	0.0
login	10	117	176485.0	10	0.5698005698005698	176485.0	7	0.39886039886039887	705.0	17	0.9686609686609686	705.0	0	0.0	705.0	0	0.0
login	10	118	177987.0	0	0.0	177987.0	9	0.5128205128205128	711.0	18	1.0256410256410255	711.0	0	0.0	711.0	0	0.0
login	10	119	179489.0	10	0.5698005698005698	179489.0	10	0.5698005698005698	717.0	12	0.6837606837606838	717.0	0	0.0	717.0	0	0.0
login	10	120	180991.0	10	0.5698005698005698	180991.0	10	0.5698005698005698	723.0	9	0.5128205128205128	723.0	0	0.0	723.0	0	0.0
login	10	121	182493.0	10	0.5698005698005698	182493.0	8	0.45584045584045585	729.0	10	0.5698005698005698	729.0	0	0.0	729.0	0	0.0
login	10	122	183995.0	10	0.5698005698005698	183995.0	8	0.45584045584045585	735.0	5	0.2849002849002849	735.0	0	0.0	735.0	0	0.0
login	10	123	185497.0	10	0.5698005698005698	185497.0	8	0.45584045584045585	741.0	7	0.39886039886039887	741.0	0	0.0	741.0	0	0.0
login	10	124	186999.0	10	0.5698005698005698	186999.0	6	0.3418803418803419	747.0	8	0.45584045584045585	747.0	0	0.0	747.0	0	0.0
login	10	125	188501.0	7	0.39886039886039887	188501.0	10	0.5698005698005698	753.0	7	0.39886039886039887	753.0	0	0.0	753.0	0	0.0
login	10	126	190003.0	3	0.17094017094017094	190003.0	10	0.5698005698005698	759.0	10	0.5698005698005698	759.0	0	0.0	759.0	0	0.0
login	10	127	191505.0	10	0.5698005698005698	191505.0	10	0.5698005698005698	765.0	17	0.9686609686609686	765.0	0	0.0	765.0	0	0.0
login	10	128	193007.0	10	0.5698005698005698	193007.0	10	0.5698005698005698	771.0	19	1.0826210826210827	771.0	0	0.0	771.0	0	0.0
login	10	129	194509.0	10	0.5698005698005698	194509.0	6	0.3418803418803419	777.0	19	1.0826210826210827	777.0	0	0.0	777.0	0	0.0
login	10	130	196011.0	10	0.5698005698005698	196011.0	6	0.3418803418803419	783.0	16	0.9116809116809117	783.0	0	0.0	783.0	0	0.0
login	10	131	197513.0	10	0.5698005698005698	197513.0	8	0.45584045584045585	789.0	24	1.3675213675213675	789.0	0	0.0	789.0	0	0.0
login	10	132	199015.0	7	0.39886039886039887	199015.0	10	0.5698005698005698	795.0	18	1.0256410256410255	795.0	0	0.0	795.0	0	0.0
login	10	133	200517.0	3	0.17094017094017094	200517.0	10	0.5698005698005698	801.0	12	0.6837606837606838	801.0	0	0.0	801.0	0	0.0
login	10	134	202019.0	10	0.5698005698005698	202019.0	10	0.5698005698005698	807.0	13	0.7407407407407407	807.0	0	0.0	807.0	0	0.0
login	10	135	203521.0	10	0.5698005698005698	203521.0	10	0.5698005698005698	813.0	9	0.5128205128205128	813.0	0	0.0	813.0	0	0.0
login	10	136	205023.0	10	0.5698005698005698	205023.0	4	0.22792022792022792	819.0	4	0.22792022792022792	819.0	0	0.0	819.0	0	0.0
login	10	137	206525.0	10	0.5698005698005698	206525.0	7	0.39886039886039887	825.0	6	0.3418803418803419	825.0	0	0.0	825.0	0	0.0
login	10	138	208027.0	8	0.45584045584045585	208027.0	9	0.5128205128205128	831.0	3	0.17094017094017094	831.0	0	0.0	831.0	0	0.0
login	10	139	209529.0	2	0.11396011396011396	209529.0	10	0.5698005698005698	837.0	3	0.17094017094017094	837.0	0	0.0	837.0	0	0.0
login	10	140	211031.0	10	0.5698005698005698	211031.0	10	0.5698005698005698	843.0	1	0.05698005698005698	843.0	0	0.0	843.0	0	0.0
login	10	141	212533.0	10	0.5698005698005698	212533.0	10	0.5698005698005698	849.0	2	0.11396011396011396	849.0	0	0.0	849.0	0	0.0
login	10	142	214035.0	10	0.5698005698005698	214035.0	10	0.5698005698005698	855.0	3	0.17094017094017094	855.0	0	0.0	855.0	0	0.0
login	10	143	215537.0	10	0.5698005698005698	215537.0	10	0.5698005698005698	861.0	8	0.45584045584045585	861.0	0	0.0	861.0	0	0.0
login	10	144	217039.0	10	0.5698005698005698	217039.0	7	0.39886039886039887	867.0	5	0.2849002849002849	867.0	0	0.0	867.0	0	0.0
login	10	145	218541.0	10	0.5698005698005698	218541.0	6	0.3418803418803419	873.0	2	0.11396011396011396	873.0	0	0.0	873.0	0	0.0
login	10	146	220043.0	10	0.5698005698005698	220043.0	7	0.39886039886039887	879.0	5	0.2849002849002849	879.0	0	0.0	879.0	0	0.0
login	10	147	221545.0	1	0.05698005698005698	221545.0	10	0.5698005698005698	885.0	5	0.2849002849002849	885.0	0	0.0	885.0	0	0.0
login	10	148	223047.0	9	0.5128205128205128	223047.0	10	0.5698005698005698	891.0	0	0.0	891.0	0	0.0	891.0	0	0.0
login	10	149	224549.0	10	0.5698005698005698	224549.0	10	0.5698005698005698	897.0	4	0.22792022792022792	897.0	0	0.0	897.0	0	0.0
login	10	150	226051.0	10	0.5698005698005698	226051.0	10	0.5698005698005698	903.0	2	0.11396011396011396	903.0	0	0.0	903.0	0	0.0
login	10	151	227553.0	10	0.5698005698005698	227553.0	10	0.5698005698005698	909.0	2	0.11396011396011396	909.0	0	0.0	909.0	0	0.0
login	10	152	229055.0	10	0.5698005698005698	229055.0	6	0.3418803418803419	915.0	1	0.05698005698005698	915.0	0	0.0	915.0	0	0.0
login	10	153	230557.0	10	0.5698005698005698	230557.0	6	0.3418803418803419	921.0	2	0.11396011396011396	921.0	0	0.0	921.0	0	0.0
login	10	154	232059.0	10	0.5698005698005698	232059.0	10	0.5698005698005698	927.0	0	0.0	927.0	0	0.0	927.0	0	0.0
login	10	155	233561.0	7	0.39886039886039887	233561.0	8	0.45584045584045585	933.0	2	0.11396011396011396	933.0	0	0.0	933.0	0	0.0
login	10	156	235063.0	3	0.17094017094017094	235063.0	10	0.5698005698005698	939.0	0	0.0	939.0	0	0.0	939.0	0	0.0
login	10	157	236565.0	10	0.5698005698005698	236565.0	10	0.5698005698005698	945.0	0	0.0	945.0	0	0.0	945.0	0	0.0
login	10	158	238067.0	10	0.5698005698005698	238067.0	10	0.5698005698005698	951.0	1	0.05698005698005698	951.0	0	0.0	951.0	0	0.0
login	10	159	239569.0	10	0.5698005698005698	239569.0	9	0.5128205128205128	957.0	1	0.05698005698005698	957.0	0	0.0	957.0	0	0.0
login	10	160	241071.0	10	0.5698005698005698	241071.0	7	0.39886039886039887	963.0	0	0.0	963.0	0	0.0	963.0	0	0.0
login	10	161	242573.0	10	0.5698005698005698	242573.0	4	0.22792022792022792	969.0	0	0.0	969.0	0	0.0	969.0	0	0.0
login	10	162	244075.0	0	0.0	244075.0	10	0.5698005698005698	975.0	0	0.0	975.0	0	0.0	975.0	0	0.0
login	10	163	245577.0	10	0.5698005698005698	245577.0	10	0.5698005698005698	981.0	1	0.05698005698005698	981.0	0	0.0	981.0	0	0.0
login	10	164	247079.0	10	0.5698005698005698	247079.0	10	0.5698005698005698	987.0	0	0.0	987.0	0	0.0	987.0	0	0.0
login	10	165	248581.0	10	0.5698005698005698	248581.0	10	0.5698005698005698	993.0	0	0.0	993.0	0	0.0	993.0	0	0.0
login	10	166	250083.0	10	0.5698005698005698	250083.0	10	0.5698005698005698	999.0	1	0.05698005698005698	999.0	0	0.0	999.0	0	0.0
login	10	167	251585.0	10	0.5698005698005698	251585.0	8	0.45584045584045585	1005.0	2	0.11396011396011396	1005.0	0	0.0	1005.0	0	0.0
login	10	168	253087.0	10	0.5698005698005698	253087.0	6	0.3418803418803419	1011.0	1	0.05698005698005698	1011.0	0	0.0	1011.0	0	0.0
login	10	169	254589.0	10	0.5698005698005698	254589.0	10	0.5698005698005698	1017.0	0	0.0	1017.0	0	0.0	1017.0	0	0.0
login	10	170	256091.0	10	0.5698005698005698	256091.0	6	0.3418803418803419	1023.0	0	0.0	1023.0	0	0.0	1023.0	0	0.0
login	10	171	257593.0	8	0.45584045584045585	257593.0	10	0.5698005698005698	1029.0	0	0.0	1029.0	0	0.0	1029.0	0	0.0
login	10	172	259095.0	2	0.11396011396011396	259095.0	10	0.5698005698005698	1035.0	0	0.0	1035.0	0	0.0	1035.0	0	0.0
login	10	173	260597.0	10	0.5698005698005698	260597.0	10	0.5698005698005698	1041.0	0	0.0	1041.0	0	0.0	1041.0	0	0.0
login	10	174	262099.0	10	0.5698005698005698	262099.0	10	0.5698005698005698	1047.0	0	0.0	1047.0	0	0.0	1047.0	0	0.0
login	10	175	263601.0	10	0.5698005698005698	263601.0	10	0.5698005698005698	1053.0	1	0.05698005698005698	1053.0	0	0.0	1053.0	0	0.0
login	10	176	265103.0	10	0.5698005698005698	265103.0	8	0.45584045584045585	1059.0	0	0.0	1059.0	0	0.0	1059.0	0	0.0
login	10	177	266605.0	10	0.5698005698005698	266605.0	7	0.39886039886039887	1065.0	0	0.0	1065.0	0	0.0	1065.0	0	0.0
login	10	178	268107.0	10	0.5698005698005698	268107.0	6	0.3418803418803419	1071.0	0	0.0	1071.0	0	0.0	1071.0	0	0.0
login	10	179	269609.0	10	0.5698005698005698	269609.0	9	0.5128205128205128	1077.0	0	0.0	1077.0	0	0.0	1077.0	0	0.0
login	10	180	271111.0	5	0.2849002849002849	271111.0	10	0.5698005698005698	1083.0	0	0.0	1083.0	0	0.0	1083.0	0	0.0
login	10	181	272613.0	5	0.2849002849002849	272613.0	10	0.5698005698005698	1089.0	0	0.0	1089.0	0	0.0	1089.0	0	0.0
login	10	182	274115.0	10	0.5698005698005698	274115.0	10	0.5698005698005698	1095.0	0	0.0	1095.0	0	0.0	1095.0	0	0.0
login	10	183	275617.0	10	0.5698005698005698	275617.0	10	0.5698005698005698	1101.0	0	0.0	1101.0	0	0.0	1101.0	0	0.0
login	10	184	277119.0	10	0.5698005698005698	277119.0	9	0.5128205128205128	1107.0	0	0.0	1107.0	0	0.0	1107.0	0	0.0
login	10	185	278621.0	10	0.5698005698005698	278621.0	7	0.39886039886039887	1113.0	0	0.0	1113.0	0	0.0	1113.0	0	0.0
login	10	186	280123.0	10	0.5698005698005698	280123.0	6	0.3418803418803419	1119.0	0	0.0	1119.0	0	0.0	1119.0	0	0.0
login	10	187	281625.0	9	0.5128205128205128	281625.0	8	0.45584045584045585	1125.0	0	0.0	1125.0	0	0.0	1125.0	0	0.0
login	10	188	283127.0	4	0.22792022792022792	283127.0	10	0.5698005698005698	1131.0	0	0.0	1131.0	0	0.0	1131.0	0	0.0
login	10	189	284629.0	7	0.39886039886039887	284629.0	10	0.5698005698005698	1137.0	0	0.0	1137.0	0	0.0	1137.0	0	0.0
login	10	190	286131.0	10	0.5698005698005698	286131.0	10	0.5698005698005698	1143.0	0	0.0	1143.0	0	0.0	1143.0	0	0.0
login	10	191	287633.0	10	0.5698005698005698	287633.0	10	0.5698005698005698	1149.0	0	0.0	1149.0	0	0.0	1149.0	0	0.0
login	10	192	289135.0	10	0.5698005698005698	289135.0	10	0.5698005698005698	1155.0	0	0.0	1155.0	0	0.0	1155.0	0	0.0
login	10	193	290637.0	10	0.5698005698005698	290637.0	9	0.5128205128205128	1161.0	0	0.0	1161.0	0	0.0	1161.0	0	0.0
login	10	194	292139.0	10	0.5698005698005698	292139.0	5	0.2849002849002849	1167.0	0	0.0	1167.0	0	0.0	1167.0	0	0.0
login	10	195	293641.0	10	0.5698005698005698	293641.0	7	0.39886039886039887	1173.0	0	0.0	1173.0	0	0.0	1173.0	0	0.0
login	10	196	295143.0	8	0.45584045584045585	295143.0	9	0.5128205128205128	1179.0	0	0.0	1179.0	0	0.0	1179.0	0	0.0
login	10	197	296645.0	2	0.11396011396011396	296645.0	10	0.5698005698005698	1185.0	0	0.0	1185.0	0	0.0	1185.0	0	0.0
login	10	198	298147.0	10	0.5698005698005698	298147.0	10	0.5698005698005698	1191.0	0	0.0	1191.0	0	0.0	1191.0	0	0.0
login	10	199	299649.0	10	0.5698005698005698	299649.0	10	0.5698005698005698	1197.0	0	0.0	1197.0	0	0.0	1197.0	0	0.0
info	10	0	750.0	14	0.8018327605956471	750.0	14	0.8018327605956471	2.0	362	20.73310423825888	3.0	1746	100.0	3.0	1746	100.0
info	10	1	2250.0	10	0.572737686139748	2250.0	10	0.572737686139748	6.0	114	6.529209621993127	9.0	0	0.0	9.0	0	0.0
info	10	2	3750.0	10	0.572737686139748	3750.0	10	0.572737686139748	10.0	84	4.810996563573883	15.0	0	0.0	15.0	0	0.0
info	10	3	5250.0	11	0.6300114547537228	5250.0	11	0.6300114547537228	14.0	64	3.665521191294387	21.0	0	0.0	21.0	0	0.0
info	10	4	6750.0	10	0.572737686139748	6750.0	10	0.572737686139748	18.0	49	2.806414662084765	27.0	0	0.0	27.0	0	0.0
info	10	5	8250.0	8	0.4581901489117984	8250.0	8	0.4581901489117984	22.0	22	1.2600229095074456	33.0	0	0.0	33.0	0	0.0
info	10	6	9750.0	7	0.40091638029782356	9750.0	2	0.1145475372279496	26.0	18	1.0309278350515463	39.0	0	0.0	39.0	0	0.0
info	10	7	11250.0	9	0.5154639175257731	11250.0	10	0.572737686139748	30.0	12	0.6872852233676976	45.0	0	0.0	45.0	0	0.0
info	10	8	12750.0	7	0.40091638029782356	12750.0	10	0.572737686139748	34.0	4	0.2290950744558992	51.0	0	0.0	51.0	0	0.0
info	10	9	14250.0	9	0.5154639175257731	14250.0	10	0.572737686139748	38.0	4	0.2290950744558992	57.0	0	0.0	57.0	0	0.0
info	10	10	15750.0	10	0.572737686139748	15750.0	10	0.572737686139748	42.0	10	0.572737686139748	63.0	0	0.0	63.0	0	0.0
info	10	11	17250.0	10	0.572737686139748	17250.0	10	0.572737686139748	46.0	2	0.1145475372279496	69.0	0	0.0	69.0	0	0.0
info	10	12	18750.0	10	0.572737686139748	18750.0	10	0.572737686139748	50.0	6	0.3436426116838488	75.0	0	0.0	75.0	0	0.0
info	10	13	20250.0	10	0.572737686139748	20250.0	10	0.572737686139748	54.0	12	0.6872852233676976	81.0	0	0.0	81.0	0	0.0
info	10	14	21750.0	10	0.572737686139748	21750.0	10	0.572737686139748	58.0	14	0.8018327605956471	87.0	0	0.0	87.0	0	0.0
info	10	15	23250.0	6	0.3436426116838488	23250.0	0	0.0	62.0	10	0.572737686139748	93.0	0	0.0	93.0	0	0.0
info	10	16	24750.0	7	0.40091638029782356	24750.0	10	0.572737686139748	66.0	16	0.9163802978235968	99.0	0	0.0	99.0	0	0.0
info	10	17	26250.0	7	0.40091638029782356	26250.0	10	0.572737686139748	70.0	9	0.5154639175257731	105.0	0	0.0	105.0	0	0.0
info	10	18	27750.0	10	0.572737686139748	27750.0	10	0.572737686139748	74.0	7	0.40091638029782356	111.0	0	0.0	111.0	0	0.0
info	10	19	29250.0	10	0.572737686139748	29250.0	10	0.572737686139748	78.0	7	0.40091638029782356	117.0	0	0.0	117.0	0	0.0
info	10	20	30750.0	10	0.572737686139748	30750.0	10	0.572737686139748	82.0	14	0.8018327605956471	123.0	0	0.0	123.0	0	0.0
info	10	21	32250.0	10	0.572737686139748	32250.0	10	0.572737686139748	86.0	12	0.6872852233676976	129.0	0	0.0	129.0	0	0.0
info	10	22	33750.0	10	0.572737686139748	33750.0	10	0.572737686139748	90.0	6	0.3436426116838488	135.0	0	0.0	135.0	0	0.0
info	10	23	35250.0	8	0.4581901489117984	35250.0	6	0.3436426116838488	94.0	13	0.7445589919816724	141.0	0	0.0	141.0	0	0.0
info	10	24	36750.0	7	0.40091638029782356	36750.0	4	0.2290950744558992	98.0	7	0.40091638029782356	147.0	0	0.0	147.0	0	0.0
info	10	25	38250.0	7	0.40091638029782356	38250.0	10	0.572737686139748	102.0	7	0.40091638029782356	153.0	0	0.0	153.0	0	0.0
info	10	26	39750.0	8	0.4581901489117984	39750.0	10	0.572737686139748	106.0	5	0.286368843069874	159.0	0	0.0	159.0	0	0.0
info	10	27	41250.0	10	0.572737686139748	41250.0	10	0.572737686139748	110.0	11	0.6300114547537228	165.0	0	0.0	165.0	0	0.0
info	10	28	42750.0	10	0.572737686139748	42750.0	10	0.572737686139748	114.0	9	0.5154639175257731	171.0	0	0.0	171.0	0	0.0
info	10	29	44250.0	10	0.572737686139748	44250.0	10	0.572737686139748	118.0	5	0.286368843069874	177.0	0	0.0	177.0	0	0.0
info	10	30	45750.0	8	0.4581901489117984	45750.0	8	0.4581901489117984	122.0	11	0.6300114547537228	183.0	0	0.0	183.0	0	0.0
info	10	31	47250.0	8	0.4581901489117984	47250.0	3	0.1718213058419244	126.0	11	0.6300114547537228	189.0	0	0.0	189.0	0	0.0
info	10	32	48750.0	8	0.4581901489117984	48750.0	9	0.5154639175257731	130.0	9	0.5154639175257731	195.0	0	0.0	195.0	0	0.0
info	10	33	50250.0	6	0.3436426116838488	50250.0	10	0.572737686139748	134.0	8	0.4581901489117984	201.0	0	0.0	201.0	0	0.0
info	10	34	51750.0	10	0.572737686139748	51750.0	10	0.572737686139748	138.0	4	0.2290950744558992	207.0	0	0.0	207.0	0	0.0
info	10	35	53250.0	10	0.572737686139748	53250.0	10	0.572737686139748	142.0	2	0.1145475372279496	213.0	0	0.0	213.0	0	0.0
info	10	36	54750.0	10	0.572737686139748	54750.0	10	0.572737686139748	146.0	3	0.1718213058419244	219.0	0	0.0	219.0	0	0.0
info	10	37	56250.0	10	0.572737686139748	56250.0	10	0.572737686139748	150.0	5	0.286368843069874	225.0	0	0.0	225.0	0	0.0
info	10	38	57750.0	4	0.2290950744558992	57750.0	0	0.0	154.0	3	0.1718213058419244	231.0	0	0.0	231.0	0	0.0
info	10	39	59250.0	7	0.40091638029782356	59250.0	10	0.572737686139748	158.0	0	0.0	237.0	0	0.0	237.0	0	0.0
info	10	40	60750.0	9	0.5154639175257731	60750.0	10	0.572737686139748	162.0	5	0.286368843069874	243.0	0	0.0	243.0	0	0.0
info	10	41	62250.0	10	0.572737686139748	62250.0	10	0.572737686139748	166.0	9	0.5154639175257731	249.0	0	0.0	249.0	0	0.0
info	10	42	63750.0	10	0.572737686139748	63750.0	10	0.572737686139748	170.0	6	0.3436426116838488	255.0	0	0.0	255.0	0	0.0
info	10	43	65250.0	10	0.572737686139748	65250.0	10	0.572737686139748	174.0	8	0.4581901489117984	261.0	0	0.0	261.0	0	0.0
info	10	44	66750.0	10	0.572737686139748	66750.0	10	0.572737686139748	178.0	11	0.6300114547537228	267.0	0	0.0	267.0	0	0.0
info	10	45	68250.0	7	0.40091638029782356	68250.0	7	0.40091638029782356	182.0	14	0.8018327605956471	273.0	0	0.0	273.0	0	0.0
info	10	46	69750.0	7	0.40091638029782356	69750.0	3	0.1718213058419244	186.0	8	0.4581901489117984	279.0	0	0.0	279.0	0	0.0
info	10	47	71250.0	6	0.3436426116838488	71250.0	10	0.572737686139748	190.0	11	0.6300114547537228	285.0	0	0.0	285.0	0	0.0
info	10	48	72750.0	10	0.572737686139748	72750.0	10	0.572737686139748	194.0	11	0.6300114547537228	291.0	0	0.0	291.0	0	0.0
info	10	49	74250.0	10	0.572737686139748	74250.0	10	0.572737686139748	198.0	9	0.5154639175257731	297.0	0	0.0	297.0	0	0.0
info	10	50	75750.0	10	0.572737686139748	75750.0	10	0.572737686139748	202.0	7	0.40091638029782356	303.0	0	0.0	303.0	0	0.0
info	10	51	77250.0	10	0.572737686139748	77250.0	10	0.572737686139748	206.0	5	0.286368843069874	309.0	0	0.0	309.0	0	0.0
info	10	52	78750.0	8	0.4581901489117984	78750.0	7	0.40091638029782356	210.0	5	0.286368843069874	315.0	0	0.0	315.0	0	0.0
info	10	53	80250.0	7	0.40091638029782356	80250.0	3	0.1718213058419244	214.0	5	0.286368843069874	321.0	0	0.0	321.0	0	0.0
info	10	54	81750.0	5	0.286368843069874	81750.0	10	0.572737686139748	218.0	3	0.1718213058419244	327.0	0	0.0	327.0	0	0.0
info	10	55	83250.0	10	0.572737686139748	83250.0	10	0.572737686139748	222.0	5	0.286368843069874	333.0	0	0.0	333.0	0	0.0
info	10	56	84750.0	10	0.572737686139748	84750.0	10	0.572737686139748	226.0	9	0.5154639175257731	339.0	0	0.0	339.0	0	0.0
info	10	57	86250.0	10	0.572737686139748	86250.0	10	0.572737686139748	230.0	3	0.1718213058419244	345.0	0	0.0	345.0	0	0.0
info	10	58	87750.0	10	0.572737686139748	87750.0	10	0.572737686139748	234.0	7	0.40091638029782356	351.0	0	0.0	351.0	0	0.0
info	10	59	89250.0	8	0.4581901489117984	89250.0	8	0.4581901489117984	238.0	10	0.572737686139748	357.0	0	0.0	357.0	0	0.0
info	10	60	90750.0	6	0.3436426116838488	90750.0	2	0.1145475372279496	242.0	5	0.286368843069874	363.0	0	0.0	363.0	0	0.0
info	10	61	92250.0	6	0.3436426116838488	92250.0	10	0.572737686139748	246.0	8	0.4581901489117984	369.0	0	0.0	369.0	0	0.0
info	10	62	93750.0	10	0.572737686139748	93750.0	10	0.572737686139748	250.0	5	0.286368843069874	375.0	0	0.0	375.0	0	0.0
info	10	63	95250.0	10	0.572737686139748	95250.0	10	0.572737686139748	254.0	2	0.1145475372279496	381.0	0	0.0	381.0	0	0.0
info	10	64	96750.0	10	0.572737686139748	96750.0	10	0.572737686139748	258.0	4	0.2290950744558992	387.0	0	0.0	387.0	0	0.0
info	10	65	98250.0	8	0.4581901489117984	98250.0	8	0.4581901489117984	262.0	6	0.3436426116838488	393.0	0	0.0	393.0	0	0.0
info	10	66	99750.0	8	0.4581901489117984	99750.0	2	0.1145475372279496	266.0	3	0.1718213058419244	399.0	0	0.0	399.0	0	0.0
info	10	67	101250.0	9	0.5154639175257731	101250.0	10	0.572737686139748	270.0	4	0.2290950744558992	405.0	0	0.0	405.0	0	0.0
info	10	68	102750.0	7	0.40091638029782356	102750.0	10	0.572737686139748	274.0	13	0.7445589919816724	411.0	0	0.0	411.0	0	0.0
info	10	69	104250.0	9	0.5154639175257731	104250.0	10	0.572737686139748	278.0	14	0.8018327605956471	417.0	0	0.0	417.0	0	0.0
info	10	70	105750.0	9	0.5154639175257731	105750.0	10	0.572737686139748	282.0	26	1.4891179839633448	423.0	0	0.0	423.0	0	0.0
info	10	71	107250.0	10	0.572737686139748	107250.0	10	0.572737686139748	286.0	24	1.3745704467353952	429.0	0	0.0	429.0	0	0.0
info	10	72	108750.0	10	0.572737686139748	108750.0	10	0.572737686139748	290.0	34	1.9473081328751431	435.0	0	0.0	435.0	0	0.0
info	10	73	110250.0	10	0.572737686139748	110250.0	10	0.572737686139748	294.0	26	1.4891179839633448	441.0	0	0.0	441.0	0	0.0
info	10	74	111750.0	10	0.572737686139748	111750.0	10	0.572737686139748	298.0	27	1.5463917525773194	447.0	0	0.0	447.0	0	0.0
info	10	75	113250.0	10	0.572737686139748	113250.0	10	0.572737686139748	302.0	23	1.3172966781214204	453.0	0	0.0	453.0	0	0.0
info	10	76	114750.0	10	0.572737686139748	114750.0	10	0.572737686139748	306.0	25	1.43184421534937	459.0	0	0.0	459.0	0	0.0
info	10	77	116250.0	7	0.40091638029782356	116250.0	2	0.1145475372279496	310.0	18	1.0309278350515463	465.0	0	0.0	465.0	0	0.0
info	10	78	117750.0	6	0.3436426116838488	117750.0	8	0.4581901489117984	314.0	20	1.145475372279496	471.0	0	0.0	471.0	0	0.0
info	10	79	119250.0	7	0.40091638029782356	119250.0	10	0.572737686139748	318.0	22	1.2600229095074456	477.0	0	0.0	477.0	0	0.0
info	10	80	120750.0	10	0.572737686139748	120750.0	10	0.572737686139748	322.0	5	0.286368843069874	483.0	0	0.0	483.0	0	0.0
info	10	81	122250.0	10	0.572737686139748	122250.0	10	0.572737686139748	326.0	12	0.6872852233676976	489.0	0	0.0	489.0	0	0.0
info	10	82	123750.0	10	0.572737686139748	123750.0	10	0.572737686139748	330.0	5	0.286368843069874	495.0	0	0.0	495.0	0	0.0
info	10	83	125250.0	10	0.572737686139748	125250.0	10	0.572737686139748	334.0	7	0.40091638029782356	501.0	0	0.0	501.0	0	0.0
info	10	84	126750.0	10	0.572737686139748	126750.0	10	0.572737686139748	338.0	5	0.286368843069874	507.0	0	0.0	507.0	0	0.0
info	10	85	128250.0	7	0.40091638029782356	128250.0	0	0.0	342.0	3	0.1718213058419244	513.0	0	0.0	513.0	0	0.0
info	10	86	129750.0	9	0.5154639175257731	129750.0	10	0.572737686139748	346.0	2	0.1145475372279496	519.0	0	0.0	519.0	0	0.0
info	10	87	131250.0	8	0.4581901489117984	131250.0	10	0.572737686139748	350.0	7	0.40091638029782356	525.0	0	0.0	525.0	0	0.0
info	10	88	132750.0	6	0.3436426116838488	132750.0	10	0.572737686139748	354.0	5	0.286368843069874	531.0	0	0.0	531.0	0	0.0
info	10	89	134250.0	10	0.572737686139748	134250.0	10	0.572737686139748	358.0	6	0.3436426116838488	537.0	0	0.0	537.0	0	0.0
info	10	90	135750.0	10	0.572737686139748	135750.0	10	0.572737686139748	362.0	6	0.3436426116838488	543.0	0	0.0	543.0	0	0.0
info	10	91	137250.0	10	0.572737686139748	137250.0	10	0.572737686139748	366.0	6	0.3436426116838488	549.0	0	0.0	549.0	0	0.0
info	10	92	138750.0	10	0.572737686139748	138750.0	10	0.572737686139748	370.0	11	0.6300114547537228	555.0	0	0.0	555.0	0	0.0
info	10	93	140250.0	10	0.572737686139748	140250.0	10	0.572737686139748	374.0	15	0.8591065292096219	561.0	0	0.0	561.0	0	0.0
info	10	94	141750.0	10	0.572737686139748	141750.0	10	0.572737686139748	378.0	18	1.0309278350515463	567.0	0	0.0	567.0	0	0.0
info	10	95	143250.0	8	0.4581901489117984	143250.0	8	0.4581901489117984	382.0	19	1.088201603665521	573.0	0	0.0	573.0	0	0.0
info	10	96	144750.0	8	0.4581901489117984	144750.0	2	0.1145475372279496	386.0	7	0.40091638029782356	579.0	0	0.0	579.0	0	0.0
info	10	97	146250.0	7	0.40091638029782356	146250.0	10	0.572737686139748	390.0	8	0.4581901489117984	585.0	0	0.0	585.0	0	0.0
info	10	98	147750.0	8	0.4581901489117984	147750.0	10	0.572737686139748	394.0	9	0.5154639175257731	591.0	0	0.0	591.0	0	0.0
info	10	99	149250.0	9	0.5154639175257731	149250.0	10	0.572737686139748	398.0	9	0.5154639175257731	597.0	0	0.0	597.0	0	0.0
info	10	100	150750.0	10	0.572737686139748	150750.0	10	0.572737686139748	402.0	8	0.4581901489117984	603.0	0	0.0	603.0	0	0.0
info	10	101	152250.0	10	0.572737686139748	152250.0	10	0.572737686139748	406.0	15	0.8591065292096219	609.0	0	0.0	609.0	0	0.0
info	10	102	153750.0	6	0.3436426116838488	153750.0	0	0.0	410.0	7	0.40091638029782356	615.0	0	0.0	615.0	0	0.0
info	10	103	155250.0	9	0.5154639175257731	155250.0	10	0.572737686139748	414.0	5	0.286368843069874	621.0	0	0.0	621.0	0	0.0
info	10	104	156750.0	5	0.286368843069874	156750.0	10	0.572737686139748	418.0	4	0.2290950744558992	627.0	0	0.0	627.0	0	0.0
info	10	105	158250.0	10	0.572737686139748	158250.0	10	0.572737686139748	422.0	3	0.1718213058419244	633.0	0	0.0	633.0	0	0.0
info	10	106	159750.0	10	0.572737686139748	159750.0	10	0.572737686139748	426.0	8	0.4581901489117984	639.0	0	0.0	639.0	0	0.0
info	10	107	161250.0	10	0.572737686139748	161250.0	10	0.572737686139748	430.0	3	0.1718213058419244	645.0	0	0.0	645.0	0	0.0
info	10	108	162750.0	10	0.572737686139748	162750.0	10	0.572737686139748	434.0	5	0.286368843069874	651.0	0	0.0	651.0	0	0.0
info	10	109	164250.0	5	0.286368843069874	164250.0	0	0.0	438.0	1	0.0572737686139748	657.0	0	0.0	657.0	0	0.0
info	10	110	165750.0	6	0.3436426116838488	165750.0	10	0.572737686139748	442.0	1	0.0572737686139748	663.0	0	0.0	663.0	0	0.0
info	10	111	167250.0	9	0.5154639175257731	167250.0	10	0.572737686139748	446.0	0	0.0	669.0	0	0.0	669.0	0	0.0
info	10	112	168750.0	10	0.572737686139748	168750.0	10	0.572737686139748	450.0	0	0.0	675.0	0	0.0	675.0	0	0.0
info	10	113	170250.0	10	0.572737686139748	170250.0	10	0.572737686139748	454.0	2	0.1145475372279496	681.0	0	0.0	681.0	0	0.0
info	10	114	171750.0	10	0.572737686139748	171750.0	10	0.572737686139748	458.0	5	0.286368843069874	687.0	0	0.0	687.0	0	0.0
info	10	115	173250.0	8	0.4581901489117984	173250.0	7	0.40091638029782356	462.0	7	0.40091638029782356	693.0	0	0.0	693.0	0	0.0
info	10	116	174750.0	6	0.3436426116838488	174750.0	3	0.1718213058419244	466.0	2	0.1145475372279496	699.0	0	0.0	699.0	0	0.0
info	10	117	176250.0	6	0.3436426116838488	176250.0	10	0.572737686139748	470.0	7	0.40091638029782356	705.0	0	0.0	705.0	0	0.0
info	10	118	177750.0	10	0.572737686139748	177750.0	10	0.572737686139748	474.0	4	0.2290950744558992	711.0	0	0.0	711.0	0	0.0
info	10	119	179250.0	10	0.572737686139748	179250.0	10	0.572737686139748	478.0	4	0.2290950744558992	717.0	0	0.0	717.0	0	0.0
info	10	120	180750.0	10	0.572737686139748	180750.0	10	0.572737686139748	482.0	7	0.40091638029782356	723.0	0	0.0	723.0	0	0.0
info	10	121	182250.0	8	0.4581901489117984	182250.0	8	0.4581901489117984	486.0	5	0.286368843069874	729.0	0	0.0	729.0	0	0.0
info	10	122	183750.0	7	0.40091638029782356	183750.0	2	0.1145475372279496	490.0	2	0.1145475372279496	735.0	0	0.0	735.0	0	0.0
info	10	123	185250.0	5	0.286368843069874	185250.0	10	0.572737686139748	494.0	5	0.286368843069874	741.0	0	0.0	741.0	0	0.0
info	10	124	186750.0	10	0.572737686139748	186750.0	10	0.572737686139748	498.0	1	0.0572737686139748	747.0	0	0.0	747.0	0	0.0
info	10	125	188250.0	10	0.572737686139748	188250.0	10	0.572737686139748	502.0	4	0.2290950744558992	753.0	0	0.0	753.0	0	0.0
info	10	126	189750.0	10	0.572737686139748	189750.0	10	0.572737686139748	506.0	4	0.2290950744558992	759.0	0	0.0	759.0	0	0.0
info	10	127	191250.0	10	0.572737686139748	191250.0	10	0.572737686139748	510.0	0	0.0	765.0	0	0.0	765.0	0	0.0
info	10	128	192750.0	10	0.572737686139748	192750.0	10	0.572737686139748	514.0	4	0.2290950744558992	771.0	0	0.0	771.0	0	0.0
info	10	129	194250.0	5	0.286368843069874	194250.0	0	0.0	518.0	1	0.0572737686139748	777.0	0	0.0	777.0	0	0.0
info	10	130	195750.0	6	0.3436426116838488	195750.0	10	0.572737686139748	522.0	2	0.1145475372279496	783.0	0	0.0	783.0	0	0.0
info	10	131	197250.0	9	0.5154639175257731	197250.0	10	0.572737686139748	526.0	0	0.0	789.0	0	0.0	789.0	0	0.0
info	10	132	198750.0	10	0.572737686139748	198750.0	10	0.572737686139748	530.0	0	0.0	795.0	0	0.0	795.0	0	0.0
info	10	133	200250.0	10	0.572737686139748	200250.0	10	0.572737686139748	534.0	0	0.0	801.0	0	0.0	801.0	0	0.0
info	10	134	201750.0	10	0.572737686139748	201750.0	10	0.572737686139748	538.0	1	0.0572737686139748	807.0	0	0.0	807.0	0	0.0
info	10	135	203250.0	10	0.572737686139748	203250.0	10	0.572737686139748	542.0	1	0.0572737686139748	813.0	0	0.0	813.0	0	0.0
info	10	136	204750.0	4	0.2290950744558992	204750.0	0	0.0	546.0	1	0.0572737686139748	819.0	0	0.0	819.0	0	0.0
info	10	137	206250.0	7	0.40091638029782356	206250.0	10	0.572737686139748	550.0	0	0.0	825.0	0	0.0	825.0	0	0.0
info	10	138	207750.0	9	0.5154639175257731	207750.0	10	0.572737686139748	554.0	3	0.1718213058419244	831.0	0	0.0	831.0	0	0.0
info	10	139	209250.0	10	0.572737686139748	209250.0	10	0.572737686139748	558.0	0	0.0	837.0	0	0.0	837.0	0	0.0
info	10	140	210750.0	10	0.572737686139748	210750.0	10	0.572737686139748	562.0	1	0.0572737686139748	843.0	0	0.0	843.0	0	0.0
info	10	141	212250.0	10	0.572737686139748	212250.0	10	0.572737686139748	566.0	2	0.1145475372279496	849.0	0	0.0	849.0	0	0.0
info	10	142	213750.0	10	0.572737686139748	213750.0	10	0.572737686139748	570.0	0	0.0	855.0	0	0.0	855.0	0	0.0
info	10	143	215250.0	10	0.572737686139748	215250.0	10	0.572737686139748	574.0	0	0.0	861.0	0	0.0	861.0	0	0.0
info	10	144	216750.0	6	0.3436426116838488	216750.0	0	0.0	578.0	0	0.0	867.0	0	0.0	867.0	0	0.0
info	10	145	218250.0	6	0.3436426116838488	218250.0	10	0.572737686139748	582.0	1	0.0572737686139748	873.0	0	0.0	873.0	0	0.0
info	10	146	219750.0	8	0.4581901489117984	219750.0	10	0.572737686139748	586.0	0	0.0	879.0	0	0.0	879.0	0	0.0
info	10	147	221250.0	10	0.572737686139748	221250.0	10	0.572737686139748	590.0	2	0.1145475372279496	885.0	0	0.0	885.0	0	0.0
info	10	148	222750.0	10	0.572737686139748	222750.0	10	0.572737686139748	594.0	1	0.0572737686139748	891.0	0	0.0	891.0	0	0.0
info	10	149	224250.0	10	0.572737686139748	224250.0	10	0.572737686139748	598.0	1	0.0572737686139748	897.0	0	0.0	897.0	0	0.0
info	10	150	225750.0	10	0.572737686139748	225750.0	10	0.572737686139748	602.0	1	0.0572737686139748	903.0	0	0.0	903.0	0	0.0
info	10	151	227250.0	8	0.4581901489117984	227250.0	8	0.4581901489117984	606.0	1	0.0572737686139748	909.0	0	0.0	909.0	0	0.0
info	10	152	228750.0	8	0.4581901489117984	228750.0	2	0.1145475372279496	610.0	1	0.0572737686139748	915.0	0	0.0	915.0	0	0.0
info	10	153	230250.0	5	0.286368843069874	230250.0	10	0.572737686139748	614.0	0	0.0	921.0	0	0.0	921.0	0	0.0
info	10	154	231750.0	10	0.572737686139748	231750.0	10	0.572737686139748	618.0	1	0.0572737686139748	927.0	0	0.0	927.0	0	0.0
info	10	155	233250.0	9	0.5154639175257731	233250.0	10	0.572737686139748	622.0	0	0.0	933.0	0	0.0	933.0	0	0.0
info	10	156	234750.0	10	0.572737686139748	234750.0	10	0.572737686139748	626.0	0	0.0	939.0	0	0.0	939.0	0	0.0
info	10	157	236250.0	10	0.572737686139748	236250.0	10	0.572737686139748	630.0	0	0.0	945.0	0	0.0	945.0	0	0.0
info	10	158	237750.0	10	0.572737686139748	237750.0	10	0.572737686139748	634.0	0	0.0	951.0	0	0.0	951.0	0	0.0
info	10	159	239250.0	8	0.4581901489117984	239250.0	8	0.4581901489117984	638.0	1	0.0572737686139748	957.0	0	0.0	957.0	0	0.0
info	10	160	240750.0	6	0.3436426116838488	240750.0	2	0.1145475372279496	642.0	0	0.0	963.0	0	0.0	963.0	0	0.0
info	10	161	242250.0	6	0.3436426116838488	242250.0	10	0.572737686139748	646.0	0	0.0	969.0	0	0.0	969.0	0	0.0
info	10	162	243750.0	10	0.572737686139748	243750.0	10	0.572737686139748	650.0	0	0.0	975.0	0	0.0	975.0	0	0.0
info	10	163	245250.0	10	0.572737686139748	245250.0	10	0.572737686139748	654.0	1	0.0572737686139748	981.0	0	0.0	981.0	0	0.0
info	10	164	246750.0	10	0.572737686139748	246750.0	10	0.572737686139748	658.0	0	0.0	987.0	0	0.0	987.0	0	0.0
info	10	165	248250.0	10	0.572737686139748	248250.0	10	0.572737686139748	662.0	1	0.0572737686139748	993.0	0	0.0	993.0	0	0.0
info	10	166	249750.0	9	0.5154639175257731	249750.0	8	0.4581901489117984	666.0	0	0.0	999.0	0	0.0	999.0	0	0.0
info	10	167	251250.0	6	0.3436426116838488	251250.0	2	0.1145475372279496	670.0	0	0.0	1005.0	0	0.0	1005.0	0	0.0
info	10	168	252750.0	9	0.5154639175257731	252750.0	10	0.572737686139748	674.0	0	0.0	1011.0	0	0.0	1011.0	0	0.0
info	10	169	254250.0	6	0.3436426116838488	254250.0	10	0.572737686139748	678.0	1	0.0572737686139748	1017.0	0	0.0	1017.0	0	0.0
info	10	170	255750.0	10	0.572737686139748	255750.0	10	0.572737686139748	682.0	0	0.0	1023.0	0	0.0	1023.0	0	0.0
info	10	171	257250.0	10	0.572737686139748	257250.0	10	0.572737686139748	686.0	0	0.0	1029.0	0	0.0	1029.0	0	0.0
info	10	172	258750.0	10	0.572737686139748	258750.0	10	0.572737686139748	690.0	0	0.0	1035.0	0	0.0	1035.0	0	0.0
info	10	173	260250.0	10	0.572737686139748	260250.0	10	0.572737686139748	694.0	0	0.0	1041.0	0	0.0	1041.0	0	0.0
info	10	174	261750.0	10	0.572737686139748	261750.0	10	0.572737686139748	698.0	1	0.0572737686139748	1047.0	0	0.0	1047.0	0	0.0
info	10	175	263250.0	10	0.572737686139748	263250.0	10	0.572737686139748	702.0	0	0.0	1053.0	0	0.0	1053.0	0	0.0
info	10	176	264750.0	4	0.2290950744558992	264750.0	0	0.0	706.0	0	0.0	1059.0	0	0.0	1059.0	0	0.0
info	10	177	266250.0	8	0.4581901489117984	266250.0	10	0.572737686139748	710.0	0	0.0	1065.0	0	0.0	1065.0	0	0.0
info	10	178	267750.0	8	0.4581901489117984	267750.0	10	0.572737686139748	714.0	1	0.0572737686139748	1071.0	0	0.0	1071.0	0	0.0
info	10	179	269250.0	10	0.572737686139748	269250.0	10	0.572737686139748	718.0	0	0.0	1077.0	0	0.0	1077.0	0	0.0
info	10	180	270750.0	10	0.572737686139748	270750.0	10	0.572737686139748	722.0	0	0.0	1083.0	0	0.0	1083.0	0	0.0
info	10	181	272250.0	10	0.572737686139748	272250.0	10	0.572737686139748	726.0	0	0.0	1089.0	0	0.0	1089.0	0	0.0
info	10	182	273750.0	10	0.572737686139748	273750.0	10	0.572737686139748	730.0	0	0.0	1095.0	0	0.0	1095.0	0	0.0
info	10	183	275250.0	8	0.4581901489117984	275250.0	8	0.4581901489117984	734.0	0	0.0	1101.0	0	0.0	1101.0	0	0.0
info	10	184	276750.0	7	0.40091638029782356	276750.0	3	0.1718213058419244	738.0	0	0.0	1107.0	0	0.0	1107.0	0	0.0
info	10	185	278250.0	7	0.40091638029782356	278250.0	9	0.5154639175257731	742.0	0	0.0	1113.0	0	0.0	1113.0	0	0.0
info	10	186	279750.0	8	0.4581901489117984	279750.0	10	0.572737686139748	746.0	0	0.0	1119.0	0	0.0	1119.0	0	0.0
info	10	187	281250.0	10	0.572737686139748	281250.0	10	0.572737686139748	750.0	0	0.0	1125.0	0	0.0	1125.0	0	0.0
info	10	188	282750.0	10	0.572737686139748	282750.0	10	0.572737686139748	754.0	0	0.0	1131.0	0	0.0	1131.0	0	0.0
info	10	189	284250.0	10	0.572737686139748	284250.0	10	0.572737686139748	758.0	0	0.0	1137.0	0	0.0	1137.0	0	0.0
info	10	190	285750.0	10	0.572737686139748	285750.0	10	0.572737686139748	762.0	0	0.0	1143.0	0	0.0	1143.0	0	0.0
info	10	191	287250.0	10	0.572737686139748	287250.0	10	0.572737686139748	766.0	0	0.0	1149.0	0	0.0	1149.0	0	0.0
info	10	192	288750.0	9	0.5154639175257731	288750.0	9	0.5154639175257731	770.0	0	0.0	1155.0	0	0.0	1155.0	0	0.0
info	10	193	290250.0	5	0.286368843069874	290250.0	1	0.0572737686139748	774.0	0	0.0	1161.0	0	0.0	1161.0	0	0.0
info	10	194	291750.0	9	0.5154639175257731	291750.0	10	0.572737686139748	778.0	0	0.0	1167.0	0	0.0	1167.0	0	0.0
info	10	195	293250.0	7	0.40091638029782356	293250.0	10	0.572737686139748	782.0	0	0.0	1173.0	0	0.0	1173.0	0	0.0
info	10	196	294750.0	10	0.572737686139748	294750.0	10	0.572737686139748	786.0	0	0.0	1179.0	0	0.0	1179.0	0	0.0
info	10	197	296250.0	10	0.572737686139748	296250.0	10	0.572737686139748	790.0	0	0.0	1185.0	0	0.0	1185.0	0	0.0
info	10	198	297750.0	10	0.572737686139748	297750.0	10	0.572737686139748	794.0	0	0.0	1191.0	0	0.0	1191.0	0	0.0
info	10	199	299250.0	1	0.0572737686139748	299250.0	1	0.0572737686139748	798.0	0	0.0	1197.0	0	0.0	1197.0	0	0.0
home	10	0	746.0	14	0.8022922636103152	746.0	14	0.8022922636103152	1.0	0	0.0	3.0	1745	100.0	3.0	1745	100.0
home	10	1	2238.0	10	0.5730659025787966	2238.0	10	0.5730659025787966	3.0	182	10.429799426934098	9.0	0	0.0	9.0	0	0.0
home	10	2	3730.0	10	0.5730659025787966	3730.0	10	0.5730659025787966	5.0	207	11.862464183381089	15.0	0	0.0	15.0	0	0.0
home	10	3	5222.0	11	0.6303724928366763	5222.0	11	0.6303724928366763	7.0	42	2.4068767908309456	21.0	0	0.0	21.0	0	0.0
home	10	4	6714.0	10	0.5730659025787966	6714.0	10	0.5730659025787966	9.0	95	5.444126074498568	27.0	0	0.0	27.0	0	0.0
home	10	5	8206.0	8	0.4584527220630373	8206.0	4	0.22922636103151864	11.0	108	6.189111747851003	33.0	0	0.0	33.0	0	0.0
home	10	6	9698.0	2	0.11461318051575932	9698.0	6	0.34383954154727797	13.0	80	4.584527220630373	39.0	0	0.0	39.0	0	0.0
home	10	7	11190.0	10	0.5730659025787966	11190.0	10	0.5730659025787966	15.0	87	4.985673352435531	45.0	0	0.0	45.0	0	0.0
home	10	8	12682.0	10	0.5730659025787966	12682.0	10	0.5730659025787966	17.0	87	4.985673352435531	51.0	0	0.0	51.0	0	0.0
home	10	9	14174.0	10	0.5730659025787966	14174.0	10	0.5730659025787966	19.0	95	5.444126074498568	57.0	0	0.0	57.0	0	0.0
home	10	10	15666.0	10	0.5730659025787966	15666.0	10	0.5730659025787966	21.0	84	4.813753581661891	63.0	0	0.0	63.0	0	0.0
home	10	11	17158.0	10	0.5730659025787966	17158.0	10	0.5730659025787966	23.0	46	2.6361031518624642	69.0	0	0.0	69.0	0	0.0
home	10	12	18650.0	10	0.5730659025787966	18650.0	10	0.5730659025787966	25.0	39	2.2349570200573066	75.0	0	0.0	75.0	0	0.0
home	10	13	20142.0	10	0.5730659025787966	20142.0	10	0.5730659025787966	27.0	36	2.063037249283668	81.0	0	0.0	81.0	0	0.0
home	10	14	21634.0	9	0.515759312320917	21634.0	9	0.515759312320917	29.0	12	0.6876790830945559	87.0	0	0.0	87.0	0	0.0
home	10	15	23126.0	1	0.05730659025787966	23126.0	1	0.05730659025787966	31.0	21	1.2034383954154728	93.0	0	0.0	93.0	0	0.0
home	10	16	24618.0	10	0.5730659025787966	24618.0	10	0.5730659025787966	33.0	24	1.3753581661891119	99.0	0	0.0	99.0	0	0.0
home	10	17	26110.0	10	0.5730659025787966	26110.0	10	0.5730659025787966	35.0	17	0.9742120343839542	105.0	0	0.0	105.0	0	0.0
home	10	18	27602.0	10	0.5730659025787966	27602.0	10	0.5730659025787966	37.0	12	0.6876790830945559	111.0	0	0.0	111.0	0	0.0
home	10	19	29094.0	10	0.5730659025787966	29094.0	10	0.5730659025787966	39.0	10	0.5730659025787966	117.0	0	0.0	117.0	0	0.0
home	10	20	30586.0	10	0.5730659025787966	30586.0	10	0.5730659025787966	41.0	16	0.9169054441260746	123.0	0	0.0	123.0	0	0.0
home	10	21	32078.0	10	0.5730659025787966	32078.0	10	0.5730659025787966	43.0	3	0.17191977077363899	129.0	0	0.0	129.0	0	0.0
home	10	22	33570.0	9	0.515759312320917	33570.0	9	0.515759312320917	45.0	2	0.11461318051575932	135.0	0	0.0	135.0	0	0.0
home	10	23	35062.0	1	0.05730659025787966	35062.0	1	0.05730659025787966	47.0	4	0.22922636103151864	141.0	0	0.0	141.0	0	0.0
home	10	24	36554.0	10	0.5730659025787966	36554.0	10	0.5730659025787966	49.0	3	0.17191977077363899	147.0	0	0.0	147.0	0	0.0
home	10	25	38046.0	10	0.5730659025787966	38046.0	10	0.5730659025787966	51.0	3	0.17191977077363899	153.0	0	0.0	153.0	0	0.0
home	10	26	39538.0	10	0.5730659025787966	39538.0	10	0.5730659025787966	53.0	6	0.34383954154727797	159.0	0	0.0	159.0	0	0.0
home	10	27	41030.0	10	0.5730659025787966	41030.0	10	0.5730659025787966	55.0	11	0.6303724928366763	165.0	0	0.0	165.0	0	0.0
home	10	28	42522.0	10	0.5730659025787966	42522.0	10	0.5730659025787966	57.0	32	1.833810888252149	171.0	0	0.0	171.0	0	0.0
home	10	29	44014.0	9	0.515759312320917	44014.0	9	0.515759312320917	59.0	25	1.4326647564469914	177.0	0	0.0	177.0	0	0.0
home	10	30	45506.0	1	0.05730659025787966	45506.0	1	0.05730659025787966	61.0	25	1.4326647564469914	183.0	0	0.0	183.0	0	0.0
home	10	31	46998.0	10	0.5730659025787966	46998.0	10	0.5730659025787966	63.0	30	1.7191977077363898	189.0	0	0.0	189.0	0	0.0
home	10	32	48490.0	10	0.5730659025787966	48490.0	10	0.5730659025787966	65.0	40	2.2922636103151866	195.0	0	0.0	195.0	0	0.0
home	10	33	49982.0	10	0.5730659025787966	49982.0	10	0.5730659025787966	67.0	26	1.4899713467048712	201.0	0	0.0	201.0	0	0.0
home	10	34	51474.0	10	0.5730659025787966	51474.0	10	0.5730659025787966	69.0	25	1.4326647564469914	207.0	0	0.0	207.0	0	0.0
home	10	35	52966.0	10	0.5730659025787966	52966.0	10	0.5730659025787966	71.0	30	1.7191977077363898	213.0	0	0.0	213.0	0	0.0
home	10	36	54458.0	10	0.5730659025787966	54458.0	10	0.5730659025787966	73.0	21	1.2034383954154728	219.0	0	0.0	219.0	0	0.0
home	10	37	55950.0	0	0.0	55950.0	0	0.0	75.0	22	1.2607449856733526	225.0	0	0.0	225.0	0	0.0
home	10	38	57442.0	10	0.5730659025787966	57442.0	10	0.5730659025787966	77.0	20	1.1461318051575933	231.0	0	0.0	231.0	0	0.0
home	10	39	58934.0	10	0.5730659025787966	58934.0	10	0.5730659025787966	79.0	24	1.3753581661891119	237.0	0	0.0	237.0	0	0.0
home	10	40	60426.0	10	0.5730659025787966	60426.0	10	0.5730659025787966	81.0	20	1.1461318051575933	243.0	0	0.0	243.0	0	0.0
home	10	41	61918.0	10	0.5730659025787966	61918.0	10	0.5730659025787966	83.0	12	0.6876790830945559	249.0	0	0.0	249.0	0	0.0
home	10	42	63410.0	10	0.5730659025787966	63410.0	10	0.5730659025787966	85.0	4	0.22922636103151864	255.0	0	0.0	255.0	0	0.0
home	10	43	64902.0	8	0.4584527220630373	64902.0	8	0.4584527220630373	87.0	11	0.6303724928366763	261.0	0	0.0	261.0	0	0.0
home	10	44	66394.0	5	0.2865329512893983	66394.0	2	0.11461318051575932	89.0	8	0.4584527220630373	267.0	0	0.0	267.0	0	0.0
home	10	45	67886.0	7	0.4011461318051576	67886.0	10	0.5730659025787966	91.0	4	0.22922636103151864	273.0	0	0.0	273.0	0	0.0
home	10	46	69378.0	10	0.5730659025787966	69378.0	10	0.5730659025787966	93.0	5	0.2865329512893983	279.0	0	0.0	279.0	0	0.0
home	10	47	70870.0	10	0.5730659025787966	70870.0	10	0.5730659025787966	95.0	4	0.22922636103151864	285.0	0	0.0	285.0	0	0.0
home	10	48	72362.0	10	0.5730659025787966	72362.0	10	0.5730659025787966	97.0	2	0.11461318051575932	291.0	0	0.0	291.0	0	0.0
home	10	49	73854.0	10	0.5730659025787966	73854.0	10	0.5730659025787966	99.0	2	0.11461318051575932	297.0	0	0.0	297.0	0	0.0
home	10	50	75346.0	10	0.5730659025787966	75346.0	10	0.5730659025787966	101.0	2	0.11461318051575932	303.0	0	0.0	303.0	0	0.0
home	10	51	76838.0	1	0.05730659025787966	76838.0	0	0.0	103.0	3	0.17191977077363899	309.0	0	0.0	309.0	0	0.0
home	10	52	78330.0	9	0.515759312320917	78330.0	10	0.5730659025787966	105.0	0	0.0	315.0	0	0.0	315.0	0	0.0
home	10	53	79822.0	10	0.5730659025787966	79822.0	10	0.5730659025787966	107.0	0	0.0	321.0	0	0.0	321.0	0	0.0
home	10	54	81314.0	10	0.5730659025787966	81314.0	10	0.5730659025787966	109.0	0	0.0	327.0	0	0.0	327.0	0	0.0
home	10	55	82806.0	10	0.5730659025787966	82806.0	10	0.5730659025787966	111.0	0	0.0	333.0	0	0.0	333.0	0	0.0
home	10	56	84298.0	10	0.5730659025787966	84298.0	10	0.5730659025787966	113.0	0	0.0	339.0	0	0.0	339.0	0	0.0
home	10	57	85790.0	10	0.5730659025787966	85790.0	10	0.5730659025787966	115.0	0	0.0	345.0	0	0.0	345.0	0	0.0
home	10	58	87282.0	0	0.0	87282.0	0	0.0	117.0	1	0.05730659025787966	351.0	0	0.0	351.0	0	0.0
home	10	59	88774.0	10	0.5730659025787966	88774.0	10	0.5730659025787966	119.0	0	0.0	357.0	0	0.0	357.0	0	0.0
home	10	60	90266.0	10	0.5730659025787966	90266.0	10	0.5730659025787966	121.0	1	0.05730659025787966	363.0	0	0.0	363.0	0	0.0
home	10	61	91758.0	10	0.5730659025787966	91758.0	10	0.5730659025787966	123.0	0	0.0	369.0	0	0.0	369.0	0	0.0
home	10	62	93250.0	10	0.5730659025787966	93250.0	10	0.5730659025787966	125.0	0	0.0	375.0	0	0.0	375.0	0	0.0
home	10	63	94742.0	8	0.4584527220630373	94742.0	8	0.4584527220630373	127.0	0	0.0	381.0	0	0.0	381.0	0	0.0
home	10	64	96234.0	2	0.11461318051575932	96234.0	2	0.11461318051575932	129.0	0	0.0	387.0	0	0.0	387.0	0	0.0
home	10	65	97726.0	10	0.5730659025787966	97726.0	10	0.5730659025787966	131.0	1	0.05730659025787966	393.0	0	0.0	393.0	0	0.0
home	10	66	99218.0	10	0.5730659025787966	99218.0	10	0.5730659025787966	133.0	0	0.0	399.0	0	0.0	399.0	0	0.0
home	10	67	100710.0	10	0.5730659025787966	100710.0	10	0.5730659025787966	135.0	0	0.0	405.0	0	0.0	405.0	0	0.0
home	10	68	102202.0	10	0.5730659025787966	102202.0	10	0.5730659025787966	137.0	0	0.0	411.0	0	0.0	411.0	0	0.0
home	10	69	103694.0	10	0.5730659025787966	103694.0	10	0.5730659025787966	139.0	0	0.0	417.0	0	0.0	417.0	0	0.0
home	10	70	105186.0	10	0.5730659025787966	105186.0	10	0.5730659025787966	141.0	0	0.0	423.0	0	0.0	423.0	0	0.0
home	10	71	106678.0	10	0.5730659025787966	106678.0	10	0.5730659025787966	143.0	0	0.0	429.0	0	0.0	429.0	0	0.0
home	10	72	108170.0	10	0.5730659025787966	108170.0	10	0.5730659025787966	145.0	0	0.0	435.0	0	0.0	435.0	0	0.0
home	10	73	109662.0	0	0.0	109662.0	0	0.0	147.0	0	0.0	441.0	0	0.0	441.0	0	0.0
home	10	74	111154.0	10	0.5730659025787966	111154.0	10	0.5730659025787966	149.0	0	0.0	447.0	0	0.0	447.0	0	0.0
home	10	75	112646.0	10	0.5730659025787966	112646.0	10	0.5730659025787966	151.0	0	0.0	453.0	0	0.0	453.0	0	0.0
home	10	76	114138.0	10	0.5730659025787966	114138.0	10	0.5730659025787966	153.0	0	0.0	459.0	0	0.0	459.0	0	0.0
home	10	77	115630.0	10	0.5730659025787966	115630.0	10	0.5730659025787966	155.0	0	0.0	465.0	0	0.0	465.0	0	0.0
home	10	78	117122.0	10	0.5730659025787966	117122.0	10	0.5730659025787966	157.0	0	0.0	471.0	0	0.0	471.0	0	0.0
home	10	79	118614.0	10	0.5730659025787966	118614.0	10	0.5730659025787966	159.0	2	0.11461318051575932	477.0	0	0.0	477.0	0	0.0
home	10	80	120106.0	10	0.5730659025787966	120106.0	10	0.5730659025787966	161.0	0	0.0	483.0	0	0.0	483.0	0	0.0
home	10	81	121598.0	10	0.5730659025787966	121598.0	10	0.5730659025787966	163.0	0	0.0	489.0	0	0.0	489.0	0	0.0
home	10	82	123090.0	10	0.5730659025787966	123090.0	10	0.5730659025787966	165.0	0	0.0	495.0	0	0.0	495.0	0	0.0
home	10	83	124582.0	0	0.0	124582.0	0	0.0	167.0	1	0.05730659025787966	501.0	0	0.0	501.0	0	0.0
home	10	84	126074.0	10	0.5730659025787966	126074.0	10	0.5730659025787966	169.0	0	0.0	507.0	0	0.0	507.0	0	0.0
home	10	85	127566.0	10	0.5730659025787966	127566.0	10	0.5730659025787966	171.0	0	0.0	513.0	0	0.0	513.0	0	0.0
home	10	86	129058.0	10	0.5730659025787966	129058.0	10	0.5730659025787966	173.0	0	0.0	519.0	0	0.0	519.0	0	0.0
home	10	87	130550.0	10	0.5730659025787966	130550.0	10	0.5730659025787966	175.0	1	0.05730659025787966	525.0	0	0.0	525.0	0	0.0
home	10	88	132042.0	10	0.5730659025787966	132042.0	10	0.5730659025787966	177.0	0	0.0	531.0	0	0.0	531.0	0	0.0
home	10	89	133534.0	10	0.5730659025787966	133534.0	10	0.5730659025787966	179.0	0	0.0	537.0	0	0.0	537.0	0	0.0
home	10	90	135026.0	10	0.5730659025787966	135026.0	10	0.5730659025787966	181.0	0	0.0	543.0	0	0.0	543.0	0	0.0
home	10	91	136518.0	8	0.4584527220630373	136518.0	7	0.4011461318051576	183.0	0	0.0	549.0	0	0.0	549.0	0	0.0
home	10	92	138010.0	2	0.11461318051575932	138010.0	3	0.17191977077363899	185.0	0	0.0	555.0	0	0.0	555.0	0	0.0
home	10	93	139502.0	10	0.5730659025787966	139502.0	10	0.5730659025787966	187.0	0	0.0	561.0	0	0.0	561.0	0	0.0
home	10	94	140994.0	10	0.5730659025787966	140994.0	10	0.5730659025787966	189.0	0	0.0	567.0	0	0.0	567.0	0	0.0
home	10	95	142486.0	10	0.5730659025787966	142486.0	10	0.5730659025787966	191.0	0	0.0	573.0	0	0.0	573.0	0	0.0
home	10	96	143978.0	10	0.5730659025787966	143978.0	10	0.5730659025787966	193.0	1	0.05730659025787966	579.0	0	0.0	579.0	0	0.0
home	10	97	145470.0	10	0.5730659025787966	145470.0	10	0.5730659025787966	195.0	1	0.05730659025787966	585.0	0	0.0	585.0	0	0.0
home	10	98	146962.0	10	0.5730659025787966	146962.0	10	0.5730659025787966	197.0	0	0.0	591.0	0	0.0	591.0	0	0.0
home	10	99	148454.0	10	0.5730659025787966	148454.0	10	0.5730659025787966	199.0	1	0.05730659025787966	597.0	0	0.0	597.0	0	0.0
home	10	100	149946.0	0	0.0	149946.0	0	0.0	201.0	0	0.0	603.0	0	0.0	603.0	0	0.0
home	10	101	151438.0	10	0.5730659025787966	151438.0	10	0.5730659025787966	203.0	1	0.05730659025787966	609.0	0	0.0	609.0	0	0.0
home	10	102	152930.0	10	0.5730659025787966	152930.0	10	0.5730659025787966	205.0	0	0.0	615.0	0	0.0	615.0	0	0.0
home	10	103	154422.0	10	0.5730659025787966	154422.0	10	0.5730659025787966	207.0	0	0.0	621.0	0	0.0	621.0	0	0.0
home	10	104	155914.0	10	0.5730659025787966	155914.0	10	0.5730659025787966	209.0	0	0.0	627.0	0	0.0	627.0	0	0.0
home	10	105	157406.0	10	0.5730659025787966	157406.0	10	0.5730659025787966	211.0	0	0.0	633.0	0	0.0	633.0	0	0.0
home	10	106	158898.0	7	0.4011461318051576	158898.0	7	0.4011461318051576	213.0	0	0.0	639.0	0	0.0	639.0	0	0.0
home	10	107	160390.0	3	0.17191977077363899	160390.0	3	0.17191977077363899	215.0	0	0.0	645.0	0	0.0	645.0	0	0.0
home	10	108	161882.0	10	0.5730659025787966	161882.0	10	0.5730659025787966	217.0	0	0.0	651.0	0	0.0	651.0	0	0.0
home	10	109	163374.0	10	0.5730659025787966	163374.0	10	0.5730659025787966	219.0	0	0.0	657.0	0	0.0	657.0	0	0.0
home	10	110	164866.0	10	0.5730659025787966	164866.0	10	0.5730659025787966	221.0	0	0.0	663.0	0	0.0	663.0	0	0.0
home	10	111	166358.0	10	0.5730659025787966	166358.0	10	0.5730659025787966	223.0	0	0.0	669.0	0	0.0	669.0	0	0.0
home	10	112	167850.0	0	0.0	167850.0	0	0.0	225.0	0	0.0	675.0	0	0.0	675.0	0	0.0
home	10	113	169342.0	10	0.5730659025787966	169342.0	10	0.5730659025787966	227.0	0	0.0	681.0	0	0.0	681.0	0	0.0
home	10	114	170834.0	10	0.5730659025787966	170834.0	10	0.5730659025787966	229.0	0	0.0	687.0	0	0.0	687.0	0	0.0
home	10	115	172326.0	10	0.5730659025787966	172326.0	10	0.5730659025787966	231.0	0	0.0	693.0	0	0.0	693.0	0	0.0
home	10	116	173818.0	10	0.5730659025787966	173818.0	10	0.5730659025787966	233.0	0	0.0	699.0	0	0.0	699.0	0	0.0
home	10	117	175310.0	10	0.5730659025787966	175310.0	10	0.5730659025787966	235.0	0	0.0	705.0	0	0.0	705.0	0	0.0
home	10	118	176802.0	7	0.4011461318051576	176802.0	7	0.4011461318051576	237.0	0	0.0	711.0	0	0.0	711.0	0	0.0
home	10	119	178294.0	4	0.22922636103151864	178294.0	3	0.17191977077363899	239.0	0	0.0	717.0	0	0.0	717.0	0	0.0
home	10	120	179786.0	9	0.515759312320917	179786.0	10	0.5730659025787966	241.0	0	0.0	723.0	0	0.0	723.0	0	0.0
home	10	121	181278.0	10	0.5730659025787966	181278.0	10	0.5730659025787966	243.0	0	0.0	729.0	0	0.0	729.0	0	0.0
home	10	122	182770.0	10	0.5730659025787966	182770.0	10	0.5730659025787966	245.0	0	0.0	735.0	0	0.0	735.0	0	0.0
home	10	123	184262.0	10	0.5730659025787966	184262.0	10	0.5730659025787966	247.0	0	0.0	741.0	0	0.0	741.0	0	0.0
home	10	124	185754.0	10	0.5730659025787966	185754.0	10	0.5730659025787966	249.0	0	0.0	747.0	0	0.0	747.0	0	0.0
home	10	125	187246.0	5	0.2865329512893983	187246.0	0	0.0	251.0	0	0.0	753.0	0	0.0	753.0	0	0.0
home	10	126	188738.0	5	0.2865329512893983	188738.0	10	0.5730659025787966	253.0	0	0.0	759.0	0	0.0	759.0	0	0.0
home	10	127	190230.0	10	0.5730659025787966	190230.0	10	0.5730659025787966	255.0	0	0.0	765.0	0	0.0	765.0	0	0.0
home	10	128	191722.0	10	0.5730659025787966	191722.0	10	0.5730659025787966	257.0	0	0.0	771.0	0	0.0	771.0	0	0.0
home	10	129	193214.0	10	0.5730659025787966	193214.0	10	0.5730659025787966	259.0	0	0.0	777.0	0	0.0	777.0	0	0.0
home	10	130	194706.0	10	0.5730659025787966	194706.0	10	0.5730659025787966	261.0	0	0.0	783.0	0	0.0	783.0	0	0.0
home	10	131	196198.0	7	0.4011461318051576	196198.0	7	0.4011461318051576	263.0	0	0.0	789.0	0	0.0	789.0	0	0.0
home	10	132	197690.0	3	0.17191977077363899	197690.0	3	0.17191977077363899	265.0	0	0.0	795.0	0	0.0	795.0	0	0.0
home	10	133	199182.0	10	0.5730659025787966	199182.0	10	0.5730659025787966	267.0	0	0.0	801.0	0	0.0	801.0	0	0.0
home	10	134	200674.0	10	0.5730659025787966	200674.0	10	0.5730659025787966	269.0	0	0.0	807.0	0	0.0	807.0	0	0.0
home	10	135	202166.0	10	0.5730659025787966	202166.0	10	0.5730659025787966	271.0	0	0.0	813.0	0	0.0	813.0	0	0.0
home	10	136	203658.0	10	0.5730659025787966	203658.0	10	0.5730659025787966	273.0	0	0.0	819.0	0	0.0	819.0	0	0.0
home	10	137	205150.0	10	0.5730659025787966	205150.0	10	0.5730659025787966	275.0	0	0.0	825.0	0	0.0	825.0	0	0.0
home	10	138	206642.0	0	0.0	206642.0	0	0.0	277.0	0	0.0	831.0	0	0.0	831.0	0	0.0
home	10	139	208134.0	10	0.5730659025787966	208134.0	10	0.5730659025787966	279.0	0	0.0	837.0	0	0.0	837.0	0	0.0
home	10	140	209626.0	10	0.5730659025787966	209626.0	10	0.5730659025787966	281.0	0	0.0	843.0	0	0.0	843.0	0	0.0
home	10	141	211118.0	10	0.5730659025787966	211118.0	10	0.5730659025787966	283.0	0	0.0	849.0	0	0.0	849.0	0	0.0
home	10	142	212610.0	10	0.5730659025787966	212610.0	10	0.5730659025787966	285.0	0	0.0	855.0	0	0.0	855.0	0	0.0
home	10	143	214102.0	10	0.5730659025787966	214102.0	10	0.5730659025787966	287.0	0	0.0	861.0	0	0.0	861.0	0	0.0
home	10	144	215594.0	10	0.5730659025787966	215594.0	10	0.5730659025787966	289.0	0	0.0	867.0	0	0.0	867.0	0	0.0
home	10	145	217086.0	10	0.5730659025787966	217086.0	10	0.5730659025787966	291.0	1	0.05730659025787966	873.0	0	0.0	873.0	0	0.0
home	10	146	218578.0	7	0.4011461318051576	218578.0	7	0.4011461318051576	293.0	0	0.0	879.0	0	0.0	879.0	0	0.0
home	10	147	220070.0	3	0.17191977077363899	220070.0	3	0.17191977077363899	295.0	0	0.0	885.0	0	0.0	885.0	0	0.0
home	10	148	221562.0	10	0.5730659025787966	221562.0	10	0.5730659025787966	297.0	0	0.0	891.0	0	0.0	891.0	0	0.0
home	10	149	223054.0	10	0.5730659025787966	223054.0	10	0.5730659025787966	299.0	0	0.0	897.0	0	0.0	897.0	0	0.0
home	10	150	224546.0	10	0.5730659025787966	224546.0	10	0.5730659025787966	301.0	0	0.0	903.0	0	0.0	903.0	0	0.0
home	10	151	226038.0	10	0.5730659025787966	226038.0	10	0.5730659025787966	303.0	0	0.0	909.0	0	0.0	909.0	0	0.0
home	10	152	227530.0	10	0.5730659025787966	227530.0	10	0.5730659025787966	305.0	2	0.11461318051575932	915.0	0	0.0	915.0	0	0.0
home	10	153	229022.0	10	0.5730659025787966	229022.0	10	0.5730659025787966	307.0	0	0.0	921.0	0	0.0	921.0	0	0.0
home	10	154	230514.0	0	0.0	230514.0	0	0.0	309.0	0	0.0	927.0	0	0.0	927.0	0	0.0
home	10	155	232006.0	10	0.5730659025787966	232006.0	10	0.5730659025787966	311.0	0	0.0	933.0	0	0.0	933.0	0	0.0
home	10	156	233498.0	10	0.5730659025787966	233498.0	10	0.5730659025787966	313.0	0	0.0	939.0	0	0.0	939.0	0	0.0
home	10	157	234990.0	10	0.5730659025787966	234990.0	10	0.5730659025787966	315.0	0	0.0	945.0	0	0.0	945.0	0	0.0
home	10	158	236482.0	10	0.5730659025787966	236482.0	10	0.5730659025787966	317.0	0	0.0	951.0	0	0.0	951.0	0	0.0
home	10	159	237974.0	10	0.5730659025787966	237974.0	10	0.5730659025787966	319.0	0	0.0	957.0	0	0.0	957.0	0	0.0
home	10	160	239466.0	10	0.5730659025787966	239466.0	10	0.5730659025787966	321.0	1	0.05730659025787966	963.0	0	0.0	963.0	0	0.0
home	10	161	240958.0	5	0.2865329512893983	240958.0	0	0.0	323.0	0	0.0	969.0	0	0.0	969.0	0	0.0
home	10	162	242450.0	5	0.2865329512893983	242450.0	10	0.5730659025787966	325.0	0	0.0	975.0	0	0.0	975.0	0	0.0
home	10	163	243942.0	10	0.5730659025787966	243942.0	10	0.5730659025787966	327.0	0	0.0	981.0	0	0.0	981.0	0	0.0
home	10	164	245434.0	10	0.5730659025787966	245434.0	10	0.5730659025787966	329.0	0	0.0	987.0	0	0.0	987.0	0	0.0
home	10	165	246926.0	10	0.5730659025787966	246926.0	10	0.5730659025787966	331.0	1	0.05730659025787966	993.0	0	0.0	993.0	0	0.0
home	10	166	248418.0	10	0.5730659025787966	248418.0	10	0.5730659025787966	333.0	0	0.0	999.0	0	0.0	999.0	0	0.0
home	10	167	249910.0	10	0.5730659025787966	249910.0	10	0.5730659025787966	335.0	0	0.0	1005.0	0	0.0	1005.0	0	0.0
home	10	168	251402.0	9	0.515759312320917	251402.0	8	0.4584527220630373	337.0	0	0.0	1011.0	0	0.0	1011.0	0	0.0
home	10	169	252894.0	1	0.05730659025787966	252894.0	2	0.11461318051575932	339.0	0	0.0	1017.0	0	0.0	1017.0	0	0.0
home	10	170	254386.0	10	0.5730659025787966	254386.0	10	0.5730659025787966	341.0	0	0.0	1023.0	0	0.0	1023.0	0	0.0
home	10	171	255878.0	10	0.5730659025787966	255878.0	10	0.5730659025787966	343.0	0	0.0	1029.0	0	0.0	1029.0	0	0.0
home	10	172	257370.0	10	0.5730659025787966	257370.0	10	0.5730659025787966	345.0	0	0.0	1035.0	0	0.0	1035.0	0	0.0
home	10	173	258862.0	10	0.5730659025787966	258862.0	10	0.5730659025787966	347.0	0	0.0	1041.0	0	0.0	1041.0	0	0.0
home	10	174	260354.0	10	0.5730659025787966	260354.0	10	0.5730659025787966	349.0	0	0.0	1047.0	0	0.0	1047.0	0	0.0
home	10	175	261846.0	10	0.5730659025787966	261846.0	10	0.5730659025787966	351.0	0	0.0	1053.0	0	0.0	1053.0	0	0.0
home	10	176	263338.0	10	0.5730659025787966	263338.0	10	0.5730659025787966	353.0	0	0.0	1059.0	0	0.0	1059.0	0	0.0
home	10	177	264830.0	7	0.4011461318051576	264830.0	1	0.05730659025787966	355.0	0	0.0	1065.0	0	0.0	1065.0	0	0.0
home	10	178	266322.0	3	0.17191977077363899	266322.0	9	0.515759312320917	357.0	0	0.0	1071.0	0	0.0	1071.0	0	0.0
home	10	179	267814.0	10	0.5730659025787966	267814.0	10	0.5730659025787966	359.0	0	0.0	1077.0	0	0.0	1077.0	0	0.0
home	10	180	269306.0	10	0.5730659025787966	269306.0	10	0.5730659025787966	361.0	0	0.0	1083.0	0	0.0	1083.0	0	0.0
home	10	181	270798.0	10	0.5730659025787966	270798.0	10	0.5730659025787966	363.0	0	0.0	1089.0	0	0.0	1089.0	0	0.0
home	10	182	272290.0	10	0.5730659025787966	272290.0	10	0.5730659025787966	365.0	0	0.0	1095.0	0	0.0	1095.0	0	0.0
home	10	183	273782.0	10	0.5730659025787966	273782.0	10	0.5730659025787966	367.0	0	0.0	1101.0	0	0.0	1101.0	0	0.0
home	10	184	275274.0	8	0.4584527220630373	275274.0	8	0.4584527220630373	369.0	0	0.0	1107.0	0	0.0	1107.0	0	0.0
home	10	185	276766.0	3	0.17191977077363899	276766.0	2	0.11461318051575932	371.0	0	0.0	1113.0	0	0.0	1113.0	0	0.0
home	10	186	278258.0	9	0.515759312320917	278258.0	10	0.5730659025787966	373.0	0	0.0	1119.0	0	0.0	1119.0	0	0.0
home	10	187	279750.0	10	0.5730659025787966	279750.0	10	0.5730659025787966	375.0	0	0.0	1125.0	0	0.0	1125.0	0	0.0
home	10	188	281242.0	10	0.5730659025787966	281242.0	10	0.5730659025787966	377.0	0	0.0	1131.0	0	0.0	1131.0	0	0.0
home	10	189	282734.0	10	0.5730659025787966	282734.0	10	0.5730659025787966	379.0	0	0.0	1137.0	0	0.0	1137.0	0	0.0
home	10	190	284226.0	10	0.5730659025787966	284226.0	10	0.5730659025787966	381.0	0	0.0	1143.0	0	0.0	1143.0	0	0.0
home	10	191	285718.0	10	0.5730659025787966	285718.0	10	0.5730659025787966	383.0	0	0.0	1149.0	0	0.0	1149.0	0	0.0
home	10	192	287210.0	10	0.5730659025787966	287210.0	10	0.5730659025787966	385.0	0	0.0	1155.0	0	0.0	1155.0	0	0.0
home	10	193	288702.0	8	0.4584527220630373	288702.0	8	0.4584527220630373	387.0	0	0.0	1161.0	0	0.0	1161.0	0	0.0
home	10	194	290194.0	2	0.11461318051575932	290194.0	2	0.11461318051575932	389.0	0	0.0	1167.0	0	0.0	1167.0	0	0.0
home	10	195	291686.0	10	0.5730659025787966	291686.0	10	0.5730659025787966	391.0	0	0.0	1173.0	0	0.0	1173.0	0	0.0
home	10	196	293178.0	10	0.5730659025787966	293178.0	10	0.5730659025787966	393.0	0	0.0	1179.0	0	0.0	1179.0	0	0.0
home	10	197	294670.0	10	0.5730659025787966	294670.0	10	0.5730659025787966	395.0	0	0.0	1185.0	0	0.0	1185.0	0	0.0
home	10	198	296162.0	10	0.5730659025787966	296162.0	10	0.5730659025787966	397.0	0	0.0	1191.0	0	0.0	1191.0	0	0.0
home	10	199	297654.0	10	0.5730659025787966	297654.0	10	0.5730659025787966	399.0	0	0.0	1197.0	0	0.0	1197.0	0	0.0
