'Request type'	'Load'	'Bucket'	'Start time'	'Absolute'	'Percent of requests'	'End time'	'Absolute'	'Percent of requests'	'Residence time'	'Absolute'	'Percent of requests'	'Theor. think time'	'Absolute'	'Percent of requests'	'Actual think time'	'Absolute'	'Percent of requests'
login	12	0	748.0	12	0.6944444444444444	748.0	12	0.6944444444444444	3.5	0	0.0	3.0	1728	100.0	3.0	1728	100.0
login	12	1	2244.0	12	0.6944444444444444	2244.0	9	0.5208333333333334	10.5	0	0.0	9.0	0	0.0	9.0	0	0.0
login	12	2	3740.0	12	0.6944444444444444	3740.0	5	0.28935185185185186	17.5	0	0.0	15.0	0	0.0	15.0	0	0.0
login	12	3	5236.0	0	0.0	5236.0	10	0.5787037037037037	24.5	0	0.0	21.0	0	0.0	21.0	0	0.0
login	12	4	6732.0	12	0.6944444444444444	6732.0	12	0.6944444444444444	31.5	0	0.0	27.0	0	0.0	27.0	0	0.0
login	12	5	8228.0	12	0.6944444444444444	8228.0	5	0.28935185185185186	38.5	0	0.0	33.0	0	0.0	33.0	0	0.0
login	12	6	9724.0	12	0.6944444444444444	9724.0	8	0.46296296296296297	45.5	0	0.0	39.0	0	0.0	39.0	0	0.0
login	12	7	11220.0	0	0.0	11220.0	11	0.6365740740740741	52.5	0	0.0	45.0	0	0.0	45.0	0	0.0
login	12	8	12716.0	12	0.6944444444444444	12716.0	8	0.46296296296296297	59.5	0	0.0	51.0	0	0.0	51.0	0	0.0
login	12	9	14212.0	12	0.6944444444444444	14212.0	5	0.28935185185185186	66.5	0	0.0	57.0	0	0.0	57.0	0	0.0
login	12	10	15708.0	0	0.0	15708.0	11	0.6365740740740741	73.5	0	0.0	63.0	0	0.0	63.0	0	0.0
login	12	11	17204.0	12	0.6944444444444444	17204.0	12	0.6944444444444444	80.5	0	0.0	69.0	0	0.0	69.0	0	0.0
login	12	12	18700.0	12	0.6944444444444444	18700.0	6	0.3472222222222222	87.5	0	0.0	75.0	0	0.0	75.0	0	0.0
login	12	13	20196.0	12	0.6944444444444444	20196.0	7	0.4050925925925926	94.5	0	0.0	81.0	0	0.0	81.0	0	0.0
login	12	14	21692.0	0	0.0	21692.0	11	0.6365740740740741	101.5	1	0.05787037037037037	87.0	0	0.0	87.0	0	0.0
login	12	15	23188.0	12	0.6944444444444444	23188.0	9	0.5208333333333334	108.5	1	0.05787037037037037	93.0	0	0.0	93.0	0	0.0
login	12	16	24684.0	12	0.6944444444444444	24684.0	4	0.23148148148148148	115.5	0	0.0	99.0	0	0.0	99.0	0	0.0
login	12	17	26180.0	0	0.0	26180.0	11	0.6365740740740741	122.5	0	0.0	105.0	0	0.0	105.0	0	0.0
login	12	18	27676.0	12	0.6944444444444444	27676.0	11	0.6365740740740741	129.5	0	0.0	111.0	0	0.0	111.0	0	0.0
login	12	19	29172.0	12	0.6944444444444444	29172.0	6	0.3472222222222222	136.5	0	0.0	117.0	0	0.0	117.0	0	0.0
login	12	20	30668.0	0	0.0	30668.0	7	0.4050925925925926	143.5	1	0.05787037037037037	123.0	0	0.0	123.0	0	0.0
login	12	21	32164.0	12	0.6944444444444444	32164.0	12	0.6944444444444444	150.5	0	0.0	129.0	0	0.0	129.0	0	0.0
login	12	22	33660.0	12	0.6944444444444444	33660.0	7	0.4050925925925926	157.5	4	0.23148148148148148	135.0	0	0.0	135.0	0	0.0
login	12	23	35156.0	12	0.6944444444444444	35156.0	6	0.3472222222222222	164.5	1	0.05787037037037037	141.0	0	0.0	141.0	0	0.0
login	12	24	36652.0	0	0.0	36652.0	11	0.6365740740740741	171.5	0	0.0	147.0	0	0.0	147.0	0	0.0
login	12	25	38148.0	12	0.6944444444444444	38148.0	12	0.6944444444444444	178.5	3	0.1736111111111111	153.0	0	0.0	153.0	0	0.0
login	12	26	39644.0	12	0.6944444444444444	39644.0	6	0.3472222222222222	185.5	4	0.23148148148148148	159.0	0	0.0	159.0	0	0.0
login	12	27	41140.0	12	0.6944444444444444	41140.0	7	0.4050925925925926	192.5	5	0.28935185185185186	165.0	0	0.0	165.0	0	0.0
login	12	28	42636.0	0	0.0	42636.0	11	0.6365740740740741	199.5	4	0.23148148148148148	171.0	0	0.0	171.0	0	0.0
login	12	29	44132.0	12	0.6944444444444444	44132.0	12	0.6944444444444444	206.5	4	0.23148148148148148	177.0	0	0.0	177.0	0	0.0
login	12	30	45628.0	12	0.6944444444444444	45628.0	3	0.1736111111111111	213.5	11	0.6365740740740741	183.0	0	0.0	183.0	0	0.0
login	12	31	47124.0	0	0.0	47124.0	9	0.5208333333333334	220.5	4	0.23148148148148148	189.0	0	0.0	189.0	0	0.0
login	12	32	48620.0	12	0.6944444444444444	48620.0	12	0.6944444444444444	227.5	5	0.28935185185185186	195.0	0	0.0	195.0	0	0.0
login	12	33	50116.0	12	0.6944444444444444	50116.0	8	0.46296296296296297	234.5	6	0.3472222222222222	201.0	0	0.0	201.0	0	0.0
login	12	34	51612.0	12	0.6944444444444444	51612.0	5	0.28935185185185186	241.5	4	0.23148148148148148	207.0	0	0.0	207.0	0	0.0
login	12	35	53108.0	0	0.0	53108.0	11	0.6365740740740741	248.5	8	0.46296296296296297	213.0	0	0.0	213.0	0	0.0
login	12	36	54604.0	12	0.6944444444444444	54604.0	12	0.6944444444444444	255.5	4	0.23148148148148148	219.0	0	0.0	219.0	0	0.0
login	12	37	56100.0	12	0.6944444444444444	56100.0	5	0.28935185185185186	262.5	9	0.5208333333333334	225.0	0	0.0	225.0	0	0.0
login	12	38	57596.0	12	0.6944444444444444	57596.0	8	0.46296296296296297	269.5	6	0.3472222222222222	231.0	0	0.0	231.0	0	0.0
login	12	39	59092.0	0	0.0	59092.0	11	0.6365740740740741	276.5	3	0.1736111111111111	237.0	0	0.0	237.0	0	0.0
login	12	40	60588.0	12	0.6944444444444444	60588.0	12	0.6944444444444444	283.5	11	0.6365740740740741	243.0	0	0.0	243.0	0	0.0
login	12	41	62084.0	12	0.6944444444444444	62084.0	4	0.23148148148148148	290.5	7	0.4050925925925926	249.0	0	0.0	249.0	0	0.0
login	12	42	63580.0	0	0.0	63580.0	8	0.46296296296296297	297.5	6	0.3472222222222222	255.0	0	0.0	255.0	0	0.0
login	12	43	65076.0	12	0.6944444444444444	65076.0	9	0.5208333333333334	304.5	8	0.46296296296296297	261.0	0	0.0	261.0	0	0.0
login	12	44	66572.0	12	0.6944444444444444	66572.0	8	0.46296296296296297	311.5	12	0.6944444444444444	267.0	0	0.0	267.0	0	0.0
login	12	45	68068.0	3	0.1736111111111111	68068.0	7	0.4050925925925926	318.5	10	0.5787037037037037	273.0	0	0.0	273.0	0	0.0
login	12	46	69564.0	9	0.5208333333333334	69564.0	12	0.6944444444444444	325.5	5	0.28935185185185186	279.0	0	0.0	279.0	0	0.0
login	12	47	71060.0	12	0.6944444444444444	71060.0	8	0.46296296296296297	332.5	9	0.5208333333333334	285.0	0	0.0	285.0	0	0.0
login	12	48	72556.0	12	0.6944444444444444	72556.0	5	0.28935185185185186	339.5	11	0.6365740740740741	291.0	0	0.0	291.0	0	0.0
login	12	49	74052.0	0	0.0	74052.0	11	0.6365740740740741	346.5	5	0.28935185185185186	297.0	0	0.0	297.0	0	0.0
login	12	50	75548.0	12	0.6944444444444444	75548.0	9	0.5208333333333334	353.5	14	0.8101851851851852	303.0	0	0.0	303.0	0	0.0
login	12	51	77044.0	12	0.6944444444444444	77044.0	7	0.4050925925925926	360.5	5	0.28935185185185186	309.0	0	0.0	309.0	0	0.0
login	12	52	78540.0	0	0.0	78540.0	8	0.46296296296296297	367.5	12	0.6944444444444444	315.0	0	0.0	315.0	0	0.0
login	12	53	80036.0	12	0.6944444444444444	80036.0	12	0.6944444444444444	374.5	11	0.6365740740740741	321.0	0	0.0	321.0	0	0.0
login	12	54	81532.0	12	0.6944444444444444	81532.0	8	0.46296296296296297	381.5	13	0.7523148148148148	327.0	0	0.0	327.0	0	0.0
login	12	55	83028.0	12	0.6944444444444444	83028.0	4	0.23148148148148148	388.5	12	0.6944444444444444	333.0	0	0.0	333.0	0	0.0
login	12	56	84524.0	0	0.0	84524.0	12	0.6944444444444444	395.5	18	1.0416666666666667	339.0	0	0.0	339.0	0	0.0
login	12	57	86020.0	12	0.6944444444444444	86020.0	12	0.6944444444444444	402.5	15	0.8680555555555556	345.0	0	0.0	345.0	0	0.0
login	12	58	87516.0	12	0.6944444444444444	87516.0	5	0.28935185185185186	409.5	16	0.9259259259259259	351.0	0	0.0	351.0	0	0.0
login	12	59	89012.0	12	0.6944444444444444	89012.0	7	0.4050925925925926	416.5	17	0.9837962962962963	357.0	0	0.0	357.0	0	0.0
login	12	60	90508.0	0	0.0	90508.0	12	0.6944444444444444	423.5	14	0.8101851851851852	363.0	0	0.0	363.0	0	0.0
login	12	61	92004.0	12	0.6944444444444444	92004.0	8	0.46296296296296297	430.5	13	0.7523148148148148	369.0	0	0.0	369.0	0	0.0
login	12	62	93500.0	12	0.6944444444444444	93500.0	6	0.3472222222222222	437.5	13	0.7523148148148148	375.0	0	0.0	375.0	0	0.0
login	12	63	94996.0	0	0.0	94996.0	10	0.5787037037037037	444.5	12	0.6944444444444444	381.0	0	0.0	381.0	0	0.0
login	12	64	96492.0	12	0.6944444444444444	96492.0	11	0.6365740740740741	451.5	13	0.7523148148148148	387.0	0	0.0	387.0	0	0.0
login	12	65	97988.0	12	0.6944444444444444	97988.0	7	0.4050925925925926	458.5	12	0.6944444444444444	393.0	0	0.0	393.0	0	0.0
login	12	66	99484.0	12	0.6944444444444444	99484.0	6	0.3472222222222222	465.5	14	0.8101851851851852	399.0	0	0.0	399.0	0	0.0
login	12	67	100980.0	0	0.0	100980.0	12	0.6944444444444444	472.5	14	0.8101851851851852	405.0	0	0.0	405.0	0	0.0
login	12	68	102476.0	12	0.6944444444444444	102476.0	12	0.6944444444444444	479.5	17	0.9837962962962963	411.0	0	0.0	411.0	0	0.0
login	12	69	103972.0	12	0.6944444444444444	103972.0	5	0.28935185185185186	486.5	18	1.0416666666666667	417.0	0	0.0	417.0	0	0.0
login	12	70	105468.0	9	0.5208333333333334	105468.0	7	0.4050925925925926	493.5	15	0.8680555555555556	423.0	0	0.0	423.0	0	0.0
login	12	71	106964.0	3	0.1736111111111111	106964.0	12	0.6944444444444444	500.5	18	1.0416666666666667	429.0	0	0.0	429.0	0	0.0
login	12	72	108460.0	12	0.6944444444444444	108460.0	10	0.5787037037037037	507.5	16	0.9259259259259259	435.0	0	0.0	435.0	0	0.0
login	12	73	109956.0	12	0.6944444444444444	109956.0	6	0.3472222222222222	514.5	12	0.6944444444444444	441.0	0	0.0	441.0	0	0.0
login	12	74	111452.0	9	0.5208333333333334	111452.0	8	0.46296296296296297	521.5	15	0.8680555555555556	447.0	0	0.0	447.0	0	0.0
login	12	75	112948.0	3	0.1736111111111111	112948.0	12	0.6944444444444444	528.5	14	0.8101851851851852	453.0	0	0.0	453.0	0	0.0
login	12	76	114444.0	12	0.6944444444444444	114444.0	6	0.3472222222222222	535.5	9	0.5208333333333334	459.0	0	0.0	459.0	0	0.0
login	12	77	115940.0	0	0.0	115940.0	6	0.3472222222222222	542.5	8	0.46296296296296297	465.0	0	0.0	465.0	0	0.0
login	12	78	117436.0	12	0.6944444444444444	117436.0	12	0.6944444444444444	549.5	11	0.6365740740740741	471.0	0	0.0	471.0	0	0.0
login	12	79	118932.0	12	0.6944444444444444	118932.0	8	0.46296296296296297	556.5	12	0.6944444444444444	477.0	0	0.0	477.0	0	0.0
login	12	80	120428.0	12	0.6944444444444444	120428.0	4	0.23148148148148148	563.5	9	0.5208333333333334	483.0	0	0.0	483.0	0	0.0
login	12	81	121924.0	0	0.0	121924.0	12	0.6944444444444444	570.5	9	0.5208333333333334	489.0	0	0.0	489.0	0	0.0
login	12	82	123420.0	12	0.6944444444444444	123420.0	7	0.4050925925925926	577.5	17	0.9837962962962963	495.0	0	0.0	495.0	0	0.0
login	12	83	124916.0	12	0.6944444444444444	124916.0	6	0.3472222222222222	584.5	13	0.7523148148148148	501.0	0	0.0	501.0	0	0.0
login	12	84	126412.0	0	0.0	126412.0	11	0.6365740740740741	591.5	19	1.099537037037037	507.0	0	0.0	507.0	0	0.0
login	12	85	127908.0	12	0.6944444444444444	127908.0	12	0.6944444444444444	598.5	15	0.8680555555555556	513.0	0	0.0	513.0	0	0.0
login	12	86	129404.0	12	0.6944444444444444	129404.0	5	0.28935185185185186	605.5	16	0.9259259259259259	519.0	0	0.0	519.0	0	0.0
login	12	87	130900.0	10	0.5787037037037037	130900.0	7	0.4050925925925926	612.5	12	0.6944444444444444	525.0	0	0.0	525.0	0	0.0
login	12	88	132396.0	2	0.11574074074074074	132396.0	12	0.6944444444444444	619.5	7	0.4050925925925926	531.0	0	0.0	531.0	0	0.0
login	12	89	133892.0	12	0.6944444444444444	133892.0	11	0.6365740740740741	626.5	8	0.46296296296296297	537.0	0	0.0	537.0	0	0.0
login	12	90	135388.0	12	0.6944444444444444	135388.0	5	0.28935185185185186	633.5	12	0.6944444444444444	543.0	0	0.0	543.0	0	0.0
login	12	91	136884.0	11	0.6365740740740741	136884.0	8	0.46296296296296297	640.5	9	0.5208333333333334	549.0	0	0.0	549.0	0	0.0
login	12	92	138380.0	1	0.05787037037037037	138380.0	12	0.6944444444444444	647.5	7	0.4050925925925926	555.0	0	0.0	555.0	0	0.0
login	12	93	139876.0	12	0.6944444444444444	139876.0	7	0.4050925925925926	654.5	10	0.5787037037037037	561.0	0	0.0	561.0	0	0.0
login	12	94	141372.0	12	0.6944444444444444	141372.0	5	0.28935185185185186	661.5	9	0.5208333333333334	567.0	0	0.0	567.0	0	0.0
login	12	95	142868.0	0	0.0	142868.0	12	0.6944444444444444	668.5	12	0.6944444444444444	573.0	0	0.0	573.0	0	0.0
login	12	96	144364.0	12	0.6944444444444444	144364.0	6	0.3472222222222222	675.5	13	0.7523148148148148	579.0	0	0.0	579.0	0	0.0
login	12	97	145860.0	12	0.6944444444444444	145860.0	6	0.3472222222222222	682.5	12	0.6944444444444444	585.0	0	0.0	585.0	0	0.0
login	12	98	147356.0	0	0.0	147356.0	12	0.6944444444444444	689.5	18	1.0416666666666667	591.0	0	0.0	591.0	0	0.0
login	12	99	148852.0	12	0.6944444444444444	148852.0	9	0.5208333333333334	696.5	16	0.9259259259259259	597.0	0	0.0	597.0	0	0.0
login	12	100	150348.0	12	0.6944444444444444	150348.0	7	0.4050925925925926	703.5	13	0.7523148148148148	603.0	0	0.0	603.0	0	0.0
login	12	101	151844.0	0	0.0	151844.0	8	0.46296296296296297	710.5	10	0.5787037037037037	609.0	0	0.0	609.0	0	0.0
login	12	102	153340.0	12	0.6944444444444444	153340.0	12	0.6944444444444444	717.5	10	0.5787037037037037	615.0	0	0.0	615.0	0	0.0
login	12	103	154836.0	12	0.6944444444444444	154836.0	7	0.4050925925925926	724.5	8	0.46296296296296297	621.0	0	0.0	621.0	0	0.0
login	12	104	156332.0	12	0.6944444444444444	156332.0	6	0.3472222222222222	731.5	10	0.5787037037037037	627.0	0	0.0	627.0	0	0.0
login	12	105	157828.0	0	0.0	157828.0	11	0.6365740740740741	738.5	7	0.4050925925925926	633.0	0	0.0	633.0	0	0.0
login	12	106	159324.0	12	0.6944444444444444	159324.0	10	0.5787037037037037	745.5	12	0.6944444444444444	639.0	0	0.0	639.0	0	0.0
login	12	107	160820.0	12	0.6944444444444444	160820.0	5	0.28935185185185186	752.5	16	0.9259259259259259	645.0	0	0.0	645.0	0	0.0
login	12	108	162316.0	12	0.6944444444444444	162316.0	9	0.5208333333333334	759.5	8	0.46296296296296297	651.0	0	0.0	651.0	0	0.0
login	12	109	163812.0	0	0.0	163812.0	12	0.6944444444444444	766.5	8	0.46296296296296297	657.0	0	0.0	657.0	0	0.0
login	12	110	165308.0	12	0.6944444444444444	165308.0	8	0.46296296296296297	773.5	21	1.2152777777777777	663.0	0	0.0	663.0	0	0.0
login	12	111	166804.0	12	0.6944444444444444	166804.0	5	0.28935185185185186	780.5	14	0.8101851851851852	669.0	0	0.0	669.0	0	0.0
login	12	112	168300.0	0	0.0	168300.0	11	0.6365740740740741	787.5	12	0.6944444444444444	675.0	0	0.0	675.0	0	0.0
login	12	113	169796.0	12	0.6944444444444444	169796.0	8	0.46296296296296297	794.5	10	0.5787037037037037	681.0	0	0.0	681.0	0	0.0
login	12	114	171292.0	12	0.6944444444444444	171292.0	5	0.28935185185185186	801.5	13	0.7523148148148148	687.0	0	0.0	687.0	0	0.0
login	12	115	172788.0	0	0.0	172788.0	11	0.6365740740740741	808.5	10	0.5787037037037037	693.0	0	0.0	693.0	0	0.0
login	12	116	174284.0	12	0.6944444444444444	174284.0	12	0.6944444444444444	815.5	13	0.7523148148148148	699.0	0	0.0	699.0	0	0.0
login	12	117	175780.0	12	0.6944444444444444	175780.0	6	0.3472222222222222	822.5	16	0.9259259259259259	705.0	0	0.0	705.0	0	0.0
login	12	118	177276.0	12	0.6944444444444444	177276.0	6	0.3472222222222222	829.5	13	0.7523148148148148	711.0	0	0.0	711.0	0	0.0
login	12	119	178772.0	0	0.0	178772.0	12	0.6944444444444444	836.5	13	0.7523148148148148	717.0	0	0.0	717.0	0	0.0
login	12	120	180268.0	12	0.6944444444444444	180268.0	9	0.5208333333333334	843.5	6	0.3472222222222222	723.0	0	0.0	723.0	0	0.0
login	12	121	181764.0	12	0.6944444444444444	181764.0	5	0.28935185185185186	850.5	13	0.7523148148148148	729.0	0	0.0	729.0	0	0.0
login	12	122	183260.0	0	0.0	183260.0	10	0.5787037037037037	857.5	5	0.28935185185185186	735.0	0	0.0	735.0	0	0.0
login	12	123	184756.0	12	0.6944444444444444	184756.0	12	0.6944444444444444	864.5	13	0.7523148148148148	741.0	0	0.0	741.0	0	0.0
login	12	124	186252.0	12	0.6944444444444444	186252.0	6	0.3472222222222222	871.5	10	0.5787037037037037	747.0	0	0.0	747.0	0	0.0
login	12	125	187748.0	12	0.6944444444444444	187748.0	7	0.4050925925925926	878.5	15	0.8680555555555556	753.0	0	0.0	753.0	0	0.0
login	12	126	189244.0	0	0.0	189244.0	11	0.6365740740740741	885.5	20	1.1574074074074074	759.0	0	0.0	759.0	0	0.0
login	12	127	190740.0	12	0.6944444444444444	190740.0	12	0.6944444444444444	892.5	24	1.3888888888888888	765.0	0	0.0	765.0	0	0.0
login	12	128	192236.0	12	0.6944444444444444	192236.0	7	0.4050925925925926	899.5	11	0.6365740740740741	771.0	0	0.0	771.0	0	0.0
login	12	129	193732.0	12	0.6944444444444444	193732.0	7	0.4050925925925926	906.5	17	0.9837962962962963	777.0	0	0.0	777.0	0	0.0
login	12	130	195228.0	0	0.0	195228.0	10	0.5787037037037037	913.5	12	0.6944444444444444	783.0	0	0.0	783.0	0	0.0
login	12	131	196724.0	12	0.6944444444444444	196724.0	12	0.6944444444444444	920.5	25	1.4467592592592593	789.0	0	0.0	789.0	0	0.0
login	12	132	198220.0	12	0.6944444444444444	198220.0	8	0.46296296296296297	927.5	10	0.5787037037037037	795.0	0	0.0	795.0	0	0.0
login	12	133	199716.0	12	0.6944444444444444	199716.0	6	0.3472222222222222	934.5	13	0.7523148148148148	801.0	0	0.0	801.0	0	0.0
login	12	134	201212.0	0	0.0	201212.0	10	0.5787037037037037	941.5	10	0.5787037037037037	807.0	0	0.0	807.0	0	0.0
login	12	135	202708.0	12	0.6944444444444444	202708.0	12	0.6944444444444444	948.5	11	0.6365740740740741	813.0	0	0.0	813.0	0	0.0
login	12	136	204204.0	12	0.6944444444444444	204204.0	3	0.1736111111111111	955.5	11	0.6365740740740741	819.0	0	0.0	819.0	0	0.0
login	12	137	205700.0	0	0.0	205700.0	9	0.5208333333333334	962.5	11	0.6365740740740741	825.0	0	0.0	825.0	0	0.0
login	12	138	207196.0	12	0.6944444444444444	207196.0	12	0.6944444444444444	969.5	15	0.8680555555555556	831.0	0	0.0	831.0	0	0.0
login	12	139	208692.0	12	0.6944444444444444	208692.0	10	0.5787037037037037	976.5	16	0.9259259259259259	837.0	0	0.0	837.0	0	0.0
login	12	140	210188.0	12	0.6944444444444444	210188.0	6	0.3472222222222222	983.5	15	0.8680555555555556	843.0	0	0.0	843.0	0	0.0
login	12	141	211684.0	0	0.0	211684.0	8	0.46296296296296297	990.5	20	1.1574074074074074	849.0	0	0.0	849.0	0	0.0
login	12	142	213180.0	12	0.6944444444444444	213180.0	12	0.6944444444444444	997.5	9	0.5208333333333334	855.0	0	0.0	855.0	0	0.0
login	12	143	214676.0	12	0.6944444444444444	214676.0	8	0.46296296296296297	1004.5	12	0.6944444444444444	861.0	0	0.0	861.0	0	0.0
login	12	144	216172.0	12	0.6944444444444444	216172.0	5	0.28935185185185186	1011.5	10	0.5787037037037037	867.0	0	0.0	867.0	0	0.0
login	12	145	217668.0	0	0.0	217668.0	11	0.6365740740740741	1018.5	14	0.8101851851851852	873.0	0	0.0	873.0	0	0.0
login	12	146	219164.0	12	0.6944444444444444	219164.0	12	0.6944444444444444	1025.5	11	0.6365740740740741	879.0	0	0.0	879.0	0	0.0
login	12	147	220660.0	12	0.6944444444444444	220660.0	5	0.28935185185185186	1032.5	12	0.6944444444444444	885.0	0	0.0	885.0	0	0.0
login	12	148	222156.0	12	0.6944444444444444	222156.0	7	0.4050925925925926	1039.5	12	0.6944444444444444	891.0	0	0.0	891.0	0	0.0
login	12	149	223652.0	0	0.0	223652.0	12	0.6944444444444444	1046.5	12	0.6944444444444444	897.0	0	0.0	897.0	0	0.0
login	12	150	225148.0	12	0.6944444444444444	225148.0	8	0.46296296296296297	1053.5	10	0.5787037037037037	903.0	0	0.0	903.0	0	0.0
login	12	151	226644.0	12	0.6944444444444444	226644.0	4	0.23148148148148148	1060.5	7	0.4050925925925926	909.0	0	0.0	909.0	0	0.0
login	12	152	228140.0	0	0.0	228140.0	12	0.6944444444444444	1067.5	14	0.8101851851851852	915.0	0	0.0	915.0	0	0.0
login	12	153	229636.0	12	0.6944444444444444	229636.0	8	0.46296296296296297	1074.5	13	0.7523148148148148	921.0	0	0.0	921.0	0	0.0
login	12	154	231132.0	12	0.6944444444444444	231132.0	9	0.5208333333333334	1081.5	8	0.46296296296296297	927.0	0	0.0	927.0	0	0.0
login	12	155	232628.0	0	0.0	232628.0	7	0.4050925925925926	1088.5	14	0.8101851851851852	933.0	0	0.0	933.0	0	0.0
login	12	156	234124.0	12	0.6944444444444444	234124.0	12	0.6944444444444444	1095.5	16	0.9259259259259259	939.0	0	0.0	939.0	0	0.0
login	12	157	235620.0	12	0.6944444444444444	235620.0	5	0.28935185185185186	1102.5	12	0.6944444444444444	945.0	0	0.0	945.0	0	0.0
login	12	158	237116.0	12	0.6944444444444444	237116.0	8	0.46296296296296297	1109.5	10	0.5787037037037037	951.0	0	0.0	951.0	0	0.0
login	12	159	238612.0	0	0.0	238612.0	11	0.6365740740740741	1116.5	12	0.6944444444444444	957.0	0	0.0	957.0	0	0.0
login	12	160	240108.0	12	0.6944444444444444	240108.0	12	0.6944444444444444	1123.5	11	0.6365740740740741	963.0	0	0.0	963.0	0	0.0
login	12	161	241604.0	12	0.6944444444444444	241604.0	5	0.28935185185185186	1130.5	6	0.3472222222222222	969.0	0	0.0	969.0	0	0.0
login	12	162	243100.0	12	0.6944444444444444	243100.0	7	0.4050925925925926	1137.5	13	0.7523148148148148	975.0	0	0.0	975.0	0	0.0
login	12	163	244596.0	0	0.0	244596.0	12	0.6944444444444444	1144.5	6	0.3472222222222222	981.0	0	0.0	981.0	0	0.0
login	12	164	246092.0	12	0.6944444444444444	246092.0	9	0.5208333333333334	1151.5	6	0.3472222222222222	987.0	0	0.0	987.0	0	0.0
login	12	165	247588.0	12	0.6944444444444444	247588.0	4	0.23148148148148148	1158.5	7	0.4050925925925926	993.0	0	0.0	993.0	0	0.0
login	12	166	249084.0	0	0.0	249084.0	11	0.6365740740740741	1165.5	9	0.5208333333333334	999.0	0	0.0	999.0	0	0.0
login	12	167	250580.0	12	0.6944444444444444	250580.0	12	0.6944444444444444	1172.5	8	0.46296296296296297	1005.0	0	0.0	1005.0	0	0.0
login	12	168	252076.0	12	0.6944444444444444	252076.0	6	0.3472222222222222	1179.5	7	0.4050925925925926	1011.0	0	0.0	1011.0	0	0.0
login	12	169	253572.0	11	0.6365740740740741	253572.0	6	0.3472222222222222	1186.5	7	0.4050925925925926	1017.0	0	0.0	1017.0	0	0.0
login	12	170	255068.0	1	0.05787037037037037	255068.0	12	0.6944444444444444	1193.5	19	1.099537037037037	1023.0	0	0.0	1023.0	0	0.0
login	12	171	256564.0	12	0.6944444444444444	256564.0	8	0.46296296296296297	1200.5	9	0.5208333333333334	1029.0	0	0.0	1029.0	0	0.0
login	12	172	258060.0	12	0.6944444444444444	258060.0	5	0.28935185185185186	1207.5	6	0.3472222222222222	1035.0	0	0.0	1035.0	0	0.0
login	12	173	259556.0	0	0.0	259556.0	11	0.6365740740740741	1214.5	5	0.28935185185185186	1041.0	0	0.0	1041.0	0	0.0
login	12	174	261052.0	12	0.6944444444444444	261052.0	12	0.6944444444444444	1221.5	6	0.3472222222222222	1047.0	0	0.0	1047.0	0	0.0
login	12	175	262548.0	12	0.6944444444444444	262548.0	7	0.4050925925925926	1228.5	4	0.23148148148148148	1053.0	0	0.0	1053.0	0	0.0
login	12	176	264044.0	12	0.6944444444444444	264044.0	5	0.28935185185185186	1235.5	1	0.05787037037037037	1059.0	0	0.0	1059.0	0	0.0
login	12	177	265540.0	0	0.0	265540.0	12	0.6944444444444444	1242.5	3	0.1736111111111111	1065.0	0	0.0	1065.0	0	0.0
login	12	178	267036.0	12	0.6944444444444444	267036.0	9	0.5208333333333334	1249.5	0	0.0	1071.0	0	0.0	1071.0	0	0.0
login	12	179	268532.0	12	0.6944444444444444	268532.0	5	0.28935185185185186	1256.5	4	0.23148148148148148	1077.0	0	0.0	1077.0	0	0.0
login	12	180	270028.0	0	0.0	270028.0	10	0.5787037037037037	1263.5	3	0.1736111111111111	1083.0	0	0.0	1083.0	0	0.0
login	12	181	271524.0	12	0.6944444444444444	271524.0	12	0.6944444444444444	1270.5	2	0.11574074074074074	1089.0	0	0.0	1089.0	0	0.0
login	12	182	273020.0	12	0.6944444444444444	273020.0	6	0.3472222222222222	1277.5	3	0.1736111111111111	1095.0	0	0.0	1095.0	0	0.0
login	12	183	274516.0	12	0.6944444444444444	274516.0	6	0.3472222222222222	1284.5	3	0.1736111111111111	1101.0	0	0.0	1101.0	0	0.0
login	12	184	276012.0	0	0.0	276012.0	12	0.6944444444444444	1291.5	1	0.05787037037037037	1107.0	0	0.0	1107.0	0	0.0
login	12	185	277508.0	12	0.6944444444444444	277508.0	9	0.5208333333333334	1298.5	4	0.23148148148148148	1113.0	0	0.0	1113.0	0	0.0
login	12	186	279004.0	12	0.6944444444444444	279004.0	4	0.23148148148148148	1305.5	1	0.05787037037037037	1119.0	0	0.0	1119.0	0	0.0
login	12	187	280500.0	0	0.0	280500.0	11	0.6365740740740741	1312.5	0	0.0	1125.0	0	0.0	1125.0	0	0.0
login	12	188	281996.0	12	0.6944444444444444	281996.0	12	0.6944444444444444	1319.5	0	0.0	1131.0	0	0.0	1131.0	0	0.0
login	12	189	283492.0	12	0.6944444444444444	283492.0	8	0.46296296296296297	1326.5	3	0.1736111111111111	1137.0	0	0.0	1137.0	0	0.0
login	12	190	284988.0	12	0.6944444444444444	284988.0	5	0.28935185185185186	1333.5	0	0.0	1143.0	0	0.0	1143.0	0	0.0
login	12	191	286484.0	0	0.0	286484.0	11	0.6365740740740741	1340.5	1	0.05787037037037037	1149.0	0	0.0	1149.0	0	0.0
login	12	192	287980.0	12	0.6944444444444444	287980.0	12	0.6944444444444444	1347.5	0	0.0	1155.0	0	0.0	1155.0	0	0.0
login	12	193	289476.0	12	0.6944444444444444	289476.0	5	0.28935185185185186	1354.5	0	0.0	1161.0	0	0.0	1161.0	0	0.0
login	12	194	290972.0	2	0.11574074074074074	290972.0	7	0.4050925925925926	1361.5	1	0.05787037037037037	1167.0	0	0.0	1167.0	0	0.0
login	12	195	292468.0	10	0.5787037037037037	292468.0	12	0.6944444444444444	1368.5	1	0.05787037037037037	1173.0	0	0.0	1173.0	0	0.0
login	12	196	293964.0	12	0.6944444444444444	293964.0	5	0.28935185185185186	1375.5	2	0.11574074074074074	1179.0	0	0.0	1179.0	0	0.0
login	12	197	295460.0	12	0.6944444444444444	295460.0	8	0.46296296296296297	1382.5	0	0.0	1185.0	0	0.0	1185.0	0	0.0
login	12	198	296956.0	0	0.0	296956.0	11	0.6365740740740741	1389.5	0	0.0	1191.0	0	0.0	1191.0	0	0.0
login	12	199	298452.0	12	0.6944444444444444	298452.0	12	0.6944444444444444	1396.5	0	0.0	1197.0	0	0.0	1197.0	0	0.0
info	12	0	747.0	12	0.6944444444444444	747.0	12	0.6944444444444444	3.0	217	12.55787037037037	3.0	1728	100.0	3.0	1728	100.0
info	12	1	2241.0	12	0.6944444444444444	2241.0	12	0.6944444444444444	9.0	51	2.951388888888889	9.0	0	0.0	9.0	0	0.0
info	12	2	3735.0	8	0.46296296296296297	3735.0	0	0.0	15.0	40	2.314814814814815	15.0	0	0.0	15.0	0	0.0
info	12	3	5229.0	5	0.28935185185185186	5229.0	12	0.6944444444444444	21.0	53	3.0671296296296298	21.0	0	0.0	21.0	0	0.0
info	12	4	6723.0	11	0.6365740740740741	6723.0	12	0.6944444444444444	27.0	45	2.6041666666666665	27.0	0	0.0	27.0	0	0.0
info	12	5	8217.0	12	0.6944444444444444	8217.0	11	0.6365740740740741	33.0	42	2.4305555555555554	33.0	0	0.0	33.0	0	0.0
info	12	6	9711.0	5	0.28935185185185186	9711.0	1	0.05787037037037037	39.0	26	1.5046296296296295	39.0	0	0.0	39.0	0	0.0
info	12	7	11205.0	7	0.4050925925925926	11205.0	12	0.6944444444444444	45.0	17	0.9837962962962963	45.0	0	0.0	45.0	0	0.0
info	12	8	12699.0	12	0.6944444444444444	12699.0	12	0.6944444444444444	51.0	19	1.099537037037037	51.0	0	0.0	51.0	0	0.0
info	12	9	14193.0	8	0.46296296296296297	14193.0	0	0.0	57.0	36	2.0833333333333335	57.0	0	0.0	57.0	0	0.0
info	12	10	15687.0	4	0.23148148148148148	15687.0	12	0.6944444444444444	63.0	27	1.5625	63.0	0	0.0	63.0	0	0.0
info	12	11	17181.0	12	0.6944444444444444	17181.0	12	0.6944444444444444	69.0	20	1.1574074074074074	69.0	0	0.0	69.0	0	0.0
info	12	12	18675.0	12	0.6944444444444444	18675.0	12	0.6944444444444444	75.0	23	1.3310185185185186	75.0	0	0.0	75.0	0	0.0
info	12	13	20169.0	6	0.3472222222222222	20169.0	0	0.0	81.0	20	1.1574074074074074	81.0	0	0.0	81.0	0	0.0
info	12	14	21663.0	6	0.3472222222222222	21663.0	12	0.6944444444444444	87.0	9	0.5208333333333334	87.0	0	0.0	87.0	0	0.0
info	12	15	23157.0	12	0.6944444444444444	23157.0	12	0.6944444444444444	93.0	8	0.46296296296296297	93.0	0	0.0	93.0	0	0.0
info	12	16	24651.0	5	0.28935185185185186	24651.0	0	0.0	99.0	7	0.4050925925925926	99.0	0	0.0	99.0	0	0.0
info	12	17	26145.0	7	0.4050925925925926	26145.0	12	0.6944444444444444	105.0	9	0.5208333333333334	105.0	0	0.0	105.0	0	0.0
info	12	18	27639.0	12	0.6944444444444444	27639.0	12	0.6944444444444444	111.0	13	0.7523148148148148	111.0	0	0.0	111.0	0	0.0
info	12	19	29133.0	7	0.4050925925925926	29133.0	0	0.0	117.0	5	0.28935185185185186	117.0	0	0.0	117.0	0	0.0
info	12	20	30627.0	9	0.5208333333333334	30627.0	12	0.6944444444444444	123.0	1	0.05787037037037037	123.0	0	0.0	123.0	0	0.0
info	12	21	32121.0	8	0.46296296296296297	32121.0	12	0.6944444444444444	129.0	5	0.28935185185185186	129.0	0	0.0	129.0	0	0.0
info	12	22	33615.0	12	0.6944444444444444	33615.0	12	0.6944444444444444	135.0	4	0.23148148148148148	135.0	0	0.0	135.0	0	0.0
info	12	23	35109.0	5	0.28935185185185186	35109.0	0	0.0	141.0	5	0.28935185185185186	141.0	0	0.0	141.0	0	0.0
info	12	24	36603.0	7	0.4050925925925926	36603.0	12	0.6944444444444444	147.0	5	0.28935185185185186	147.0	0	0.0	147.0	0	0.0
info	12	25	38097.0	12	0.6944444444444444	38097.0	12	0.6944444444444444	153.0	7	0.4050925925925926	153.0	0	0.0	153.0	0	0.0
info	12	26	39591.0	12	0.6944444444444444	39591.0	12	0.6944444444444444	159.0	3	0.1736111111111111	159.0	0	0.0	159.0	0	0.0
info	12	27	41085.0	5	0.28935185185185186	41085.0	0	0.0	165.0	6	0.3472222222222222	165.0	0	0.0	165.0	0	0.0
info	12	28	42579.0	7	0.4050925925925926	42579.0	12	0.6944444444444444	171.0	4	0.23148148148148148	171.0	0	0.0	171.0	0	0.0
info	12	29	44073.0	12	0.6944444444444444	44073.0	12	0.6944444444444444	177.0	4	0.23148148148148148	177.0	0	0.0	177.0	0	0.0
info	12	30	45567.0	7	0.4050925925925926	45567.0	0	0.0	183.0	7	0.4050925925925926	183.0	0	0.0	183.0	0	0.0
info	12	31	47061.0	6	0.3472222222222222	47061.0	12	0.6944444444444444	189.0	7	0.4050925925925926	189.0	0	0.0	189.0	0	0.0
info	12	32	48555.0	11	0.6365740740740741	48555.0	12	0.6944444444444444	195.0	5	0.28935185185185186	195.0	0	0.0	195.0	0	0.0
info	12	33	50049.0	12	0.6944444444444444	50049.0	12	0.6944444444444444	201.0	6	0.3472222222222222	201.0	0	0.0	201.0	0	0.0
info	12	34	51543.0	7	0.4050925925925926	51543.0	0	0.0	207.0	7	0.4050925925925926	207.0	0	0.0	207.0	0	0.0
info	12	35	53037.0	5	0.28935185185185186	53037.0	12	0.6944444444444444	213.0	12	0.6944444444444444	213.0	0	0.0	213.0	0	0.0
info	12	36	54531.0	12	0.6944444444444444	54531.0	12	0.6944444444444444	219.0	5	0.28935185185185186	219.0	0	0.0	219.0	0	0.0
info	12	37	56025.0	9	0.5208333333333334	56025.0	9	0.5208333333333334	225.0	14	0.8101851851851852	225.0	0	0.0	225.0	0	0.0
info	12	38	57519.0	7	0.4050925925925926	57519.0	3	0.1736111111111111	231.0	9	0.5208333333333334	231.0	0	0.0	231.0	0	0.0
info	12	39	59013.0	8	0.46296296296296297	59013.0	12	0.6944444444444444	237.0	5	0.28935185185185186	237.0	0	0.0	237.0	0	0.0
info	12	40	60507.0	12	0.6944444444444444	60507.0	12	0.6944444444444444	243.0	7	0.4050925925925926	243.0	0	0.0	243.0	0	0.0
info	12	41	62001.0	8	0.46296296296296297	62001.0	0	0.0	249.0	4	0.23148148148148148	249.0	0	0.0	249.0	0	0.0
info	12	42	63495.0	4	0.23148148148148148	63495.0	12	0.6944444444444444	255.0	9	0.5208333333333334	255.0	0	0.0	255.0	0	0.0
info	12	43	64989.0	12	0.6944444444444444	64989.0	12	0.6944444444444444	261.0	6	0.3472222222222222	261.0	0	0.0	261.0	0	0.0
info	12	44	66483.0	7	0.4050925925925926	66483.0	0	0.0	267.0	8	0.46296296296296297	267.0	0	0.0	267.0	0	0.0
info	12	45	67977.0	6	0.3472222222222222	67977.0	12	0.6944444444444444	273.0	7	0.4050925925925926	273.0	0	0.0	273.0	0	0.0
info	12	46	69471.0	11	0.6365740740740741	69471.0	12	0.6944444444444444	279.0	10	0.5787037037037037	279.0	0	0.0	279.0	0	0.0
info	12	47	70965.0	12	0.6944444444444444	70965.0	12	0.6944444444444444	285.0	13	0.7523148148148148	285.0	0	0.0	285.0	0	0.0
info	12	48	72459.0	4	0.23148148148148148	72459.0	0	0.0	291.0	12	0.6944444444444444	291.0	0	0.0	291.0	0	0.0
info	12	49	73953.0	8	0.46296296296296297	73953.0	12	0.6944444444444444	297.0	13	0.7523148148148148	297.0	0	0.0	297.0	0	0.0
info	12	50	75447.0	12	0.6944444444444444	75447.0	12	0.6944444444444444	303.0	20	1.1574074074074074	303.0	0	0.0	303.0	0	0.0
info	12	51	76941.0	8	0.46296296296296297	76941.0	0	0.0	309.0	21	1.2152777777777777	309.0	0	0.0	309.0	0	0.0
info	12	52	78435.0	5	0.28935185185185186	78435.0	12	0.6944444444444444	315.0	9	0.5208333333333334	315.0	0	0.0	315.0	0	0.0
info	12	53	79929.0	11	0.6365740740740741	79929.0	12	0.6944444444444444	321.0	10	0.5787037037037037	321.0	0	0.0	321.0	0	0.0
info	12	54	81423.0	12	0.6944444444444444	81423.0	12	0.6944444444444444	327.0	8	0.46296296296296297	327.0	0	0.0	327.0	0	0.0
info	12	55	82917.0	4	0.23148148148148148	82917.0	0	0.0	333.0	5	0.28935185185185186	333.0	0	0.0	333.0	0	0.0
info	12	56	84411.0	8	0.46296296296296297	84411.0	12	0.6944444444444444	339.0	4	0.23148148148148148	339.0	0	0.0	339.0	0	0.0
info	12	57	85905.0	12	0.6944444444444444	85905.0	12	0.6944444444444444	345.0	7	0.4050925925925926	345.0	0	0.0	345.0	0	0.0
info	12	58	87399.0	9	0.5208333333333334	87399.0	9	0.5208333333333334	351.0	3	0.1736111111111111	351.0	0	0.0	351.0	0	0.0
info	12	59	88893.0	7	0.4050925925925926	88893.0	3	0.1736111111111111	357.0	9	0.5208333333333334	357.0	0	0.0	357.0	0	0.0
info	12	60	90387.0	8	0.46296296296296297	90387.0	12	0.6944444444444444	363.0	6	0.3472222222222222	363.0	0	0.0	363.0	0	0.0
info	12	61	91881.0	12	0.6944444444444444	91881.0	12	0.6944444444444444	369.0	11	0.6365740740740741	369.0	0	0.0	369.0	0	0.0
info	12	62	93375.0	6	0.3472222222222222	93375.0	0	0.0	375.0	7	0.4050925925925926	375.0	0	0.0	375.0	0	0.0
info	12	63	94869.0	6	0.3472222222222222	94869.0	12	0.6944444444444444	381.0	12	0.6944444444444444	381.0	0	0.0	381.0	0	0.0
info	12	64	96363.0	12	0.6944444444444444	96363.0	12	0.6944444444444444	387.0	18	1.0416666666666667	387.0	0	0.0	387.0	0	0.0
info	12	65	97857.0	12	0.6944444444444444	97857.0	11	0.6365740740740741	393.0	17	0.9837962962962963	393.0	0	0.0	393.0	0	0.0
info	12	66	99351.0	5	0.28935185185185186	99351.0	1	0.05787037037037037	399.0	16	0.9259259259259259	399.0	0	0.0	399.0	0	0.0
info	12	67	100845.0	7	0.4050925925925926	100845.0	12	0.6944444444444444	405.0	14	0.8101851851851852	405.0	0	0.0	405.0	0	0.0
info	12	68	102339.0	12	0.6944444444444444	102339.0	12	0.6944444444444444	411.0	17	0.9837962962962963	411.0	0	0.0	411.0	0	0.0
info	12	69	103833.0	7	0.4050925925925926	103833.0	0	0.0	417.0	8	0.46296296296296297	417.0	0	0.0	417.0	0	0.0
info	12	70	105327.0	6	0.3472222222222222	105327.0	12	0.6944444444444444	423.0	5	0.28935185185185186	423.0	0	0.0	423.0	0	0.0
info	12	71	106821.0	11	0.6365740740740741	106821.0	12	0.6944444444444444	429.0	12	0.6944444444444444	429.0	0	0.0	429.0	0	0.0
info	12	72	108315.0	12	0.6944444444444444	108315.0	12	0.6944444444444444	435.0	7	0.4050925925925926	435.0	0	0.0	435.0	0	0.0
info	12	73	109809.0	6	0.3472222222222222	109809.0	0	0.0	441.0	13	0.7523148148148148	441.0	0	0.0	441.0	0	0.0
info	12	74	111303.0	7	0.4050925925925926	111303.0	12	0.6944444444444444	447.0	8	0.46296296296296297	447.0	0	0.0	447.0	0	0.0
info	12	75	112797.0	11	0.6365740740740741	112797.0	12	0.6944444444444444	453.0	8	0.46296296296296297	453.0	0	0.0	453.0	0	0.0
info	12	76	114291.0	8	0.46296296296296297	114291.0	0	0.0	459.0	9	0.5208333333333334	459.0	0	0.0	459.0	0	0.0
info	12	77	115785.0	4	0.23148148148148148	115785.0	12	0.6944444444444444	465.0	10	0.5787037037037037	465.0	0	0.0	465.0	0	0.0
info	12	78	117279.0	12	0.6944444444444444	117279.0	12	0.6944444444444444	471.0	9	0.5208333333333334	471.0	0	0.0	471.0	0	0.0
info	12	79	118773.0	12	0.6944444444444444	118773.0	12	0.6944444444444444	477.0	14	0.8101851851851852	477.0	0	0.0	477.0	0	0.0
info	12	80	120267.0	4	0.23148148148148148	120267.0	0	0.0	483.0	13	0.7523148148148148	483.0	0	0.0	483.0	0	0.0
info	12	81	121761.0	8	0.46296296296296297	121761.0	12	0.6944444444444444	489.0	22	1.2731481481481481	489.0	0	0.0	489.0	0	0.0
info	12	82	123255.0	12	0.6944444444444444	123255.0	12	0.6944444444444444	495.0	18	1.0416666666666667	495.0	0	0.0	495.0	0	0.0
info	12	83	124749.0	7	0.4050925925925926	124749.0	0	0.0	501.0	20	1.1574074074074074	501.0	0	0.0	501.0	0	0.0
info	12	84	126243.0	5	0.28935185185185186	126243.0	12	0.6944444444444444	507.0	18	1.0416666666666667	507.0	0	0.0	507.0	0	0.0
info	12	85	127737.0	12	0.6944444444444444	127737.0	12	0.6944444444444444	513.0	8	0.46296296296296297	513.0	0	0.0	513.0	0	0.0
info	12	86	129231.0	8	0.46296296296296297	129231.0	0	0.0	519.0	14	0.8101851851851852	519.0	0	0.0	519.0	0	0.0
info	12	87	130725.0	7	0.4050925925925926	130725.0	12	0.6944444444444444	525.0	9	0.5208333333333334	525.0	0	0.0	525.0	0	0.0
info	12	88	132219.0	9	0.5208333333333334	132219.0	12	0.6944444444444444	531.0	3	0.1736111111111111	531.0	0	0.0	531.0	0	0.0
info	12	89	133713.0	12	0.6944444444444444	133713.0	12	0.6944444444444444	537.0	4	0.23148148148148148	537.0	0	0.0	537.0	0	0.0
info	12	90	135207.0	8	0.46296296296296297	135207.0	0	0.0	543.0	6	0.3472222222222222	543.0	0	0.0	543.0	0	0.0
info	12	91	136701.0	5	0.28935185185185186	136701.0	12	0.6944444444444444	549.0	8	0.46296296296296297	549.0	0	0.0	549.0	0	0.0
info	12	92	138195.0	11	0.6365740740740741	138195.0	12	0.6944444444444444	555.0	11	0.6365740740740741	555.0	0	0.0	555.0	0	0.0
info	12	93	139689.0	8	0.46296296296296297	139689.0	0	0.0	561.0	7	0.4050925925925926	561.0	0	0.0	561.0	0	0.0
info	12	94	141183.0	5	0.28935185185185186	141183.0	12	0.6944444444444444	567.0	10	0.5787037037037037	567.0	0	0.0	567.0	0	0.0
info	12	95	142677.0	11	0.6365740740740741	142677.0	12	0.6944444444444444	573.0	11	0.6365740740740741	573.0	0	0.0	573.0	0	0.0
info	12	96	144171.0	10	0.5787037037037037	144171.0	10	0.5787037037037037	579.0	9	0.5208333333333334	579.0	0	0.0	579.0	0	0.0
info	12	97	145665.0	6	0.3472222222222222	145665.0	2	0.11574074074074074	585.0	9	0.5208333333333334	585.0	0	0.0	585.0	0	0.0
info	12	98	147159.0	8	0.46296296296296297	147159.0	12	0.6944444444444444	591.0	16	0.9259259259259259	591.0	0	0.0	591.0	0	0.0
info	12	99	148653.0	12	0.6944444444444444	148653.0	12	0.6944444444444444	597.0	15	0.8680555555555556	597.0	0	0.0	597.0	0	0.0
info	12	100	150147.0	5	0.28935185185185186	150147.0	0	0.0	603.0	13	0.7523148148148148	603.0	0	0.0	603.0	0	0.0
info	12	101	151641.0	7	0.4050925925925926	151641.0	12	0.6944444444444444	609.0	11	0.6365740740740741	609.0	0	0.0	609.0	0	0.0
info	12	102	153135.0	12	0.6944444444444444	153135.0	12	0.6944444444444444	615.0	14	0.8101851851851852	615.0	0	0.0	615.0	0	0.0
info	12	103	154629.0	11	0.6365740740740741	154629.0	11	0.6365740740740741	621.0	7	0.4050925925925926	621.0	0	0.0	621.0	0	0.0
info	12	104	156123.0	3	0.1736111111111111	156123.0	1	0.05787037037037037	627.0	7	0.4050925925925926	627.0	0	0.0	627.0	0	0.0
info	12	105	157617.0	10	0.5787037037037037	157617.0	12	0.6944444444444444	633.0	3	0.1736111111111111	633.0	0	0.0	633.0	0	0.0
info	12	106	159111.0	12	0.6944444444444444	159111.0	12	0.6944444444444444	639.0	4	0.23148148148148148	639.0	0	0.0	639.0	0	0.0
info	12	107	160605.0	7	0.4050925925925926	160605.0	0	0.0	645.0	8	0.46296296296296297	645.0	0	0.0	645.0	0	0.0
info	12	108	162099.0	5	0.28935185185185186	162099.0	12	0.6944444444444444	651.0	2	0.11574074074074074	651.0	0	0.0	651.0	0	0.0
info	12	109	163593.0	12	0.6944444444444444	163593.0	12	0.6944444444444444	657.0	8	0.46296296296296297	657.0	0	0.0	657.0	0	0.0
info	12	110	165087.0	12	0.6944444444444444	165087.0	12	0.6944444444444444	663.0	9	0.5208333333333334	663.0	0	0.0	663.0	0	0.0
info	12	111	166581.0	2	0.11574074074074074	166581.0	0	0.0	669.0	6	0.3472222222222222	669.0	0	0.0	669.0	0	0.0
info	12	112	168075.0	10	0.5787037037037037	168075.0	12	0.6944444444444444	675.0	12	0.6944444444444444	675.0	0	0.0	675.0	0	0.0
info	12	113	169569.0	12	0.6944444444444444	169569.0	12	0.6944444444444444	681.0	7	0.4050925925925926	681.0	0	0.0	681.0	0	0.0
info	12	114	171063.0	4	0.23148148148148148	171063.0	0	0.0	687.0	12	0.6944444444444444	687.0	0	0.0	687.0	0	0.0
info	12	115	172557.0	8	0.46296296296296297	172557.0	12	0.6944444444444444	693.0	3	0.1736111111111111	693.0	0	0.0	693.0	0	0.0
info	12	116	174051.0	12	0.6944444444444444	174051.0	12	0.6944444444444444	699.0	9	0.5208333333333334	699.0	0	0.0	699.0	0	0.0
info	12	117	175545.0	8	0.46296296296296297	175545.0	0	0.0	705.0	10	0.5787037037037037	705.0	0	0.0	705.0	0	0.0
info	12	118	177039.0	5	0.28935185185185186	177039.0	12	0.6944444444444444	711.0	8	0.46296296296296297	711.0	0	0.0	711.0	0	0.0
info	12	119	178533.0	11	0.6365740740740741	178533.0	12	0.6944444444444444	717.0	7	0.4050925925925926	717.0	0	0.0	717.0	0	0.0
info	12	120	180027.0	11	0.6365740740740741	180027.0	11	0.6365740740740741	723.0	7	0.4050925925925926	723.0	0	0.0	723.0	0	0.0
info	12	121	181521.0	5	0.28935185185185186	181521.0	1	0.05787037037037037	729.0	2	0.11574074074074074	729.0	0	0.0	729.0	0	0.0
info	12	122	183015.0	8	0.46296296296296297	183015.0	12	0.6944444444444444	735.0	8	0.46296296296296297	735.0	0	0.0	735.0	0	0.0
info	12	123	184509.0	12	0.6944444444444444	184509.0	12	0.6944444444444444	741.0	7	0.4050925925925926	741.0	0	0.0	741.0	0	0.0
info	12	124	186003.0	9	0.5208333333333334	186003.0	9	0.5208333333333334	747.0	4	0.23148148148148148	747.0	0	0.0	747.0	0	0.0
info	12	125	187497.0	8	0.46296296296296297	187497.0	3	0.1736111111111111	753.0	4	0.23148148148148148	753.0	0	0.0	753.0	0	0.0
info	12	126	188991.0	7	0.4050925925925926	188991.0	12	0.6944444444444444	759.0	1	0.05787037037037037	759.0	0	0.0	759.0	0	0.0
info	12	127	190485.0	12	0.6944444444444444	190485.0	12	0.6944444444444444	765.0	7	0.4050925925925926	765.0	0	0.0	765.0	0	0.0
info	12	128	191979.0	10	0.5787037037037037	191979.0	10	0.5787037037037037	771.0	1	0.05787037037037037	771.0	0	0.0	771.0	0	0.0
info	12	129	193473.0	7	0.4050925925925926	193473.0	2	0.11574074074074074	777.0	5	0.28935185185185186	777.0	0	0.0	777.0	0	0.0
info	12	130	194967.0	7	0.4050925925925926	194967.0	12	0.6944444444444444	783.0	7	0.4050925925925926	783.0	0	0.0	783.0	0	0.0
info	12	131	196461.0	12	0.6944444444444444	196461.0	12	0.6944444444444444	789.0	6	0.3472222222222222	789.0	0	0.0	789.0	0	0.0
info	12	132	197955.0	12	0.6944444444444444	197955.0	9	0.5208333333333334	795.0	3	0.1736111111111111	795.0	0	0.0	795.0	0	0.0
info	12	133	199449.0	5	0.28935185185185186	199449.0	3	0.1736111111111111	801.0	4	0.23148148148148148	801.0	0	0.0	801.0	0	0.0
info	12	134	200943.0	7	0.4050925925925926	200943.0	12	0.6944444444444444	807.0	4	0.23148148148148148	807.0	0	0.0	807.0	0	0.0
info	12	135	202437.0	12	0.6944444444444444	202437.0	12	0.6944444444444444	813.0	4	0.23148148148148148	813.0	0	0.0	813.0	0	0.0
info	12	136	203931.0	6	0.3472222222222222	203931.0	0	0.0	819.0	3	0.1736111111111111	819.0	0	0.0	819.0	0	0.0
info	12	137	205425.0	6	0.3472222222222222	205425.0	12	0.6944444444444444	825.0	4	0.23148148148148148	825.0	0	0.0	825.0	0	0.0
info	12	138	206919.0	12	0.6944444444444444	206919.0	12	0.6944444444444444	831.0	4	0.23148148148148148	831.0	0	0.0	831.0	0	0.0
info	12	139	208413.0	12	0.6944444444444444	208413.0	12	0.6944444444444444	837.0	1	0.05787037037037037	837.0	0	0.0	837.0	0	0.0
info	12	140	209907.0	4	0.23148148148148148	209907.0	0	0.0	843.0	3	0.1736111111111111	843.0	0	0.0	843.0	0	0.0
info	12	141	211401.0	8	0.46296296296296297	211401.0	12	0.6944444444444444	849.0	4	0.23148148148148148	849.0	0	0.0	849.0	0	0.0
info	12	142	212895.0	12	0.6944444444444444	212895.0	12	0.6944444444444444	855.0	3	0.1736111111111111	855.0	0	0.0	855.0	0	0.0
info	12	143	214389.0	8	0.46296296296296297	214389.0	0	0.0	861.0	6	0.3472222222222222	861.0	0	0.0	861.0	0	0.0
info	12	144	215883.0	5	0.28935185185185186	215883.0	12	0.6944444444444444	867.0	0	0.0	867.0	0	0.0	867.0	0	0.0
info	12	145	217377.0	11	0.6365740740740741	217377.0	12	0.6944444444444444	873.0	1	0.05787037037037037	873.0	0	0.0	873.0	0	0.0
info	12	146	218871.0	12	0.6944444444444444	218871.0	12	0.6944444444444444	879.0	0	0.0	879.0	0	0.0	879.0	0	0.0
info	12	147	220365.0	6	0.3472222222222222	220365.0	0	0.0	885.0	1	0.05787037037037037	885.0	0	0.0	885.0	0	0.0
info	12	148	221859.0	7	0.4050925925925926	221859.0	12	0.6944444444444444	891.0	2	0.11574074074074074	891.0	0	0.0	891.0	0	0.0
info	12	149	223353.0	11	0.6365740740740741	223353.0	12	0.6944444444444444	897.0	1	0.05787037037037037	897.0	0	0.0	897.0	0	0.0
info	12	150	224847.0	9	0.5208333333333334	224847.0	1	0.05787037037037037	903.0	1	0.05787037037037037	903.0	0	0.0	903.0	0	0.0
info	12	151	226341.0	3	0.1736111111111111	226341.0	11	0.6365740740740741	909.0	2	0.11574074074074074	909.0	0	0.0	909.0	0	0.0
info	12	152	227835.0	12	0.6944444444444444	227835.0	12	0.6944444444444444	915.0	1	0.05787037037037037	915.0	0	0.0	915.0	0	0.0
info	12	153	229329.0	12	0.6944444444444444	229329.0	12	0.6944444444444444	921.0	1	0.05787037037037037	921.0	0	0.0	921.0	0	0.0
info	12	154	230823.0	6	0.3472222222222222	230823.0	0	0.0	927.0	0	0.0	927.0	0	0.0	927.0	0	0.0
info	12	155	232317.0	6	0.3472222222222222	232317.0	12	0.6944444444444444	933.0	1	0.05787037037037037	933.0	0	0.0	933.0	0	0.0
info	12	156	233811.0	12	0.6944444444444444	233811.0	12	0.6944444444444444	939.0	0	0.0	939.0	0	0.0	939.0	0	0.0
info	12	157	235305.0	9	0.5208333333333334	235305.0	7	0.4050925925925926	945.0	0	0.0	945.0	0	0.0	945.0	0	0.0
info	12	158	236799.0	4	0.23148148148148148	236799.0	5	0.28935185185185186	951.0	1	0.05787037037037037	951.0	0	0.0	951.0	0	0.0
info	12	159	238293.0	11	0.6365740740740741	238293.0	12	0.6944444444444444	957.0	1	0.05787037037037037	957.0	0	0.0	957.0	0	0.0
info	12	160	239787.0	12	0.6944444444444444	239787.0	12	0.6944444444444444	963.0	0	0.0	963.0	0	0.0	963.0	0	0.0
info	12	161	241281.0	7	0.4050925925925926	241281.0	0	0.0	969.0	1	0.05787037037037037	969.0	0	0.0	969.0	0	0.0
info	12	162	242775.0	5	0.28935185185185186	242775.0	12	0.6944444444444444	975.0	0	0.0	975.0	0	0.0	975.0	0	0.0
info	12	163	244269.0	12	0.6944444444444444	244269.0	12	0.6944444444444444	981.0	1	0.05787037037037037	981.0	0	0.0	981.0	0	0.0
info	12	164	245763.0	10	0.5787037037037037	245763.0	10	0.5787037037037037	987.0	1	0.05787037037037037	987.0	0	0.0	987.0	0	0.0
info	12	165	247257.0	7	0.4050925925925926	247257.0	2	0.11574074074074074	993.0	0	0.0	993.0	0	0.0	993.0	0	0.0
info	12	166	248751.0	7	0.4050925925925926	248751.0	12	0.6944444444444444	999.0	2	0.11574074074074074	999.0	0	0.0	999.0	0	0.0
info	12	167	250245.0	12	0.6944444444444444	250245.0	12	0.6944444444444444	1005.0	0	0.0	1005.0	0	0.0	1005.0	0	0.0
info	12	168	251739.0	6	0.3472222222222222	251739.0	0	0.0	1011.0	0	0.0	1011.0	0	0.0	1011.0	0	0.0
info	12	169	253233.0	6	0.3472222222222222	253233.0	12	0.6944444444444444	1017.0	0	0.0	1017.0	0	0.0	1017.0	0	0.0
info	12	170	254727.0	12	0.6944444444444444	254727.0	12	0.6944444444444444	1023.0	0	0.0	1023.0	0	0.0	1023.0	0	0.0
info	12	171	256221.0	8	0.46296296296296297	256221.0	0	0.0	1029.0	0	0.0	1029.0	0	0.0	1029.0	0	0.0
info	12	172	257715.0	5	0.28935185185185186	257715.0	12	0.6944444444444444	1035.0	0	0.0	1035.0	0	0.0	1035.0	0	0.0
info	12	173	259209.0	11	0.6365740740740741	259209.0	12	0.6944444444444444	1041.0	1	0.05787037037037037	1041.0	0	0.0	1041.0	0	0.0
info	12	174	260703.0	12	0.6944444444444444	260703.0	12	0.6944444444444444	1047.0	0	0.0	1047.0	0	0.0	1047.0	0	0.0
info	12	175	262197.0	8	0.46296296296296297	262197.0	0	0.0	1053.0	0	0.0	1053.0	0	0.0	1053.0	0	0.0
info	12	176	263691.0	5	0.28935185185185186	263691.0	12	0.6944444444444444	1059.0	0	0.0	1059.0	0	0.0	1059.0	0	0.0
info	12	177	265185.0	11	0.6365740740740741	265185.0	12	0.6944444444444444	1065.0	1	0.05787037037037037	1065.0	0	0.0	1065.0	0	0.0
info	12	178	266679.0	10	0.5787037037037037	266679.0	10	0.5787037037037037	1071.0	0	0.0	1071.0	0	0.0	1071.0	0	0.0
info	12	179	268173.0	7	0.4050925925925926	268173.0	2	0.11574074074074074	1077.0	0	0.0	1077.0	0	0.0	1077.0	0	0.0
info	12	180	269667.0	7	0.4050925925925926	269667.0	12	0.6944444444444444	1083.0	1	0.05787037037037037	1083.0	0	0.0	1083.0	0	0.0
info	12	181	271161.0	12	0.6944444444444444	271161.0	12	0.6944444444444444	1089.0	0	0.0	1089.0	0	0.0	1089.0	0	0.0
info	12	182	272655.0	7	0.4050925925925926	272655.0	0	0.0	1095.0	0	0.0	1095.0	0	0.0	1095.0	0	0.0
info	12	183	274149.0	6	0.3472222222222222	274149.0	12	0.6944444444444444	1101.0	0	0.0	1101.0	0	0.0	1101.0	0	0.0
info	12	184	275643.0	11	0.6365740740740741	275643.0	12	0.6944444444444444	1107.0	0	0.0	1107.0	0	0.0	1107.0	0	0.0
info	12	185	277137.0	9	0.5208333333333334	277137.0	9	0.5208333333333334	1113.0	0	0.0	1113.0	0	0.0	1113.0	0	0.0
info	12	186	278631.0	6	0.3472222222222222	278631.0	3	0.1736111111111111	1119.0	0	0.0	1119.0	0	0.0	1119.0	0	0.0
info	12	187	280125.0	9	0.5208333333333334	280125.0	12	0.6944444444444444	1125.0	0	0.0	1125.0	0	0.0	1125.0	0	0.0
info	12	188	281619.0	12	0.6944444444444444	281619.0	12	0.6944444444444444	1131.0	0	0.0	1131.0	0	0.0	1131.0	0	0.0
info	12	189	283113.0	8	0.46296296296296297	283113.0	0	0.0	1137.0	0	0.0	1137.0	0	0.0	1137.0	0	0.0
info	12	190	284607.0	5	0.28935185185185186	284607.0	12	0.6944444444444444	1143.0	0	0.0	1143.0	0	0.0	1143.0	0	0.0
info	12	191	286101.0	11	0.6365740740740741	286101.0	12	0.6944444444444444	1149.0	0	0.0	1149.0	0	0.0	1149.0	0	0.0
info	12	192	287595.0	12	0.6944444444444444	287595.0	12	0.6944444444444444	1155.0	0	0.0	1155.0	0	0.0	1155.0	0	0.0
info	12	193	289089.0	5	0.28935185185185186	289089.0	0	0.0	1161.0	0	0.0	1161.0	0	0.0	1161.0	0	0.0
info	12	194	290583.0	7	0.4050925925925926	290583.0	12	0.6944444444444444	1167.0	0	0.0	1167.0	0	0.0	1167.0	0	0.0
info	12	195	292077.0	12	0.6944444444444444	292077.0	12	0.6944444444444444	1173.0	0	0.0	1173.0	0	0.0	1173.0	0	0.0
info	12	196	293571.0	7	0.4050925925925926	293571.0	0	0.0	1179.0	0	0.0	1179.0	0	0.0	1179.0	0	0.0
info	12	197	295065.0	6	0.3472222222222222	295065.0	12	0.6944444444444444	1185.0	0	0.0	1185.0	0	0.0	1185.0	0	0.0
info	12	198	296559.0	11	0.6365740740740741	296559.0	12	0.6944444444444444	1191.0	0	0.0	1191.0	0	0.0	1191.0	0	0.0
info	12	199	298053.0	12	0.6944444444444444	298053.0	12	0.6944444444444444	1197.0	0	0.0	1197.0	0	0.0	1197.0	0	0.0
home	12	0	747.0	12	0.6944444444444444	747.0	12	0.6944444444444444	1.0	0	0.0	3.0	1728	100.0	3.0	1728	100.0
home	12	1	2241.0	12	0.6944444444444444	2241.0	12	0.6944444444444444	3.0	6	0.3472222222222222	9.0	0	0.0	9.0	0	0.0
home	12	2	3735.0	0	0.0	3735.0	0	0.0	5.0	142	8.217592592592593	15.0	0	0.0	15.0	0	0.0
home	12	3	5229.0	12	0.6944444444444444	5229.0	12	0.6944444444444444	7.0	101	5.844907407407407	21.0	0	0.0	21.0	0	0.0
home	12	4	6723.0	12	0.6944444444444444	6723.0	12	0.6944444444444444	9.0	36	2.0833333333333335	27.0	0	0.0	27.0	0	0.0
home	12	5	8217.0	12	0.6944444444444444	8217.0	12	0.6944444444444444	11.0	34	1.9675925925925926	33.0	0	0.0	33.0	0	0.0
home	12	6	9711.0	0	0.0	9711.0	0	0.0	13.0	26	1.5046296296296295	39.0	0	0.0	39.0	0	0.0
home	12	7	11205.0	12	0.6944444444444444	11205.0	12	0.6944444444444444	15.0	29	1.6782407407407407	45.0	0	0.0	45.0	0	0.0
home	12	8	12699.0	12	0.6944444444444444	12699.0	12	0.6944444444444444	17.0	26	1.5046296296296295	51.0	0	0.0	51.0	0	0.0
home	12	9	14193.0	0	0.0	14193.0	0	0.0	19.0	29	1.6782407407407407	57.0	0	0.0	57.0	0	0.0
home	12	10	15687.0	12	0.6944444444444444	15687.0	12	0.6944444444444444	21.0	17	0.9837962962962963	63.0	0	0.0	63.0	0	0.0
home	12	11	17181.0	12	0.6944444444444444	17181.0	12	0.6944444444444444	23.0	36	2.0833333333333335	69.0	0	0.0	69.0	0	0.0
home	12	12	18675.0	12	0.6944444444444444	18675.0	12	0.6944444444444444	25.0	34	1.9675925925925926	75.0	0	0.0	75.0	0	0.0
home	12	13	20169.0	0	0.0	20169.0	0	0.0	27.0	46	2.662037037037037	81.0	0	0.0	81.0	0	0.0
home	12	14	21663.0	12	0.6944444444444444	21663.0	12	0.6944444444444444	29.0	38	2.199074074074074	87.0	0	0.0	87.0	0	0.0
home	12	15	23157.0	12	0.6944444444444444	23157.0	12	0.6944444444444444	31.0	30	1.7361111111111112	93.0	0	0.0	93.0	0	0.0
home	12	16	24651.0	0	0.0	24651.0	0	0.0	33.0	36	2.0833333333333335	99.0	0	0.0	99.0	0	0.0
home	12	17	26145.0	12	0.6944444444444444	26145.0	12	0.6944444444444444	35.0	39	2.2569444444444446	105.0	0	0.0	105.0	0	0.0
home	12	18	27639.0	12	0.6944444444444444	27639.0	12	0.6944444444444444	37.0	37	2.1412037037037037	111.0	0	0.0	111.0	0	0.0
home	12	19	29133.0	9	0.5208333333333334	29133.0	0	0.0	39.0	47	2.7199074074074074	117.0	0	0.0	117.0	0	0.0
home	12	20	30627.0	3	0.1736111111111111	30627.0	12	0.6944444444444444	41.0	48	2.7777777777777777	123.0	0	0.0	123.0	0	0.0
home	12	21	32121.0	12	0.6944444444444444	32121.0	12	0.6944444444444444	43.0	45	2.6041666666666665	129.0	0	0.0	129.0	0	0.0
home	12	22	33615.0	12	0.6944444444444444	33615.0	12	0.6944444444444444	45.0	38	2.199074074074074	135.0	0	0.0	135.0	0	0.0
home	12	23	35109.0	0	0.0	35109.0	0	0.0	47.0	22	1.2731481481481481	141.0	0	0.0	141.0	0	0.0
home	12	24	36603.0	12	0.6944444444444444	36603.0	12	0.6944444444444444	49.0	24	1.3888888888888888	147.0	0	0.0	147.0	0	0.0
home	12	25	38097.0	12	0.6944444444444444	38097.0	12	0.6944444444444444	51.0	27	1.5625	153.0	0	0.0	153.0	0	0.0
home	12	26	39591.0	12	0.6944444444444444	39591.0	12	0.6944444444444444	53.0	25	1.4467592592592593	159.0	0	0.0	159.0	0	0.0
home	12	27	41085.0	0	0.0	41085.0	0	0.0	55.0	20	1.1574074074074074	165.0	0	0.0	165.0	0	0.0
home	12	28	42579.0	12	0.6944444444444444	42579.0	12	0.6944444444444444	57.0	18	1.0416666666666667	171.0	0	0.0	171.0	0	0.0
home	12	29	44073.0	12	0.6944444444444444	44073.0	12	0.6944444444444444	59.0	26	1.5046296296296295	177.0	0	0.0	177.0	0	0.0
home	12	30	45567.0	0	0.0	45567.0	0	0.0	61.0	23	1.3310185185185186	183.0	0	0.0	183.0	0	0.0
home	12	31	47061.0	12	0.6944444444444444	47061.0	12	0.6944444444444444	63.0	27	1.5625	189.0	0	0.0	189.0	0	0.0
home	12	32	48555.0	12	0.6944444444444444	48555.0	12	0.6944444444444444	65.0	32	1.8518518518518519	195.0	0	0.0	195.0	0	0.0
home	12	33	50049.0	12	0.6944444444444444	50049.0	12	0.6944444444444444	67.0	28	1.6203703703703705	201.0	0	0.0	201.0	0	0.0
home	12	34	51543.0	0	0.0	51543.0	0	0.0	69.0	28	1.6203703703703705	207.0	0	0.0	207.0	0	0.0
home	12	35	53037.0	12	0.6944444444444444	53037.0	12	0.6944444444444444	71.0	37	2.1412037037037037	213.0	0	0.0	213.0	0	0.0
home	12	36	54531.0	12	0.6944444444444444	54531.0	12	0.6944444444444444	73.0	35	2.025462962962963	219.0	0	0.0	219.0	0	0.0
home	12	37	56025.0	10	0.5787037037037037	56025.0	10	0.5787037037037037	75.0	32	1.8518518518518519	225.0	0	0.0	225.0	0	0.0
home	12	38	57519.0	2	0.11574074074074074	57519.0	2	0.11574074074074074	77.0	29	1.6782407407407407	231.0	0	0.0	231.0	0	0.0
home	12	39	59013.0	12	0.6944444444444444	59013.0	12	0.6944444444444444	79.0	39	2.2569444444444446	237.0	0	0.0	237.0	0	0.0
home	12	40	60507.0	12	0.6944444444444444	60507.0	12	0.6944444444444444	81.0	45	2.6041666666666665	243.0	0	0.0	243.0	0	0.0
home	12	41	62001.0	0	0.0	62001.0	0	0.0	83.0	39	2.2569444444444446	249.0	0	0.0	249.0	0	0.0
home	12	42	63495.0	12	0.6944444444444444	63495.0	12	0.6944444444444444	85.0	33	1.9097222222222223	255.0	0	0.0	255.0	0	0.0
home	12	43	64989.0	12	0.6944444444444444	64989.0	12	0.6944444444444444	87.0	17	0.9837962962962963	261.0	0	0.0	261.0	0	0.0
home	12	44	66483.0	10	0.5787037037037037	66483.0	0	0.0	89.0	24	1.3888888888888888	267.0	0	0.0	267.0	0	0.0
home	12	45	67977.0	2	0.11574074074074074	67977.0	12	0.6944444444444444	91.0	23	1.3310185185185186	273.0	0	0.0	273.0	0	0.0
home	12	46	69471.0	12	0.6944444444444444	69471.0	12	0.6944444444444444	93.0	20	1.1574074074074074	279.0	0	0.0	279.0	0	0.0
home	12	47	70965.0	12	0.6944444444444444	70965.0	12	0.6944444444444444	95.0	18	1.0416666666666667	285.0	0	0.0	285.0	0	0.0
home	12	48	72459.0	0	0.0	72459.0	0	0.0	97.0	12	0.6944444444444444	291.0	0	0.0	291.0	0	0.0
home	12	49	73953.0	12	0.6944444444444444	73953.0	12	0.6944444444444444	99.0	14	0.8101851851851852	297.0	0	0.0	297.0	0	0.0
home	12	50	75447.0	12	0.6944444444444444	75447.0	12	0.6944444444444444	101.0	16	0.9259259259259259	303.0	0	0.0	303.0	0	0.0
home	12	51	76941.0	0	0.0	76941.0	0	0.0	103.0	12	0.6944444444444444	309.0	0	0.0	309.0	0	0.0
home	12	52	78435.0	12	0.6944444444444444	78435.0	12	0.6944444444444444	105.0	9	0.5208333333333334	315.0	0	0.0	315.0	0	0.0
home	12	53	79929.0	12	0.6944444444444444	79929.0	12	0.6944444444444444	107.0	7	0.4050925925925926	321.0	0	0.0	321.0	0	0.0
home	12	54	81423.0	12	0.6944444444444444	81423.0	12	0.6944444444444444	109.0	3	0.1736111111111111	327.0	0	0.0	327.0	0	0.0
home	12	55	82917.0	0	0.0	82917.0	0	0.0	111.0	3	0.1736111111111111	333.0	0	0.0	333.0	0	0.0
home	12	56	84411.0	12	0.6944444444444444	84411.0	12	0.6944444444444444	113.0	4	0.23148148148148148	339.0	0	0.0	339.0	0	0.0
home	12	57	85905.0	12	0.6944444444444444	85905.0	12	0.6944444444444444	115.0	1	0.05787037037037037	345.0	0	0.0	345.0	0	0.0
home	12	58	87399.0	12	0.6944444444444444	87399.0	12	0.6944444444444444	117.0	1	0.05787037037037037	351.0	0	0.0	351.0	0	0.0
home	12	59	88893.0	0	0.0	88893.0	0	0.0	119.0	3	0.1736111111111111	357.0	0	0.0	357.0	0	0.0
home	12	60	90387.0	12	0.6944444444444444	90387.0	12	0.6944444444444444	121.0	1	0.05787037037037037	363.0	0	0.0	363.0	0	0.0
home	12	61	91881.0	12	0.6944444444444444	91881.0	12	0.6944444444444444	123.0	2	0.11574074074074074	369.0	0	0.0	369.0	0	0.0
home	12	62	93375.0	0	0.0	93375.0	0	0.0	125.0	4	0.23148148148148148	375.0	0	0.0	375.0	0	0.0
home	12	63	94869.0	12	0.6944444444444444	94869.0	12	0.6944444444444444	127.0	0	0.0	381.0	0	0.0	381.0	0	0.0
home	12	64	96363.0	12	0.6944444444444444	96363.0	12	0.6944444444444444	129.0	2	0.11574074074074074	387.0	0	0.0	387.0	0	0.0
home	12	65	97857.0	12	0.6944444444444444	97857.0	12	0.6944444444444444	131.0	0	0.0	393.0	0	0.0	393.0	0	0.0
home	12	66	99351.0	0	0.0	99351.0	0	0.0	133.0	0	0.0	399.0	0	0.0	399.0	0	0.0
home	12	67	100845.0	12	0.6944444444444444	100845.0	12	0.6944444444444444	135.0	1	0.05787037037037037	405.0	0	0.0	405.0	0	0.0
home	12	68	102339.0	12	0.6944444444444444	102339.0	12	0.6944444444444444	137.0	0	0.0	411.0	0	0.0	411.0	0	0.0
home	12	69	103833.0	9	0.5208333333333334	103833.0	4	0.23148148148148148	139.0	0	0.0	417.0	0	0.0	417.0	0	0.0
home	12	70	105327.0	3	0.1736111111111111	105327.0	8	0.46296296296296297	141.0	1	0.05787037037037037	423.0	0	0.0	423.0	0	0.0
home	12	71	106821.0	12	0.6944444444444444	106821.0	12	0.6944444444444444	143.0	2	0.11574074074074074	429.0	0	0.0	429.0	0	0.0
home	12	72	108315.0	12	0.6944444444444444	108315.0	12	0.6944444444444444	145.0	1	0.05787037037037037	435.0	0	0.0	435.0	0	0.0
home	12	73	109809.0	9	0.5208333333333334	109809.0	0	0.0	147.0	2	0.11574074074074074	441.0	0	0.0	441.0	0	0.0
home	12	74	111303.0	3	0.1736111111111111	111303.0	12	0.6944444444444444	149.0	0	0.0	447.0	0	0.0	447.0	0	0.0
home	12	75	112797.0	12	0.6944444444444444	112797.0	12	0.6944444444444444	151.0	1	0.05787037037037037	453.0	0	0.0	453.0	0	0.0
home	12	76	114291.0	0	0.0	114291.0	0	0.0	153.0	1	0.05787037037037037	459.0	0	0.0	459.0	0	0.0
home	12	77	115785.0	12	0.6944444444444444	115785.0	12	0.6944444444444444	155.0	0	0.0	465.0	0	0.0	465.0	0	0.0
home	12	78	117279.0	12	0.6944444444444444	117279.0	12	0.6944444444444444	157.0	1	0.05787037037037037	471.0	0	0.0	471.0	0	0.0
home	12	79	118773.0	12	0.6944444444444444	118773.0	12	0.6944444444444444	159.0	1	0.05787037037037037	477.0	0	0.0	477.0	0	0.0
home	12	80	120267.0	0	0.0	120267.0	0	0.0	161.0	0	0.0	483.0	0	0.0	483.0	0	0.0
home	12	81	121761.0	12	0.6944444444444444	121761.0	12	0.6944444444444444	163.0	2	0.11574074074074074	489.0	0	0.0	489.0	0	0.0
home	12	82	123255.0	12	0.6944444444444444	123255.0	12	0.6944444444444444	165.0	0	0.0	495.0	0	0.0	495.0	0	0.0
home	12	83	124749.0	0	0.0	124749.0	0	0.0	167.0	1	0.05787037037037037	501.0	0	0.0	501.0	0	0.0
home	12	84	126243.0	12	0.6944444444444444	126243.0	12	0.6944444444444444	169.0	0	0.0	507.0	0	0.0	507.0	0	0.0
home	12	85	127737.0	12	0.6944444444444444	127737.0	12	0.6944444444444444	171.0	0	0.0	513.0	0	0.0	513.0	0	0.0
home	12	86	129231.0	9	0.5208333333333334	129231.0	0	0.0	173.0	0	0.0	519.0	0	0.0	519.0	0	0.0
home	12	87	130725.0	3	0.1736111111111111	130725.0	12	0.6944444444444444	175.0	1	0.05787037037037037	525.0	0	0.0	525.0	0	0.0
home	12	88	132219.0	12	0.6944444444444444	132219.0	12	0.6944444444444444	177.0	0	0.0	531.0	0	0.0	531.0	0	0.0
home	12	89	133713.0	12	0.6944444444444444	133713.0	12	0.6944444444444444	179.0	0	0.0	537.0	0	0.0	537.0	0	0.0
home	12	90	135207.0	2	0.11574074074074074	135207.0	0	0.0	181.0	0	0.0	543.0	0	0.0	543.0	0	0.0
home	12	91	136701.0	10	0.5787037037037037	136701.0	12	0.6944444444444444	183.0	0	0.0	549.0	0	0.0	549.0	0	0.0
home	12	92	138195.0	12	0.6944444444444444	138195.0	12	0.6944444444444444	185.0	0	0.0	555.0	0	0.0	555.0	0	0.0
home	12	93	139689.0	0	0.0	139689.0	0	0.0	187.0	0	0.0	561.0	0	0.0	561.0	0	0.0
home	12	94	141183.0	12	0.6944444444444444	141183.0	12	0.6944444444444444	189.0	0	0.0	567.0	0	0.0	567.0	0	0.0
home	12	95	142677.0	12	0.6944444444444444	142677.0	12	0.6944444444444444	191.0	1	0.05787037037037037	573.0	0	0.0	573.0	0	0.0
home	12	96	144171.0	11	0.6365740740740741	144171.0	11	0.6365740740740741	193.0	0	0.0	579.0	0	0.0	579.0	0	0.0
home	12	97	145665.0	1	0.05787037037037037	145665.0	1	0.05787037037037037	195.0	0	0.0	585.0	0	0.0	585.0	0	0.0
home	12	98	147159.0	12	0.6944444444444444	147159.0	12	0.6944444444444444	197.0	0	0.0	591.0	0	0.0	591.0	0	0.0
home	12	99	148653.0	12	0.6944444444444444	148653.0	12	0.6944444444444444	199.0	0	0.0	597.0	0	0.0	597.0	0	0.0
home	12	100	150147.0	0	0.0	150147.0	0	0.0	201.0	0	0.0	603.0	0	0.0	603.0	0	0.0
home	12	101	151641.0	12	0.6944444444444444	151641.0	12	0.6944444444444444	203.0	0	0.0	609.0	0	0.0	609.0	0	0.0
home	12	102	153135.0	12	0.6944444444444444	153135.0	12	0.6944444444444444	205.0	0	0.0	615.0	0	0.0	615.0	0	0.0
home	12	103	154629.0	12	0.6944444444444444	154629.0	12	0.6944444444444444	207.0	0	0.0	621.0	0	0.0	621.0	0	0.0
home	12	104	156123.0	0	0.0	156123.0	0	0.0	209.0	0	0.0	627.0	0	0.0	627.0	0	0.0
home	12	105	157617.0	12	0.6944444444444444	157617.0	12	0.6944444444444444	211.0	0	0.0	633.0	0	0.0	633.0	0	0.0
home	12	106	159111.0	12	0.6944444444444444	159111.0	12	0.6944444444444444	213.0	0	0.0	639.0	0	0.0	639.0	0	0.0
home	12	107	160605.0	9	0.5208333333333334	160605.0	6	0.3472222222222222	215.0	0	0.0	645.0	0	0.0	645.0	0	0.0
home	12	108	162099.0	3	0.1736111111111111	162099.0	6	0.3472222222222222	217.0	0	0.0	651.0	0	0.0	651.0	0	0.0
home	12	109	163593.0	12	0.6944444444444444	163593.0	12	0.6944444444444444	219.0	0	0.0	657.0	0	0.0	657.0	0	0.0
home	12	110	165087.0	12	0.6944444444444444	165087.0	12	0.6944444444444444	221.0	0	0.0	663.0	0	0.0	663.0	0	0.0
home	12	111	166581.0	0	0.0	166581.0	0	0.0	223.0	0	0.0	669.0	0	0.0	669.0	0	0.0
home	12	112	168075.0	12	0.6944444444444444	168075.0	12	0.6944444444444444	225.0	0	0.0	675.0	0	0.0	675.0	0	0.0
home	12	113	169569.0	12	0.6944444444444444	169569.0	12	0.6944444444444444	227.0	0	0.0	681.0	0	0.0	681.0	0	0.0
home	12	114	171063.0	0	0.0	171063.0	0	0.0	229.0	0	0.0	687.0	0	0.0	687.0	0	0.0
home	12	115	172557.0	12	0.6944444444444444	172557.0	12	0.6944444444444444	231.0	0	0.0	693.0	0	0.0	693.0	0	0.0
home	12	116	174051.0	12	0.6944444444444444	174051.0	12	0.6944444444444444	233.0	0	0.0	699.0	0	0.0	699.0	0	0.0
home	12	117	175545.0	4	0.23148148148148148	175545.0	0	0.0	235.0	0	0.0	705.0	0	0.0	705.0	0	0.0
home	12	118	177039.0	8	0.46296296296296297	177039.0	12	0.6944444444444444	237.0	0	0.0	711.0	0	0.0	711.0	0	0.0
home	12	119	178533.0	12	0.6944444444444444	178533.0	12	0.6944444444444444	239.0	0	0.0	717.0	0	0.0	717.0	0	0.0
home	12	120	180027.0	12	0.6944444444444444	180027.0	12	0.6944444444444444	241.0	0	0.0	723.0	0	0.0	723.0	0	0.0
home	12	121	181521.0	0	0.0	181521.0	0	0.0	243.0	0	0.0	729.0	0	0.0	729.0	0	0.0
home	12	122	183015.0	12	0.6944444444444444	183015.0	12	0.6944444444444444	245.0	0	0.0	735.0	0	0.0	735.0	0	0.0
home	12	123	184509.0	12	0.6944444444444444	184509.0	12	0.6944444444444444	247.0	0	0.0	741.0	0	0.0	741.0	0	0.0
home	12	124	186003.0	9	0.5208333333333334	186003.0	9	0.5208333333333334	249.0	0	0.0	747.0	0	0.0	747.0	0	0.0
home	12	125	187497.0	3	0.1736111111111111	187497.0	3	0.1736111111111111	251.0	0	0.0	753.0	0	0.0	753.0	0	0.0
home	12	126	188991.0	12	0.6944444444444444	188991.0	12	0.6944444444444444	253.0	0	0.0	759.0	0	0.0	759.0	0	0.0
home	12	127	190485.0	12	0.6944444444444444	190485.0	12	0.6944444444444444	255.0	2	0.11574074074074074	765.0	0	0.0	765.0	0	0.0
home	12	128	191979.0	12	0.6944444444444444	191979.0	12	0.6944444444444444	257.0	1	0.05787037037037037	771.0	0	0.0	771.0	0	0.0
home	12	129	193473.0	0	0.0	193473.0	0	0.0	259.0	0	0.0	777.0	0	0.0	777.0	0	0.0
home	12	130	194967.0	12	0.6944444444444444	194967.0	12	0.6944444444444444	261.0	0	0.0	783.0	0	0.0	783.0	0	0.0
home	12	131	196461.0	12	0.6944444444444444	196461.0	12	0.6944444444444444	263.0	0	0.0	789.0	0	0.0	789.0	0	0.0
home	12	132	197955.0	12	0.6944444444444444	197955.0	12	0.6944444444444444	265.0	0	0.0	795.0	0	0.0	795.0	0	0.0
home	12	133	199449.0	0	0.0	199449.0	0	0.0	267.0	0	0.0	801.0	0	0.0	801.0	0	0.0
home	12	134	200943.0	12	0.6944444444444444	200943.0	12	0.6944444444444444	269.0	0	0.0	807.0	0	0.0	807.0	0	0.0
home	12	135	202437.0	12	0.6944444444444444	202437.0	12	0.6944444444444444	271.0	0	0.0	813.0	0	0.0	813.0	0	0.0
home	12	136	203931.0	0	0.0	203931.0	0	0.0	273.0	0	0.0	819.0	0	0.0	819.0	0	0.0
home	12	137	205425.0	12	0.6944444444444444	205425.0	12	0.6944444444444444	275.0	0	0.0	825.0	0	0.0	825.0	0	0.0
home	12	138	206919.0	12	0.6944444444444444	206919.0	12	0.6944444444444444	277.0	0	0.0	831.0	0	0.0	831.0	0	0.0
home	12	139	208413.0	12	0.6944444444444444	208413.0	12	0.6944444444444444	279.0	0	0.0	837.0	0	0.0	837.0	0	0.0
home	12	140	209907.0	0	0.0	209907.0	0	0.0	281.0	0	0.0	843.0	0	0.0	843.0	0	0.0
home	12	141	211401.0	12	0.6944444444444444	211401.0	12	0.6944444444444444	283.0	0	0.0	849.0	0	0.0	849.0	0	0.0
home	12	142	212895.0	12	0.6944444444444444	212895.0	12	0.6944444444444444	285.0	0	0.0	855.0	0	0.0	855.0	0	0.0
home	12	143	214389.0	10	0.5787037037037037	214389.0	0	0.0	287.0	0	0.0	861.0	0	0.0	861.0	0	0.0
home	12	144	215883.0	2	0.11574074074074074	215883.0	12	0.6944444444444444	289.0	0	0.0	867.0	0	0.0	867.0	0	0.0
home	12	145	217377.0	12	0.6944444444444444	217377.0	12	0.6944444444444444	291.0	0	0.0	873.0	0	0.0	873.0	0	0.0
home	12	146	218871.0	12	0.6944444444444444	218871.0	12	0.6944444444444444	293.0	0	0.0	879.0	0	0.0	879.0	0	0.0
home	12	147	220365.0	0	0.0	220365.0	0	0.0	295.0	0	0.0	885.0	0	0.0	885.0	0	0.0
home	12	148	221859.0	12	0.6944444444444444	221859.0	12	0.6944444444444444	297.0	0	0.0	891.0	0	0.0	891.0	0	0.0
home	12	149	223353.0	12	0.6944444444444444	223353.0	12	0.6944444444444444	299.0	0	0.0	897.0	0	0.0	897.0	0	0.0
home	12	150	224847.0	9	0.5208333333333334	224847.0	5	0.28935185185185186	301.0	0	0.0	903.0	0	0.0	903.0	0	0.0
home	12	151	226341.0	3	0.1736111111111111	226341.0	7	0.4050925925925926	303.0	0	0.0	909.0	0	0.0	909.0	0	0.0
home	12	152	227835.0	12	0.6944444444444444	227835.0	12	0.6944444444444444	305.0	0	0.0	915.0	0	0.0	915.0	0	0.0
home	12	153	229329.0	12	0.6944444444444444	229329.0	12	0.6944444444444444	307.0	0	0.0	921.0	0	0.0	921.0	0	0.0
home	12	154	230823.0	0	0.0	230823.0	0	0.0	309.0	0	0.0	927.0	0	0.0	927.0	0	0.0
home	12	155	232317.0	12	0.6944444444444444	232317.0	12	0.6944444444444444	311.0	0	0.0	933.0	0	0.0	933.0	0	0.0
home	12	156	233811.0	12	0.6944444444444444	233811.0	12	0.6944444444444444	313.0	0	0.0	939.0	0	0.0	939.0	0	0.0
home	12	157	235305.0	9	0.5208333333333334	235305.0	9	0.5208333333333334	315.0	0	0.0	945.0	0	0.0	945.0	0	0.0
home	12	158	236799.0	3	0.1736111111111111	236799.0	3	0.1736111111111111	317.0	0	0.0	951.0	0	0.0	951.0	0	0.0
home	12	159	238293.0	12	0.6944444444444444	238293.0	12	0.6944444444444444	319.0	0	0.0	957.0	0	0.0	957.0	0	0.0
home	12	160	239787.0	12	0.6944444444444444	239787.0	12	0.6944444444444444	321.0	0	0.0	963.0	0	0.0	963.0	0	0.0
home	12	161	241281.0	0	0.0	241281.0	0	0.0	323.0	0	0.0	969.0	0	0.0	969.0	0	0.0
home	12	162	242775.0	12	0.6944444444444444	242775.0	12	0.6944444444444444	325.0	0	0.0	975.0	0	0.0	975.0	0	0.0
home	12	163	244269.0	12	0.6944444444444444	244269.0	12	0.6944444444444444	327.0	0	0.0	981.0	0	0.0	981.0	0	0.0
home	12	164	245763.0	11	0.6365740740740741	245763.0	11	0.6365740740740741	329.0	0	0.0	987.0	0	0.0	987.0	0	0.0
home	12	165	247257.0	1	0.05787037037037037	247257.0	1	0.05787037037037037	331.0	0	0.0	993.0	0	0.0	993.0	0	0.0
home	12	166	248751.0	12	0.6944444444444444	248751.0	12	0.6944444444444444	333.0	0	0.0	999.0	0	0.0	999.0	0	0.0
home	12	167	250245.0	12	0.6944444444444444	250245.0	12	0.6944444444444444	335.0	1	0.05787037037037037	1005.0	0	0.0	1005.0	0	0.0
home	12	168	251739.0	0	0.0	251739.0	0	0.0	337.0	0	0.0	1011.0	0	0.0	1011.0	0	0.0
home	12	169	253233.0	12	0.6944444444444444	253233.0	12	0.6944444444444444	339.0	0	0.0	1017.0	0	0.0	1017.0	0	0.0
home	12	170	254727.0	12	0.6944444444444444	254727.0	12	0.6944444444444444	341.0	0	0.0	1023.0	0	0.0	1023.0	0	0.0
home	12	171	256221.0	9	0.5208333333333334	256221.0	0	0.0	343.0	0	0.0	1029.0	0	0.0	1029.0	0	0.0
home	12	172	257715.0	3	0.1736111111111111	257715.0	12	0.6944444444444444	345.0	0	0.0	1035.0	0	0.0	1035.0	0	0.0
home	12	173	259209.0	12	0.6944444444444444	259209.0	12	0.6944444444444444	347.0	0	0.0	1041.0	0	0.0	1041.0	0	0.0
home	12	174	260703.0	12	0.6944444444444444	260703.0	12	0.6944444444444444	349.0	0	0.0	1047.0	0	0.0	1047.0	0	0.0
home	12	175	262197.0	0	0.0	262197.0	0	0.0	351.0	0	0.0	1053.0	0	0.0	1053.0	0	0.0
home	12	176	263691.0	12	0.6944444444444444	263691.0	12	0.6944444444444444	353.0	0	0.0	1059.0	0	0.0	1059.0	0	0.0
home	12	177	265185.0	12	0.6944444444444444	265185.0	12	0.6944444444444444	355.0	0	0.0	1065.0	0	0.0	1065.0	0	0.0
home	12	178	266679.0	12	0.6944444444444444	266679.0	12	0.6944444444444444	357.0	0	0.0	1071.0	0	0.0	1071.0	0	0.0
home	12	179	268173.0	0	0.0	268173.0	0	0.0	359.0	0	0.0	1077.0	0	0.0	1077.0	0	0.0
home	12	180	269667.0	12	0.6944444444444444	269667.0	12	0.6944444444444444	361.0	0	0.0	1083.0	0	0.0	1083.0	0	0.0
home	12	181	271161.0	12	0.6944444444444444	271161.0	12	0.6944444444444444	363.0	0	0.0	1089.0	0	0.0	1089.0	0	0.0
home	12	182	272655.0	0	0.0	272655.0	0	0.0	365.0	1	0.05787037037037037	1095.0	0	0.0	1095.0	0	0.0
home	12	183	274149.0	12	0.6944444444444444	274149.0	12	0.6944444444444444	367.0	1	0.05787037037037037	1101.0	0	0.0	1101.0	0	0.0
home	12	184	275643.0	12	0.6944444444444444	275643.0	12	0.6944444444444444	369.0	0	0.0	1107.0	0	0.0	1107.0	0	0.0
home	12	185	277137.0	11	0.6365740740740741	277137.0	10	0.5787037037037037	371.0	0	0.0	1113.0	0	0.0	1113.0	0	0.0
home	12	186	278631.0	1	0.05787037037037037	278631.0	2	0.11574074074074074	373.0	0	0.0	1119.0	0	0.0	1119.0	0	0.0
home	12	187	280125.0	12	0.6944444444444444	280125.0	12	0.6944444444444444	375.0	0	0.0	1125.0	0	0.0	1125.0	0	0.0
home	12	188	281619.0	12	0.6944444444444444	281619.0	12	0.6944444444444444	377.0	0	0.0	1131.0	0	0.0	1131.0	0	0.0
home	12	189	283113.0	9	0.5208333333333334	283113.0	2	0.11574074074074074	379.0	0	0.0	1137.0	0	0.0	1137.0	0	0.0
home	12	190	284607.0	3	0.1736111111111111	284607.0	10	0.5787037037037037	381.0	0	0.0	1143.0	0	0.0	1143.0	0	0.0
home	12	191	286101.0	12	0.6944444444444444	286101.0	12	0.6944444444444444	383.0	0	0.0	1149.0	0	0.0	1149.0	0	0.0
home	12	192	287595.0	12	0.6944444444444444	287595.0	12	0.6944444444444444	385.0	0	0.0	1155.0	0	0.0	1155.0	0	0.0
home	12	193	289089.0	0	0.0	289089.0	0	0.0	387.0	0	0.0	1161.0	0	0.0	1161.0	0	0.0
home	12	194	290583.0	12	0.6944444444444444	290583.0	12	0.6944444444444444	389.0	0	0.0	1167.0	0	0.0	1167.0	0	0.0
home	12	195	292077.0	12	0.6944444444444444	292077.0	12	0.6944444444444444	391.0	1	0.05787037037037037	1173.0	0	0.0	1173.0	0	0.0
home	12	196	293571.0	9	0.5208333333333334	293571.0	1	0.05787037037037037	393.0	0	0.0	1179.0	0	0.0	1179.0	0	0.0
home	12	197	295065.0	3	0.1736111111111111	295065.0	11	0.6365740740740741	395.0	0	0.0	1185.0	0	0.0	1185.0	0	0.0
home	12	198	296559.0	12	0.6944444444444444	296559.0	12	0.6944444444444444	397.0	0	0.0	1191.0	0	0.0	1191.0	0	0.0
home	12	199	298053.0	12	0.6944444444444444	298053.0	12	0.6944444444444444	399.0	0	0.0	1197.0	0	0.0	1197.0	0	0.0
