'Request type'	'Load'	'Bucket'	'Start time'	'Absolute'	'Percent of requests'	'End time'	'Absolute'	'Percent of requests'	'Residence time'	'Absolute'	'Percent of requests'	'Theor. think time'	'Absolute'	'Percent of requests'	'Actual think time'	'Absolute'	'Percent of requests'
login	30	0	752.0	30	1.2335526315789473	752.0	15	0.6167763157894737	8.0	0	0.0	3.0	2432	100.0	3.0	2432	100.0
login	30	1	2256.0	2	0.08223684210526316	2256.0	16	0.6578947368421053	24.0	0	0.0	9.0	0	0.0	9.0	0	0.0
login	30	2	3760.0	30	1.2335526315789473	3760.0	11	0.4523026315789474	40.0	0	0.0	15.0	0	0.0	15.0	0	0.0
login	30	3	5264.0	0	0.0	5264.0	19	0.78125	56.0	0	0.0	21.0	0	0.0	21.0	0	0.0
login	30	4	6768.0	30	1.2335526315789473	6768.0	7	0.2878289473684211	72.0	0	0.0	27.0	0	0.0	27.0	0	0.0
login	30	5	8272.0	0	0.0	8272.0	18	0.7401315789473685	88.0	1	0.04111842105263158	33.0	0	0.0	33.0	0	0.0
login	30	6	9776.0	30	1.2335526315789473	9776.0	6	0.2467105263157895	104.0	0	0.0	39.0	0	0.0	39.0	0	0.0
login	30	7	11280.0	0	0.0	11280.0	19	0.78125	120.0	0	0.0	45.0	0	0.0	45.0	0	0.0
login	30	8	12784.0	0	0.0	12784.0	11	0.4523026315789474	136.0	1	0.04111842105263158	51.0	0	0.0	51.0	0	0.0
login	30	9	14288.0	30	1.2335526315789473	14288.0	12	0.493421052631579	152.0	1	0.04111842105263158	57.0	0	0.0	57.0	0	0.0
login	30	10	15792.0	0	0.0	15792.0	16	0.6578947368421053	168.0	6	0.2467105263157895	63.0	0	0.0	63.0	0	0.0
login	30	11	17296.0	30	1.2335526315789473	17296.0	6	0.2467105263157895	184.0	3	0.12335526315789475	69.0	0	0.0	69.0	0	0.0
login	30	12	18800.0	0	0.0	18800.0	16	0.6578947368421053	200.0	6	0.2467105263157895	75.0	0	0.0	75.0	0	0.0
login	30	13	20304.0	0	0.0	20304.0	10	0.4111842105263158	216.0	6	0.2467105263157895	81.0	0	0.0	81.0	0	0.0
login	30	14	21808.0	30	1.2335526315789473	21808.0	12	0.493421052631579	232.0	3	0.12335526315789475	87.0	0	0.0	87.0	0	0.0
login	30	15	23312.0	0	0.0	23312.0	16	0.6578947368421053	248.0	5	0.2055921052631579	93.0	0	0.0	93.0	0	0.0
login	30	16	24816.0	30	1.2335526315789473	24816.0	3	0.12335526315789475	264.0	11	0.4523026315789474	99.0	0	0.0	99.0	0	0.0
login	30	17	26320.0	0	0.0	26320.0	16	0.6578947368421053	280.0	12	0.493421052631579	105.0	0	0.0	105.0	0	0.0
login	30	18	27824.0	0	0.0	27824.0	13	0.5345394736842106	296.0	16	0.6578947368421053	111.0	0	0.0	111.0	0	0.0
login	30	19	29328.0	30	1.2335526315789473	29328.0	8	0.32894736842105265	312.0	11	0.4523026315789474	117.0	0	0.0	117.0	0	0.0
login	30	20	30832.0	0	0.0	30832.0	15	0.6167763157894737	328.0	11	0.4523026315789474	123.0	0	0.0	123.0	0	0.0
login	30	21	32336.0	30	1.2335526315789473	32336.0	7	0.2878289473684211	344.0	8	0.32894736842105265	129.0	0	0.0	129.0	0	0.0
login	30	22	33840.0	0	0.0	33840.0	14	0.5756578947368421	360.0	12	0.493421052631579	135.0	0	0.0	135.0	0	0.0
login	30	23	35344.0	0	0.0	35344.0	16	0.6578947368421053	376.0	22	0.9046052631578948	141.0	0	0.0	141.0	0	0.0
login	30	24	36848.0	30	1.2335526315789473	36848.0	6	0.2467105263157895	392.0	15	0.6167763157894737	147.0	0	0.0	147.0	0	0.0
login	30	25	38352.0	0	0.0	38352.0	17	0.699013157894737	408.0	29	1.192434210526316	153.0	0	0.0	153.0	0	0.0
login	30	26	39856.0	1	0.04111842105263158	39856.0	7	0.2878289473684211	424.0	16	0.6578947368421053	159.0	0	0.0	159.0	0	0.0
login	30	27	41360.0	29	1.192434210526316	41360.0	15	0.6167763157894737	440.0	17	0.699013157894737	165.0	0	0.0	165.0	0	0.0
login	30	28	42864.0	0	0.0	42864.0	15	0.6167763157894737	456.0	20	0.8223684210526316	171.0	0	0.0	171.0	0	0.0
login	30	29	44368.0	30	1.2335526315789473	44368.0	6	0.2467105263157895	472.0	15	0.6167763157894737	177.0	0	0.0	177.0	0	0.0
login	30	30	45872.0	0	0.0	45872.0	18	0.7401315789473685	488.0	25	1.0279605263157896	183.0	0	0.0	183.0	0	0.0
login	30	31	47376.0	27	1.1101973684210527	47376.0	6	0.2467105263157895	504.0	20	0.8223684210526316	189.0	0	0.0	189.0	0	0.0
login	30	32	48880.0	3	0.12335526315789475	48880.0	14	0.5756578947368421	520.0	24	0.986842105263158	195.0	0	0.0	195.0	0	0.0
login	30	33	50384.0	0	0.0	50384.0	16	0.6578947368421053	536.0	13	0.5345394736842106	201.0	0	0.0	201.0	0	0.0
login	30	34	51888.0	30	1.2335526315789473	51888.0	4	0.16447368421052633	552.0	23	0.9457236842105263	207.0	0	0.0	207.0	0	0.0
login	30	35	53392.0	0	0.0	53392.0	16	0.6578947368421053	568.0	15	0.6167763157894737	213.0	0	0.0	213.0	0	0.0
login	30	36	54896.0	0	0.0	54896.0	10	0.4111842105263158	584.0	19	0.78125	219.0	0	0.0	219.0	0	0.0
login	30	37	56400.0	30	1.2335526315789473	56400.0	12	0.493421052631579	600.0	24	0.986842105263158	225.0	0	0.0	225.0	0	0.0
login	30	38	57904.0	0	0.0	57904.0	18	0.7401315789473685	616.0	15	0.6167763157894737	231.0	0	0.0	231.0	0	0.0
login	30	39	59408.0	30	1.2335526315789473	59408.0	6	0.2467105263157895	632.0	10	0.4111842105263158	237.0	0	0.0	237.0	0	0.0
login	30	40	60912.0	0	0.0	60912.0	19	0.78125	648.0	8	0.32894736842105265	243.0	0	0.0	243.0	0	0.0
login	30	41	62416.0	30	1.2335526315789473	62416.0	5	0.2055921052631579	664.0	11	0.4523026315789474	249.0	0	0.0	249.0	0	0.0
login	30	42	63920.0	0	0.0	63920.0	17	0.699013157894737	680.0	12	0.493421052631579	255.0	0	0.0	255.0	0	0.0
login	30	43	65424.0	0	0.0	65424.0	13	0.5345394736842106	696.0	11	0.4523026315789474	261.0	0	0.0	261.0	0	0.0
login	30	44	66928.0	30	1.2335526315789473	66928.0	12	0.493421052631579	712.0	17	0.699013157894737	267.0	0	0.0	267.0	0	0.0
login	30	45	68432.0	0	0.0	68432.0	14	0.5756578947368421	728.0	15	0.6167763157894737	273.0	0	0.0	273.0	0	0.0
login	30	46	69936.0	30	1.2335526315789473	69936.0	5	0.2055921052631579	744.0	11	0.4523026315789474	279.0	0	0.0	279.0	0	0.0
login	30	47	71440.0	0	0.0	71440.0	18	0.7401315789473685	760.0	13	0.5345394736842106	285.0	0	0.0	285.0	0	0.0
login	30	48	72944.0	0	0.0	72944.0	11	0.4523026315789474	776.0	8	0.32894736842105265	291.0	0	0.0	291.0	0	0.0
login	30	49	74448.0	30	1.2335526315789473	74448.0	14	0.5756578947368421	792.0	20	0.8223684210526316	297.0	0	0.0	297.0	0	0.0
login	30	50	75952.0	0	0.0	75952.0	16	0.6578947368421053	808.0	13	0.5345394736842106	303.0	0	0.0	303.0	0	0.0
login	30	51	77456.0	30	1.2335526315789473	77456.0	4	0.16447368421052633	824.0	19	0.78125	309.0	0	0.0	309.0	0	0.0
login	30	52	78960.0	0	0.0	78960.0	14	0.5756578947368421	840.0	20	0.8223684210526316	315.0	0	0.0	315.0	0	0.0
login	30	53	80464.0	0	0.0	80464.0	12	0.493421052631579	856.0	10	0.4111842105263158	321.0	0	0.0	321.0	0	0.0
login	30	54	81968.0	30	1.2335526315789473	81968.0	13	0.5345394736842106	872.0	16	0.6578947368421053	327.0	0	0.0	327.0	0	0.0
login	30	55	83472.0	0	0.0	83472.0	14	0.5756578947368421	888.0	17	0.699013157894737	333.0	0	0.0	333.0	0	0.0
login	30	56	84976.0	30	1.2335526315789473	84976.0	4	0.16447368421052633	904.0	20	0.8223684210526316	339.0	0	0.0	339.0	0	0.0
login	30	57	86480.0	0	0.0	86480.0	14	0.5756578947368421	920.0	21	0.8634868421052633	345.0	0	0.0	345.0	0	0.0
login	30	58	87984.0	0	0.0	87984.0	15	0.6167763157894737	936.0	8	0.32894736842105265	351.0	0	0.0	351.0	0	0.0
login	30	59	89488.0	30	1.2335526315789473	89488.0	10	0.4111842105263158	952.0	10	0.4111842105263158	357.0	0	0.0	357.0	0	0.0
login	30	60	90992.0	0	0.0	90992.0	16	0.6578947368421053	968.0	10	0.4111842105263158	363.0	0	0.0	363.0	0	0.0
login	30	61	92496.0	30	1.2335526315789473	92496.0	5	0.2055921052631579	984.0	20	0.8223684210526316	369.0	0	0.0	369.0	0	0.0
login	30	62	94000.0	0	0.0	94000.0	22	0.9046052631578948	1000.0	16	0.6578947368421053	375.0	0	0.0	375.0	0	0.0
login	30	63	95504.0	30	1.2335526315789473	95504.0	7	0.2878289473684211	1016.0	19	0.78125	381.0	0	0.0	381.0	0	0.0
login	30	64	97008.0	0	0.0	97008.0	20	0.8223684210526316	1032.0	11	0.4523026315789474	387.0	0	0.0	387.0	0	0.0
login	30	65	98512.0	0	0.0	98512.0	10	0.4111842105263158	1048.0	12	0.493421052631579	393.0	0	0.0	393.0	0	0.0
login	30	66	100016.0	30	1.2335526315789473	100016.0	10	0.4111842105263158	1064.0	14	0.5756578947368421	399.0	0	0.0	399.0	0	0.0
login	30	67	101520.0	0	0.0	101520.0	18	0.7401315789473685	1080.0	19	0.78125	405.0	0	0.0	405.0	0	0.0
login	30	68	103024.0	30	1.2335526315789473	103024.0	5	0.2055921052631579	1096.0	17	0.699013157894737	411.0	0	0.0	411.0	0	0.0
login	30	69	104528.0	0	0.0	104528.0	21	0.8634868421052633	1112.0	19	0.78125	417.0	0	0.0	417.0	0	0.0
login	30	70	106032.0	6	0.2467105263157895	106032.0	6	0.2467105263157895	1128.0	15	0.6167763157894737	423.0	0	0.0	423.0	0	0.0
login	30	71	107536.0	24	0.986842105263158	107536.0	15	0.6167763157894737	1144.0	7	0.2878289473684211	429.0	0	0.0	429.0	0	0.0
login	30	72	109040.0	0	0.0	109040.0	15	0.6167763157894737	1160.0	8	0.32894736842105265	435.0	0	0.0	435.0	0	0.0
login	30	73	110544.0	30	1.2335526315789473	110544.0	7	0.2878289473684211	1176.0	18	0.7401315789473685	441.0	0	0.0	441.0	0	0.0
login	30	74	112048.0	0	0.0	112048.0	19	0.78125	1192.0	13	0.5345394736842106	447.0	0	0.0	447.0	0	0.0
login	30	75	113552.0	30	1.2335526315789473	113552.0	4	0.16447368421052633	1208.0	16	0.6578947368421053	453.0	0	0.0	453.0	0	0.0
login	30	76	115056.0	0	0.0	115056.0	17	0.699013157894737	1224.0	15	0.6167763157894737	459.0	0	0.0	459.0	0	0.0
login	30	77	116560.0	0	0.0	116560.0	13	0.5345394736842106	1240.0	20	0.8223684210526316	465.0	0	0.0	465.0	0	0.0
login	30	78	118064.0	30	1.2335526315789473	118064.0	10	0.4111842105263158	1256.0	8	0.32894736842105265	471.0	0	0.0	471.0	0	0.0
login	30	79	119568.0	0	0.0	119568.0	16	0.6578947368421053	1272.0	17	0.699013157894737	477.0	0	0.0	477.0	0	0.0
login	30	80	121072.0	30	1.2335526315789473	121072.0	4	0.16447368421052633	1288.0	21	0.8634868421052633	483.0	0	0.0	483.0	0	0.0
login	30	81	122576.0	0	0.0	122576.0	16	0.6578947368421053	1304.0	25	1.0279605263157896	489.0	0	0.0	489.0	0	0.0
login	30	82	124080.0	0	0.0	124080.0	14	0.5756578947368421	1320.0	13	0.5345394736842106	495.0	0	0.0	495.0	0	0.0
login	30	83	125584.0	30	1.2335526315789473	125584.0	6	0.2467105263157895	1336.0	11	0.4523026315789474	501.0	0	0.0	501.0	0	0.0
login	30	84	127088.0	0	0.0	127088.0	17	0.699013157894737	1352.0	12	0.493421052631579	507.0	0	0.0	507.0	0	0.0
login	30	85	128592.0	11	0.4523026315789474	128592.0	7	0.2878289473684211	1368.0	19	0.78125	513.0	0	0.0	513.0	0	0.0
login	30	86	130096.0	19	0.78125	130096.0	15	0.6167763157894737	1384.0	8	0.32894736842105265	519.0	0	0.0	519.0	0	0.0
login	30	87	131600.0	0	0.0	131600.0	15	0.6167763157894737	1400.0	21	0.8634868421052633	525.0	0	0.0	525.0	0	0.0
login	30	88	133104.0	30	1.2335526315789473	133104.0	7	0.2878289473684211	1416.0	16	0.6578947368421053	531.0	0	0.0	531.0	0	0.0
login	30	89	134608.0	0	0.0	134608.0	14	0.5756578947368421	1432.0	11	0.4523026315789474	537.0	0	0.0	537.0	0	0.0
login	30	90	136112.0	0	0.0	136112.0	9	0.37006578947368424	1448.0	12	0.493421052631579	543.0	0	0.0	543.0	0	0.0
login	30	91	137616.0	30	1.2335526315789473	137616.0	12	0.493421052631579	1464.0	15	0.6167763157894737	549.0	0	0.0	549.0	0	0.0
login	30	92	139120.0	0	0.0	139120.0	16	0.6578947368421053	1480.0	23	0.9457236842105263	555.0	0	0.0	555.0	0	0.0
login	30	93	140624.0	30	1.2335526315789473	140624.0	7	0.2878289473684211	1496.0	15	0.6167763157894737	561.0	0	0.0	561.0	0	0.0
login	30	94	142128.0	0	0.0	142128.0	18	0.7401315789473685	1512.0	11	0.4523026315789474	567.0	0	0.0	567.0	0	0.0
login	30	95	143632.0	29	1.192434210526316	143632.0	7	0.2878289473684211	1528.0	10	0.4111842105263158	573.0	0	0.0	573.0	0	0.0
login	30	96	145136.0	1	0.04111842105263158	145136.0	15	0.6167763157894737	1544.0	18	0.7401315789473685	579.0	0	0.0	579.0	0	0.0
login	30	97	146640.0	0	0.0	146640.0	15	0.6167763157894737	1560.0	14	0.5756578947368421	585.0	0	0.0	585.0	0	0.0
login	30	98	148144.0	30	1.2335526315789473	148144.0	8	0.32894736842105265	1576.0	12	0.493421052631579	591.0	0	0.0	591.0	0	0.0
login	30	99	149648.0	0	0.0	149648.0	15	0.6167763157894737	1592.0	28	1.1513157894736843	597.0	0	0.0	597.0	0	0.0
login	30	100	151152.0	3	0.12335526315789475	151152.0	7	0.2878289473684211	1608.0	17	0.699013157894737	603.0	0	0.0	603.0	0	0.0
login	30	101	152656.0	27	1.1101973684210527	152656.0	13	0.5345394736842106	1624.0	11	0.4523026315789474	609.0	0	0.0	609.0	0	0.0
login	30	102	154160.0	0	0.0	154160.0	17	0.699013157894737	1640.0	11	0.4523026315789474	615.0	0	0.0	615.0	0	0.0
login	30	103	155664.0	30	1.2335526315789473	155664.0	5	0.2055921052631579	1656.0	15	0.6167763157894737	621.0	0	0.0	621.0	0	0.0
login	30	104	157168.0	0	0.0	157168.0	17	0.699013157894737	1672.0	11	0.4523026315789474	627.0	0	0.0	627.0	0	0.0
login	30	105	158672.0	0	0.0	158672.0	8	0.32894736842105265	1688.0	25	1.0279605263157896	633.0	0	0.0	633.0	0	0.0
login	30	106	160176.0	30	1.2335526315789473	160176.0	14	0.5756578947368421	1704.0	15	0.6167763157894737	639.0	0	0.0	639.0	0	0.0
login	30	107	161680.0	0	0.0	161680.0	16	0.6578947368421053	1720.0	14	0.5756578947368421	645.0	0	0.0	645.0	0	0.0
login	30	108	163184.0	30	1.2335526315789473	163184.0	10	0.4111842105263158	1736.0	10	0.4111842105263158	651.0	0	0.0	651.0	0	0.0
login	30	109	164688.0	0	0.0	164688.0	20	0.8223684210526316	1752.0	12	0.493421052631579	657.0	0	0.0	657.0	0	0.0
login	30	110	166192.0	30	1.2335526315789473	166192.0	4	0.16447368421052633	1768.0	15	0.6167763157894737	663.0	0	0.0	663.0	0	0.0
login	30	111	167696.0	0	0.0	167696.0	16	0.6578947368421053	1784.0	18	0.7401315789473685	669.0	0	0.0	669.0	0	0.0
login	30	112	169200.0	0	0.0	169200.0	10	0.4111842105263158	1800.0	21	0.8634868421052633	675.0	0	0.0	675.0	0	0.0
login	30	113	170704.0	30	1.2335526315789473	170704.0	11	0.4523026315789474	1816.0	17	0.699013157894737	681.0	0	0.0	681.0	0	0.0
login	30	114	172208.0	0	0.0	172208.0	19	0.78125	1832.0	12	0.493421052631579	687.0	0	0.0	687.0	0	0.0
login	30	115	173712.0	30	1.2335526315789473	173712.0	4	0.16447368421052633	1848.0	10	0.4111842105263158	693.0	0	0.0	693.0	0	0.0
login	30	116	175216.0	0	0.0	175216.0	16	0.6578947368421053	1864.0	10	0.4111842105263158	699.0	0	0.0	699.0	0	0.0
login	30	117	176720.0	0	0.0	176720.0	10	0.4111842105263158	1880.0	21	0.8634868421052633	705.0	0	0.0	705.0	0	0.0
login	30	118	178224.0	30	1.2335526315789473	178224.0	12	0.493421052631579	1896.0	27	1.1101973684210527	711.0	0	0.0	711.0	0	0.0
login	30	119	179728.0	0	0.0	179728.0	18	0.7401315789473685	1912.0	19	0.78125	717.0	0	0.0	717.0	0	0.0
login	30	120	181232.0	30	1.2335526315789473	181232.0	6	0.2467105263157895	1928.0	5	0.2055921052631579	723.0	0	0.0	723.0	0	0.0
login	30	121	182736.0	0	0.0	182736.0	17	0.699013157894737	1944.0	9	0.37006578947368424	729.0	0	0.0	729.0	0	0.0
login	30	122	184240.0	0	0.0	184240.0	7	0.2878289473684211	1960.0	15	0.6167763157894737	735.0	0	0.0	735.0	0	0.0
login	30	123	185744.0	30	1.2335526315789473	185744.0	14	0.5756578947368421	1976.0	16	0.6578947368421053	741.0	0	0.0	741.0	0	0.0
login	30	124	187248.0	0	0.0	187248.0	16	0.6578947368421053	1992.0	13	0.5345394736842106	747.0	0	0.0	747.0	0	0.0
login	30	125	188752.0	30	1.2335526315789473	188752.0	6	0.2467105263157895	2008.0	13	0.5345394736842106	753.0	0	0.0	753.0	0	0.0
login	30	126	190256.0	0	0.0	190256.0	15	0.6167763157894737	2024.0	9	0.37006578947368424	759.0	0	0.0	759.0	0	0.0
login	30	127	191760.0	0	0.0	191760.0	9	0.37006578947368424	2040.0	6	0.2467105263157895	765.0	0	0.0	765.0	0	0.0
login	30	128	193264.0	30	1.2335526315789473	193264.0	13	0.5345394736842106	2056.0	13	0.5345394736842106	771.0	0	0.0	771.0	0	0.0
login	30	129	194768.0	0	0.0	194768.0	17	0.699013157894737	2072.0	20	0.8223684210526316	777.0	0	0.0	777.0	0	0.0
login	30	130	196272.0	30	1.2335526315789473	196272.0	5	0.2055921052631579	2088.0	29	1.192434210526316	783.0	0	0.0	783.0	0	0.0
login	30	131	197776.0	0	0.0	197776.0	18	0.7401315789473685	2104.0	20	0.8223684210526316	789.0	0	0.0	789.0	0	0.0
login	30	132	199280.0	2	0.08223684210526316	199280.0	7	0.2878289473684211	2120.0	12	0.493421052631579	795.0	0	0.0	795.0	0	0.0
login	30	133	200784.0	28	1.1513157894736843	200784.0	12	0.493421052631579	2136.0	14	0.5756578947368421	801.0	0	0.0	801.0	0	0.0
login	30	134	202288.0	0	0.0	202288.0	18	0.7401315789473685	2152.0	14	0.5756578947368421	807.0	0	0.0	807.0	0	0.0
login	30	135	203792.0	30	1.2335526315789473	203792.0	4	0.16447368421052633	2168.0	11	0.4523026315789474	813.0	0	0.0	813.0	0	0.0
login	30	136	205296.0	0	0.0	205296.0	16	0.6578947368421053	2184.0	18	0.7401315789473685	819.0	0	0.0	819.0	0	0.0
login	30	137	206800.0	0	0.0	206800.0	10	0.4111842105263158	2200.0	16	0.6578947368421053	825.0	0	0.0	825.0	0	0.0
login	30	138	208304.0	30	1.2335526315789473	208304.0	11	0.4523026315789474	2216.0	8	0.32894736842105265	831.0	0	0.0	831.0	0	0.0
login	30	139	209808.0	0	0.0	209808.0	16	0.6578947368421053	2232.0	14	0.5756578947368421	837.0	0	0.0	837.0	0	0.0
login	30	140	211312.0	30	1.2335526315789473	211312.0	8	0.32894736842105265	2248.0	10	0.4111842105263158	843.0	0	0.0	843.0	0	0.0
login	30	141	212816.0	0	0.0	212816.0	14	0.5756578947368421	2264.0	9	0.37006578947368424	849.0	0	0.0	849.0	0	0.0
login	30	142	214320.0	0	0.0	214320.0	11	0.4523026315789474	2280.0	14	0.5756578947368421	855.0	0	0.0	855.0	0	0.0
login	30	143	215824.0	30	1.2335526315789473	215824.0	10	0.4111842105263158	2296.0	21	0.8634868421052633	861.0	0	0.0	861.0	0	0.0
login	30	144	217328.0	0	0.0	217328.0	17	0.699013157894737	2312.0	20	0.8223684210526316	867.0	0	0.0	867.0	0	0.0
login	30	145	218832.0	30	1.2335526315789473	218832.0	5	0.2055921052631579	2328.0	13	0.5345394736842106	873.0	0	0.0	873.0	0	0.0
login	30	146	220336.0	0	0.0	220336.0	17	0.699013157894737	2344.0	12	0.493421052631579	879.0	0	0.0	879.0	0	0.0
login	30	147	221840.0	0	0.0	221840.0	11	0.4523026315789474	2360.0	14	0.5756578947368421	885.0	0	0.0	885.0	0	0.0
login	30	148	223344.0	30	1.2335526315789473	223344.0	9	0.37006578947368424	2376.0	14	0.5756578947368421	891.0	0	0.0	891.0	0	0.0
login	30	149	224848.0	0	0.0	224848.0	20	0.8223684210526316	2392.0	19	0.78125	897.0	0	0.0	897.0	0	0.0
login	30	150	226352.0	30	1.2335526315789473	226352.0	5	0.2055921052631579	2408.0	15	0.6167763157894737	903.0	0	0.0	903.0	0	0.0
login	30	151	227856.0	0	0.0	227856.0	17	0.699013157894737	2424.0	16	0.6578947368421053	909.0	0	0.0	909.0	0	0.0
login	30	152	229360.0	0	0.0	229360.0	9	0.37006578947368424	2440.0	11	0.4523026315789474	915.0	0	0.0	915.0	0	0.0
login	30	153	230864.0	30	1.2335526315789473	230864.0	12	0.493421052631579	2456.0	10	0.4111842105263158	921.0	0	0.0	921.0	0	0.0
login	30	154	232368.0	0	0.0	232368.0	17	0.699013157894737	2472.0	12	0.493421052631579	927.0	0	0.0	927.0	0	0.0
login	30	155	233872.0	30	1.2335526315789473	233872.0	4	0.16447368421052633	2488.0	18	0.7401315789473685	933.0	0	0.0	933.0	0	0.0
login	30	156	235376.0	0	0.0	235376.0	17	0.699013157894737	2504.0	16	0.6578947368421053	939.0	0	0.0	939.0	0	0.0
login	30	157	236880.0	0	0.0	236880.0	10	0.4111842105263158	2520.0	16	0.6578947368421053	945.0	0	0.0	945.0	0	0.0
login	30	158	238384.0	30	1.2335526315789473	238384.0	12	0.493421052631579	2536.0	8	0.32894736842105265	951.0	0	0.0	951.0	0	0.0
login	30	159	239888.0	0	0.0	239888.0	18	0.7401315789473685	2552.0	15	0.6167763157894737	957.0	0	0.0	957.0	0	0.0
login	30	160	241392.0	30	1.2335526315789473	241392.0	5	0.2055921052631579	2568.0	7	0.2878289473684211	963.0	0	0.0	963.0	0	0.0
login	30	161	242896.0	0	0.0	242896.0	17	0.699013157894737	2584.0	13	0.5345394736842106	969.0	0	0.0	969.0	0	0.0
login	30	162	244400.0	0	0.0	244400.0	8	0.32894736842105265	2600.0	24	0.986842105263158	975.0	0	0.0	975.0	0	0.0
login	30	163	245904.0	30	1.2335526315789473	245904.0	11	0.4523026315789474	2616.0	15	0.6167763157894737	981.0	0	0.0	981.0	0	0.0
login	30	164	247408.0	0	0.0	247408.0	16	0.6578947368421053	2632.0	6	0.2467105263157895	987.0	0	0.0	987.0	0	0.0
login	30	165	248912.0	30	1.2335526315789473	248912.0	7	0.2878289473684211	2648.0	11	0.4523026315789474	993.0	0	0.0	993.0	0	0.0
login	30	166	250416.0	0	0.0	250416.0	14	0.5756578947368421	2664.0	15	0.6167763157894737	999.0	0	0.0	999.0	0	0.0
login	30	167	251920.0	0	0.0	251920.0	12	0.493421052631579	2680.0	16	0.6578947368421053	1005.0	0	0.0	1005.0	0	0.0
login	30	168	253424.0	30	1.2335526315789473	253424.0	12	0.493421052631579	2696.0	21	0.8634868421052633	1011.0	0	0.0	1011.0	0	0.0
login	30	169	254928.0	0	0.0	254928.0	16	0.6578947368421053	2712.0	10	0.4111842105263158	1017.0	0	0.0	1017.0	0	0.0
login	30	170	256432.0	30	1.2335526315789473	256432.0	5	0.2055921052631579	2728.0	15	0.6167763157894737	1023.0	0	0.0	1023.0	0	0.0
login	30	171	257936.0	0	0.0	257936.0	16	0.6578947368421053	2744.0	7	0.2878289473684211	1029.0	0	0.0	1029.0	0	0.0
login	30	172	259440.0	0	0.0	259440.0	11	0.4523026315789474	2760.0	9	0.37006578947368424	1035.0	0	0.0	1035.0	0	0.0
login	30	173	260944.0	30	1.2335526315789473	260944.0	13	0.5345394736842106	2776.0	9	0.37006578947368424	1041.0	0	0.0	1041.0	0	0.0
login	30	174	262448.0	0	0.0	262448.0	17	0.699013157894737	2792.0	7	0.2878289473684211	1047.0	0	0.0	1047.0	0	0.0
login	30	175	263952.0	30	1.2335526315789473	263952.0	6	0.2467105263157895	2808.0	9	0.37006578947368424	1053.0	0	0.0	1053.0	0	0.0
login	30	176	265456.0	0	0.0	265456.0	16	0.6578947368421053	2824.0	5	0.2055921052631579	1059.0	0	0.0	1059.0	0	0.0
login	30	177	266960.0	1	0.04111842105263158	266960.0	8	0.32894736842105265	2840.0	5	0.2055921052631579	1065.0	0	0.0	1065.0	0	0.0
login	30	178	268464.0	29	1.192434210526316	268464.0	15	0.6167763157894737	2856.0	4	0.16447368421052633	1071.0	0	0.0	1071.0	0	0.0
login	30	179	269968.0	0	0.0	269968.0	15	0.6167763157894737	2872.0	4	0.16447368421052633	1077.0	0	0.0	1077.0	0	0.0
login	30	180	271472.0	30	1.2335526315789473	271472.0	7	0.2878289473684211	2888.0	5	0.2055921052631579	1083.0	0	0.0	1083.0	0	0.0
login	30	181	272976.0	0	0.0	272976.0	15	0.6167763157894737	2904.0	7	0.2878289473684211	1089.0	0	0.0	1089.0	0	0.0
login	30	182	274480.0	0	0.0	274480.0	8	0.32894736842105265	2920.0	3	0.12335526315789475	1095.0	0	0.0	1095.0	0	0.0
login	30	183	275984.0	30	1.2335526315789473	275984.0	12	0.493421052631579	2936.0	1	0.04111842105263158	1101.0	0	0.0	1101.0	0	0.0
login	30	184	277488.0	0	0.0	277488.0	16	0.6578947368421053	2952.0	2	0.08223684210526316	1107.0	0	0.0	1107.0	0	0.0
login	30	185	278992.0	30	1.2335526315789473	278992.0	6	0.2467105263157895	2968.0	4	0.16447368421052633	1113.0	0	0.0	1113.0	0	0.0
login	30	186	280496.0	0	0.0	280496.0	15	0.6167763157894737	2984.0	2	0.08223684210526316	1119.0	0	0.0	1119.0	0	0.0
login	30	187	282000.0	0	0.0	282000.0	11	0.4523026315789474	3000.0	0	0.0	1125.0	0	0.0	1125.0	0	0.0
login	30	188	283504.0	30	1.2335526315789473	283504.0	11	0.4523026315789474	3016.0	1	0.04111842105263158	1131.0	0	0.0	1131.0	0	0.0
login	30	189	285008.0	0	0.0	285008.0	19	0.78125	3032.0	0	0.0	1137.0	0	0.0	1137.0	0	0.0
login	30	190	286512.0	30	1.2335526315789473	286512.0	5	0.2055921052631579	3048.0	0	0.0	1143.0	0	0.0	1143.0	0	0.0
login	30	191	288016.0	0	0.0	288016.0	16	0.6578947368421053	3064.0	1	0.04111842105263158	1149.0	0	0.0	1149.0	0	0.0
login	30	192	289520.0	1	0.04111842105263158	289520.0	9	0.37006578947368424	3080.0	0	0.0	1155.0	0	0.0	1155.0	0	0.0
login	30	193	291024.0	29	1.192434210526316	291024.0	14	0.5756578947368421	3096.0	0	0.0	1161.0	0	0.0	1161.0	0	0.0
login	30	194	292528.0	0	0.0	292528.0	16	0.6578947368421053	3112.0	1	0.04111842105263158	1167.0	0	0.0	1167.0	0	0.0
login	30	195	294032.0	30	1.2335526315789473	294032.0	6	0.2467105263157895	3128.0	0	0.0	1173.0	0	0.0	1173.0	0	0.0
login	30	196	295536.0	0	0.0	295536.0	16	0.6578947368421053	3144.0	0	0.0	1179.0	0	0.0	1179.0	0	0.0
login	30	197	297040.0	0	0.0	297040.0	8	0.32894736842105265	3160.0	0	0.0	1185.0	0	0.0	1185.0	0	0.0
login	30	198	298544.0	30	1.2335526315789473	298544.0	15	0.6167763157894737	3176.0	0	0.0	1191.0	0	0.0	1191.0	0	0.0
login	30	199	300048.0	0	0.0	300048.0	15	0.6167763157894737	3192.0	0	0.0	1197.0	0	0.0	1197.0	0	0.0
info	30	0	751.0	19	0.7838283828382838	751.0	5	0.20627062706270627	6.5	81	3.3415841584158414	3.0	2424	100.0	3.0	2424	100.0
info	30	1	2253.0	13	0.5363036303630363	2253.0	27	1.113861386138614	19.5	11	0.4537953795379538	9.0	0	0.0	9.0	0	0.0
info	30	2	3755.0	14	0.5775577557755776	3755.0	0	0.0	32.5	30	1.2376237623762376	15.0	0	0.0	15.0	0	0.0
info	30	3	5257.0	16	0.6600660066006601	5257.0	30	1.2376237623762376	45.5	33	1.3613861386138613	21.0	0	0.0	21.0	0	0.0
info	30	4	6759.0	8	0.33003300330033003	6759.0	0	0.0	58.5	29	1.1963696369636962	27.0	0	0.0	27.0	0	0.0
info	30	5	8261.0	19	0.7838283828382838	8261.0	4	0.16501650165016502	71.5	31	1.278877887788779	33.0	0	0.0	33.0	0	0.0
info	30	6	9763.0	4	0.16501650165016502	9763.0	26	1.0726072607260726	84.5	45	1.8564356435643563	39.0	0	0.0	39.0	0	0.0
info	30	7	11265.0	20	0.8250825082508251	11265.0	0	0.0	97.5	36	1.4851485148514851	45.0	0	0.0	45.0	0	0.0
info	30	8	12767.0	9	0.3712871287128713	12767.0	30	1.2376237623762376	110.5	24	0.9900990099009901	51.0	0	0.0	51.0	0	0.0
info	30	9	14269.0	14	0.5775577557755776	14269.0	0	0.0	123.5	15	0.6188118811881188	57.0	0	0.0	57.0	0	0.0
info	30	10	15771.0	16	0.6600660066006601	15771.0	30	1.2376237623762376	136.5	19	0.7838283828382838	63.0	0	0.0	63.0	0	0.0
info	30	11	17273.0	5	0.20627062706270627	17273.0	0	0.0	149.5	10	0.41254125412541254	69.0	0	0.0	69.0	0	0.0
info	30	12	18775.0	17	0.7013201320132013	18775.0	0	0.0	162.5	12	0.49504950495049505	75.0	0	0.0	75.0	0	0.0
info	30	13	20277.0	8	0.33003300330033003	20277.0	30	1.2376237623762376	175.5	7	0.2887788778877888	81.0	0	0.0	81.0	0	0.0
info	30	14	21779.0	16	0.6600660066006601	21779.0	0	0.0	188.5	8	0.33003300330033003	87.0	0	0.0	87.0	0	0.0
info	30	15	23281.0	14	0.5775577557755776	23281.0	29	1.1963696369636962	201.5	12	0.49504950495049505	93.0	0	0.0	93.0	0	0.0
info	30	16	24783.0	3	0.12376237623762376	24783.0	1	0.041254125412541254	214.5	14	0.5775577557755776	99.0	0	0.0	99.0	0	0.0
info	30	17	26285.0	16	0.6600660066006601	26285.0	0	0.0	227.5	14	0.5775577557755776	105.0	0	0.0	105.0	0	0.0
info	30	18	27787.0	11	0.4537953795379538	27787.0	30	1.2376237623762376	240.5	10	0.41254125412541254	111.0	0	0.0	111.0	0	0.0
info	30	19	29289.0	11	0.4537953795379538	29289.0	0	0.0	253.5	11	0.4537953795379538	117.0	0	0.0	117.0	0	0.0
info	30	20	30791.0	16	0.6600660066006601	30791.0	4	0.16501650165016502	266.5	11	0.4537953795379538	123.0	0	0.0	123.0	0	0.0
info	30	21	32293.0	5	0.20627062706270627	32293.0	26	1.0726072607260726	279.5	10	0.41254125412541254	129.0	0	0.0	129.0	0	0.0
info	30	22	33795.0	15	0.6188118811881188	33795.0	0	0.0	292.5	13	0.5363036303630363	135.0	0	0.0	135.0	0	0.0
info	30	23	35297.0	13	0.5363036303630363	35297.0	30	1.2376237623762376	305.5	12	0.49504950495049505	141.0	0	0.0	141.0	0	0.0
info	30	24	36799.0	9	0.3712871287128713	36799.0	0	0.0	318.5	11	0.4537953795379538	147.0	0	0.0	147.0	0	0.0
info	30	25	38301.0	16	0.6600660066006601	38301.0	0	0.0	331.5	10	0.41254125412541254	153.0	0	0.0	153.0	0	0.0
info	30	26	39803.0	5	0.20627062706270627	39803.0	30	1.2376237623762376	344.5	6	0.24752475247524752	159.0	0	0.0	159.0	0	0.0
info	30	27	41305.0	18	0.7425742574257426	41305.0	1	0.041254125412541254	357.5	12	0.49504950495049505	165.0	0	0.0	165.0	0	0.0
info	30	28	42807.0	12	0.49504950495049505	42807.0	29	1.1963696369636962	370.5	9	0.3712871287128713	171.0	0	0.0	171.0	0	0.0
info	30	29	44309.0	9	0.3712871287128713	44309.0	0	0.0	383.5	11	0.4537953795379538	177.0	0	0.0	177.0	0	0.0
info	30	30	45811.0	16	0.6600660066006601	45811.0	0	0.0	396.5	13	0.5363036303630363	183.0	0	0.0	183.0	0	0.0
info	30	31	47313.0	5	0.20627062706270627	47313.0	30	1.2376237623762376	409.5	11	0.4537953795379538	189.0	0	0.0	189.0	0	0.0
info	30	32	48815.0	16	0.6600660066006601	48815.0	0	0.0	422.5	15	0.6188118811881188	195.0	0	0.0	195.0	0	0.0
info	30	33	50317.0	14	0.5775577557755776	50317.0	30	1.2376237623762376	435.5	10	0.41254125412541254	201.0	0	0.0	201.0	0	0.0
info	30	34	51819.0	6	0.24752475247524752	51819.0	0	0.0	448.5	13	0.5363036303630363	207.0	0	0.0	207.0	0	0.0
info	30	35	53321.0	18	0.7425742574257426	53321.0	0	0.0	461.5	13	0.5363036303630363	213.0	0	0.0	213.0	0	0.0
info	30	36	54823.0	6	0.24752475247524752	54823.0	30	1.2376237623762376	474.5	12	0.49504950495049505	219.0	0	0.0	219.0	0	0.0
info	30	37	56325.0	14	0.5775577557755776	56325.0	0	0.0	487.5	20	0.8250825082508251	225.0	0	0.0	225.0	0	0.0
info	30	38	57827.0	16	0.6600660066006601	57827.0	30	1.2376237623762376	500.5	17	0.7013201320132013	231.0	0	0.0	231.0	0	0.0
info	30	39	59329.0	10	0.41254125412541254	59329.0	0	0.0	513.5	16	0.6600660066006601	237.0	0	0.0	237.0	0	0.0
info	30	40	60831.0	19	0.7838283828382838	60831.0	16	0.6600660066006601	526.5	13	0.5363036303630363	243.0	0	0.0	243.0	0	0.0
info	30	41	62333.0	2	0.08250825082508251	62333.0	14	0.5775577557755776	539.5	9	0.3712871287128713	249.0	0	0.0	249.0	0	0.0
info	30	42	63835.0	20	0.8250825082508251	63835.0	0	0.0	552.5	13	0.5363036303630363	255.0	0	0.0	255.0	0	0.0
info	30	43	65337.0	9	0.3712871287128713	65337.0	30	1.2376237623762376	565.5	6	0.24752475247524752	261.0	0	0.0	261.0	0	0.0
info	30	44	66839.0	13	0.5363036303630363	66839.0	0	0.0	578.5	14	0.5775577557755776	267.0	0	0.0	267.0	0	0.0
info	30	45	68341.0	17	0.7013201320132013	68341.0	28	1.155115511551155	591.5	11	0.4537953795379538	273.0	0	0.0	273.0	0	0.0
info	30	46	69843.0	2	0.08250825082508251	69843.0	2	0.08250825082508251	604.5	18	0.7425742574257426	279.0	0	0.0	279.0	0	0.0
info	30	47	71345.0	18	0.7425742574257426	71345.0	1	0.041254125412541254	617.5	13	0.5363036303630363	285.0	0	0.0	285.0	0	0.0
info	30	48	72847.0	10	0.41254125412541254	72847.0	29	1.1963696369636962	630.5	5	0.20627062706270627	291.0	0	0.0	291.0	0	0.0
info	30	49	74349.0	14	0.5775577557755776	74349.0	0	0.0	643.5	6	0.24752475247524752	297.0	0	0.0	297.0	0	0.0
info	30	50	75851.0	16	0.6600660066006601	75851.0	30	1.2376237623762376	656.5	7	0.2887788778877888	303.0	0	0.0	303.0	0	0.0
info	30	51	77353.0	6	0.24752475247524752	77353.0	0	0.0	669.5	13	0.5363036303630363	309.0	0	0.0	309.0	0	0.0
info	30	52	78855.0	14	0.5775577557755776	78855.0	0	0.0	682.5	15	0.6188118811881188	315.0	0	0.0	315.0	0	0.0
info	30	53	80357.0	10	0.41254125412541254	80357.0	30	1.2376237623762376	695.5	12	0.49504950495049505	321.0	0	0.0	321.0	0	0.0
info	30	54	81859.0	13	0.5363036303630363	81859.0	0	0.0	708.5	20	0.8250825082508251	327.0	0	0.0	327.0	0	0.0
info	30	55	83361.0	17	0.7013201320132013	83361.0	30	1.2376237623762376	721.5	5	0.20627062706270627	333.0	0	0.0	333.0	0	0.0
info	30	56	84863.0	2	0.08250825082508251	84863.0	0	0.0	734.5	14	0.5775577557755776	339.0	0	0.0	339.0	0	0.0
info	30	57	86365.0	16	0.6600660066006601	86365.0	0	0.0	747.5	14	0.5775577557755776	345.0	0	0.0	345.0	0	0.0
info	30	58	87867.0	12	0.49504950495049505	87867.0	30	1.2376237623762376	760.5	7	0.2887788778877888	351.0	0	0.0	351.0	0	0.0
info	30	59	89369.0	12	0.49504950495049505	89369.0	0	0.0	773.5	14	0.5775577557755776	357.0	0	0.0	357.0	0	0.0
info	30	60	90871.0	17	0.7013201320132013	90871.0	27	1.113861386138614	786.5	11	0.4537953795379538	363.0	0	0.0	363.0	0	0.0
info	30	61	92373.0	5	0.20627062706270627	92373.0	3	0.12376237623762376	799.5	12	0.49504950495049505	369.0	0	0.0	369.0	0	0.0
info	30	62	93875.0	20	0.8250825082508251	93875.0	0	0.0	812.5	12	0.49504950495049505	375.0	0	0.0	375.0	0	0.0
info	30	63	95377.0	6	0.24752475247524752	95377.0	30	1.2376237623762376	825.5	15	0.6188118811881188	381.0	0	0.0	381.0	0	0.0
info	30	64	96879.0	20	0.8250825082508251	96879.0	0	0.0	838.5	11	0.4537953795379538	387.0	0	0.0	387.0	0	0.0
info	30	65	98381.0	10	0.41254125412541254	98381.0	30	1.2376237623762376	851.5	11	0.4537953795379538	393.0	0	0.0	393.0	0	0.0
info	30	66	99883.0	14	0.5775577557755776	99883.0	0	0.0	864.5	10	0.41254125412541254	399.0	0	0.0	399.0	0	0.0
info	30	67	101385.0	16	0.6600660066006601	101385.0	30	1.2376237623762376	877.5	8	0.33003300330033003	405.0	0	0.0	405.0	0	0.0
info	30	68	102887.0	5	0.20627062706270627	102887.0	0	0.0	890.5	20	0.8250825082508251	411.0	0	0.0	411.0	0	0.0
info	30	69	104389.0	19	0.7838283828382838	104389.0	1	0.041254125412541254	903.5	21	0.8663366336633663	417.0	0	0.0	417.0	0	0.0
info	30	70	105891.0	6	0.24752475247524752	105891.0	29	1.1963696369636962	916.5	17	0.7013201320132013	423.0	0	0.0	423.0	0	0.0
info	30	71	107393.0	17	0.7013201320132013	107393.0	0	0.0	929.5	11	0.4537953795379538	429.0	0	0.0	429.0	0	0.0
info	30	72	108895.0	13	0.5363036303630363	108895.0	30	1.2376237623762376	942.5	14	0.5775577557755776	435.0	0	0.0	435.0	0	0.0
info	30	73	110397.0	10	0.41254125412541254	110397.0	0	0.0	955.5	9	0.3712871287128713	441.0	0	0.0	441.0	0	0.0
info	30	74	111899.0	17	0.7013201320132013	111899.0	0	0.0	968.5	10	0.41254125412541254	447.0	0	0.0	447.0	0	0.0
info	30	75	113401.0	4	0.16501650165016502	113401.0	30	1.2376237623762376	981.5	9	0.3712871287128713	453.0	0	0.0	453.0	0	0.0
info	30	76	114903.0	18	0.7425742574257426	114903.0	0	0.0	994.5	17	0.7013201320132013	459.0	0	0.0	459.0	0	0.0
info	30	77	116405.0	11	0.4537953795379538	116405.0	30	1.2376237623762376	1007.5	13	0.5363036303630363	465.0	0	0.0	465.0	0	0.0
info	30	78	117907.0	10	0.41254125412541254	117907.0	0	0.0	1020.5	12	0.49504950495049505	471.0	0	0.0	471.0	0	0.0
info	30	79	119409.0	16	0.6600660066006601	119409.0	0	0.0	1033.5	12	0.49504950495049505	477.0	0	0.0	477.0	0	0.0
info	30	80	120911.0	6	0.24752475247524752	120911.0	30	1.2376237623762376	1046.5	9	0.3712871287128713	483.0	0	0.0	483.0	0	0.0
info	30	81	122413.0	17	0.7013201320132013	122413.0	0	0.0	1059.5	2	0.08250825082508251	489.0	0	0.0	489.0	0	0.0
info	30	82	123915.0	11	0.4537953795379538	123915.0	30	1.2376237623762376	1072.5	11	0.4537953795379538	495.0	0	0.0	495.0	0	0.0
info	30	83	125417.0	8	0.33003300330033003	125417.0	0	0.0	1085.5	14	0.5775577557755776	501.0	0	0.0	501.0	0	0.0
info	30	84	126919.0	15	0.6188118811881188	126919.0	0	0.0	1098.5	18	0.7425742574257426	507.0	0	0.0	507.0	0	0.0
info	30	85	128421.0	7	0.2887788778877888	128421.0	30	1.2376237623762376	1111.5	18	0.7425742574257426	513.0	0	0.0	513.0	0	0.0
info	30	86	129923.0	15	0.6188118811881188	129923.0	1	0.041254125412541254	1124.5	14	0.5775577557755776	519.0	0	0.0	519.0	0	0.0
info	30	87	131425.0	15	0.6188118811881188	131425.0	29	1.1963696369636962	1137.5	8	0.33003300330033003	525.0	0	0.0	525.0	0	0.0
info	30	88	132927.0	7	0.2887788778877888	132927.0	0	0.0	1150.5	5	0.20627062706270627	531.0	0	0.0	531.0	0	0.0
info	30	89	134429.0	16	0.6600660066006601	134429.0	1	0.041254125412541254	1163.5	11	0.4537953795379538	537.0	0	0.0	537.0	0	0.0
info	30	90	135931.0	7	0.2887788778877888	135931.0	29	1.1963696369636962	1176.5	20	0.8250825082508251	543.0	0	0.0	543.0	0	0.0
info	30	91	137433.0	14	0.5775577557755776	137433.0	0	0.0	1189.5	8	0.33003300330033003	549.0	0	0.0	549.0	0	0.0
info	30	92	138935.0	14	0.5775577557755776	138935.0	28	1.155115511551155	1202.5	15	0.6188118811881188	555.0	0	0.0	555.0	0	0.0
info	30	93	140437.0	8	0.33003300330033003	140437.0	2	0.08250825082508251	1215.5	17	0.7013201320132013	561.0	0	0.0	561.0	0	0.0
info	30	94	141939.0	18	0.7425742574257426	141939.0	0	0.0	1228.5	17	0.7013201320132013	567.0	0	0.0	567.0	0	0.0
info	30	95	143441.0	6	0.24752475247524752	143441.0	30	1.2376237623762376	1241.5	14	0.5775577557755776	573.0	0	0.0	573.0	0	0.0
info	30	96	144943.0	16	0.6600660066006601	144943.0	0	0.0	1254.5	14	0.5775577557755776	579.0	0	0.0	579.0	0	0.0
info	30	97	146445.0	14	0.5775577557755776	146445.0	30	1.2376237623762376	1267.5	9	0.3712871287128713	585.0	0	0.0	585.0	0	0.0
info	30	98	147947.0	8	0.33003300330033003	147947.0	0	0.0	1280.5	7	0.2887788778877888	591.0	0	0.0	591.0	0	0.0
info	30	99	149449.0	16	0.6600660066006601	149449.0	0	0.0	1293.5	13	0.5363036303630363	597.0	0	0.0	597.0	0	0.0
info	30	100	150951.0	6	0.24752475247524752	150951.0	30	1.2376237623762376	1306.5	14	0.5775577557755776	603.0	0	0.0	603.0	0	0.0
info	30	101	152453.0	13	0.5363036303630363	152453.0	0	0.0	1319.5	13	0.5363036303630363	609.0	0	0.0	609.0	0	0.0
info	30	102	153955.0	17	0.7013201320132013	153955.0	30	1.2376237623762376	1332.5	7	0.2887788778877888	615.0	0	0.0	615.0	0	0.0
info	30	103	155457.0	5	0.20627062706270627	155457.0	0	0.0	1345.5	2	0.08250825082508251	621.0	0	0.0	621.0	0	0.0
info	30	104	156959.0	18	0.7425742574257426	156959.0	0	0.0	1358.5	10	0.41254125412541254	627.0	0	0.0	627.0	0	0.0
info	30	105	158461.0	7	0.2887788778877888	158461.0	30	1.2376237623762376	1371.5	15	0.6188118811881188	633.0	0	0.0	633.0	0	0.0
info	30	106	159963.0	14	0.5775577557755776	159963.0	0	0.0	1384.5	12	0.49504950495049505	639.0	0	0.0	639.0	0	0.0
info	30	107	161465.0	16	0.6600660066006601	161465.0	30	1.2376237623762376	1397.5	16	0.6600660066006601	645.0	0	0.0	645.0	0	0.0
info	30	108	162967.0	10	0.41254125412541254	162967.0	0	0.0	1410.5	8	0.33003300330033003	651.0	0	0.0	651.0	0	0.0
info	30	109	164469.0	20	0.8250825082508251	164469.0	30	1.2376237623762376	1423.5	15	0.6188118811881188	657.0	0	0.0	657.0	0	0.0
info	30	110	165971.0	4	0.16501650165016502	165971.0	0	0.0	1436.5	15	0.6188118811881188	663.0	0	0.0	663.0	0	0.0
info	30	111	167473.0	16	0.6600660066006601	167473.0	0	0.0	1449.5	7	0.2887788778877888	669.0	0	0.0	669.0	0	0.0
info	30	112	168975.0	10	0.41254125412541254	168975.0	30	1.2376237623762376	1462.5	8	0.33003300330033003	675.0	0	0.0	675.0	0	0.0
info	30	113	170477.0	11	0.4537953795379538	170477.0	0	0.0	1475.5	9	0.3712871287128713	681.0	0	0.0	681.0	0	0.0
info	30	114	171979.0	19	0.7838283828382838	171979.0	30	1.2376237623762376	1488.5	15	0.6188118811881188	687.0	0	0.0	687.0	0	0.0
info	30	115	173481.0	4	0.16501650165016502	173481.0	0	0.0	1501.5	21	0.8663366336633663	693.0	0	0.0	693.0	0	0.0
info	30	116	174983.0	18	0.7425742574257426	174983.0	0	0.0	1514.5	12	0.49504950495049505	699.0	0	0.0	699.0	0	0.0
info	30	117	176485.0	8	0.33003300330033003	176485.0	30	1.2376237623762376	1527.5	6	0.24752475247524752	705.0	0	0.0	705.0	0	0.0
info	30	118	177987.0	13	0.5363036303630363	177987.0	0	0.0	1540.5	12	0.49504950495049505	711.0	0	0.0	711.0	0	0.0
info	30	119	179489.0	17	0.7013201320132013	179489.0	30	1.2376237623762376	1553.5	15	0.6188118811881188	717.0	0	0.0	717.0	0	0.0
info	30	120	180991.0	6	0.24752475247524752	180991.0	0	0.0	1566.5	12	0.49504950495049505	723.0	0	0.0	723.0	0	0.0
info	30	121	182493.0	19	0.7838283828382838	182493.0	0	0.0	1579.5	9	0.3712871287128713	729.0	0	0.0	729.0	0	0.0
info	30	122	183995.0	5	0.20627062706270627	183995.0	30	1.2376237623762376	1592.5	8	0.33003300330033003	735.0	0	0.0	735.0	0	0.0
info	30	123	185497.0	14	0.5775577557755776	185497.0	0	0.0	1605.5	13	0.5363036303630363	741.0	0	0.0	741.0	0	0.0
info	30	124	186999.0	16	0.6600660066006601	186999.0	30	1.2376237623762376	1618.5	15	0.6188118811881188	747.0	0	0.0	747.0	0	0.0
info	30	125	188501.0	6	0.24752475247524752	188501.0	0	0.0	1631.5	11	0.4537953795379538	753.0	0	0.0	753.0	0	0.0
info	30	126	190003.0	15	0.6188118811881188	190003.0	0	0.0	1644.5	16	0.6600660066006601	759.0	0	0.0	759.0	0	0.0
info	30	127	191505.0	9	0.3712871287128713	191505.0	30	1.2376237623762376	1657.5	10	0.41254125412541254	765.0	0	0.0	765.0	0	0.0
info	30	128	193007.0	13	0.5363036303630363	193007.0	1	0.041254125412541254	1670.5	13	0.5363036303630363	771.0	0	0.0	771.0	0	0.0
info	30	129	194509.0	17	0.7013201320132013	194509.0	29	1.1963696369636962	1683.5	10	0.41254125412541254	777.0	0	0.0	777.0	0	0.0
info	30	130	196011.0	5	0.20627062706270627	196011.0	0	0.0	1696.5	10	0.41254125412541254	783.0	0	0.0	783.0	0	0.0
info	30	131	197513.0	18	0.7425742574257426	197513.0	0	0.0	1709.5	14	0.5775577557755776	789.0	0	0.0	789.0	0	0.0
info	30	132	199015.0	7	0.2887788778877888	199015.0	30	1.2376237623762376	1722.5	13	0.5363036303630363	795.0	0	0.0	795.0	0	0.0
info	30	133	200517.0	12	0.49504950495049505	200517.0	0	0.0	1735.5	12	0.49504950495049505	801.0	0	0.0	801.0	0	0.0
info	30	134	202019.0	18	0.7425742574257426	202019.0	30	1.2376237623762376	1748.5	5	0.20627062706270627	807.0	0	0.0	807.0	0	0.0
info	30	135	203521.0	4	0.16501650165016502	203521.0	0	0.0	1761.5	12	0.49504950495049505	813.0	0	0.0	813.0	0	0.0
info	30	136	205023.0	16	0.6600660066006601	205023.0	0	0.0	1774.5	20	0.8250825082508251	819.0	0	0.0	819.0	0	0.0
info	30	137	206525.0	10	0.41254125412541254	206525.0	30	1.2376237623762376	1787.5	11	0.4537953795379538	825.0	0	0.0	825.0	0	0.0
info	30	138	208027.0	11	0.4537953795379538	208027.0	0	0.0	1800.5	20	0.8250825082508251	831.0	0	0.0	831.0	0	0.0
info	30	139	209529.0	16	0.6600660066006601	209529.0	27	1.113861386138614	1813.5	16	0.6600660066006601	837.0	0	0.0	837.0	0	0.0
info	30	140	211031.0	8	0.33003300330033003	211031.0	3	0.12376237623762376	1826.5	9	0.3712871287128713	843.0	0	0.0	843.0	0	0.0
info	30	141	212533.0	14	0.5775577557755776	212533.0	1	0.041254125412541254	1839.5	5	0.20627062706270627	849.0	0	0.0	849.0	0	0.0
info	30	142	214035.0	11	0.4537953795379538	214035.0	29	1.1963696369636962	1852.5	7	0.2887788778877888	855.0	0	0.0	855.0	0	0.0
info	30	143	215537.0	10	0.41254125412541254	215537.0	0	0.0	1865.5	10	0.41254125412541254	861.0	0	0.0	861.0	0	0.0
info	30	144	217039.0	17	0.7013201320132013	217039.0	3	0.12376237623762376	1878.5	12	0.49504950495049505	867.0	0	0.0	867.0	0	0.0
info	30	145	218541.0	3	0.12376237623762376	218541.0	27	1.113861386138614	1891.5	10	0.41254125412541254	873.0	0	0.0	873.0	0	0.0
info	30	146	220043.0	18	0.7425742574257426	220043.0	0	0.0	1904.5	26	1.0726072607260726	879.0	0	0.0	879.0	0	0.0
info	30	147	221545.0	12	0.49504950495049505	221545.0	30	1.2376237623762376	1917.5	15	0.6188118811881188	885.0	0	0.0	885.0	0	0.0
info	30	148	223047.0	9	0.3712871287128713	223047.0	0	0.0	1930.5	9	0.3712871287128713	891.0	0	0.0	891.0	0	0.0
info	30	149	224549.0	20	0.8250825082508251	224549.0	27	1.113861386138614	1943.5	12	0.49504950495049505	897.0	0	0.0	897.0	0	0.0
info	30	150	226051.0	5	0.20627062706270627	226051.0	3	0.12376237623762376	1956.5	9	0.3712871287128713	903.0	0	0.0	903.0	0	0.0
info	30	151	227553.0	16	0.6600660066006601	227553.0	0	0.0	1969.5	16	0.6600660066006601	909.0	0	0.0	909.0	0	0.0
info	30	152	229055.0	10	0.41254125412541254	229055.0	30	1.2376237623762376	1982.5	14	0.5775577557755776	915.0	0	0.0	915.0	0	0.0
info	30	153	230557.0	11	0.4537953795379538	230557.0	1	0.041254125412541254	1995.5	12	0.49504950495049505	921.0	0	0.0	921.0	0	0.0
info	30	154	232059.0	18	0.7425742574257426	232059.0	26	1.0726072607260726	2008.5	13	0.5363036303630363	927.0	0	0.0	927.0	0	0.0
info	30	155	233561.0	3	0.12376237623762376	233561.0	3	0.12376237623762376	2021.5	12	0.49504950495049505	933.0	0	0.0	933.0	0	0.0
info	30	156	235063.0	18	0.7425742574257426	235063.0	0	0.0	2034.5	7	0.2887788778877888	939.0	0	0.0	939.0	0	0.0
info	30	157	236565.0	10	0.41254125412541254	236565.0	30	1.2376237623762376	2047.5	11	0.4537953795379538	945.0	0	0.0	945.0	0	0.0
info	30	158	238067.0	10	0.41254125412541254	238067.0	0	0.0	2060.5	5	0.20627062706270627	951.0	0	0.0	951.0	0	0.0
info	30	159	239569.0	18	0.7425742574257426	239569.0	27	1.113861386138614	2073.5	7	0.2887788778877888	957.0	0	0.0	957.0	0	0.0
info	30	160	241071.0	6	0.24752475247524752	241071.0	3	0.12376237623762376	2086.5	13	0.5363036303630363	963.0	0	0.0	963.0	0	0.0
info	30	161	242573.0	17	0.7013201320132013	242573.0	0	0.0	2099.5	14	0.5775577557755776	969.0	0	0.0	969.0	0	0.0
info	30	162	244075.0	9	0.3712871287128713	244075.0	30	1.2376237623762376	2112.5	17	0.7013201320132013	975.0	0	0.0	975.0	0	0.0
info	30	163	245577.0	11	0.4537953795379538	245577.0	0	0.0	2125.5	13	0.5363036303630363	981.0	0	0.0	981.0	0	0.0
info	30	164	247079.0	16	0.6600660066006601	247079.0	0	0.0	2138.5	6	0.24752475247524752	987.0	0	0.0	987.0	0	0.0
info	30	165	248581.0	6	0.24752475247524752	248581.0	30	1.2376237623762376	2151.5	9	0.3712871287128713	993.0	0	0.0	993.0	0	0.0
info	30	166	250083.0	15	0.6188118811881188	250083.0	0	0.0	2164.5	11	0.4537953795379538	999.0	0	0.0	999.0	0	0.0
info	30	167	251585.0	12	0.49504950495049505	251585.0	30	1.2376237623762376	2177.5	13	0.5363036303630363	1005.0	0	0.0	1005.0	0	0.0
info	30	168	253087.0	12	0.49504950495049505	253087.0	0	0.0	2190.5	19	0.7838283828382838	1011.0	0	0.0	1011.0	0	0.0
info	30	169	254589.0	15	0.6188118811881188	254589.0	27	1.113861386138614	2203.5	17	0.7013201320132013	1017.0	0	0.0	1017.0	0	0.0
info	30	170	256091.0	5	0.20627062706270627	256091.0	4	0.16501650165016502	2216.5	12	0.49504950495049505	1023.0	0	0.0	1023.0	0	0.0
info	30	171	257593.0	17	0.7013201320132013	257593.0	0	0.0	2229.5	8	0.33003300330033003	1029.0	0	0.0	1029.0	0	0.0
info	30	172	259095.0	11	0.4537953795379538	259095.0	29	1.1963696369636962	2242.5	7	0.2887788778877888	1035.0	0	0.0	1035.0	0	0.0
info	30	173	260597.0	11	0.4537953795379538	260597.0	1	0.041254125412541254	2255.5	5	0.20627062706270627	1041.0	0	0.0	1041.0	0	0.0
info	30	174	262099.0	19	0.7838283828382838	262099.0	29	1.1963696369636962	2268.5	9	0.3712871287128713	1047.0	0	0.0	1047.0	0	0.0
info	30	175	263601.0	6	0.24752475247524752	263601.0	0	0.0	2281.5	9	0.3712871287128713	1053.0	0	0.0	1053.0	0	0.0
info	30	176	265103.0	16	0.6600660066006601	265103.0	0	0.0	2294.5	9	0.3712871287128713	1059.0	0	0.0	1059.0	0	0.0
info	30	177	266605.0	8	0.33003300330033003	266605.0	30	1.2376237623762376	2307.5	16	0.6600660066006601	1065.0	0	0.0	1065.0	0	0.0
info	30	178	268107.0	15	0.6188118811881188	268107.0	0	0.0	2320.5	9	0.3712871287128713	1071.0	0	0.0	1071.0	0	0.0
info	30	179	269609.0	14	0.5775577557755776	269609.0	27	1.113861386138614	2333.5	9	0.3712871287128713	1077.0	0	0.0	1077.0	0	0.0
info	30	180	271111.0	7	0.2887788778877888	271111.0	3	0.12376237623762376	2346.5	13	0.5363036303630363	1083.0	0	0.0	1083.0	0	0.0
info	30	181	272613.0	15	0.6188118811881188	272613.0	0	0.0	2359.5	5	0.20627062706270627	1089.0	0	0.0	1089.0	0	0.0
info	30	182	274115.0	9	0.3712871287128713	274115.0	30	1.2376237623762376	2372.5	3	0.12376237623762376	1095.0	0	0.0	1095.0	0	0.0
info	30	183	275617.0	10	0.41254125412541254	275617.0	0	0.0	2385.5	11	0.4537953795379538	1101.0	0	0.0	1101.0	0	0.0
info	30	184	277119.0	17	0.7013201320132013	277119.0	4	0.16501650165016502	2398.5	8	0.33003300330033003	1107.0	0	0.0	1107.0	0	0.0
info	30	185	278621.0	6	0.24752475247524752	278621.0	26	1.0726072607260726	2411.5	6	0.24752475247524752	1113.0	0	0.0	1113.0	0	0.0
info	30	186	280123.0	14	0.5775577557755776	280123.0	0	0.0	2424.5	5	0.20627062706270627	1119.0	0	0.0	1119.0	0	0.0
info	30	187	281625.0	13	0.5363036303630363	281625.0	30	1.2376237623762376	2437.5	5	0.20627062706270627	1125.0	0	0.0	1125.0	0	0.0
info	30	188	283127.0	10	0.41254125412541254	283127.0	0	0.0	2450.5	2	0.08250825082508251	1131.0	0	0.0	1131.0	0	0.0
info	30	189	284629.0	19	0.7838283828382838	284629.0	28	1.155115511551155	2463.5	1	0.041254125412541254	1137.0	0	0.0	1137.0	0	0.0
info	30	190	286131.0	4	0.16501650165016502	286131.0	2	0.08250825082508251	2476.5	3	0.12376237623762376	1143.0	0	0.0	1143.0	0	0.0
info	30	191	287633.0	17	0.7013201320132013	287633.0	1	0.041254125412541254	2489.5	4	0.16501650165016502	1149.0	0	0.0	1149.0	0	0.0
info	30	192	289135.0	10	0.41254125412541254	289135.0	29	1.1963696369636962	2502.5	2	0.08250825082508251	1155.0	0	0.0	1155.0	0	0.0
info	30	193	290637.0	12	0.49504950495049505	290637.0	0	0.0	2515.5	1	0.041254125412541254	1161.0	0	0.0	1161.0	0	0.0
info	30	194	292139.0	18	0.7425742574257426	292139.0	30	1.2376237623762376	2528.5	0	0.0	1167.0	0	0.0	1167.0	0	0.0
info	30	195	293641.0	5	0.20627062706270627	293641.0	0	0.0	2541.5	0	0.0	1173.0	0	0.0	1173.0	0	0.0
info	30	196	295143.0	17	0.7013201320132013	295143.0	0	0.0	2554.5	2	0.08250825082508251	1179.0	0	0.0	1179.0	0	0.0
info	30	197	296645.0	8	0.33003300330033003	296645.0	30	1.2376237623762376	2567.5	0	0.0	1185.0	0	0.0	1185.0	0	0.0
info	30	198	298147.0	13	0.5363036303630363	298147.0	0	0.0	2580.5	0	0.0	1191.0	0	0.0	1191.0	0	0.0
info	30	199	299649.0	9	0.3712871287128713	299649.0	22	0.9075907590759076	2593.5	0	0.0	1197.0	0	0.0	1197.0	0	0.0
home	30	0	741.0	8	0.33305578684429643	741.0	2	0.08326394671107411	6.5	145	6.036636136552873	3.0	2402	100.0	3.0	2402	100.0
home	30	1	2223.0	24	0.9991673605328892	2223.0	30	1.2489592006661117	19.5	31	1.2905911740216487	9.0	0	0.0	9.0	0	0.0
home	30	2	3705.0	0	0.0	3705.0	0	0.0	32.5	69	2.872606161532057	15.0	0	0.0	15.0	0	0.0
home	30	3	5187.0	30	1.2489592006661117	5187.0	30	1.2489592006661117	45.5	107	4.454621149042465	21.0	0	0.0	21.0	0	0.0
home	30	4	6669.0	0	0.0	6669.0	0	0.0	58.5	126	5.245628642797668	27.0	0	0.0	27.0	0	0.0
home	30	5	8151.0	30	1.2489592006661117	8151.0	30	1.2489592006661117	71.5	180	7.4937552039966695	33.0	0	0.0	33.0	0	0.0
home	30	6	9633.0	0	0.0	9633.0	0	0.0	84.5	269	11.199000832639468	39.0	0	0.0	39.0	0	0.0
home	30	7	11115.0	0	0.0	11115.0	0	0.0	97.5	303	12.614487926727728	45.0	0	0.0	45.0	0	0.0
home	30	8	12597.0	30	1.2489592006661117	12597.0	30	1.2489592006661117	110.5	309	12.86427976686095	51.0	0	0.0	51.0	0	0.0
home	30	9	14079.0	0	0.0	14079.0	0	0.0	123.5	173	7.2023313905079105	57.0	0	0.0	57.0	0	0.0
home	30	10	15561.0	30	1.2489592006661117	15561.0	30	1.2489592006661117	136.5	113	4.704412989175687	63.0	0	0.0	63.0	0	0.0
home	30	11	17043.0	0	0.0	17043.0	0	0.0	149.5	107	4.454621149042465	69.0	0	0.0	69.0	0	0.0
home	30	12	18525.0	0	0.0	18525.0	0	0.0	162.5	143	5.953372189841799	75.0	0	0.0	75.0	0	0.0
home	30	13	20007.0	30	1.2489592006661117	20007.0	30	1.2489592006661117	175.5	123	5.1207327227310575	81.0	0	0.0	81.0	0	0.0
home	30	14	21489.0	0	0.0	21489.0	0	0.0	188.5	92	3.830141548709409	87.0	0	0.0	87.0	0	0.0
home	30	15	22971.0	29	1.2073272273105746	22971.0	27	1.1240632805995006	201.5	40	1.6652789342214822	93.0	0	0.0	93.0	0	0.0
home	30	16	24453.0	1	0.041631973355537054	24453.0	3	0.12489592006661115	214.5	19	0.7910074937552041	99.0	0	0.0	99.0	0	0.0
home	30	17	25935.0	0	0.0	25935.0	0	0.0	227.5	5	0.20815986677768528	105.0	0	0.0	105.0	0	0.0
home	30	18	27417.0	30	1.2489592006661117	27417.0	30	1.2489592006661117	240.5	15	0.6244796003330558	111.0	0	0.0	111.0	0	0.0
home	30	19	28899.0	0	0.0	28899.0	0	0.0	253.5	5	0.20815986677768528	117.0	0	0.0	117.0	0	0.0
home	30	20	30381.0	1	0.041631973355537054	30381.0	0	0.0	266.5	0	0.0	123.0	0	0.0	123.0	0	0.0
home	30	21	31863.0	29	1.2073272273105746	31863.0	30	1.2489592006661117	279.5	1	0.041631973355537054	129.0	0	0.0	129.0	0	0.0
home	30	22	33345.0	0	0.0	33345.0	0	0.0	292.5	0	0.0	135.0	0	0.0	135.0	0	0.0
home	30	23	34827.0	30	1.2489592006661117	34827.0	30	1.2489592006661117	305.5	0	0.0	141.0	0	0.0	141.0	0	0.0
home	30	24	36309.0	0	0.0	36309.0	0	0.0	318.5	0	0.0	147.0	0	0.0	147.0	0	0.0
home	30	25	37791.0	0	0.0	37791.0	0	0.0	331.5	0	0.0	153.0	0	0.0	153.0	0	0.0
home	30	26	39273.0	30	1.2489592006661117	39273.0	30	1.2489592006661117	344.5	0	0.0	159.0	0	0.0	159.0	0	0.0
home	30	27	40755.0	1	0.041631973355537054	40755.0	0	0.0	357.5	0	0.0	165.0	0	0.0	165.0	0	0.0
home	30	28	42237.0	29	1.2073272273105746	42237.0	30	1.2489592006661117	370.5	0	0.0	171.0	0	0.0	171.0	0	0.0
home	30	29	43719.0	0	0.0	43719.0	0	0.0	383.5	1	0.041631973355537054	177.0	0	0.0	177.0	0	0.0
home	30	30	45201.0	0	0.0	45201.0	0	0.0	396.5	1	0.041631973355537054	183.0	0	0.0	183.0	0	0.0
home	30	31	46683.0	30	1.2489592006661117	46683.0	30	1.2489592006661117	409.5	0	0.0	189.0	0	0.0	189.0	0	0.0
home	30	32	48165.0	0	0.0	48165.0	0	0.0	422.5	0	0.0	195.0	0	0.0	195.0	0	0.0
home	30	33	49647.0	28	1.1656952539550376	49647.0	0	0.0	435.5	1	0.041631973355537054	201.0	0	0.0	201.0	0	0.0
home	30	34	51129.0	2	0.08326394671107411	51129.0	30	1.2489592006661117	448.5	1	0.041631973355537054	207.0	0	0.0	207.0	0	0.0
home	30	35	52611.0	0	0.0	52611.0	0	0.0	461.5	1	0.041631973355537054	213.0	0	0.0	213.0	0	0.0
home	30	36	54093.0	30	1.2489592006661117	54093.0	30	1.2489592006661117	474.5	0	0.0	219.0	0	0.0	219.0	0	0.0
home	30	37	55575.0	0	0.0	55575.0	0	0.0	487.5	0	0.0	225.0	0	0.0	225.0	0	0.0
home	30	38	57057.0	27	1.1240632805995006	57057.0	3	0.12489592006661115	500.5	0	0.0	231.0	0	0.0	231.0	0	0.0
home	30	39	58539.0	3	0.12489592006661115	58539.0	27	1.1240632805995006	513.5	0	0.0	237.0	0	0.0	237.0	0	0.0
home	30	40	60021.0	0	0.0	60021.0	0	0.0	526.5	0	0.0	243.0	0	0.0	243.0	0	0.0
home	30	41	61503.0	30	1.2489592006661117	61503.0	30	1.2489592006661117	539.5	0	0.0	249.0	0	0.0	249.0	0	0.0
home	30	42	62985.0	0	0.0	62985.0	0	0.0	552.5	0	0.0	255.0	0	0.0	255.0	0	0.0
home	30	43	64467.0	30	1.2489592006661117	64467.0	30	1.2489592006661117	565.5	0	0.0	261.0	0	0.0	261.0	0	0.0
home	30	44	65949.0	0	0.0	65949.0	0	0.0	578.5	0	0.0	267.0	0	0.0	267.0	0	0.0
home	30	45	67431.0	0	0.0	67431.0	0	0.0	591.5	0	0.0	273.0	0	0.0	273.0	0	0.0
home	30	46	68913.0	30	1.2489592006661117	68913.0	30	1.2489592006661117	604.5	0	0.0	279.0	0	0.0	279.0	0	0.0
home	30	47	70395.0	0	0.0	70395.0	0	0.0	617.5	0	0.0	285.0	0	0.0	285.0	0	0.0
home	30	48	71877.0	30	1.2489592006661117	71877.0	30	1.2489592006661117	630.5	0	0.0	291.0	0	0.0	291.0	0	0.0
home	30	49	73359.0	0	0.0	73359.0	0	0.0	643.5	0	0.0	297.0	0	0.0	297.0	0	0.0
home	30	50	74841.0	0	0.0	74841.0	0	0.0	656.5	0	0.0	303.0	0	0.0	303.0	0	0.0
home	30	51	76323.0	30	1.2489592006661117	76323.0	30	1.2489592006661117	669.5	0	0.0	309.0	0	0.0	309.0	0	0.0
home	30	52	77805.0	0	0.0	77805.0	0	0.0	682.5	1	0.041631973355537054	315.0	0	0.0	315.0	0	0.0
home	30	53	79287.0	28	1.1656952539550376	79287.0	28	1.1656952539550376	695.5	0	0.0	321.0	0	0.0	321.0	0	0.0
home	30	54	80769.0	2	0.08326394671107411	80769.0	2	0.08326394671107411	708.5	1	0.041631973355537054	327.0	0	0.0	327.0	0	0.0
home	30	55	82251.0	0	0.0	82251.0	0	0.0	721.5	0	0.0	333.0	0	0.0	333.0	0	0.0
home	30	56	83733.0	30	1.2489592006661117	83733.0	30	1.2489592006661117	734.5	0	0.0	339.0	0	0.0	339.0	0	0.0
home	30	57	85215.0	0	0.0	85215.0	0	0.0	747.5	0	0.0	345.0	0	0.0	345.0	0	0.0
home	30	58	86697.0	3	0.12489592006661115	86697.0	0	0.0	760.5	0	0.0	351.0	0	0.0	351.0	0	0.0
home	30	59	88179.0	27	1.1240632805995006	88179.0	30	1.2489592006661117	773.5	0	0.0	357.0	0	0.0	357.0	0	0.0
home	30	60	89661.0	0	0.0	89661.0	0	0.0	786.5	1	0.041631973355537054	363.0	0	0.0	363.0	0	0.0
home	30	61	91143.0	30	1.2489592006661117	91143.0	30	1.2489592006661117	799.5	0	0.0	369.0	0	0.0	369.0	0	0.0
home	30	62	92625.0	0	0.0	92625.0	0	0.0	812.5	0	0.0	375.0	0	0.0	375.0	0	0.0
home	30	63	94107.0	30	1.2489592006661117	94107.0	30	1.2489592006661117	825.5	0	0.0	381.0	0	0.0	381.0	0	0.0
home	30	64	95589.0	0	0.0	95589.0	0	0.0	838.5	0	0.0	387.0	0	0.0	387.0	0	0.0
home	30	65	97071.0	22	0.9159034138218152	97071.0	0	0.0	851.5	0	0.0	393.0	0	0.0	393.0	0	0.0
home	30	66	98553.0	8	0.33305578684429643	98553.0	30	1.2489592006661117	864.5	0	0.0	399.0	0	0.0	399.0	0	0.0
home	30	67	100035.0	0	0.0	100035.0	0	0.0	877.5	0	0.0	405.0	0	0.0	405.0	0	0.0
home	30	68	101517.0	30	1.2489592006661117	101517.0	30	1.2489592006661117	890.5	1	0.041631973355537054	411.0	0	0.0	411.0	0	0.0
home	30	69	102999.0	0	0.0	102999.0	0	0.0	903.5	0	0.0	417.0	0	0.0	417.0	0	0.0
home	30	70	104481.0	27	1.1240632805995006	104481.0	13	0.5412156536219817	916.5	0	0.0	423.0	0	0.0	423.0	0	0.0
home	30	71	105963.0	3	0.12489592006661115	105963.0	17	0.7077435470441299	929.5	1	0.041631973355537054	429.0	0	0.0	429.0	0	0.0
home	30	72	107445.0	0	0.0	107445.0	0	0.0	942.5	1	0.041631973355537054	435.0	0	0.0	435.0	0	0.0
home	30	73	108927.0	30	1.2489592006661117	108927.0	30	1.2489592006661117	955.5	0	0.0	441.0	0	0.0	441.0	0	0.0
home	30	74	110409.0	0	0.0	110409.0	0	0.0	968.5	0	0.0	447.0	0	0.0	447.0	0	0.0
home	30	75	111891.0	30	1.2489592006661117	111891.0	30	1.2489592006661117	981.5	1	0.041631973355537054	453.0	0	0.0	453.0	0	0.0
home	30	76	113373.0	0	0.0	113373.0	0	0.0	994.5	0	0.0	459.0	0	0.0	459.0	0	0.0
home	30	77	114855.0	0	0.0	114855.0	0	0.0	1007.5	0	0.0	465.0	0	0.0	465.0	0	0.0
home	30	78	116337.0	30	1.2489592006661117	116337.0	30	1.2489592006661117	1020.5	0	0.0	471.0	0	0.0	471.0	0	0.0
home	30	79	117819.0	0	0.0	117819.0	0	0.0	1033.5	0	0.0	477.0	0	0.0	477.0	0	0.0
home	30	80	119301.0	26	1.0824313072439633	119301.0	0	0.0	1046.5	1	0.041631973355537054	483.0	0	0.0	483.0	0	0.0
home	30	81	120783.0	4	0.16652789342214822	120783.0	30	1.2489592006661117	1059.5	0	0.0	489.0	0	0.0	489.0	0	0.0
home	30	82	122265.0	0	0.0	122265.0	0	0.0	1072.5	1	0.041631973355537054	495.0	0	0.0	495.0	0	0.0
home	30	83	123747.0	30	1.2489592006661117	123747.0	30	1.2489592006661117	1085.5	1	0.041631973355537054	501.0	0	0.0	501.0	0	0.0
home	30	84	125229.0	0	0.0	125229.0	0	0.0	1098.5	0	0.0	507.0	0	0.0	507.0	0	0.0
home	30	85	126711.0	0	0.0	126711.0	0	0.0	1111.5	1	0.041631973355537054	513.0	0	0.0	513.0	0	0.0
home	30	86	128193.0	30	1.2489592006661117	128193.0	30	1.2489592006661117	1124.5	0	0.0	519.0	0	0.0	519.0	0	0.0
home	30	87	129675.0	1	0.041631973355537054	129675.0	0	0.0	1137.5	0	0.0	525.0	0	0.0	525.0	0	0.0
home	30	88	131157.0	29	1.2073272273105746	131157.0	30	1.2489592006661117	1150.5	1	0.041631973355537054	531.0	0	0.0	531.0	0	0.0
home	30	89	132639.0	0	0.0	132639.0	0	0.0	1163.5	0	0.0	537.0	0	0.0	537.0	0	0.0
home	30	90	134121.0	1	0.041631973355537054	134121.0	0	0.0	1176.5	1	0.041631973355537054	543.0	0	0.0	543.0	0	0.0
home	30	91	135603.0	29	1.2073272273105746	135603.0	30	1.2489592006661117	1189.5	1	0.041631973355537054	549.0	0	0.0	549.0	0	0.0
home	30	92	137085.0	0	0.0	137085.0	0	0.0	1202.5	0	0.0	555.0	0	0.0	555.0	0	0.0
home	30	93	138567.0	27	1.1240632805995006	138567.0	4	0.16652789342214822	1215.5	0	0.0	561.0	0	0.0	561.0	0	0.0
home	30	94	140049.0	3	0.12489592006661115	140049.0	26	1.0824313072439633	1228.5	0	0.0	567.0	0	0.0	567.0	0	0.0
home	30	95	141531.0	0	0.0	141531.0	0	0.0	1241.5	1	0.041631973355537054	573.0	0	0.0	573.0	0	0.0
home	30	96	143013.0	30	1.2489592006661117	143013.0	30	1.2489592006661117	1254.5	1	0.041631973355537054	579.0	0	0.0	579.0	0	0.0
home	30	97	144495.0	0	0.0	144495.0	0	0.0	1267.5	0	0.0	585.0	0	0.0	585.0	0	0.0
home	30	98	145977.0	30	1.2489592006661117	145977.0	30	1.2489592006661117	1280.5	0	0.0	591.0	0	0.0	591.0	0	0.0
home	30	99	147459.0	0	0.0	147459.0	0	0.0	1293.5	0	0.0	597.0	0	0.0	597.0	0	0.0
home	30	100	148941.0	0	0.0	148941.0	0	0.0	1306.5	0	0.0	603.0	0	0.0	603.0	0	0.0
home	30	101	150423.0	30	1.2489592006661117	150423.0	30	1.2489592006661117	1319.5	0	0.0	609.0	0	0.0	609.0	0	0.0
home	30	102	151905.0	0	0.0	151905.0	0	0.0	1332.5	1	0.041631973355537054	615.0	0	0.0	615.0	0	0.0
home	30	103	153387.0	0	0.0	153387.0	0	0.0	1345.5	0	0.0	621.0	0	0.0	621.0	0	0.0
home	30	104	154869.0	30	1.2489592006661117	154869.0	30	1.2489592006661117	1358.5	0	0.0	627.0	0	0.0	627.0	0	0.0
home	30	105	156351.0	0	0.0	156351.0	0	0.0	1371.5	0	0.0	633.0	0	0.0	633.0	0	0.0
home	30	106	157833.0	30	1.2489592006661117	157833.0	30	1.2489592006661117	1384.5	0	0.0	639.0	0	0.0	639.0	0	0.0
home	30	107	159315.0	0	0.0	159315.0	0	0.0	1397.5	0	0.0	645.0	0	0.0	645.0	0	0.0
home	30	108	160797.0	30	1.2489592006661117	160797.0	30	1.2489592006661117	1410.5	0	0.0	651.0	0	0.0	651.0	0	0.0
home	30	109	162279.0	0	0.0	162279.0	0	0.0	1423.5	0	0.0	657.0	0	0.0	657.0	0	0.0
home	30	110	163761.0	0	0.0	163761.0	0	0.0	1436.5	0	0.0	663.0	0	0.0	663.0	0	0.0
home	30	111	165243.0	30	1.2489592006661117	165243.0	30	1.2489592006661117	1449.5	0	0.0	669.0	0	0.0	669.0	0	0.0
home	30	112	166725.0	0	0.0	166725.0	0	0.0	1462.5	0	0.0	675.0	0	0.0	675.0	0	0.0
home	30	113	168207.0	30	1.2489592006661117	168207.0	30	1.2489592006661117	1475.5	0	0.0	681.0	0	0.0	681.0	0	0.0
home	30	114	169689.0	0	0.0	169689.0	0	0.0	1488.5	0	0.0	687.0	0	0.0	687.0	0	0.0
home	30	115	171171.0	0	0.0	171171.0	0	0.0	1501.5	0	0.0	693.0	0	0.0	693.0	0	0.0
home	30	116	172653.0	30	1.2489592006661117	172653.0	30	1.2489592006661117	1514.5	0	0.0	699.0	0	0.0	699.0	0	0.0
home	30	117	174135.0	0	0.0	174135.0	0	0.0	1527.5	0	0.0	705.0	0	0.0	705.0	0	0.0
home	30	118	175617.0	30	1.2489592006661117	175617.0	30	1.2489592006661117	1540.5	0	0.0	711.0	0	0.0	711.0	0	0.0
home	30	119	177099.0	0	0.0	177099.0	0	0.0	1553.5	0	0.0	717.0	0	0.0	717.0	0	0.0
home	30	120	178581.0	1	0.041631973355537054	178581.0	0	0.0	1566.5	0	0.0	723.0	0	0.0	723.0	0	0.0
home	30	121	180063.0	29	1.2073272273105746	180063.0	30	1.2489592006661117	1579.5	0	0.0	729.0	0	0.0	729.0	0	0.0
home	30	122	181545.0	0	0.0	181545.0	0	0.0	1592.5	0	0.0	735.0	0	0.0	735.0	0	0.0
home	30	123	183027.0	30	1.2489592006661117	183027.0	30	1.2489592006661117	1605.5	0	0.0	741.0	0	0.0	741.0	0	0.0
home	30	124	184509.0	0	0.0	184509.0	0	0.0	1618.5	0	0.0	747.0	0	0.0	747.0	0	0.0
home	30	125	185991.0	0	0.0	185991.0	0	0.0	1631.5	0	0.0	753.0	0	0.0	753.0	0	0.0
home	30	126	187473.0	30	1.2489592006661117	187473.0	30	1.2489592006661117	1644.5	1	0.041631973355537054	759.0	0	0.0	759.0	0	0.0
home	30	127	188955.0	0	0.0	188955.0	0	0.0	1657.5	0	0.0	765.0	0	0.0	765.0	0	0.0
home	30	128	190437.0	28	1.1656952539550376	190437.0	28	1.1656952539550376	1670.5	0	0.0	771.0	0	0.0	771.0	0	0.0
home	30	129	191919.0	2	0.08326394671107411	191919.0	2	0.08326394671107411	1683.5	1	0.041631973355537054	777.0	0	0.0	777.0	0	0.0
home	30	130	193401.0	1	0.041631973355537054	193401.0	0	0.0	1696.5	0	0.0	783.0	0	0.0	783.0	0	0.0
home	30	131	194883.0	29	1.2073272273105746	194883.0	30	1.2489592006661117	1709.5	0	0.0	789.0	0	0.0	789.0	0	0.0
home	30	132	196365.0	0	0.0	196365.0	0	0.0	1722.5	0	0.0	795.0	0	0.0	795.0	0	0.0
home	30	133	197847.0	30	1.2489592006661117	197847.0	29	1.2073272273105746	1735.5	0	0.0	801.0	0	0.0	801.0	0	0.0
home	30	134	199329.0	0	0.0	199329.0	1	0.041631973355537054	1748.5	0	0.0	807.0	0	0.0	807.0	0	0.0
home	30	135	200811.0	0	0.0	200811.0	0	0.0	1761.5	0	0.0	813.0	0	0.0	813.0	0	0.0
home	30	136	202293.0	30	1.2489592006661117	202293.0	30	1.2489592006661117	1774.5	0	0.0	819.0	0	0.0	819.0	0	0.0
home	30	137	203775.0	0	0.0	203775.0	0	0.0	1787.5	0	0.0	825.0	0	0.0	825.0	0	0.0
home	30	138	205257.0	0	0.0	205257.0	0	0.0	1800.5	0	0.0	831.0	0	0.0	831.0	0	0.0
home	30	139	206739.0	30	1.2489592006661117	206739.0	30	1.2489592006661117	1813.5	0	0.0	837.0	0	0.0	837.0	0	0.0
home	30	140	208221.0	0	0.0	208221.0	0	0.0	1826.5	0	0.0	843.0	0	0.0	843.0	0	0.0
home	30	141	209703.0	30	1.2489592006661117	209703.0	30	1.2489592006661117	1839.5	0	0.0	849.0	0	0.0	849.0	0	0.0
home	30	142	211185.0	0	0.0	211185.0	0	0.0	1852.5	0	0.0	855.0	0	0.0	855.0	0	0.0
home	30	143	212667.0	1	0.041631973355537054	212667.0	0	0.0	1865.5	0	0.0	861.0	0	0.0	861.0	0	0.0
home	30	144	214149.0	29	1.2073272273105746	214149.0	30	1.2489592006661117	1878.5	1	0.041631973355537054	867.0	0	0.0	867.0	0	0.0
home	30	145	215631.0	0	0.0	215631.0	0	0.0	1891.5	0	0.0	873.0	0	0.0	873.0	0	0.0
home	30	146	217113.0	30	1.2489592006661117	217113.0	30	1.2489592006661117	1904.5	0	0.0	879.0	0	0.0	879.0	0	0.0
home	30	147	218595.0	0	0.0	218595.0	0	0.0	1917.5	0	0.0	885.0	0	0.0	885.0	0	0.0
home	30	148	220077.0	0	0.0	220077.0	0	0.0	1930.5	0	0.0	891.0	0	0.0	891.0	0	0.0
home	30	149	221559.0	30	1.2489592006661117	221559.0	30	1.2489592006661117	1943.5	0	0.0	897.0	0	0.0	897.0	0	0.0
home	30	150	223041.0	0	0.0	223041.0	0	0.0	1956.5	0	0.0	903.0	0	0.0	903.0	0	0.0
home	30	151	224523.0	30	1.2489592006661117	224523.0	30	1.2489592006661117	1969.5	0	0.0	909.0	0	0.0	909.0	0	0.0
home	30	152	226005.0	0	0.0	226005.0	0	0.0	1982.5	0	0.0	915.0	0	0.0	915.0	0	0.0
home	30	153	227487.0	0	0.0	227487.0	0	0.0	1995.5	0	0.0	921.0	0	0.0	921.0	0	0.0
home	30	154	228969.0	30	1.2489592006661117	228969.0	30	1.2489592006661117	2008.5	0	0.0	927.0	0	0.0	927.0	0	0.0
home	30	155	230451.0	1	0.041631973355537054	230451.0	0	0.0	2021.5	1	0.041631973355537054	933.0	0	0.0	933.0	0	0.0
home	30	156	231933.0	29	1.2073272273105746	231933.0	30	1.2489592006661117	2034.5	0	0.0	939.0	0	0.0	939.0	0	0.0
home	30	157	233415.0	0	0.0	233415.0	0	0.0	2047.5	0	0.0	945.0	0	0.0	945.0	0	0.0
home	30	158	234897.0	0	0.0	234897.0	0	0.0	2060.5	0	0.0	951.0	0	0.0	951.0	0	0.0
home	30	159	236379.0	30	1.2489592006661117	236379.0	30	1.2489592006661117	2073.5	0	0.0	957.0	0	0.0	957.0	0	0.0
home	30	160	237861.0	0	0.0	237861.0	0	0.0	2086.5	0	0.0	963.0	0	0.0	963.0	0	0.0
home	30	161	239343.0	28	1.1656952539550376	239343.0	27	1.1240632805995006	2099.5	0	0.0	969.0	0	0.0	969.0	0	0.0
home	30	162	240825.0	2	0.08326394671107411	240825.0	3	0.12489592006661115	2112.5	0	0.0	975.0	0	0.0	975.0	0	0.0
home	30	163	242307.0	0	0.0	242307.0	0	0.0	2125.5	0	0.0	981.0	0	0.0	981.0	0	0.0
home	30	164	243789.0	30	1.2489592006661117	243789.0	30	1.2489592006661117	2138.5	0	0.0	987.0	0	0.0	987.0	0	0.0
home	30	165	245271.0	0	0.0	245271.0	0	0.0	2151.5	0	0.0	993.0	0	0.0	993.0	0	0.0
home	30	166	246753.0	0	0.0	246753.0	0	0.0	2164.5	0	0.0	999.0	0	0.0	999.0	0	0.0
home	30	167	248235.0	30	1.2489592006661117	248235.0	30	1.2489592006661117	2177.5	0	0.0	1005.0	0	0.0	1005.0	0	0.0
home	30	168	249717.0	0	0.0	249717.0	0	0.0	2190.5	0	0.0	1011.0	0	0.0	1011.0	0	0.0
home	30	169	251199.0	30	1.2489592006661117	251199.0	30	1.2489592006661117	2203.5	0	0.0	1017.0	0	0.0	1017.0	0	0.0
home	30	170	252681.0	0	0.0	252681.0	0	0.0	2216.5	0	0.0	1023.0	0	0.0	1023.0	0	0.0
home	30	171	254163.0	1	0.041631973355537054	254163.0	0	0.0	2229.5	0	0.0	1029.0	0	0.0	1029.0	0	0.0
home	30	172	255645.0	30	1.2489592006661117	255645.0	30	1.2489592006661117	2242.5	0	0.0	1035.0	0	0.0	1035.0	0	0.0
home	30	173	257127.0	0	0.0	257127.0	0	0.0	2255.5	0	0.0	1041.0	0	0.0	1041.0	0	0.0
home	30	174	258609.0	29	1.2073272273105746	258609.0	30	1.2489592006661117	2268.5	0	0.0	1047.0	0	0.0	1047.0	0	0.0
home	30	175	260091.0	1	0.041631973355537054	260091.0	0	0.0	2281.5	0	0.0	1053.0	0	0.0	1053.0	0	0.0
home	30	176	261573.0	16	0.6661115736885929	261573.0	0	0.0	2294.5	0	0.0	1059.0	0	0.0	1059.0	0	0.0
home	30	177	263055.0	13	0.5412156536219817	263055.0	30	1.2489592006661117	2307.5	0	0.0	1065.0	0	0.0	1065.0	0	0.0
home	30	178	264537.0	0	0.0	264537.0	0	0.0	2320.5	0	0.0	1071.0	0	0.0	1071.0	0	0.0
home	30	179	266019.0	30	1.2489592006661117	266019.0	30	1.2489592006661117	2333.5	0	0.0	1077.0	0	0.0	1077.0	0	0.0
home	30	180	267501.0	0	0.0	267501.0	0	0.0	2346.5	0	0.0	1083.0	0	0.0	1083.0	0	0.0
home	30	181	268983.0	0	0.0	268983.0	0	0.0	2359.5	0	0.0	1089.0	0	0.0	1089.0	0	0.0
home	30	182	270465.0	30	1.2489592006661117	270465.0	30	1.2489592006661117	2372.5	0	0.0	1095.0	0	0.0	1095.0	0	0.0
home	30	183	271947.0	0	0.0	271947.0	0	0.0	2385.5	0	0.0	1101.0	0	0.0	1101.0	0	0.0
home	30	184	273429.0	30	1.2489592006661117	273429.0	30	1.2489592006661117	2398.5	0	0.0	1107.0	0	0.0	1107.0	0	0.0
home	30	185	274911.0	0	0.0	274911.0	0	0.0	2411.5	0	0.0	1113.0	0	0.0	1113.0	0	0.0
home	30	186	276393.0	0	0.0	276393.0	0	0.0	2424.5	1	0.041631973355537054	1119.0	0	0.0	1119.0	0	0.0
home	30	187	277875.0	30	1.2489592006661117	277875.0	30	1.2489592006661117	2437.5	0	0.0	1125.0	0	0.0	1125.0	0	0.0
home	30	188	279357.0	0	0.0	279357.0	0	0.0	2450.5	0	0.0	1131.0	0	0.0	1131.0	0	0.0
home	30	189	280839.0	30	1.2489592006661117	280839.0	30	1.2489592006661117	2463.5	0	0.0	1137.0	0	0.0	1137.0	0	0.0
home	30	190	282321.0	0	0.0	282321.0	0	0.0	2476.5	0	0.0	1143.0	0	0.0	1143.0	0	0.0
home	30	191	283803.0	0	0.0	283803.0	0	0.0	2489.5	0	0.0	1149.0	0	0.0	1149.0	0	0.0
home	30	192	285285.0	30	1.2489592006661117	285285.0	30	1.2489592006661117	2502.5	0	0.0	1155.0	0	0.0	1155.0	0	0.0
home	30	193	286767.0	1	0.041631973355537054	286767.0	0	0.0	2515.5	0	0.0	1161.0	0	0.0	1161.0	0	0.0
home	30	194	288249.0	29	1.2073272273105746	288249.0	30	1.2489592006661117	2528.5	0	0.0	1167.0	0	0.0	1167.0	0	0.0
home	30	195	289731.0	0	0.0	289731.0	0	0.0	2541.5	0	0.0	1173.0	0	0.0	1173.0	0	0.0
home	30	196	291213.0	0	0.0	291213.0	0	0.0	2554.5	0	0.0	1179.0	0	0.0	1179.0	0	0.0
home	30	197	292695.0	30	1.2489592006661117	292695.0	30	1.2489592006661117	2567.5	0	0.0	1185.0	0	0.0	1185.0	0	0.0
home	30	198	294177.0	0	0.0	294177.0	0	0.0	2580.5	0	0.0	1191.0	0	0.0	1191.0	0	0.0
home	30	199	295659.0	30	1.2489592006661117	295659.0	30	1.2489592006661117	2593.5	0	0.0	1197.0	0	0.0	1197.0	0	0.0
