'Request type'	'Load'	'Bucket'	'Start time'	'Absolute'	'Percent of requests'	'End time'	'Absolute'	'Percent of requests'	'Residence time'	'Absolute'	'Percent of requests'	'Theor. think time'	'Absolute'	'Percent of requests'	'Actual think time'	'Absolute'	'Percent of requests'
CassandraWriteRequest	650	0	1500.0	252	0.0882368388802325	1500.0	0	0.0	19.5	6229	2.181060592797493	20.0	285595	100.0	20.0	285595	100.0
CassandraWriteRequest	650	1	4500.0	0	0.0	4500.0	0	0.0	58.5	20390	7.139480733206113	60.0	0	0.0	60.0	0	0.0
CassandraWriteRequest	650	2	7500.0	1113	0.3897127050543602	7500.0	1196	0.4187748384950717	97.5	34405	12.046779530453964	100.0	0	0.0	100.0	0	0.0
CassandraWriteRequest	650	3	10500.0	1181	0.41352264570458164	10500.0	1332	0.4663947197955146	136.5	40120	14.047864983630665	140.0	0	0.0	140.0	0	0.0
CassandraWriteRequest	650	4	13500.0	1827	0.6397170818816855	13500.0	1739	0.6089042175108107	175.5	32938	11.533115075544039	180.0	0	0.0	180.0	0	0.0
CassandraWriteRequest	650	5	16500.0	1577	0.5521805353735184	16500.0	1482	0.5189166477004149	214.5	24748	8.665417811936482	220.0	0	0.0	220.0	0	0.0
CassandraWriteRequest	650	6	19500.0	1512	0.529421033281395	19500.0	1536	0.537824541746179	253.5	17219	6.029167177296521	260.0	0	0.0	260.0	0	0.0
CassandraWriteRequest	650	7	22500.0	1534	0.5371242493741136	22500.0	1578	0.5525306815595511	292.5	12815	4.4871233740086485	300.0	0	0.0	300.0	0	0.0
CassandraWriteRequest	650	8	25500.0	1575	0.551480243001453	25500.0	1488	0.5210175248166109	331.5	9083	3.180377807734729	340.0	0	0.0	340.0	0	0.0
CassandraWriteRequest	650	9	28500.0	1482	0.5189166477004149	28500.0	1453	0.5087624083054675	370.5	7089	2.4821863127855877	380.0	0	0.0	380.0	0	0.0
CassandraWriteRequest	650	10	31500.0	1444	0.5056110926311734	31500.0	1608	0.5630350671405311	409.5	5950	2.0833698068943782	420.0	0	0.0	420.0	0	0.0
CassandraWriteRequest	650	11	34500.0	1626	0.5693376984891192	34500.0	1651	0.5780913531399359	448.5	4807	1.683152716259038	460.0	0	0.0	460.0	0	0.0
CassandraWriteRequest	650	12	37500.0	1623	0.5682872599310211	37500.0	1497	0.524168840490905	487.5	4380	1.5336402948230885	500.0	0	0.0	500.0	0	0.0
CassandraWriteRequest	650	13	40500.0	1329	0.4653442812374166	40500.0	1278	0.4474868257497505	526.5	4262	1.4923230448712337	540.0	0	0.0	540.0	0	0.0
CassandraWriteRequest	650	14	43500.0	1503	0.526269717607101	43500.0	1580	0.5532309739316165	565.5	4057	1.4205430767345366	580.0	0	0.0	580.0	0	0.0
CassandraWriteRequest	650	15	46500.0	1562	0.5469283425830284	46500.0	1619	0.5668866751868905	604.5	4330	1.5161329855214551	620.0	0	0.0	620.0	0	0.0
CassandraWriteRequest	650	16	49500.0	1475	0.5164656243981862	49500.0	1416	0.49580699942225875	643.5	4374	1.5315394177068926	660.0	0	0.0	660.0	0	0.0
CassandraWriteRequest	650	17	52500.0	1334	0.4670950121675799	52500.0	1408	0.49300582993399744	682.5	4310	1.5091300618008017	700.0	0	0.0	700.0	0	0.0
CassandraWriteRequest	650	18	55500.0	1569	0.549379365885257	55500.0	1401	0.49055480663176876	721.5	4023	1.4086381064094258	740.0	0	0.0	740.0	0	0.0
CassandraWriteRequest	650	19	58500.0	1389	0.4863530523993767	58500.0	1495	0.5234685481188396	760.5	4027	1.4100386911535565	780.0	0	0.0	780.0	0	0.0
CassandraWriteRequest	650	20	61500.0	1515	0.530471471839493	61500.0	1478	0.5175160629562842	799.5	3899	1.3652199793413748	820.0	0	0.0	820.0	0	0.0
CassandraWriteRequest	650	21	64500.0	1474	0.5161154782121535	64500.0	1453	0.5087624083054675	838.5	3668	1.2843362103678284	860.0	0	0.0	860.0	0	0.0
CassandraWriteRequest	650	22	67500.0	1449	0.5073618235613369	67500.0	1476	0.5168157705842189	877.5	3495	1.2237609201841768	900.0	0	0.0	900.0	0	0.0
CassandraWriteRequest	650	23	70500.0	1484	0.5196169400724803	70500.0	1409	0.49335597612003007	916.5	3266	1.1435774435826958	940.0	0	0.0	940.0	0	0.0
CassandraWriteRequest	650	24	73500.0	1422	0.49790787653845475	73500.0	1555	0.5444773192807997	955.5	2898	1.0147236471226737	980.0	0	0.0	980.0	0	0.0
CassandraWriteRequest	650	25	76500.0	1487	0.5206673786305782	76500.0	1515	0.530471471839493	994.5	2545	0.8911220434531416	1020.0	0	0.0	1020.0	0	0.0
CassandraWriteRequest	650	26	79500.0	1517	0.5311717642115583	79500.0	1417	0.49615714560829144	1033.5	2240	0.7843274567131777	1060.0	0	0.0	1060.0	0	0.0
CassandraWriteRequest	650	27	82500.0	1480	0.5182163553283495	82500.0	1541	0.5395752726763423	1072.5	2060	0.7213011432272973	1100.0	0	0.0	1100.0	0	0.0
CassandraWriteRequest	650	28	85500.0	1470	0.5147148934680229	85500.0	1521	0.532572348955689	1111.5	1918	0.6715803848106584	1140.0	0	0.0	1140.0	0	0.0
CassandraWriteRequest	650	29	88500.0	1684	0.5896461772790139	88500.0	1601	0.5605840438383024	1150.5	1648	0.5770409145818379	1180.0	0	0.0	1180.0	0	0.0
CassandraWriteRequest	650	30	91500.0	1400	0.4902046604457361	91500.0	1424	0.4986081689105201	1189.5	1331	0.4660445736094819	1220.0	0	0.0	1220.0	0	0.0
CassandraWriteRequest	650	31	94500.0	1365	0.47794954393459266	94500.0	1374	0.48110085960888666	1228.5	1146	0.4012675291934382	1260.0	0	0.0	1260.0	0	0.0
CassandraWriteRequest	650	32	97500.0	1488	0.5210175248166109	97500.0	1507	0.5276703023512316	1267.5	980	0.34314326231201525	1300.0	0	0.0	1300.0	0	0.0
CassandraWriteRequest	650	33	100500.0	1498	0.5245189866769376	100500.0	1417	0.49615714560829144	1306.5	885	0.30987937463891174	1340.0	0	0.0	1340.0	0	0.0
CassandraWriteRequest	650	34	103500.0	1499	0.5248691328629702	103500.0	1498	0.5245189866769376	1345.5	683	0.23914984506031267	1380.0	0	0.0	1380.0	0	0.0
CassandraWriteRequest	650	35	106500.0	1267	0.44363521770339115	106500.0	1211	0.4240270312855617	1384.5	545	0.1908296713878044	1420.0	0	0.0	1420.0	0	0.0
CassandraWriteRequest	650	36	109500.0	1396	0.4888040757016054	109500.0	1497	0.524168840490905	1423.5	477	0.16701973073758294	1460.0	0	0.0	1460.0	0	0.0
CassandraWriteRequest	650	37	112500.0	1541	0.5395752726763423	112500.0	1558	0.5455277578388977	1462.5	339	0.11869955706507467	1500.0	0	0.0	1500.0	0	0.0
CassandraWriteRequest	650	38	115500.0	1474	0.5161154782121535	115500.0	1360	0.47619881300442934	1501.5	272	0.09523976260088586	1540.0	0	0.0	1540.0	0	0.0
CassandraWriteRequest	650	39	118500.0	1348	0.4719970587720373	118500.0	1461	0.5115635777937289	1540.5	293	0.10259283250757191	1580.0	0	0.0	1580.0	0	0.0
CassandraWriteRequest	650	40	121500.0	1482	0.5189166477004149	121500.0	1474	0.5161154782121535	1579.5	213	0.07458113762495841	1620.0	0	0.0	1620.0	0	0.0
CassandraWriteRequest	650	41	124500.0	1427	0.4996586074686181	124500.0	1399	0.4898545142597034	1618.5	176	0.06162572874174968	1660.0	0	0.0	1660.0	0	0.0
CassandraWriteRequest	650	42	127500.0	1461	0.5115635777937289	127500.0	1451	0.5080621159334021	1657.5	136	0.04761988130044293	1700.0	0	0.0	1700.0	0	0.0
CassandraWriteRequest	650	43	130500.0	1384	0.4846023214692134	130500.0	1493	0.5227682557467742	1696.5	121	0.0423676885099529	1740.0	0	0.0	1740.0	0	0.0
CassandraWriteRequest	650	44	133500.0	1574	0.5511300968154204	133500.0	1499	0.5248691328629702	1735.5	106	0.037115495719462877	1780.0	0	0.0	1780.0	0	0.0
CassandraWriteRequest	650	45	136500.0	1515	0.530471471839493	136500.0	1511	0.5290708870953623	1774.5	95	0.033263887673103516	1820.0	0	0.0	1820.0	0	0.0
CassandraWriteRequest	650	46	139500.0	1338	0.4684955969117106	139500.0	1263	0.44223463295926047	1813.5	64	0.02240935590609079	1860.0	0	0.0	1860.0	0	0.0
CassandraWriteRequest	650	47	142500.0	1406	0.49230553756193207	142500.0	1457	0.5101629930495982	1852.5	52	0.018207601673698767	1900.0	0	0.0	1900.0	0	0.0
CassandraWriteRequest	650	48	145500.0	1468	0.5140146010959575	145500.0	1564	0.5476286349550937	1891.5	37	0.012955408883208739	1940.0	0	0.0	1940.0	0	0.0
CassandraWriteRequest	650	49	148500.0	1601	0.5605840438383024	148500.0	1503	0.526269717607101	1930.5	24	0.008403508464784047	1980.0	0	0.0	1980.0	0	0.0
CassandraWriteRequest	650	50	151500.0	1416	0.49580699942225875	151500.0	1483	0.5192667938864476	1969.5	29	0.01015423939494739	2020.0	0	0.0	2020.0	0	0.0
CassandraWriteRequest	650	51	154500.0	1494	0.5231184019328069	154500.0	1384	0.4846023214692134	2008.5	23	0.008053362278751378	2060.0	0	0.0	2060.0	0	0.0
CassandraWriteRequest	650	52	157500.0	1475	0.5164656243981862	157500.0	1548	0.542026295978571	2047.5	27	0.009453947022882053	2100.0	0	0.0	2100.0	0	0.0
CassandraWriteRequest	650	53	160500.0	1431	0.5010591922127487	160500.0	1450	0.5077119697473695	2086.5	7	0.0024510233022286805	2140.0	0	0.0	2140.0	0	0.0
CassandraWriteRequest	650	54	163500.0	1437	0.5031600693289449	163500.0	1399	0.4898545142597034	2125.5	12	0.004201754232392023	2180.0	0	0.0	2180.0	0	0.0
CassandraWriteRequest	650	55	166500.0	1470	0.5147148934680229	166500.0	1478	0.5175160629562842	2164.5	16	0.005602338976522698	2220.0	0	0.0	2220.0	0	0.0
CassandraWriteRequest	650	56	169500.0	1439	0.5038603617010101	169500.0	1423	0.49825802272448744	2203.5	7	0.0024510233022286805	2260.0	0	0.0	2260.0	0	0.0
CassandraWriteRequest	650	57	172500.0	1371	0.48005042105078866	172500.0	1410	0.49370612230606276	2242.5	4	0.0014005847441306745	2300.0	0	0.0	2300.0	0	0.0
CassandraWriteRequest	650	58	175500.0	1279	0.44783697193578315	175500.0	1312	0.45939179607486125	2281.5	5	0.001750730930163343	2340.0	0	0.0	2340.0	0	0.0
CassandraWriteRequest	650	59	178500.0	1442	0.5049108002591082	178500.0	1413	0.49475656086416075	2320.5	6	0.0021008771161960117	2380.0	0	0.0	2380.0	0	0.0
CassandraWriteRequest	650	60	181500.0	1364	0.47759939774856	181500.0	1399	0.4898545142597034	2359.5	2	7.002923720653372E-4	2420.0	0	0.0	2420.0	0	0.0
CassandraWriteRequest	650	61	184500.0	1359	0.47584866681839666	184500.0	1291	0.4520387261681752	2398.5	2	7.002923720653372E-4	2460.0	0	0.0	2460.0	0	0.0
CassandraWriteRequest	650	62	187500.0	1451	0.5080621159334021	187500.0	1506	0.5273201561651989	2437.5	3	0.0010504385580980059	2500.0	0	0.0	2500.0	0	0.0
CassandraWriteRequest	650	63	190500.0	1420	0.49720758416638944	190500.0	1343	0.470246327841874	2476.5	7	0.0024510233022286805	2540.0	0	0.0	2540.0	0	0.0
CassandraWriteRequest	650	64	193500.0	1385	0.484952467655246	193500.0	1457	0.5101629930495982	2515.5	0	0.0	2580.0	0	0.0	2580.0	0	0.0
CassandraWriteRequest	650	65	196500.0	1569	0.549379365885257	196500.0	1529	0.5353735184439503	2554.5	0	0.0	2620.0	0	0.0	2620.0	0	0.0
CassandraWriteRequest	650	66	199500.0	1532	0.5364239570020484	199500.0	1538	0.5385248341182444	2593.5	0	0.0	2660.0	0	0.0	2660.0	0	0.0
CassandraWriteRequest	650	67	202500.0	1515	0.530471471839493	202500.0	1465	0.5129641625378595	2632.5	0	0.0	2700.0	0	0.0	2700.0	0	0.0
CassandraWriteRequest	650	68	205500.0	1392	0.4874034909574747	205500.0	1520	0.5322222027696563	2671.5	1	3.501461860326686E-4	2740.0	0	0.0	2740.0	0	0.0
CassandraWriteRequest	650	69	208500.0	1535	0.5374743955601463	208500.0	1504	0.5266198637931336	2710.5	1	3.501461860326686E-4	2780.0	0	0.0	2780.0	0	0.0
CassandraWriteRequest	650	70	211500.0	1506	0.5273201561651989	211500.0	1503	0.526269717607101	2749.5	2	7.002923720653372E-4	2820.0	0	0.0	2820.0	0	0.0
CassandraWriteRequest	650	71	214500.0	1439	0.5038603617010101	214500.0	1351	0.4730474973301353	2788.5	2	7.002923720653372E-4	2860.0	0	0.0	2860.0	0	0.0
CassandraWriteRequest	650	72	217500.0	1429	0.5003588998406835	217500.0	1489	0.5213676710026436	2827.5	0	0.0	2900.0	0	0.0	2900.0	0	0.0
CassandraWriteRequest	650	73	220500.0	1525	0.5339729336998197	220500.0	1502	0.5259195714210683	2866.5	0	0.0	2940.0	0	0.0	2940.0	0	0.0
CassandraWriteRequest	650	74	223500.0	1398	0.4895043680736707	223500.0	1485	0.5199670862585128	2905.5	0	0.0	2980.0	0	0.0	2980.0	0	0.0
CassandraWriteRequest	650	75	226500.0	1614	0.5651359442567272	226500.0	1448	0.5070116773753042	2944.5	0	0.0	3020.0	0	0.0	3020.0	0	0.0
CassandraWriteRequest	650	76	229500.0	1429	0.5003588998406835	229500.0	1429	0.5003588998406835	2983.5	0	0.0	3060.0	0	0.0	3060.0	0	0.0
CassandraWriteRequest	650	77	232500.0	1137	0.3981162135191442	232500.0	1155	0.4044188448677323	3022.5	0	0.0	3100.0	0	0.0	3100.0	0	0.0
CassandraWriteRequest	650	78	235500.0	1349	0.47234720495807	235500.0	1418	0.4965072917943241	3061.5	0	0.0	3140.0	0	0.0	3140.0	0	0.0
CassandraWriteRequest	650	79	238500.0	1446	0.5063113850032388	238500.0	1459	0.5108632854216635	3100.5	2	7.002923720653372E-4	3180.0	0	0.0	3180.0	0	0.0
CassandraWriteRequest	650	80	241500.0	1331	0.4660445736094819	241500.0	1209	0.42332673891349637	3139.5	3	0.0010504385580980059	3220.0	0	0.0	3220.0	0	0.0
CassandraWriteRequest	650	81	244500.0	1414	0.49510670705019344	244500.0	1538	0.5385248341182444	3178.5	7	0.0024510233022286805	3260.0	0	0.0	3260.0	0	0.0
CassandraWriteRequest	650	82	247500.0	1469	0.5143647472819902	247500.0	1469	0.5143647472819902	3217.5	1	3.501461860326686E-4	3300.0	0	0.0	3300.0	0	0.0
CassandraWriteRequest	650	83	250500.0	1444	0.5056110926311734	250500.0	1476	0.5168157705842189	3256.5	0	0.0	3340.0	0	0.0	3340.0	0	0.0
CassandraWriteRequest	650	84	253500.0	1637	0.5731893065354785	253500.0	1601	0.5605840438383024	3295.5	0	0.0	3380.0	0	0.0	3380.0	0	0.0
CassandraWriteRequest	650	85	256500.0	1437	0.5031600693289449	256500.0	1435	0.5024597769568795	3334.5	0	0.0	3420.0	0	0.0	3420.0	0	0.0
CassandraWriteRequest	650	86	259500.0	1469	0.5143647472819902	259500.0	1490	0.5217178171886763	3373.5	0	0.0	3460.0	0	0.0	3460.0	0	0.0
CassandraWriteRequest	650	87	262500.0	1419	0.49685743798035675	262500.0	1302	0.45589033421453456	3412.5	0	0.0	3500.0	0	0.0	3500.0	0	0.0
CassandraWriteRequest	650	88	265500.0	1365	0.47794954393459266	265500.0	1427	0.4996586074686181	3451.5	0	0.0	3540.0	0	0.0	3540.0	0	0.0
CassandraWriteRequest	650	89	268500.0	1421	0.4975577303524221	268500.0	1450	0.5077119697473695	3490.5	0	0.0	3580.0	0	0.0	3580.0	0	0.0
CassandraWriteRequest	650	90	271500.0	1482	0.5189166477004149	271500.0	1406	0.49230553756193207	3529.5	1	3.501461860326686E-4	3620.0	0	0.0	3620.0	0	0.0
CassandraWriteRequest	650	91	274500.0	1516	0.5308216180255256	274500.0	1634	0.5721388679773806	3568.5	1	3.501461860326686E-4	3660.0	0	0.0	3660.0	0	0.0
CassandraWriteRequest	650	92	277500.0	1454	0.5091125544915002	277500.0	1442	0.5049108002591082	3607.5	0	0.0	3700.0	0	0.0	3700.0	0	0.0
CassandraWriteRequest	650	93	280500.0	1413	0.49475656086416075	280500.0	1385	0.484952467655246	3646.5	0	0.0	3740.0	0	0.0	3740.0	0	0.0
CassandraWriteRequest	650	94	283500.0	1471	0.5150650396540556	283500.0	1460	0.5112134316076962	3685.5	0	0.0	3780.0	0	0.0	3780.0	0	0.0
CassandraWriteRequest	650	95	286500.0	1302	0.45589033421453456	286500.0	1293	0.4527390185402405	3724.5	0	0.0	3820.0	0	0.0	3820.0	0	0.0
CassandraWriteRequest	650	96	289500.0	1521	0.532572348955689	289500.0	1520	0.5322222027696563	3763.5	1	3.501461860326686E-4	3860.0	0	0.0	3860.0	0	0.0
CassandraWriteRequest	650	97	292500.0	1434	0.5021096307708468	292500.0	1482	0.5189166477004149	3802.5	0	0.0	3900.0	0	0.0	3900.0	0	0.0
CassandraWriteRequest	650	98	295500.0	1480	0.5182163553283495	295500.0	1521	0.532572348955689	3841.5	0	0.0	3940.0	0	0.0	3940.0	0	0.0
CassandraWriteRequest	650	99	298500.0	1482	0.5189166477004149	298500.0	1485	0.5199670862585128	3880.5	0	0.0	3980.0	0	0.0	3980.0	0	0.0
CassandraWriteRequest	650	100	301500.0	1557	0.545177611652865	301500.0	1421	0.4975577303524221	3919.5	1	3.501461860326686E-4	4020.0	0	0.0	4020.0	0	0.0
CassandraWriteRequest	650	101	304500.0	1267	0.44363521770339115	304500.0	1305	0.45694077277263256	3958.5	0	0.0	4060.0	0	0.0	4060.0	0	0.0
CassandraWriteRequest	650	102	307500.0	1465	0.5129641625378595	307500.0	1459	0.5108632854216635	3997.5	1	3.501461860326686E-4	4100.0	0	0.0	4100.0	0	0.0
CassandraWriteRequest	650	103	310500.0	1423	0.49825802272448744	310500.0	1424	0.4986081689105201	4036.5	1	3.501461860326686E-4	4140.0	0	0.0	4140.0	0	0.0
CassandraWriteRequest	650	104	313500.0	1386	0.4853026138412787	313500.0	1427	0.4996586074686181	4075.5	0	0.0	4180.0	0	0.0	4180.0	0	0.0
CassandraWriteRequest	650	105	316500.0	1446	0.5063113850032388	316500.0	1382	0.483902029097148	4114.5	0	0.0	4220.0	0	0.0	4220.0	0	0.0
CassandraWriteRequest	650	106	319500.0	1564	0.5476286349550937	319500.0	1633	0.5717887217913479	4153.5	0	0.0	4260.0	0	0.0	4260.0	0	0.0
CassandraWriteRequest	650	107	322500.0	1430	0.5007090460267162	322500.0	1401	0.49055480663176876	4192.5	0	0.0	4300.0	0	0.0	4300.0	0	0.0
CassandraWriteRequest	650	108	325500.0	1308	0.45799121133073056	325500.0	1279	0.44783697193578315	4231.5	0	0.0	4340.0	0	0.0	4340.0	0	0.0
CassandraWriteRequest	650	109	328500.0	1441	0.5045606540730755	328500.0	1447	0.5066615311892715	4270.5	0	0.0	4380.0	0	0.0	4380.0	0	0.0
CassandraWriteRequest	650	110	331500.0	1455	0.5094627006775329	331500.0	1515	0.530471471839493	4309.5	0	0.0	4420.0	0	0.0	4420.0	0	0.0
CassandraWriteRequest	650	111	334500.0	1477	0.5171659167702516	334500.0	1464	0.5126140163518269	4348.5	0	0.0	4460.0	0	0.0	4460.0	0	0.0
CassandraWriteRequest	650	112	337500.0	1332	0.4663947197955146	337500.0	1249	0.4373325863548031	4387.5	0	0.0	4500.0	0	0.0	4500.0	0	0.0
CassandraWriteRequest	650	113	340500.0	1243	0.4352317092386071	340500.0	1255	0.4394334634709991	4426.5	0	0.0	4540.0	0	0.0	4540.0	0	0.0
CassandraWriteRequest	650	114	343500.0	1411	0.49405626849209544	343500.0	1423	0.49825802272448744	4465.5	0	0.0	4580.0	0	0.0	4580.0	0	0.0
CassandraWriteRequest	650	115	346500.0	1402	0.4909049528178014	346500.0	1431	0.5010591922127487	4504.5	0	0.0	4620.0	0	0.0	4620.0	0	0.0
CassandraWriteRequest	650	116	349500.0	1326	0.4642938426793186	349500.0	1358	0.475498520632364	4543.5	0	0.0	4660.0	0	0.0	4660.0	0	0.0
CassandraWriteRequest	650	117	352500.0	1493	0.5227682557467742	352500.0	1520	0.5322222027696563	4582.5	0	0.0	4700.0	0	0.0	4700.0	0	0.0
CassandraWriteRequest	650	118	355500.0	1500	0.5252192790490029	355500.0	1523	0.5332726413277543	4621.5	0	0.0	4740.0	0	0.0	4740.0	0	0.0
CassandraWriteRequest	650	119	358500.0	1493	0.5227682557467742	358500.0	1366	0.47829969012062534	4660.5	0	0.0	4780.0	0	0.0	4780.0	0	0.0
CassandraWriteRequest	650	120	361500.0	1427	0.4996586074686181	361500.0	1378	0.48250144435301734	4699.5	0	0.0	4820.0	0	0.0	4820.0	0	0.0
CassandraWriteRequest	650	121	364500.0	1397	0.4891542218876381	364500.0	1510	0.5287207409093296	4738.5	0	0.0	4860.0	0	0.0	4860.0	0	0.0
CassandraWriteRequest	650	122	367500.0	1600	0.5602338976522698	367500.0	1598	0.5595336052802045	4777.5	0	0.0	4900.0	0	0.0	4900.0	0	0.0
CassandraWriteRequest	650	123	370500.0	1346	0.471296766399972	370500.0	1235	0.43243053975034573	4816.5	0	0.0	4940.0	0	0.0	4940.0	0	0.0
CassandraWriteRequest	650	124	373500.0	1230	0.4306798088201824	373500.0	1300	0.4551900418424692	4855.5	0	0.0	4980.0	0	0.0	4980.0	0	0.0
CassandraWriteRequest	650	125	376500.0	1332	0.4663947197955146	376500.0	1370	0.479700274864756	4894.5	0	0.0	5020.0	0	0.0	5020.0	0	0.0
CassandraWriteRequest	650	126	379500.0	1536	0.537824541746179	379500.0	1599	0.5598837514662371	4933.5	0	0.0	5060.0	0	0.0	5060.0	0	0.0
CassandraWriteRequest	650	127	382500.0	1462	0.5119137239797615	382500.0	1351	0.4730474973301353	4972.5	0	0.0	5100.0	0	0.0	5100.0	0	0.0
CassandraWriteRequest	650	128	385500.0	1376	0.481801151980952	385500.0	1442	0.5049108002591082	5011.5	0	0.0	5140.0	0	0.0	5140.0	0	0.0
CassandraWriteRequest	650	129	388500.0	1513	0.5297711794674276	388500.0	1476	0.5168157705842189	5050.5	0	0.0	5180.0	0	0.0	5180.0	0	0.0
CassandraWriteRequest	650	130	391500.0	1467	0.5136644549099249	391500.0	1473	0.5157653320261208	5089.5	0	0.0	5220.0	0	0.0	5220.0	0	0.0
CassandraWriteRequest	650	131	394500.0	1375	0.48145100579491934	394500.0	1316	0.4607923808189919	5128.5	0	0.0	5260.0	0	0.0	5260.0	0	0.0
CassandraWriteRequest	650	132	397500.0	1379	0.48285159053905	397500.0	1417	0.49615714560829144	5167.5	0	0.0	5300.0	0	0.0	5300.0	0	0.0
CassandraWriteRequest	650	133	400500.0	1437	0.5031600693289449	400500.0	1460	0.5112134316076962	5206.5	0	0.0	5340.0	0	0.0	5340.0	0	0.0
CassandraWriteRequest	650	134	403500.0	1392	0.4874034909574747	403500.0	1341	0.4695460354698086	5245.5	0	0.0	5380.0	0	0.0	5380.0	0	0.0
CassandraWriteRequest	650	135	406500.0	1438	0.5035102155149774	406500.0	1530	0.535723664629983	5284.5	0	0.0	5420.0	0	0.0	5420.0	0	0.0
CassandraWriteRequest	650	136	409500.0	1439	0.5038603617010101	409500.0	1301	0.4555401880285019	5323.5	0	0.0	5460.0	0	0.0	5460.0	0	0.0
CassandraWriteRequest	650	137	412500.0	1478	0.5175160629562842	412500.0	1537	0.5381746879322117	5362.5	0	0.0	5500.0	0	0.0	5500.0	0	0.0
CassandraWriteRequest	650	138	415500.0	1245	0.4359320016106724	415500.0	1292	0.4523888723542078	5401.5	0	0.0	5540.0	0	0.0	5540.0	0	0.0
CassandraWriteRequest	650	139	418500.0	1454	0.5091125544915002	418500.0	1440	0.5042105078870428	5440.5	0	0.0	5580.0	0	0.0	5580.0	0	0.0
CassandraWriteRequest	650	140	421500.0	1480	0.5182163553283495	421500.0	1494	0.5231184019328069	5479.5	0	0.0	5620.0	0	0.0	5620.0	0	0.0
CassandraWriteRequest	650	141	424500.0	1498	0.5245189866769376	424500.0	1537	0.5381746879322117	5518.5	0	0.0	5660.0	0	0.0	5660.0	0	0.0
CassandraWriteRequest	650	142	427500.0	1457	0.5101629930495982	427500.0	1366	0.47829969012062534	5557.5	0	0.0	5700.0	0	0.0	5700.0	0	0.0
CassandraWriteRequest	650	143	430500.0	1353	0.47374778970220066	430500.0	1344	0.4705964740279066	5596.5	0	0.0	5740.0	0	0.0	5740.0	0	0.0
CassandraWriteRequest	650	144	433500.0	1405	0.4919553913758994	433500.0	1500	0.5252192790490029	5635.5	0	0.0	5780.0	0	0.0	5780.0	0	0.0
CassandraWriteRequest	650	145	436500.0	1397	0.4891542218876381	436500.0	1463	0.5122638701657942	5674.5	0	0.0	5820.0	0	0.0	5820.0	0	0.0
CassandraWriteRequest	650	146	439500.0	1443	0.5052609464451409	439500.0	1314	0.46009208844692656	5713.5	0	0.0	5860.0	0	0.0	5860.0	0	0.0
CassandraWriteRequest	650	147	442500.0	1423	0.49825802272448744	442500.0	1406	0.49230553756193207	5752.5	0	0.0	5900.0	0	0.0	5900.0	0	0.0
CassandraWriteRequest	650	148	445500.0	1511	0.5290708870953623	445500.0	1559	0.5458779040249304	5791.5	0	0.0	5940.0	0	0.0	5940.0	0	0.0
CassandraWriteRequest	650	149	448500.0	1459	0.5108632854216635	448500.0	1484	0.5196169400724803	5830.5	0	0.0	5980.0	0	0.0	5980.0	0	0.0
CassandraWriteRequest	650	150	451500.0	1506	0.5273201561651989	451500.0	1373	0.480750713422854	5869.5	0	0.0	6020.0	0	0.0	6020.0	0	0.0
CassandraWriteRequest	650	151	454500.0	1318	0.46149267319105725	454500.0	1396	0.4888040757016054	5908.5	0	0.0	6060.0	0	0.0	6060.0	0	0.0
CassandraWriteRequest	650	152	457500.0	1505	0.5269700099791663	457500.0	1440	0.5042105078870428	5947.5	0	0.0	6100.0	0	0.0	6100.0	0	0.0
CassandraWriteRequest	650	153	460500.0	1254	0.43908331728496647	460500.0	1349	0.47234720495807	5986.5	0	0.0	6140.0	0	0.0	6140.0	0	0.0
CassandraWriteRequest	650	154	463500.0	1456	0.5098128468635655	463500.0	1485	0.5199670862585128	6025.5	0	0.0	6180.0	0	0.0	6180.0	0	0.0
CassandraWriteRequest	650	155	466500.0	1532	0.5364239570020484	466500.0	1467	0.5136644549099249	6064.5	0	0.0	6220.0	0	0.0	6220.0	0	0.0
CassandraWriteRequest	650	156	469500.0	1447	0.5066615311892715	469500.0	1495	0.5234685481188396	6103.5	0	0.0	6260.0	0	0.0	6260.0	0	0.0
CassandraWriteRequest	650	157	472500.0	1408	0.49300582993399744	472500.0	1399	0.4898545142597034	6142.5	0	0.0	6300.0	0	0.0	6300.0	0	0.0
CassandraWriteRequest	650	158	475500.0	1382	0.483902029097148	475500.0	1271	0.44503580244752183	6181.5	0	0.0	6340.0	0	0.0	6340.0	0	0.0
CassandraWriteRequest	650	159	478500.0	1498	0.5245189866769376	478500.0	1614	0.5651359442567272	6220.5	0	0.0	6380.0	0	0.0	6380.0	0	0.0
CassandraWriteRequest	650	160	481500.0	1509	0.528370594723297	481500.0	1484	0.5196169400724803	6259.5	0	0.0	6420.0	0	0.0	6420.0	0	0.0
CassandraWriteRequest	650	161	484500.0	1402	0.4909049528178014	484500.0	1458	0.5105131392356308	6298.5	0	0.0	6460.0	0	0.0	6460.0	0	0.0
CassandraWriteRequest	650	162	487500.0	1410	0.49370612230606276	487500.0	1372	0.48040056723682134	6337.5	0	0.0	6500.0	0	0.0	6500.0	0	0.0
CassandraWriteRequest	650	163	490500.0	1448	0.5070116773753042	490500.0	1454	0.5091125544915002	6376.5	0	0.0	6540.0	0	0.0	6540.0	0	0.0
CassandraWriteRequest	650	164	493500.0	1368	0.47899998249269066	493500.0	1355	0.474448082074266	6415.5	0	0.0	6580.0	0	0.0	6580.0	0	0.0
CassandraWriteRequest	650	165	496500.0	1540	0.5392251264903096	496500.0	1567	0.5486790735131917	6454.5	0	0.0	6620.0	0	0.0	6620.0	0	0.0
CassandraWriteRequest	650	166	499500.0	1485	0.5199670862585128	499500.0	1393	0.4877536371435074	6493.5	0	0.0	6660.0	0	0.0	6660.0	0	0.0
CassandraWriteRequest	650	167	502500.0	1431	0.5010591922127487	502500.0	1510	0.5287207409093296	6532.5	0	0.0	6700.0	0	0.0	6700.0	0	0.0
CassandraWriteRequest	650	168	505500.0	1296	0.4537894570983385	505500.0	1275	0.44643638719165246	6571.5	0	0.0	6740.0	0	0.0	6740.0	0	0.0
CassandraWriteRequest	650	169	508500.0	1392	0.4874034909574747	508500.0	1377	0.4821512981669847	6610.5	0	0.0	6780.0	0	0.0	6780.0	0	0.0
CassandraWriteRequest	650	170	511500.0	1261	0.44153434058719515	511500.0	1219	0.42682820077382305	6649.5	0	0.0	6820.0	0	0.0	6820.0	0	0.0
CassandraWriteRequest	650	171	514500.0	1342	0.4698961816558413	514500.0	1344	0.4705964740279066	6688.5	1	3.501461860326686E-4	6860.0	0	0.0	6860.0	0	0.0
CassandraWriteRequest	650	172	517500.0	1247	0.4366322939827378	517500.0	1281	0.4485372643078485	6727.5	1	3.501461860326686E-4	6900.0	0	0.0	6900.0	0	0.0
CassandraWriteRequest	650	173	520500.0	1427	0.4996586074686181	520500.0	1469	0.5143647472819902	6766.5	19	0.006652777534620704	6940.0	0	0.0	6940.0	0	0.0
CassandraWriteRequest	650	174	523500.0	1530	0.535723664629983	523500.0	1535	0.5374743955601463	6805.5	31	0.010854531767012726	6980.0	0	0.0	6980.0	0	0.0
CassandraWriteRequest	650	175	526500.0	1511	0.5290708870953623	526500.0	1409	0.49335597612003007	6844.5	40	0.014005847441306745	7020.0	0	0.0	7020.0	0	0.0
CassandraWriteRequest	650	176	529500.0	1411	0.49405626849209544	529500.0	1490	0.5217178171886763	6883.5	36	0.01260526269717607	7060.0	0	0.0	7060.0	0	0.0
CassandraWriteRequest	650	177	532500.0	1499	0.5248691328629702	532500.0	1485	0.5199670862585128	6922.5	25	0.008753654650816716	7100.0	0	0.0	7100.0	0	0.0
CassandraWriteRequest	650	178	535500.0	1484	0.5196169400724803	535500.0	1400	0.4902046604457361	6961.5	32	0.011204677953045396	7140.0	0	0.0	7140.0	0	0.0
CassandraWriteRequest	650	179	538500.0	1282	0.44888741049388114	538500.0	1298	0.4544897494704039	7000.5	13	0.004551900418424692	7180.0	0	0.0	7180.0	0	0.0
CassandraWriteRequest	650	180	541500.0	1432	0.5014093383987814	541500.0	1521	0.532572348955689	7039.5	2	7.002923720653372E-4	7220.0	0	0.0	7220.0	0	0.0
CassandraWriteRequest	650	181	544500.0	1478	0.5175160629562842	544500.0	1461	0.5115635777937289	7078.5	3	0.0010504385580980059	7260.0	0	0.0	7260.0	0	0.0
CassandraWriteRequest	650	182	547500.0	1440	0.5042105078870428	547500.0	1366	0.47829969012062534	7117.5	7	0.0024510233022286805	7300.0	0	0.0	7300.0	0	0.0
CassandraWriteRequest	650	183	550500.0	1377	0.4821512981669847	550500.0	1474	0.5161154782121535	7156.5	6	0.0021008771161960117	7340.0	0	0.0	7340.0	0	0.0
CassandraWriteRequest	650	184	553500.0	1549	0.5423764421646037	553500.0	1529	0.5353735184439503	7195.5	0	0.0	7380.0	0	0.0	7380.0	0	0.0
CassandraWriteRequest	650	185	556500.0	1432	0.5014093383987814	556500.0	1445	0.5059612388172061	7234.5	0	0.0	7420.0	0	0.0	7420.0	0	0.0
CassandraWriteRequest	650	186	559500.0	1372	0.48040056723682134	559500.0	1431	0.5010591922127487	7273.5	1	3.501461860326686E-4	7460.0	0	0.0	7460.0	0	0.0
CassandraWriteRequest	650	187	562500.0	1463	0.5122638701657942	562500.0	1350	0.4726973511441026	7312.5	1	3.501461860326686E-4	7500.0	0	0.0	7500.0	0	0.0
CassandraWriteRequest	650	188	565500.0	1432	0.5014093383987814	565500.0	1521	0.532572348955689	7351.5	1	3.501461860326686E-4	7540.0	0	0.0	7540.0	0	0.0
CassandraWriteRequest	650	189	568500.0	1481	0.5185665015143822	568500.0	1523	0.5332726413277543	7390.5	0	0.0	7580.0	0	0.0	7580.0	0	0.0
CassandraWriteRequest	650	190	571500.0	1522	0.5329224951417216	571500.0	1395	0.4884539295155727	7429.5	0	0.0	7620.0	0	0.0	7620.0	0	0.0
CassandraWriteRequest	650	191	574500.0	1466	0.5133143087238922	574500.0	1507	0.5276703023512316	7468.5	0	0.0	7660.0	0	0.0	7660.0	0	0.0
CassandraWriteRequest	650	192	577500.0	1598	0.5595336052802045	577500.0	1639	0.5738895989075439	7507.5	4	0.0014005847441306745	7700.0	0	0.0	7700.0	0	0.0
CassandraWriteRequest	650	193	580500.0	1531	0.5360738108160157	580500.0	1466	0.5133143087238922	7546.5	2	7.002923720653372E-4	7740.0	0	0.0	7740.0	0	0.0
CassandraWriteRequest	650	194	583500.0	1293	0.4527390185402405	583500.0	1416	0.49580699942225875	7585.5	6	0.0021008771161960117	7780.0	0	0.0	7780.0	0	0.0
CassandraWriteRequest	650	195	586500.0	1557	0.545177611652865	586500.0	1438	0.5035102155149774	7624.5	6	0.0021008771161960117	7820.0	0	0.0	7820.0	0	0.0
CassandraWriteRequest	650	196	589500.0	1294	0.4530891647262732	589500.0	1345	0.4709466202139393	7663.5	2	7.002923720653372E-4	7860.0	0	0.0	7860.0	0	0.0
CassandraWriteRequest	650	197	592500.0	1525	0.5339729336998197	592500.0	1561	0.5465781963969957	7702.5	4	0.0014005847441306745	7900.0	0	0.0	7900.0	0	0.0
CassandraWriteRequest	650	198	595500.0	1587	0.5556819972338451	595500.0	1474	0.5161154782121535	7741.5	7	0.0024510233022286805	7940.0	0	0.0	7940.0	0	0.0
CassandraWriteRequest	650	199	598500.0	1187	0.41562352282077764	598500.0	1394	0.4881037833295401	7780.5	2	7.002923720653372E-4	7980.0	0	0.0	7980.0	0	0.0
