'Request type'	'Load'	'Bucket'	'Start time'	'Absolute'	'Percent of requests'	'End time'	'Absolute'	'Percent of requests'	'Residence time'	'Absolute'	'Percent of requests'	'Theor. think time'	'Absolute'	'Percent of requests'	'Actual think time'	'Absolute'	'Percent of requests'
login	3	0	750.0	3	0.45592705167173253	750.0	3	0.45592705167173253	2.5	0	0.0	3.0	658	100.0	3.0	658	100.0
login	3	1	2250.0	3	0.45592705167173253	2250.0	3	0.45592705167173253	7.5	0	0.0	9.0	0	0.0	9.0	0	0.0
login	3	2	3750.0	3	0.45592705167173253	3750.0	3	0.45592705167173253	12.5	0	0.0	15.0	0	0.0	15.0	0	0.0
login	3	3	5250.0	3	0.45592705167173253	5250.0	3	0.45592705167173253	17.5	0	0.0	21.0	0	0.0	21.0	0	0.0
login	3	4	6750.0	4	0.60790273556231	6750.0	3	0.45592705167173253	22.5	0	0.0	27.0	0	0.0	27.0	0	0.0
login	3	5	8250.0	3	0.45592705167173253	8250.0	4	0.60790273556231	27.5	0	0.0	33.0	0	0.0	33.0	0	0.0
login	3	6	9750.0	3	0.45592705167173253	9750.0	3	0.45592705167173253	32.5	0	0.0	39.0	0	0.0	39.0	0	0.0
login	3	7	11250.0	3	0.45592705167173253	11250.0	3	0.45592705167173253	37.5	0	0.0	45.0	0	0.0	45.0	0	0.0
login	3	8	12750.0	3	0.45592705167173253	12750.0	3	0.45592705167173253	42.5	0	0.0	51.0	0	0.0	51.0	0	0.0
login	3	9	14250.0	3	0.45592705167173253	14250.0	2	0.303951367781155	47.5	0	0.0	57.0	0	0.0	57.0	0	0.0
login	3	10	15750.0	3	0.45592705167173253	15750.0	2	0.303951367781155	52.5	0	0.0	63.0	0	0.0	63.0	0	0.0
login	3	11	17250.0	3	0.45592705167173253	17250.0	4	0.60790273556231	57.5	0	0.0	69.0	0	0.0	69.0	0	0.0
login	3	12	18750.0	3	0.45592705167173253	18750.0	4	0.60790273556231	62.5	0	0.0	75.0	0	0.0	75.0	0	0.0
login	3	13	20250.0	3	0.45592705167173253	20250.0	3	0.45592705167173253	67.5	0	0.0	81.0	0	0.0	81.0	0	0.0
login	3	14	21750.0	4	0.60790273556231	21750.0	3	0.45592705167173253	72.5	0	0.0	87.0	0	0.0	87.0	0	0.0
login	3	15	23250.0	4	0.60790273556231	23250.0	4	0.60790273556231	77.5	0	0.0	93.0	0	0.0	93.0	0	0.0
login	3	16	24750.0	4	0.60790273556231	24750.0	3	0.45592705167173253	82.5	2	0.303951367781155	99.0	0	0.0	99.0	0	0.0
login	3	17	26250.0	3	0.45592705167173253	26250.0	3	0.45592705167173253	87.5	1	0.1519756838905775	105.0	0	0.0	105.0	0	0.0
login	3	18	27750.0	3	0.45592705167173253	27750.0	4	0.60790273556231	92.5	1	0.1519756838905775	111.0	0	0.0	111.0	0	0.0
login	3	19	29250.0	3	0.45592705167173253	29250.0	4	0.60790273556231	97.5	1	0.1519756838905775	117.0	0	0.0	117.0	0	0.0
login	3	20	30750.0	3	0.45592705167173253	30750.0	3	0.45592705167173253	102.5	0	0.0	123.0	0	0.0	123.0	0	0.0
login	3	21	32250.0	4	0.60790273556231	32250.0	3	0.45592705167173253	107.5	1	0.1519756838905775	129.0	0	0.0	129.0	0	0.0
login	3	22	33750.0	4	0.60790273556231	33750.0	4	0.60790273556231	112.5	1	0.1519756838905775	135.0	0	0.0	135.0	0	0.0
login	3	23	35250.0	4	0.60790273556231	35250.0	5	0.7598784194528875	117.5	3	0.45592705167173253	141.0	0	0.0	141.0	0	0.0
login	3	24	36750.0	3	0.45592705167173253	36750.0	3	0.45592705167173253	122.5	2	0.303951367781155	147.0	0	0.0	147.0	0	0.0
login	3	25	38250.0	4	0.60790273556231	38250.0	3	0.45592705167173253	127.5	4	0.60790273556231	153.0	0	0.0	153.0	0	0.0
login	3	26	39750.0	3	0.45592705167173253	39750.0	3	0.45592705167173253	132.5	4	0.60790273556231	159.0	0	0.0	159.0	0	0.0
login	3	27	41250.0	5	0.7598784194528875	41250.0	4	0.60790273556231	137.5	4	0.60790273556231	165.0	0	0.0	165.0	0	0.0
login	3	28	42750.0	3	0.45592705167173253	42750.0	3	0.45592705167173253	142.5	2	0.303951367781155	171.0	0	0.0	171.0	0	0.0
login	3	29	44250.0	3	0.45592705167173253	44250.0	4	0.60790273556231	147.5	3	0.45592705167173253	177.0	0	0.0	177.0	0	0.0
login	3	30	45750.0	3	0.45592705167173253	45750.0	4	0.60790273556231	152.5	1	0.1519756838905775	183.0	0	0.0	183.0	0	0.0
login	3	31	47250.0	4	0.60790273556231	47250.0	3	0.45592705167173253	157.5	4	0.60790273556231	189.0	0	0.0	189.0	0	0.0
login	3	32	48750.0	3	0.45592705167173253	48750.0	4	0.60790273556231	162.5	6	0.9118541033434651	195.0	0	0.0	195.0	0	0.0
login	3	33	50250.0	4	0.60790273556231	50250.0	3	0.45592705167173253	167.5	5	0.7598784194528875	201.0	0	0.0	201.0	0	0.0
login	3	34	51750.0	4	0.60790273556231	51750.0	5	0.7598784194528875	172.5	2	0.303951367781155	207.0	0	0.0	207.0	0	0.0
login	3	35	53250.0	3	0.45592705167173253	53250.0	3	0.45592705167173253	177.5	11	1.6717325227963524	213.0	0	0.0	213.0	0	0.0
login	3	36	54750.0	4	0.60790273556231	54750.0	3	0.45592705167173253	182.5	17	2.5835866261398177	219.0	0	0.0	219.0	0	0.0
login	3	37	56250.0	3	0.45592705167173253	56250.0	3	0.45592705167173253	187.5	11	1.6717325227963524	225.0	0	0.0	225.0	0	0.0
login	3	38	57750.0	3	0.45592705167173253	57750.0	3	0.45592705167173253	192.5	10	1.519756838905775	231.0	0	0.0	231.0	0	0.0
login	3	39	59250.0	3	0.45592705167173253	59250.0	4	0.60790273556231	197.5	22	3.343465045592705	237.0	0	0.0	237.0	0	0.0
login	3	40	60750.0	3	0.45592705167173253	60750.0	3	0.45592705167173253	202.5	14	2.127659574468085	243.0	0	0.0	243.0	0	0.0
login	3	41	62250.0	3	0.45592705167173253	62250.0	3	0.45592705167173253	207.5	10	1.519756838905775	249.0	0	0.0	249.0	0	0.0
login	3	42	63750.0	3	0.45592705167173253	63750.0	3	0.45592705167173253	212.5	12	1.8237082066869301	255.0	0	0.0	255.0	0	0.0
login	3	43	65250.0	3	0.45592705167173253	65250.0	3	0.45592705167173253	217.5	14	2.127659574468085	261.0	0	0.0	261.0	0	0.0
login	3	44	66750.0	3	0.45592705167173253	66750.0	3	0.45592705167173253	222.5	11	1.6717325227963524	267.0	0	0.0	267.0	0	0.0
login	3	45	68250.0	3	0.45592705167173253	68250.0	3	0.45592705167173253	227.5	11	1.6717325227963524	273.0	0	0.0	273.0	0	0.0
login	3	46	69750.0	3	0.45592705167173253	69750.0	3	0.45592705167173253	232.5	16	2.43161094224924	279.0	0	0.0	279.0	0	0.0
login	3	47	71250.0	3	0.45592705167173253	71250.0	3	0.45592705167173253	237.5	6	0.9118541033434651	285.0	0	0.0	285.0	0	0.0
login	3	48	72750.0	3	0.45592705167173253	72750.0	3	0.45592705167173253	242.5	11	1.6717325227963524	291.0	0	0.0	291.0	0	0.0
login	3	49	74250.0	4	0.60790273556231	74250.0	3	0.45592705167173253	247.5	5	0.7598784194528875	297.0	0	0.0	297.0	0	0.0
login	3	50	75750.0	3	0.45592705167173253	75750.0	4	0.60790273556231	252.5	3	0.45592705167173253	303.0	0	0.0	303.0	0	0.0
login	3	51	77250.0	3	0.45592705167173253	77250.0	3	0.45592705167173253	257.5	2	0.303951367781155	309.0	0	0.0	309.0	0	0.0
login	3	52	78750.0	3	0.45592705167173253	78750.0	3	0.45592705167173253	262.5	6	0.9118541033434651	315.0	0	0.0	315.0	0	0.0
login	3	53	80250.0	3	0.45592705167173253	80250.0	3	0.45592705167173253	267.5	3	0.45592705167173253	321.0	0	0.0	321.0	0	0.0
login	3	54	81750.0	3	0.45592705167173253	81750.0	3	0.45592705167173253	272.5	18	2.735562310030395	327.0	0	0.0	327.0	0	0.0
login	3	55	83250.0	3	0.45592705167173253	83250.0	3	0.45592705167173253	277.5	7	1.0638297872340425	333.0	0	0.0	333.0	0	0.0
login	3	56	84750.0	4	0.60790273556231	84750.0	4	0.60790273556231	282.5	17	2.5835866261398177	339.0	0	0.0	339.0	0	0.0
login	3	57	86250.0	3	0.45592705167173253	86250.0	3	0.45592705167173253	287.5	14	2.127659574468085	345.0	0	0.0	345.0	0	0.0
login	3	58	87750.0	3	0.45592705167173253	87750.0	3	0.45592705167173253	292.5	8	1.21580547112462	351.0	0	0.0	351.0	0	0.0
login	3	59	89250.0	3	0.45592705167173253	89250.0	3	0.45592705167173253	297.5	10	1.519756838905775	357.0	0	0.0	357.0	0	0.0
login	3	60	90750.0	4	0.60790273556231	90750.0	3	0.45592705167173253	302.5	13	1.9756838905775076	363.0	0	0.0	363.0	0	0.0
login	3	61	92250.0	3	0.45592705167173253	92250.0	4	0.60790273556231	307.5	10	1.519756838905775	369.0	0	0.0	369.0	0	0.0
login	3	62	93750.0	3	0.45592705167173253	93750.0	3	0.45592705167173253	312.5	9	1.3677811550151975	375.0	0	0.0	375.0	0	0.0
login	3	63	95250.0	3	0.45592705167173253	95250.0	3	0.45592705167173253	317.5	9	1.3677811550151975	381.0	0	0.0	381.0	0	0.0
login	3	64	96750.0	3	0.45592705167173253	96750.0	3	0.45592705167173253	322.5	5	0.7598784194528875	387.0	0	0.0	387.0	0	0.0
login	3	65	98250.0	3	0.45592705167173253	98250.0	3	0.45592705167173253	327.5	2	0.303951367781155	393.0	0	0.0	393.0	0	0.0
login	3	66	99750.0	3	0.45592705167173253	99750.0	3	0.45592705167173253	332.5	2	0.303951367781155	399.0	0	0.0	399.0	0	0.0
login	3	67	101250.0	3	0.45592705167173253	101250.0	3	0.45592705167173253	337.5	3	0.45592705167173253	405.0	0	0.0	405.0	0	0.0
login	3	68	102750.0	3	0.45592705167173253	102750.0	3	0.45592705167173253	342.5	2	0.303951367781155	411.0	0	0.0	411.0	0	0.0
login	3	69	104250.0	3	0.45592705167173253	104250.0	3	0.45592705167173253	347.5	3	0.45592705167173253	417.0	0	0.0	417.0	0	0.0
login	3	70	105750.0	4	0.60790273556231	105750.0	3	0.45592705167173253	352.5	4	0.60790273556231	423.0	0	0.0	423.0	0	0.0
login	3	71	107250.0	4	0.60790273556231	107250.0	4	0.60790273556231	357.5	3	0.45592705167173253	429.0	0	0.0	429.0	0	0.0
login	3	72	108750.0	4	0.60790273556231	108750.0	4	0.60790273556231	362.5	0	0.0	435.0	0	0.0	435.0	0	0.0
login	3	73	110250.0	3	0.45592705167173253	110250.0	4	0.60790273556231	367.5	2	0.303951367781155	441.0	0	0.0	441.0	0	0.0
login	3	74	111750.0	3	0.45592705167173253	111750.0	3	0.45592705167173253	372.5	4	0.60790273556231	447.0	0	0.0	447.0	0	0.0
login	3	75	113250.0	3	0.45592705167173253	113250.0	3	0.45592705167173253	377.5	9	1.3677811550151975	453.0	0	0.0	453.0	0	0.0
login	3	76	114750.0	4	0.60790273556231	114750.0	4	0.60790273556231	382.5	10	1.519756838905775	459.0	0	0.0	459.0	0	0.0
login	3	77	116250.0	5	0.7598784194528875	116250.0	4	0.60790273556231	387.5	8	1.21580547112462	465.0	0	0.0	465.0	0	0.0
login	3	78	117750.0	3	0.45592705167173253	117750.0	4	0.60790273556231	392.5	20	3.03951367781155	471.0	0	0.0	471.0	0	0.0
login	3	79	119250.0	3	0.45592705167173253	119250.0	3	0.45592705167173253	397.5	14	2.127659574468085	477.0	0	0.0	477.0	0	0.0
login	3	80	120750.0	4	0.60790273556231	120750.0	3	0.45592705167173253	402.5	14	2.127659574468085	483.0	0	0.0	483.0	0	0.0
login	3	81	122250.0	4	0.60790273556231	122250.0	4	0.60790273556231	407.5	7	1.0638297872340425	489.0	0	0.0	489.0	0	0.0
login	3	82	123750.0	4	0.60790273556231	123750.0	4	0.60790273556231	412.5	9	1.3677811550151975	495.0	0	0.0	495.0	0	0.0
login	3	83	125250.0	3	0.45592705167173253	125250.0	3	0.45592705167173253	417.5	4	0.60790273556231	501.0	0	0.0	501.0	0	0.0
login	3	84	126750.0	3	0.45592705167173253	126750.0	3	0.45592705167173253	422.5	4	0.60790273556231	507.0	0	0.0	507.0	0	0.0
login	3	85	128250.0	3	0.45592705167173253	128250.0	2	0.303951367781155	427.5	5	0.7598784194528875	513.0	0	0.0	513.0	0	0.0
login	3	86	129750.0	4	0.60790273556231	129750.0	3	0.45592705167173253	432.5	0	0.0	519.0	0	0.0	519.0	0	0.0
login	3	87	131250.0	3	0.45592705167173253	131250.0	3	0.45592705167173253	437.5	1	0.1519756838905775	525.0	0	0.0	525.0	0	0.0
login	3	88	132750.0	3	0.45592705167173253	132750.0	4	0.60790273556231	442.5	0	0.0	531.0	0	0.0	531.0	0	0.0
login	3	89	134250.0	3	0.45592705167173253	134250.0	3	0.45592705167173253	447.5	0	0.0	537.0	0	0.0	537.0	0	0.0
login	3	90	135750.0	3	0.45592705167173253	135750.0	3	0.45592705167173253	452.5	1	0.1519756838905775	543.0	0	0.0	543.0	0	0.0
login	3	91	137250.0	4	0.60790273556231	137250.0	3	0.45592705167173253	457.5	6	0.9118541033434651	549.0	0	0.0	549.0	0	0.0
login	3	92	138750.0	3	0.45592705167173253	138750.0	3	0.45592705167173253	462.5	1	0.1519756838905775	555.0	0	0.0	555.0	0	0.0
login	3	93	140250.0	3	0.45592705167173253	140250.0	3	0.45592705167173253	467.5	6	0.9118541033434651	561.0	0	0.0	561.0	0	0.0
login	3	94	141750.0	3	0.45592705167173253	141750.0	4	0.60790273556231	472.5	5	0.7598784194528875	567.0	0	0.0	567.0	0	0.0
login	3	95	143250.0	3	0.45592705167173253	143250.0	3	0.45592705167173253	477.5	12	1.8237082066869301	573.0	0	0.0	573.0	0	0.0
login	3	96	144750.0	3	0.45592705167173253	144750.0	4	0.60790273556231	482.5	9	1.3677811550151975	579.0	0	0.0	579.0	0	0.0
login	3	97	146250.0	3	0.45592705167173253	146250.0	3	0.45592705167173253	487.5	13	1.9756838905775076	585.0	0	0.0	585.0	0	0.0
login	3	98	147750.0	4	0.60790273556231	147750.0	4	0.60790273556231	492.5	6	0.9118541033434651	591.0	0	0.0	591.0	0	0.0
login	3	99	149250.0	3	0.45592705167173253	149250.0	3	0.45592705167173253	497.5	8	1.21580547112462	597.0	0	0.0	597.0	0	0.0
login	3	100	150750.0	3	0.45592705167173253	150750.0	4	0.60790273556231	502.5	9	1.3677811550151975	603.0	0	0.0	603.0	0	0.0
login	3	101	152250.0	3	0.45592705167173253	152250.0	3	0.45592705167173253	507.5	10	1.519756838905775	609.0	0	0.0	609.0	0	0.0
login	3	102	153750.0	3	0.45592705167173253	153750.0	3	0.45592705167173253	512.5	3	0.45592705167173253	615.0	0	0.0	615.0	0	0.0
login	3	103	155250.0	4	0.60790273556231	155250.0	3	0.45592705167173253	517.5	2	0.303951367781155	621.0	0	0.0	621.0	0	0.0
login	3	104	156750.0	4	0.60790273556231	156750.0	4	0.60790273556231	522.5	1	0.1519756838905775	627.0	0	0.0	627.0	0	0.0
login	3	105	158250.0	4	0.60790273556231	158250.0	5	0.7598784194528875	527.5	2	0.303951367781155	633.0	0	0.0	633.0	0	0.0
login	3	106	159750.0	3	0.45592705167173253	159750.0	3	0.45592705167173253	532.5	2	0.303951367781155	639.0	0	0.0	639.0	0	0.0
login	3	107	161250.0	3	0.45592705167173253	161250.0	3	0.45592705167173253	537.5	0	0.0	645.0	0	0.0	645.0	0	0.0
login	3	108	162750.0	3	0.45592705167173253	162750.0	3	0.45592705167173253	542.5	1	0.1519756838905775	651.0	0	0.0	651.0	0	0.0
login	3	109	164250.0	3	0.45592705167173253	164250.0	3	0.45592705167173253	547.5	1	0.1519756838905775	657.0	0	0.0	657.0	0	0.0
login	3	110	165750.0	4	0.60790273556231	165750.0	3	0.45592705167173253	552.5	1	0.1519756838905775	663.0	0	0.0	663.0	0	0.0
login	3	111	167250.0	3	0.45592705167173253	167250.0	4	0.60790273556231	557.5	0	0.0	669.0	0	0.0	669.0	0	0.0
login	3	112	168750.0	3	0.45592705167173253	168750.0	3	0.45592705167173253	562.5	0	0.0	675.0	0	0.0	675.0	0	0.0
login	3	113	170250.0	3	0.45592705167173253	170250.0	3	0.45592705167173253	567.5	3	0.45592705167173253	681.0	0	0.0	681.0	0	0.0
login	3	114	171750.0	3	0.45592705167173253	171750.0	3	0.45592705167173253	572.5	6	0.9118541033434651	687.0	0	0.0	687.0	0	0.0
login	3	115	173250.0	3	0.45592705167173253	173250.0	3	0.45592705167173253	577.5	5	0.7598784194528875	693.0	0	0.0	693.0	0	0.0
login	3	116	174750.0	3	0.45592705167173253	174750.0	3	0.45592705167173253	582.5	3	0.45592705167173253	699.0	0	0.0	699.0	0	0.0
login	3	117	176250.0	3	0.45592705167173253	176250.0	3	0.45592705167173253	587.5	6	0.9118541033434651	705.0	0	0.0	705.0	0	0.0
login	3	118	177750.0	3	0.45592705167173253	177750.0	3	0.45592705167173253	592.5	6	0.9118541033434651	711.0	0	0.0	711.0	0	0.0
login	3	119	179250.0	3	0.45592705167173253	179250.0	3	0.45592705167173253	597.5	3	0.45592705167173253	717.0	0	0.0	717.0	0	0.0
login	3	120	180750.0	4	0.60790273556231	180750.0	3	0.45592705167173253	602.5	4	0.60790273556231	723.0	0	0.0	723.0	0	0.0
login	3	121	182250.0	3	0.45592705167173253	182250.0	3	0.45592705167173253	607.5	1	0.1519756838905775	729.0	0	0.0	729.0	0	0.0
login	3	122	183750.0	3	0.45592705167173253	183750.0	3	0.45592705167173253	612.5	4	0.60790273556231	735.0	0	0.0	735.0	0	0.0
login	3	123	185250.0	3	0.45592705167173253	185250.0	3	0.45592705167173253	617.5	2	0.303951367781155	741.0	0	0.0	741.0	0	0.0
login	3	124	186750.0	3	0.45592705167173253	186750.0	4	0.60790273556231	622.5	5	0.7598784194528875	747.0	0	0.0	747.0	0	0.0
login	3	125	188250.0	3	0.45592705167173253	188250.0	3	0.45592705167173253	627.5	0	0.0	753.0	0	0.0	753.0	0	0.0
login	3	126	189750.0	4	0.60790273556231	189750.0	3	0.45592705167173253	632.5	0	0.0	759.0	0	0.0	759.0	0	0.0
login	3	127	191250.0	3	0.45592705167173253	191250.0	3	0.45592705167173253	637.5	0	0.0	765.0	0	0.0	765.0	0	0.0
login	3	128	192750.0	3	0.45592705167173253	192750.0	3	0.45592705167173253	642.5	1	0.1519756838905775	771.0	0	0.0	771.0	0	0.0
login	3	129	194250.0	3	0.45592705167173253	194250.0	4	0.60790273556231	647.5	0	0.0	777.0	0	0.0	777.0	0	0.0
login	3	130	195750.0	3	0.45592705167173253	195750.0	3	0.45592705167173253	652.5	0	0.0	783.0	0	0.0	783.0	0	0.0
login	3	131	197250.0	4	0.60790273556231	197250.0	3	0.45592705167173253	657.5	1	0.1519756838905775	789.0	0	0.0	789.0	0	0.0
login	3	132	198750.0	4	0.60790273556231	198750.0	4	0.60790273556231	662.5	0	0.0	795.0	0	0.0	795.0	0	0.0
login	3	133	200250.0	4	0.60790273556231	200250.0	3	0.45592705167173253	667.5	1	0.1519756838905775	801.0	0	0.0	801.0	0	0.0
login	3	134	201750.0	3	0.45592705167173253	201750.0	4	0.60790273556231	672.5	1	0.1519756838905775	807.0	0	0.0	807.0	0	0.0
login	3	135	203250.0	3	0.45592705167173253	203250.0	4	0.60790273556231	677.5	1	0.1519756838905775	813.0	0	0.0	813.0	0	0.0
login	3	136	204750.0	3	0.45592705167173253	204750.0	3	0.45592705167173253	682.5	4	0.60790273556231	819.0	0	0.0	819.0	0	0.0
login	3	137	206250.0	3	0.45592705167173253	206250.0	3	0.45592705167173253	687.5	0	0.0	825.0	0	0.0	825.0	0	0.0
login	3	138	207750.0	4	0.60790273556231	207750.0	3	0.45592705167173253	692.5	2	0.303951367781155	831.0	0	0.0	831.0	0	0.0
login	3	139	209250.0	4	0.60790273556231	209250.0	4	0.60790273556231	697.5	3	0.45592705167173253	837.0	0	0.0	837.0	0	0.0
login	3	140	210750.0	4	0.60790273556231	210750.0	5	0.7598784194528875	702.5	2	0.303951367781155	843.0	0	0.0	843.0	0	0.0
login	3	141	212250.0	3	0.45592705167173253	212250.0	3	0.45592705167173253	707.5	0	0.0	849.0	0	0.0	849.0	0	0.0
login	3	142	213750.0	3	0.45592705167173253	213750.0	3	0.45592705167173253	712.5	1	0.1519756838905775	855.0	0	0.0	855.0	0	0.0
login	3	143	215250.0	4	0.60790273556231	215250.0	3	0.45592705167173253	717.5	0	0.0	861.0	0	0.0	861.0	0	0.0
login	3	144	216750.0	5	0.7598784194528875	216750.0	5	0.7598784194528875	722.5	0	0.0	867.0	0	0.0	867.0	0	0.0
login	3	145	218250.0	3	0.45592705167173253	218250.0	4	0.60790273556231	727.5	0	0.0	873.0	0	0.0	873.0	0	0.0
login	3	146	219750.0	3	0.45592705167173253	219750.0	3	0.45592705167173253	732.5	0	0.0	879.0	0	0.0	879.0	0	0.0
login	3	147	221250.0	4	0.60790273556231	221250.0	3	0.45592705167173253	737.5	0	0.0	885.0	0	0.0	885.0	0	0.0
login	3	148	222750.0	3	0.45592705167173253	222750.0	3	0.45592705167173253	742.5	0	0.0	891.0	0	0.0	891.0	0	0.0
login	3	149	224250.0	4	0.60790273556231	224250.0	4	0.60790273556231	747.5	0	0.0	897.0	0	0.0	897.0	0	0.0
login	3	150	225750.0	4	0.60790273556231	225750.0	3	0.45592705167173253	752.5	0	0.0	903.0	0	0.0	903.0	0	0.0
login	3	151	227250.0	3	0.45592705167173253	227250.0	3	0.45592705167173253	757.5	0	0.0	909.0	0	0.0	909.0	0	0.0
login	3	152	228750.0	4	0.60790273556231	228750.0	3	0.45592705167173253	762.5	0	0.0	915.0	0	0.0	915.0	0	0.0
login	3	153	230250.0	2	0.303951367781155	230250.0	3	0.45592705167173253	767.5	0	0.0	921.0	0	0.0	921.0	0	0.0
login	3	154	231750.0	3	0.45592705167173253	231750.0	3	0.45592705167173253	772.5	0	0.0	927.0	0	0.0	927.0	0	0.0
login	3	155	233250.0	4	0.60790273556231	233250.0	4	0.60790273556231	777.5	0	0.0	933.0	0	0.0	933.0	0	0.0
login	3	156	234750.0	3	0.45592705167173253	234750.0	3	0.45592705167173253	782.5	0	0.0	939.0	0	0.0	939.0	0	0.0
login	3	157	236250.0	3	0.45592705167173253	236250.0	3	0.45592705167173253	787.5	1	0.1519756838905775	945.0	0	0.0	945.0	0	0.0
login	3	158	237750.0	3	0.45592705167173253	237750.0	3	0.45592705167173253	792.5	0	0.0	951.0	0	0.0	951.0	0	0.0
login	3	159	239250.0	2	0.303951367781155	239250.0	3	0.45592705167173253	797.5	0	0.0	957.0	0	0.0	957.0	0	0.0
login	3	160	240750.0	3	0.45592705167173253	240750.0	4	0.60790273556231	802.5	0	0.0	963.0	0	0.0	963.0	0	0.0
login	3	161	242250.0	3	0.45592705167173253	242250.0	3	0.45592705167173253	807.5	1	0.1519756838905775	969.0	0	0.0	969.0	0	0.0
login	3	162	243750.0	3	0.45592705167173253	243750.0	3	0.45592705167173253	812.5	0	0.0	975.0	0	0.0	975.0	0	0.0
login	3	163	245250.0	3	0.45592705167173253	245250.0	3	0.45592705167173253	817.5	0	0.0	981.0	0	0.0	981.0	0	0.0
login	3	164	246750.0	3	0.45592705167173253	246750.0	3	0.45592705167173253	822.5	0	0.0	987.0	0	0.0	987.0	0	0.0
login	3	165	248250.0	3	0.45592705167173253	248250.0	3	0.45592705167173253	827.5	0	0.0	993.0	0	0.0	993.0	0	0.0
login	3	166	249750.0	3	0.45592705167173253	249750.0	3	0.45592705167173253	832.5	0	0.0	999.0	0	0.0	999.0	0	0.0
login	3	167	251250.0	3	0.45592705167173253	251250.0	3	0.45592705167173253	837.5	0	0.0	1005.0	0	0.0	1005.0	0	0.0
login	3	168	252750.0	3	0.45592705167173253	252750.0	3	0.45592705167173253	842.5	0	0.0	1011.0	0	0.0	1011.0	0	0.0
login	3	169	254250.0	4	0.60790273556231	254250.0	4	0.60790273556231	847.5	0	0.0	1017.0	0	0.0	1017.0	0	0.0
login	3	170	255750.0	4	0.60790273556231	255750.0	3	0.45592705167173253	852.5	0	0.0	1023.0	0	0.0	1023.0	0	0.0
login	3	171	257250.0	4	0.60790273556231	257250.0	4	0.60790273556231	857.5	0	0.0	1029.0	0	0.0	1029.0	0	0.0
login	3	172	258750.0	3	0.45592705167173253	258750.0	4	0.60790273556231	862.5	0	0.0	1035.0	0	0.0	1035.0	0	0.0
login	3	173	260250.0	3	0.45592705167173253	260250.0	3	0.45592705167173253	867.5	0	0.0	1041.0	0	0.0	1041.0	0	0.0
login	3	174	261750.0	4	0.60790273556231	261750.0	3	0.45592705167173253	872.5	0	0.0	1047.0	0	0.0	1047.0	0	0.0
login	3	175	263250.0	5	0.7598784194528875	263250.0	4	0.60790273556231	877.5	0	0.0	1053.0	0	0.0	1053.0	0	0.0
login	3	176	264750.0	3	0.45592705167173253	264750.0	3	0.45592705167173253	882.5	0	0.0	1059.0	0	0.0	1059.0	0	0.0
login	3	177	266250.0	3	0.45592705167173253	266250.0	3	0.45592705167173253	887.5	0	0.0	1065.0	0	0.0	1065.0	0	0.0
login	3	178	267750.0	3	0.45592705167173253	267750.0	3	0.45592705167173253	892.5	0	0.0	1071.0	0	0.0	1071.0	0	0.0
login	3	179	269250.0	3	0.45592705167173253	269250.0	3	0.45592705167173253	897.5	0	0.0	1077.0	0	0.0	1077.0	0	0.0
login	3	180	270750.0	3	0.45592705167173253	270750.0	3	0.45592705167173253	902.5	0	0.0	1083.0	0	0.0	1083.0	0	0.0
login	3	181	272250.0	3	0.45592705167173253	272250.0	3	0.45592705167173253	907.5	0	0.0	1089.0	0	0.0	1089.0	0	0.0
login	3	182	273750.0	2	0.303951367781155	273750.0	3	0.45592705167173253	912.5	0	0.0	1095.0	0	0.0	1095.0	0	0.0
login	3	183	275250.0	2	0.303951367781155	275250.0	3	0.45592705167173253	917.5	0	0.0	1101.0	0	0.0	1101.0	0	0.0
login	3	184	276750.0	3	0.45592705167173253	276750.0	3	0.45592705167173253	922.5	0	0.0	1107.0	0	0.0	1107.0	0	0.0
login	3	185	278250.0	3	0.45592705167173253	278250.0	3	0.45592705167173253	927.5	0	0.0	1113.0	0	0.0	1113.0	0	0.0
login	3	186	279750.0	4	0.60790273556231	279750.0	3	0.45592705167173253	932.5	0	0.0	1119.0	0	0.0	1119.0	0	0.0
login	3	187	281250.0	3	0.45592705167173253	281250.0	4	0.60790273556231	937.5	0	0.0	1125.0	0	0.0	1125.0	0	0.0
login	3	188	282750.0	4	0.60790273556231	282750.0	3	0.45592705167173253	942.5	0	0.0	1131.0	0	0.0	1131.0	0	0.0
login	3	189	284250.0	4	0.60790273556231	284250.0	4	0.60790273556231	947.5	0	0.0	1137.0	0	0.0	1137.0	0	0.0
login	3	190	285750.0	3	0.45592705167173253	285750.0	4	0.60790273556231	952.5	0	0.0	1143.0	0	0.0	1143.0	0	0.0
login	3	191	287250.0	4	0.60790273556231	287250.0	3	0.45592705167173253	957.5	0	0.0	1149.0	0	0.0	1149.0	0	0.0
login	3	192	288750.0	3	0.45592705167173253	288750.0	4	0.60790273556231	962.5	0	0.0	1155.0	0	0.0	1155.0	0	0.0
login	3	193	290250.0	3	0.45592705167173253	290250.0	3	0.45592705167173253	967.5	0	0.0	1161.0	0	0.0	1161.0	0	0.0
login	3	194	291750.0	4	0.60790273556231	291750.0	3	0.45592705167173253	972.5	0	0.0	1167.0	0	0.0	1167.0	0	0.0
login	3	195	293250.0	3	0.45592705167173253	293250.0	4	0.60790273556231	977.5	0	0.0	1173.0	0	0.0	1173.0	0	0.0
login	3	196	294750.0	3	0.45592705167173253	294750.0	3	0.45592705167173253	982.5	0	0.0	1179.0	0	0.0	1179.0	0	0.0
login	3	197	296250.0	5	0.7598784194528875	296250.0	4	0.60790273556231	987.5	0	0.0	1185.0	0	0.0	1185.0	0	0.0
login	3	198	297750.0	3	0.45592705167173253	297750.0	3	0.45592705167173253	992.5	0	0.0	1191.0	0	0.0	1191.0	0	0.0
login	3	199	299250.0	3	0.45592705167173253	299250.0	4	0.60790273556231	997.5	0	0.0	1197.0	0	0.0	1197.0	0	0.0
info	3	0	748.0	3	0.45662100456621	748.0	3	0.45662100456621	0.5	0	0.0	3.0	657	100.0	3.0	657	100.0
info	3	1	2244.0	4	0.60882800608828	2244.0	3	0.45662100456621	1.5	0	0.0	9.0	0	0.0	9.0	0	0.0
info	3	2	3740.0	2	0.30441400304414	3740.0	3	0.45662100456621	2.5	4	0.60882800608828	15.0	0	0.0	15.0	0	0.0
info	3	3	5236.0	4	0.60882800608828	5236.0	4	0.60882800608828	3.5	101	15.37290715372907	21.0	0	0.0	21.0	0	0.0
info	3	4	6732.0	3	0.45662100456621	6732.0	3	0.45662100456621	4.5	245	37.29071537290715	27.0	0	0.0	27.0	0	0.0
info	3	5	8228.0	3	0.45662100456621	8228.0	3	0.45662100456621	5.5	139	21.15677321156773	33.0	0	0.0	33.0	0	0.0
info	3	6	9724.0	3	0.45662100456621	9724.0	3	0.45662100456621	6.5	37	5.6316590563165905	39.0	0	0.0	39.0	0	0.0
info	3	7	11220.0	3	0.45662100456621	11220.0	3	0.45662100456621	7.5	16	2.43531202435312	45.0	0	0.0	45.0	0	0.0
info	3	8	12716.0	3	0.45662100456621	12716.0	3	0.45662100456621	8.5	15	2.28310502283105	51.0	0	0.0	51.0	0	0.0
info	3	9	14212.0	3	0.45662100456621	14212.0	3	0.45662100456621	9.5	11	1.67427701674277	57.0	0	0.0	57.0	0	0.0
info	3	10	15708.0	3	0.45662100456621	15708.0	3	0.45662100456621	10.5	5	0.76103500761035	63.0	0	0.0	63.0	0	0.0
info	3	11	17204.0	3	0.45662100456621	17204.0	3	0.45662100456621	11.5	4	0.60882800608828	69.0	0	0.0	69.0	0	0.0
info	3	12	18700.0	3	0.45662100456621	18700.0	3	0.45662100456621	12.5	6	0.91324200913242	75.0	0	0.0	75.0	0	0.0
info	3	13	20196.0	4	0.60882800608828	20196.0	4	0.60882800608828	13.5	1	0.15220700152207	81.0	0	0.0	81.0	0	0.0
info	3	14	21692.0	4	0.60882800608828	21692.0	4	0.60882800608828	14.5	0	0.0	87.0	0	0.0	87.0	0	0.0
info	3	15	23188.0	4	0.60882800608828	23188.0	4	0.60882800608828	15.5	2	0.30441400304414	93.0	0	0.0	93.0	0	0.0
info	3	16	24684.0	3	0.45662100456621	24684.0	3	0.45662100456621	16.5	1	0.15220700152207	99.0	0	0.0	99.0	0	0.0
info	3	17	26180.0	3	0.45662100456621	26180.0	3	0.45662100456621	17.5	0	0.0	105.0	0	0.0	105.0	0	0.0
info	3	18	27676.0	3	0.45662100456621	27676.0	3	0.45662100456621	18.5	2	0.30441400304414	111.0	0	0.0	111.0	0	0.0
info	3	19	29172.0	3	0.45662100456621	29172.0	3	0.45662100456621	19.5	0	0.0	117.0	0	0.0	117.0	0	0.0
info	3	20	30668.0	4	0.60882800608828	30668.0	4	0.60882800608828	20.5	0	0.0	123.0	0	0.0	123.0	0	0.0
info	3	21	32164.0	4	0.60882800608828	32164.0	4	0.60882800608828	21.5	0	0.0	129.0	0	0.0	129.0	0	0.0
info	3	22	33660.0	4	0.60882800608828	33660.0	4	0.60882800608828	22.5	0	0.0	135.0	0	0.0	135.0	0	0.0
info	3	23	35156.0	3	0.45662100456621	35156.0	3	0.45662100456621	23.5	0	0.0	141.0	0	0.0	141.0	0	0.0
info	3	24	36652.0	4	0.60882800608828	36652.0	4	0.60882800608828	24.5	0	0.0	147.0	0	0.0	147.0	0	0.0
info	3	25	38148.0	3	0.45662100456621	38148.0	3	0.45662100456621	25.5	0	0.0	153.0	0	0.0	153.0	0	0.0
info	3	26	39644.0	4	0.60882800608828	39644.0	4	0.60882800608828	26.5	0	0.0	159.0	0	0.0	159.0	0	0.0
info	3	27	41140.0	4	0.60882800608828	41140.0	4	0.60882800608828	27.5	0	0.0	165.0	0	0.0	165.0	0	0.0
info	3	28	42636.0	3	0.45662100456621	42636.0	3	0.45662100456621	28.5	0	0.0	171.0	0	0.0	171.0	0	0.0
info	3	29	44132.0	3	0.45662100456621	44132.0	3	0.45662100456621	29.5	0	0.0	177.0	0	0.0	177.0	0	0.0
info	3	30	45628.0	4	0.60882800608828	45628.0	3	0.45662100456621	30.5	0	0.0	183.0	0	0.0	183.0	0	0.0
info	3	31	47124.0	3	0.45662100456621	47124.0	4	0.60882800608828	31.5	0	0.0	189.0	0	0.0	189.0	0	0.0
info	3	32	48620.0	4	0.60882800608828	48620.0	4	0.60882800608828	32.5	0	0.0	195.0	0	0.0	195.0	0	0.0
info	3	33	50116.0	4	0.60882800608828	50116.0	4	0.60882800608828	33.5	1	0.15220700152207	201.0	0	0.0	201.0	0	0.0
info	3	34	51612.0	3	0.45662100456621	51612.0	3	0.45662100456621	34.5	0	0.0	207.0	0	0.0	207.0	0	0.0
info	3	35	53108.0	3	0.45662100456621	53108.0	3	0.45662100456621	35.5	0	0.0	213.0	0	0.0	213.0	0	0.0
info	3	36	54604.0	4	0.60882800608828	54604.0	3	0.45662100456621	36.5	0	0.0	219.0	0	0.0	219.0	0	0.0
info	3	37	56100.0	3	0.45662100456621	56100.0	4	0.60882800608828	37.5	0	0.0	225.0	0	0.0	225.0	0	0.0
info	3	38	57596.0	3	0.45662100456621	57596.0	3	0.45662100456621	38.5	0	0.0	231.0	0	0.0	231.0	0	0.0
info	3	39	59092.0	3	0.45662100456621	59092.0	3	0.45662100456621	39.5	0	0.0	237.0	0	0.0	237.0	0	0.0
info	3	40	60588.0	3	0.45662100456621	60588.0	3	0.45662100456621	40.5	1	0.15220700152207	243.0	0	0.0	243.0	0	0.0
info	3	41	62084.0	3	0.45662100456621	62084.0	3	0.45662100456621	41.5	0	0.0	249.0	0	0.0	249.0	0	0.0
info	3	42	63580.0	3	0.45662100456621	63580.0	3	0.45662100456621	42.5	3	0.45662100456621	255.0	0	0.0	255.0	0	0.0
info	3	43	65076.0	3	0.45662100456621	65076.0	3	0.45662100456621	43.5	6	0.91324200913242	261.0	0	0.0	261.0	0	0.0
info	3	44	66572.0	3	0.45662100456621	66572.0	3	0.45662100456621	44.5	4	0.60882800608828	267.0	0	0.0	267.0	0	0.0
info	3	45	68068.0	3	0.45662100456621	68068.0	3	0.45662100456621	45.5	2	0.30441400304414	273.0	0	0.0	273.0	0	0.0
info	3	46	69564.0	3	0.45662100456621	69564.0	3	0.45662100456621	46.5	0	0.0	279.0	0	0.0	279.0	0	0.0
info	3	47	71060.0	3	0.45662100456621	71060.0	3	0.45662100456621	47.5	3	0.45662100456621	285.0	0	0.0	285.0	0	0.0
info	3	48	72556.0	3	0.45662100456621	72556.0	3	0.45662100456621	48.5	1	0.15220700152207	291.0	0	0.0	291.0	0	0.0
info	3	49	74052.0	4	0.60882800608828	74052.0	4	0.60882800608828	49.5	2	0.30441400304414	297.0	0	0.0	297.0	0	0.0
info	3	50	75548.0	3	0.45662100456621	75548.0	3	0.45662100456621	50.5	1	0.15220700152207	303.0	0	0.0	303.0	0	0.0
info	3	51	77044.0	3	0.45662100456621	77044.0	3	0.45662100456621	51.5	1	0.15220700152207	309.0	0	0.0	309.0	0	0.0
info	3	52	78540.0	3	0.45662100456621	78540.0	3	0.45662100456621	52.5	0	0.0	315.0	0	0.0	315.0	0	0.0
info	3	53	80036.0	3	0.45662100456621	80036.0	3	0.45662100456621	53.5	0	0.0	321.0	0	0.0	321.0	0	0.0
info	3	54	81532.0	3	0.45662100456621	81532.0	3	0.45662100456621	54.5	0	0.0	327.0	0	0.0	327.0	0	0.0
info	3	55	83028.0	4	0.60882800608828	83028.0	4	0.60882800608828	55.5	0	0.0	333.0	0	0.0	333.0	0	0.0
info	3	56	84524.0	3	0.45662100456621	84524.0	3	0.45662100456621	56.5	0	0.0	339.0	0	0.0	339.0	0	0.0
info	3	57	86020.0	3	0.45662100456621	86020.0	3	0.45662100456621	57.5	0	0.0	345.0	0	0.0	345.0	0	0.0
info	3	58	87516.0	3	0.45662100456621	87516.0	3	0.45662100456621	58.5	1	0.15220700152207	351.0	0	0.0	351.0	0	0.0
info	3	59	89012.0	3	0.45662100456621	89012.0	3	0.45662100456621	59.5	0	0.0	357.0	0	0.0	357.0	0	0.0
info	3	60	90508.0	4	0.60882800608828	90508.0	4	0.60882800608828	60.5	0	0.0	363.0	0	0.0	363.0	0	0.0
info	3	61	92004.0	3	0.45662100456621	92004.0	3	0.45662100456621	61.5	3	0.45662100456621	369.0	0	0.0	369.0	0	0.0
info	3	62	93500.0	3	0.45662100456621	93500.0	3	0.45662100456621	62.5	0	0.0	375.0	0	0.0	375.0	0	0.0
info	3	63	94996.0	3	0.45662100456621	94996.0	3	0.45662100456621	63.5	0	0.0	381.0	0	0.0	381.0	0	0.0
info	3	64	96492.0	3	0.45662100456621	96492.0	3	0.45662100456621	64.5	1	0.15220700152207	387.0	0	0.0	387.0	0	0.0
info	3	65	97988.0	3	0.45662100456621	97988.0	3	0.45662100456621	65.5	0	0.0	393.0	0	0.0	393.0	0	0.0
info	3	66	99484.0	3	0.45662100456621	99484.0	3	0.45662100456621	66.5	2	0.30441400304414	399.0	0	0.0	399.0	0	0.0
info	3	67	100980.0	3	0.45662100456621	100980.0	3	0.45662100456621	67.5	1	0.15220700152207	405.0	0	0.0	405.0	0	0.0
info	3	68	102476.0	3	0.45662100456621	102476.0	3	0.45662100456621	68.5	2	0.30441400304414	411.0	0	0.0	411.0	0	0.0
info	3	69	103972.0	3	0.45662100456621	103972.0	3	0.45662100456621	69.5	1	0.15220700152207	417.0	0	0.0	417.0	0	0.0
info	3	70	105468.0	4	0.60882800608828	105468.0	4	0.60882800608828	70.5	1	0.15220700152207	423.0	0	0.0	423.0	0	0.0
info	3	71	106964.0	4	0.60882800608828	106964.0	4	0.60882800608828	71.5	2	0.30441400304414	429.0	0	0.0	429.0	0	0.0
info	3	72	108460.0	4	0.60882800608828	108460.0	4	0.60882800608828	72.5	3	0.45662100456621	435.0	0	0.0	435.0	0	0.0
info	3	73	109956.0	3	0.45662100456621	109956.0	3	0.45662100456621	73.5	4	0.60882800608828	441.0	0	0.0	441.0	0	0.0
info	3	74	111452.0	3	0.45662100456621	111452.0	3	0.45662100456621	74.5	4	0.60882800608828	447.0	0	0.0	447.0	0	0.0
info	3	75	112948.0	3	0.45662100456621	112948.0	3	0.45662100456621	75.5	6	0.91324200913242	453.0	0	0.0	453.0	0	0.0
info	3	76	114444.0	5	0.76103500761035	114444.0	5	0.76103500761035	76.5	4	0.60882800608828	459.0	0	0.0	459.0	0	0.0
info	3	77	115940.0	4	0.60882800608828	115940.0	4	0.60882800608828	77.5	5	0.76103500761035	465.0	0	0.0	465.0	0	0.0
info	3	78	117436.0	3	0.45662100456621	117436.0	3	0.45662100456621	78.5	1	0.15220700152207	471.0	0	0.0	471.0	0	0.0
info	3	79	118932.0	3	0.45662100456621	118932.0	3	0.45662100456621	79.5	0	0.0	477.0	0	0.0	477.0	0	0.0
info	3	80	120428.0	4	0.60882800608828	120428.0	3	0.45662100456621	80.5	0	0.0	483.0	0	0.0	483.0	0	0.0
info	3	81	121924.0	4	0.60882800608828	121924.0	5	0.76103500761035	81.5	0	0.0	489.0	0	0.0	489.0	0	0.0
info	3	82	123420.0	3	0.45662100456621	123420.0	3	0.45662100456621	82.5	1	0.15220700152207	495.0	0	0.0	495.0	0	0.0
info	3	83	124916.0	4	0.60882800608828	124916.0	4	0.60882800608828	83.5	0	0.0	501.0	0	0.0	501.0	0	0.0
info	3	84	126412.0	3	0.45662100456621	126412.0	3	0.45662100456621	84.5	0	0.0	507.0	0	0.0	507.0	0	0.0
info	3	85	127908.0	3	0.45662100456621	127908.0	3	0.45662100456621	85.5	0	0.0	513.0	0	0.0	513.0	0	0.0
info	3	86	129404.0	2	0.30441400304414	129404.0	2	0.30441400304414	86.5	0	0.0	519.0	0	0.0	519.0	0	0.0
info	3	87	130900.0	4	0.60882800608828	130900.0	4	0.60882800608828	87.5	0	0.0	525.0	0	0.0	525.0	0	0.0
info	3	88	132396.0	4	0.60882800608828	132396.0	4	0.60882800608828	88.5	0	0.0	531.0	0	0.0	531.0	0	0.0
info	3	89	133892.0	3	0.45662100456621	133892.0	3	0.45662100456621	89.5	0	0.0	537.0	0	0.0	537.0	0	0.0
info	3	90	135388.0	3	0.45662100456621	135388.0	2	0.30441400304414	90.5	0	0.0	543.0	0	0.0	543.0	0	0.0
info	3	91	136884.0	2	0.30441400304414	136884.0	3	0.45662100456621	91.5	1	0.15220700152207	549.0	0	0.0	549.0	0	0.0
info	3	92	138380.0	3	0.45662100456621	138380.0	3	0.45662100456621	92.5	0	0.0	555.0	0	0.0	555.0	0	0.0
info	3	93	139876.0	3	0.45662100456621	139876.0	3	0.45662100456621	93.5	0	0.0	561.0	0	0.0	561.0	0	0.0
info	3	94	141372.0	3	0.45662100456621	141372.0	3	0.45662100456621	94.5	0	0.0	567.0	0	0.0	567.0	0	0.0
info	3	95	142868.0	4	0.60882800608828	142868.0	4	0.60882800608828	95.5	0	0.0	573.0	0	0.0	573.0	0	0.0
info	3	96	144364.0	4	0.60882800608828	144364.0	4	0.60882800608828	96.5	0	0.0	579.0	0	0.0	579.0	0	0.0
info	3	97	145860.0	3	0.45662100456621	145860.0	3	0.45662100456621	97.5	0	0.0	585.0	0	0.0	585.0	0	0.0
info	3	98	147356.0	4	0.60882800608828	147356.0	4	0.60882800608828	98.5	0	0.0	591.0	0	0.0	591.0	0	0.0
info	3	99	148852.0	3	0.45662100456621	148852.0	3	0.45662100456621	99.5	0	0.0	597.0	0	0.0	597.0	0	0.0
info	3	100	150348.0	3	0.45662100456621	150348.0	3	0.45662100456621	100.5	0	0.0	603.0	0	0.0	603.0	0	0.0
info	3	101	151844.0	3	0.45662100456621	151844.0	3	0.45662100456621	101.5	0	0.0	609.0	0	0.0	609.0	0	0.0
info	3	102	153340.0	3	0.45662100456621	153340.0	3	0.45662100456621	102.5	0	0.0	615.0	0	0.0	615.0	0	0.0
info	3	103	154836.0	4	0.60882800608828	154836.0	4	0.60882800608828	103.5	0	0.0	621.0	0	0.0	621.0	0	0.0
info	3	104	156332.0	4	0.60882800608828	156332.0	4	0.60882800608828	104.5	0	0.0	627.0	0	0.0	627.0	0	0.0
info	3	105	157828.0	4	0.60882800608828	157828.0	4	0.60882800608828	105.5	0	0.0	633.0	0	0.0	633.0	0	0.0
info	3	106	159324.0	3	0.45662100456621	159324.0	3	0.45662100456621	106.5	0	0.0	639.0	0	0.0	639.0	0	0.0
info	3	107	160820.0	3	0.45662100456621	160820.0	3	0.45662100456621	107.5	0	0.0	645.0	0	0.0	645.0	0	0.0
info	3	108	162316.0	3	0.45662100456621	162316.0	3	0.45662100456621	108.5	0	0.0	651.0	0	0.0	651.0	0	0.0
info	3	109	163812.0	3	0.45662100456621	163812.0	3	0.45662100456621	109.5	0	0.0	657.0	0	0.0	657.0	0	0.0
info	3	110	165308.0	3	0.45662100456621	165308.0	3	0.45662100456621	110.5	0	0.0	663.0	0	0.0	663.0	0	0.0
info	3	111	166804.0	4	0.60882800608828	166804.0	4	0.60882800608828	111.5	0	0.0	669.0	0	0.0	669.0	0	0.0
info	3	112	168300.0	3	0.45662100456621	168300.0	3	0.45662100456621	112.5	0	0.0	675.0	0	0.0	675.0	0	0.0
info	3	113	169796.0	3	0.45662100456621	169796.0	3	0.45662100456621	113.5	0	0.0	681.0	0	0.0	681.0	0	0.0
info	3	114	171292.0	3	0.45662100456621	171292.0	3	0.45662100456621	114.5	0	0.0	687.0	0	0.0	687.0	0	0.0
info	3	115	172788.0	3	0.45662100456621	172788.0	3	0.45662100456621	115.5	0	0.0	693.0	0	0.0	693.0	0	0.0
info	3	116	174284.0	3	0.45662100456621	174284.0	3	0.45662100456621	116.5	0	0.0	699.0	0	0.0	699.0	0	0.0
info	3	117	175780.0	3	0.45662100456621	175780.0	3	0.45662100456621	117.5	0	0.0	705.0	0	0.0	705.0	0	0.0
info	3	118	177276.0	3	0.45662100456621	177276.0	3	0.45662100456621	118.5	0	0.0	711.0	0	0.0	711.0	0	0.0
info	3	119	178772.0	3	0.45662100456621	178772.0	3	0.45662100456621	119.5	0	0.0	717.0	0	0.0	717.0	0	0.0
info	3	120	180268.0	3	0.45662100456621	180268.0	3	0.45662100456621	120.5	0	0.0	723.0	0	0.0	723.0	0	0.0
info	3	121	181764.0	3	0.45662100456621	181764.0	3	0.45662100456621	121.5	0	0.0	729.0	0	0.0	729.0	0	0.0
info	3	122	183260.0	4	0.60882800608828	183260.0	4	0.60882800608828	122.5	0	0.0	735.0	0	0.0	735.0	0	0.0
info	3	123	184756.0	2	0.30441400304414	184756.0	2	0.30441400304414	123.5	0	0.0	741.0	0	0.0	741.0	0	0.0
info	3	124	186252.0	4	0.60882800608828	186252.0	4	0.60882800608828	124.5	0	0.0	747.0	0	0.0	747.0	0	0.0
info	3	125	187748.0	3	0.45662100456621	187748.0	3	0.45662100456621	125.5	0	0.0	753.0	0	0.0	753.0	0	0.0
info	3	126	189244.0	3	0.45662100456621	189244.0	3	0.45662100456621	126.5	0	0.0	759.0	0	0.0	759.0	0	0.0
info	3	127	190740.0	3	0.45662100456621	190740.0	3	0.45662100456621	127.5	0	0.0	765.0	0	0.0	765.0	0	0.0
info	3	128	192236.0	3	0.45662100456621	192236.0	3	0.45662100456621	128.5	0	0.0	771.0	0	0.0	771.0	0	0.0
info	3	129	193732.0	4	0.60882800608828	193732.0	4	0.60882800608828	129.5	0	0.0	777.0	0	0.0	777.0	0	0.0
info	3	130	195228.0	3	0.45662100456621	195228.0	3	0.45662100456621	130.5	0	0.0	783.0	0	0.0	783.0	0	0.0
info	3	131	196724.0	3	0.45662100456621	196724.0	3	0.45662100456621	131.5	0	0.0	789.0	0	0.0	789.0	0	0.0
info	3	132	198220.0	4	0.60882800608828	198220.0	4	0.60882800608828	132.5	0	0.0	795.0	0	0.0	795.0	0	0.0
info	3	133	199716.0	3	0.45662100456621	199716.0	3	0.45662100456621	133.5	0	0.0	801.0	0	0.0	801.0	0	0.0
info	3	134	201212.0	4	0.60882800608828	201212.0	4	0.60882800608828	134.5	0	0.0	807.0	0	0.0	807.0	0	0.0
info	3	135	202708.0	4	0.60882800608828	202708.0	4	0.60882800608828	135.5	0	0.0	813.0	0	0.0	813.0	0	0.0
info	3	136	204204.0	3	0.45662100456621	204204.0	3	0.45662100456621	136.5	0	0.0	819.0	0	0.0	819.0	0	0.0
info	3	137	205700.0	3	0.45662100456621	205700.0	3	0.45662100456621	137.5	0	0.0	825.0	0	0.0	825.0	0	0.0
info	3	138	207196.0	3	0.45662100456621	207196.0	3	0.45662100456621	138.5	0	0.0	831.0	0	0.0	831.0	0	0.0
info	3	139	208692.0	4	0.60882800608828	208692.0	4	0.60882800608828	139.5	0	0.0	837.0	0	0.0	837.0	0	0.0
info	3	140	210188.0	4	0.60882800608828	210188.0	4	0.60882800608828	140.5	0	0.0	843.0	0	0.0	843.0	0	0.0
info	3	141	211684.0	4	0.60882800608828	211684.0	4	0.60882800608828	141.5	0	0.0	849.0	0	0.0	849.0	0	0.0
info	3	142	213180.0	3	0.45662100456621	213180.0	3	0.45662100456621	142.5	0	0.0	855.0	0	0.0	855.0	0	0.0
info	3	143	214676.0	3	0.45662100456621	214676.0	3	0.45662100456621	143.5	0	0.0	861.0	0	0.0	861.0	0	0.0
info	3	144	216172.0	5	0.76103500761035	216172.0	4	0.60882800608828	144.5	0	0.0	867.0	0	0.0	867.0	0	0.0
info	3	145	217668.0	4	0.60882800608828	217668.0	5	0.76103500761035	145.5	0	0.0	873.0	0	0.0	873.0	0	0.0
info	3	146	219164.0	3	0.45662100456621	219164.0	3	0.45662100456621	146.5	0	0.0	879.0	0	0.0	879.0	0	0.0
info	3	147	220660.0	3	0.45662100456621	220660.0	3	0.45662100456621	147.5	0	0.0	885.0	0	0.0	885.0	0	0.0
info	3	148	222156.0	3	0.45662100456621	222156.0	3	0.45662100456621	148.5	0	0.0	891.0	0	0.0	891.0	0	0.0
info	3	149	223652.0	4	0.60882800608828	223652.0	4	0.60882800608828	149.5	0	0.0	897.0	0	0.0	897.0	0	0.0
info	3	150	225148.0	3	0.45662100456621	225148.0	3	0.45662100456621	150.5	0	0.0	903.0	0	0.0	903.0	0	0.0
info	3	151	226644.0	3	0.45662100456621	226644.0	3	0.45662100456621	151.5	0	0.0	909.0	0	0.0	909.0	0	0.0
info	3	152	228140.0	3	0.45662100456621	228140.0	3	0.45662100456621	152.5	0	0.0	915.0	0	0.0	915.0	0	0.0
info	3	153	229636.0	3	0.45662100456621	229636.0	3	0.45662100456621	153.5	0	0.0	921.0	0	0.0	921.0	0	0.0
info	3	154	231132.0	3	0.45662100456621	231132.0	3	0.45662100456621	154.5	0	0.0	927.0	0	0.0	927.0	0	0.0
info	3	155	232628.0	4	0.60882800608828	232628.0	4	0.60882800608828	155.5	0	0.0	933.0	0	0.0	933.0	0	0.0
info	3	156	234124.0	3	0.45662100456621	234124.0	3	0.45662100456621	156.5	0	0.0	939.0	0	0.0	939.0	0	0.0
info	3	157	235620.0	3	0.45662100456621	235620.0	3	0.45662100456621	157.5	0	0.0	945.0	0	0.0	945.0	0	0.0
info	3	158	237116.0	3	0.45662100456621	237116.0	3	0.45662100456621	158.5	0	0.0	951.0	0	0.0	951.0	0	0.0
info	3	159	238612.0	3	0.45662100456621	238612.0	3	0.45662100456621	159.5	0	0.0	957.0	0	0.0	957.0	0	0.0
info	3	160	240108.0	3	0.45662100456621	240108.0	3	0.45662100456621	160.5	0	0.0	963.0	0	0.0	963.0	0	0.0
info	3	161	241604.0	4	0.60882800608828	241604.0	4	0.60882800608828	161.5	0	0.0	969.0	0	0.0	969.0	0	0.0
info	3	162	243100.0	3	0.45662100456621	243100.0	3	0.45662100456621	162.5	0	0.0	975.0	0	0.0	975.0	0	0.0
info	3	163	244596.0	3	0.45662100456621	244596.0	3	0.45662100456621	163.5	0	0.0	981.0	0	0.0	981.0	0	0.0
info	3	164	246092.0	3	0.45662100456621	246092.0	3	0.45662100456621	164.5	0	0.0	987.0	0	0.0	987.0	0	0.0
info	3	165	247588.0	3	0.45662100456621	247588.0	3	0.45662100456621	165.5	0	0.0	993.0	0	0.0	993.0	0	0.0
info	3	166	249084.0	3	0.45662100456621	249084.0	3	0.45662100456621	166.5	0	0.0	999.0	0	0.0	999.0	0	0.0
info	3	167	250580.0	3	0.45662100456621	250580.0	3	0.45662100456621	167.5	0	0.0	1005.0	0	0.0	1005.0	0	0.0
info	3	168	252076.0	3	0.45662100456621	252076.0	3	0.45662100456621	168.5	0	0.0	1011.0	0	0.0	1011.0	0	0.0
info	3	169	253572.0	3	0.45662100456621	253572.0	3	0.45662100456621	169.5	0	0.0	1017.0	0	0.0	1017.0	0	0.0
info	3	170	255068.0	4	0.60882800608828	255068.0	4	0.60882800608828	170.5	0	0.0	1023.0	0	0.0	1023.0	0	0.0
info	3	171	256564.0	3	0.45662100456621	256564.0	3	0.45662100456621	171.5	0	0.0	1029.0	0	0.0	1029.0	0	0.0
info	3	172	258060.0	4	0.60882800608828	258060.0	4	0.60882800608828	172.5	0	0.0	1035.0	0	0.0	1035.0	0	0.0
info	3	173	259556.0	4	0.60882800608828	259556.0	4	0.60882800608828	173.5	0	0.0	1041.0	0	0.0	1041.0	0	0.0
info	3	174	261052.0	3	0.45662100456621	261052.0	3	0.45662100456621	174.5	0	0.0	1047.0	0	0.0	1047.0	0	0.0
info	3	175	262548.0	3	0.45662100456621	262548.0	3	0.45662100456621	175.5	0	0.0	1053.0	0	0.0	1053.0	0	0.0
info	3	176	264044.0	4	0.60882800608828	264044.0	4	0.60882800608828	176.5	0	0.0	1059.0	0	0.0	1059.0	0	0.0
info	3	177	265540.0	3	0.45662100456621	265540.0	3	0.45662100456621	177.5	0	0.0	1065.0	0	0.0	1065.0	0	0.0
info	3	178	267036.0	3	0.45662100456621	267036.0	3	0.45662100456621	178.5	0	0.0	1071.0	0	0.0	1071.0	0	0.0
info	3	179	268532.0	3	0.45662100456621	268532.0	3	0.45662100456621	179.5	0	0.0	1077.0	0	0.0	1077.0	0	0.0
info	3	180	270028.0	3	0.45662100456621	270028.0	3	0.45662100456621	180.5	0	0.0	1083.0	0	0.0	1083.0	0	0.0
info	3	181	271524.0	3	0.45662100456621	271524.0	3	0.45662100456621	181.5	0	0.0	1089.0	0	0.0	1089.0	0	0.0
info	3	182	273020.0	3	0.45662100456621	273020.0	3	0.45662100456621	182.5	0	0.0	1095.0	0	0.0	1095.0	0	0.0
info	3	183	274516.0	3	0.45662100456621	274516.0	3	0.45662100456621	183.5	0	0.0	1101.0	0	0.0	1101.0	0	0.0
info	3	184	276012.0	3	0.45662100456621	276012.0	3	0.45662100456621	184.5	0	0.0	1107.0	0	0.0	1107.0	0	0.0
info	3	185	277508.0	3	0.45662100456621	277508.0	3	0.45662100456621	185.5	0	0.0	1113.0	0	0.0	1113.0	0	0.0
info	3	186	279004.0	3	0.45662100456621	279004.0	3	0.45662100456621	186.5	0	0.0	1119.0	0	0.0	1119.0	0	0.0
info	3	187	280500.0	3	0.45662100456621	280500.0	3	0.45662100456621	187.5	0	0.0	1125.0	0	0.0	1125.0	0	0.0
info	3	188	281996.0	4	0.60882800608828	281996.0	4	0.60882800608828	188.5	0	0.0	1131.0	0	0.0	1131.0	0	0.0
info	3	189	283492.0	3	0.45662100456621	283492.0	3	0.45662100456621	189.5	0	0.0	1137.0	0	0.0	1137.0	0	0.0
info	3	190	284988.0	3	0.45662100456621	284988.0	3	0.45662100456621	190.5	0	0.0	1143.0	0	0.0	1143.0	0	0.0
info	3	191	286484.0	4	0.60882800608828	286484.0	4	0.60882800608828	191.5	0	0.0	1149.0	0	0.0	1149.0	0	0.0
info	3	192	287980.0	3	0.45662100456621	287980.0	3	0.45662100456621	192.5	0	0.0	1155.0	0	0.0	1155.0	0	0.0
info	3	193	289476.0	4	0.60882800608828	289476.0	4	0.60882800608828	193.5	0	0.0	1161.0	0	0.0	1161.0	0	0.0
info	3	194	290972.0	4	0.60882800608828	290972.0	4	0.60882800608828	194.5	0	0.0	1167.0	0	0.0	1167.0	0	0.0
info	3	195	292468.0	3	0.45662100456621	292468.0	3	0.45662100456621	195.5	0	0.0	1173.0	0	0.0	1173.0	0	0.0
info	3	196	293964.0	4	0.60882800608828	293964.0	4	0.60882800608828	196.5	0	0.0	1179.0	0	0.0	1179.0	0	0.0
info	3	197	295460.0	3	0.45662100456621	295460.0	3	0.45662100456621	197.5	0	0.0	1185.0	0	0.0	1185.0	0	0.0
info	3	198	296956.0	3	0.45662100456621	296956.0	3	0.45662100456621	198.5	0	0.0	1191.0	0	0.0	1191.0	0	0.0
info	3	199	298452.0	4	0.60882800608828	298452.0	4	0.60882800608828	199.5	0	0.0	1197.0	0	0.0	1197.0	0	0.0
home	3	0	748.0	3	0.45662100456621	748.0	3	0.45662100456621	0.5	0	0.0	3.0	657	100.0	3.0	657	100.0
home	3	1	2244.0	3	0.45662100456621	2244.0	3	0.45662100456621	1.5	0	0.0	9.0	0	0.0	9.0	0	0.0
home	3	2	3740.0	4	0.60882800608828	3740.0	3	0.45662100456621	2.5	0	0.0	15.0	0	0.0	15.0	0	0.0
home	3	3	5236.0	3	0.45662100456621	5236.0	4	0.60882800608828	3.5	1	0.15220700152207	21.0	0	0.0	21.0	0	0.0
home	3	4	6732.0	3	0.45662100456621	6732.0	3	0.45662100456621	4.5	24	3.65296803652968	27.0	0	0.0	27.0	0	0.0
home	3	5	8228.0	3	0.45662100456621	8228.0	3	0.45662100456621	5.5	144	21.91780821917808	33.0	0	0.0	33.0	0	0.0
home	3	6	9724.0	3	0.45662100456621	9724.0	3	0.45662100456621	6.5	195	29.68036529680365	39.0	0	0.0	39.0	0	0.0
home	3	7	11220.0	3	0.45662100456621	11220.0	3	0.45662100456621	7.5	94	14.30745814307458	45.0	0	0.0	45.0	0	0.0
home	3	8	12716.0	3	0.45662100456621	12716.0	3	0.45662100456621	8.5	42	6.392694063926941	51.0	0	0.0	51.0	0	0.0
home	3	9	14212.0	3	0.45662100456621	14212.0	3	0.45662100456621	9.5	16	2.43531202435312	57.0	0	0.0	57.0	0	0.0
home	3	10	15708.0	3	0.45662100456621	15708.0	3	0.45662100456621	10.5	18	2.73972602739726	63.0	0	0.0	63.0	0	0.0
home	3	11	17204.0	3	0.45662100456621	17204.0	3	0.45662100456621	11.5	6	0.91324200913242	69.0	0	0.0	69.0	0	0.0
home	3	12	18700.0	3	0.45662100456621	18700.0	3	0.45662100456621	12.5	4	0.60882800608828	75.0	0	0.0	75.0	0	0.0
home	3	13	20196.0	4	0.60882800608828	20196.0	4	0.60882800608828	13.5	8	1.21765601217656	81.0	0	0.0	81.0	0	0.0
home	3	14	21692.0	4	0.60882800608828	21692.0	4	0.60882800608828	14.5	4	0.60882800608828	87.0	0	0.0	87.0	0	0.0
home	3	15	23188.0	4	0.60882800608828	23188.0	4	0.60882800608828	15.5	7	1.06544901065449	93.0	0	0.0	93.0	0	0.0
home	3	16	24684.0	3	0.45662100456621	24684.0	3	0.45662100456621	16.5	0	0.0	99.0	0	0.0	99.0	0	0.0
home	3	17	26180.0	3	0.45662100456621	26180.0	3	0.45662100456621	17.5	0	0.0	105.0	0	0.0	105.0	0	0.0
home	3	18	27676.0	3	0.45662100456621	27676.0	3	0.45662100456621	18.5	0	0.0	111.0	0	0.0	111.0	0	0.0
home	3	19	29172.0	3	0.45662100456621	29172.0	3	0.45662100456621	19.5	1	0.15220700152207	117.0	0	0.0	117.0	0	0.0
home	3	20	30668.0	4	0.60882800608828	30668.0	4	0.60882800608828	20.5	1	0.15220700152207	123.0	0	0.0	123.0	0	0.0
home	3	21	32164.0	4	0.60882800608828	32164.0	4	0.60882800608828	21.5	3	0.45662100456621	129.0	0	0.0	129.0	0	0.0
home	3	22	33660.0	4	0.60882800608828	33660.0	4	0.60882800608828	22.5	0	0.0	135.0	0	0.0	135.0	0	0.0
home	3	23	35156.0	3	0.45662100456621	35156.0	3	0.45662100456621	23.5	0	0.0	141.0	0	0.0	141.0	0	0.0
home	3	24	36652.0	4	0.60882800608828	36652.0	4	0.60882800608828	24.5	0	0.0	147.0	0	0.0	147.0	0	0.0
home	3	25	38148.0	3	0.45662100456621	38148.0	3	0.45662100456621	25.5	2	0.30441400304414	153.0	0	0.0	153.0	0	0.0
home	3	26	39644.0	4	0.60882800608828	39644.0	4	0.60882800608828	26.5	1	0.15220700152207	159.0	0	0.0	159.0	0	0.0
home	3	27	41140.0	4	0.60882800608828	41140.0	4	0.60882800608828	27.5	0	0.0	165.0	0	0.0	165.0	0	0.0
home	3	28	42636.0	3	0.45662100456621	42636.0	3	0.45662100456621	28.5	0	0.0	171.0	0	0.0	171.0	0	0.0
home	3	29	44132.0	3	0.45662100456621	44132.0	3	0.45662100456621	29.5	0	0.0	177.0	0	0.0	177.0	0	0.0
home	3	30	45628.0	4	0.60882800608828	45628.0	3	0.45662100456621	30.5	0	0.0	183.0	0	0.0	183.0	0	0.0
home	3	31	47124.0	3	0.45662100456621	47124.0	4	0.60882800608828	31.5	0	0.0	189.0	0	0.0	189.0	0	0.0
home	3	32	48620.0	4	0.60882800608828	48620.0	4	0.60882800608828	32.5	0	0.0	195.0	0	0.0	195.0	0	0.0
home	3	33	50116.0	4	0.60882800608828	50116.0	4	0.60882800608828	33.5	0	0.0	201.0	0	0.0	201.0	0	0.0
home	3	34	51612.0	3	0.45662100456621	51612.0	3	0.45662100456621	34.5	0	0.0	207.0	0	0.0	207.0	0	0.0
home	3	35	53108.0	3	0.45662100456621	53108.0	3	0.45662100456621	35.5	0	0.0	213.0	0	0.0	213.0	0	0.0
home	3	36	54604.0	3	0.45662100456621	54604.0	3	0.45662100456621	36.5	0	0.0	219.0	0	0.0	219.0	0	0.0
home	3	37	56100.0	4	0.60882800608828	56100.0	4	0.60882800608828	37.5	0	0.0	225.0	0	0.0	225.0	0	0.0
home	3	38	57596.0	3	0.45662100456621	57596.0	3	0.45662100456621	38.5	1	0.15220700152207	231.0	0	0.0	231.0	0	0.0
home	3	39	59092.0	3	0.45662100456621	59092.0	3	0.45662100456621	39.5	2	0.30441400304414	237.0	0	0.0	237.0	0	0.0
home	3	40	60588.0	3	0.45662100456621	60588.0	3	0.45662100456621	40.5	0	0.0	243.0	0	0.0	243.0	0	0.0
home	3	41	62084.0	3	0.45662100456621	62084.0	3	0.45662100456621	41.5	2	0.30441400304414	249.0	0	0.0	249.0	0	0.0
home	3	42	63580.0	3	0.45662100456621	63580.0	3	0.45662100456621	42.5	1	0.15220700152207	255.0	0	0.0	255.0	0	0.0
home	3	43	65076.0	3	0.45662100456621	65076.0	3	0.45662100456621	43.5	7	1.06544901065449	261.0	0	0.0	261.0	0	0.0
home	3	44	66572.0	3	0.45662100456621	66572.0	3	0.45662100456621	44.5	6	0.91324200913242	267.0	0	0.0	267.0	0	0.0
home	3	45	68068.0	3	0.45662100456621	68068.0	3	0.45662100456621	45.5	3	0.45662100456621	273.0	0	0.0	273.0	0	0.0
home	3	46	69564.0	3	0.45662100456621	69564.0	3	0.45662100456621	46.5	4	0.60882800608828	279.0	0	0.0	279.0	0	0.0
home	3	47	71060.0	3	0.45662100456621	71060.0	3	0.45662100456621	47.5	3	0.45662100456621	285.0	0	0.0	285.0	0	0.0
home	3	48	72556.0	3	0.45662100456621	72556.0	3	0.45662100456621	48.5	1	0.15220700152207	291.0	0	0.0	291.0	0	0.0
home	3	49	74052.0	4	0.60882800608828	74052.0	4	0.60882800608828	49.5	0	0.0	297.0	0	0.0	297.0	0	0.0
home	3	50	75548.0	3	0.45662100456621	75548.0	3	0.45662100456621	50.5	2	0.30441400304414	303.0	0	0.0	303.0	0	0.0
home	3	51	77044.0	3	0.45662100456621	77044.0	3	0.45662100456621	51.5	2	0.30441400304414	309.0	0	0.0	309.0	0	0.0
home	3	52	78540.0	3	0.45662100456621	78540.0	3	0.45662100456621	52.5	1	0.15220700152207	315.0	0	0.0	315.0	0	0.0
home	3	53	80036.0	3	0.45662100456621	80036.0	3	0.45662100456621	53.5	0	0.0	321.0	0	0.0	321.0	0	0.0
home	3	54	81532.0	3	0.45662100456621	81532.0	3	0.45662100456621	54.5	2	0.30441400304414	327.0	0	0.0	327.0	0	0.0
home	3	55	83028.0	4	0.60882800608828	83028.0	4	0.60882800608828	55.5	0	0.0	333.0	0	0.0	333.0	0	0.0
home	3	56	84524.0	3	0.45662100456621	84524.0	3	0.45662100456621	56.5	0	0.0	339.0	0	0.0	339.0	0	0.0
home	3	57	86020.0	3	0.45662100456621	86020.0	3	0.45662100456621	57.5	0	0.0	345.0	0	0.0	345.0	0	0.0
home	3	58	87516.0	3	0.45662100456621	87516.0	3	0.45662100456621	58.5	2	0.30441400304414	351.0	0	0.0	351.0	0	0.0
home	3	59	89012.0	3	0.45662100456621	89012.0	3	0.45662100456621	59.5	0	0.0	357.0	0	0.0	357.0	0	0.0
home	3	60	90508.0	4	0.60882800608828	90508.0	4	0.60882800608828	60.5	0	0.0	363.0	0	0.0	363.0	0	0.0
home	3	61	92004.0	3	0.45662100456621	92004.0	3	0.45662100456621	61.5	0	0.0	369.0	0	0.0	369.0	0	0.0
home	3	62	93500.0	3	0.45662100456621	93500.0	3	0.45662100456621	62.5	3	0.45662100456621	375.0	0	0.0	375.0	0	0.0
home	3	63	94996.0	3	0.45662100456621	94996.0	3	0.45662100456621	63.5	0	0.0	381.0	0	0.0	381.0	0	0.0
home	3	64	96492.0	3	0.45662100456621	96492.0	3	0.45662100456621	64.5	0	0.0	387.0	0	0.0	387.0	0	0.0
home	3	65	97988.0	3	0.45662100456621	97988.0	3	0.45662100456621	65.5	0	0.0	393.0	0	0.0	393.0	0	0.0
home	3	66	99484.0	3	0.45662100456621	99484.0	3	0.45662100456621	66.5	1	0.15220700152207	399.0	0	0.0	399.0	0	0.0
home	3	67	100980.0	3	0.45662100456621	100980.0	3	0.45662100456621	67.5	1	0.15220700152207	405.0	0	0.0	405.0	0	0.0
home	3	68	102476.0	3	0.45662100456621	102476.0	3	0.45662100456621	68.5	1	0.15220700152207	411.0	0	0.0	411.0	0	0.0
home	3	69	103972.0	3	0.45662100456621	103972.0	3	0.45662100456621	69.5	0	0.0	417.0	0	0.0	417.0	0	0.0
home	3	70	105468.0	4	0.60882800608828	105468.0	4	0.60882800608828	70.5	3	0.45662100456621	423.0	0	0.0	423.0	0	0.0
home	3	71	106964.0	4	0.60882800608828	106964.0	4	0.60882800608828	71.5	1	0.15220700152207	429.0	0	0.0	429.0	0	0.0
home	3	72	108460.0	4	0.60882800608828	108460.0	4	0.60882800608828	72.5	2	0.30441400304414	435.0	0	0.0	435.0	0	0.0
home	3	73	109956.0	3	0.45662100456621	109956.0	3	0.45662100456621	73.5	2	0.30441400304414	441.0	0	0.0	441.0	0	0.0
home	3	74	111452.0	3	0.45662100456621	111452.0	3	0.45662100456621	74.5	1	0.15220700152207	447.0	0	0.0	447.0	0	0.0
home	3	75	112948.0	3	0.45662100456621	112948.0	3	0.45662100456621	75.5	5	0.76103500761035	453.0	0	0.0	453.0	0	0.0
home	3	76	114444.0	5	0.76103500761035	114444.0	5	0.76103500761035	76.5	3	0.45662100456621	459.0	0	0.0	459.0	0	0.0
home	3	77	115940.0	4	0.60882800608828	115940.0	4	0.60882800608828	77.5	5	0.76103500761035	465.0	0	0.0	465.0	0	0.0
home	3	78	117436.0	3	0.45662100456621	117436.0	3	0.45662100456621	78.5	5	0.76103500761035	471.0	0	0.0	471.0	0	0.0
home	3	79	118932.0	3	0.45662100456621	118932.0	3	0.45662100456621	79.5	2	0.30441400304414	477.0	0	0.0	477.0	0	0.0
home	3	80	120428.0	4	0.60882800608828	120428.0	4	0.60882800608828	80.5	2	0.30441400304414	483.0	0	0.0	483.0	0	0.0
home	3	81	121924.0	4	0.60882800608828	121924.0	4	0.60882800608828	81.5	2	0.30441400304414	489.0	0	0.0	489.0	0	0.0
home	3	82	123420.0	3	0.45662100456621	123420.0	3	0.45662100456621	82.5	0	0.0	495.0	0	0.0	495.0	0	0.0
home	3	83	124916.0	4	0.60882800608828	124916.0	4	0.60882800608828	83.5	1	0.15220700152207	501.0	0	0.0	501.0	0	0.0
home	3	84	126412.0	3	0.45662100456621	126412.0	3	0.45662100456621	84.5	2	0.30441400304414	507.0	0	0.0	507.0	0	0.0
home	3	85	127908.0	3	0.45662100456621	127908.0	3	0.45662100456621	85.5	1	0.15220700152207	513.0	0	0.0	513.0	0	0.0
home	3	86	129404.0	2	0.30441400304414	129404.0	2	0.30441400304414	86.5	0	0.0	519.0	0	0.0	519.0	0	0.0
home	3	87	130900.0	4	0.60882800608828	130900.0	3	0.45662100456621	87.5	0	0.0	525.0	0	0.0	525.0	0	0.0
home	3	88	132396.0	4	0.60882800608828	132396.0	5	0.76103500761035	88.5	1	0.15220700152207	531.0	0	0.0	531.0	0	0.0
home	3	89	133892.0	3	0.45662100456621	133892.0	3	0.45662100456621	89.5	0	0.0	537.0	0	0.0	537.0	0	0.0
home	3	90	135388.0	2	0.30441400304414	135388.0	2	0.30441400304414	90.5	1	0.15220700152207	543.0	0	0.0	543.0	0	0.0
home	3	91	136884.0	3	0.45662100456621	136884.0	3	0.45662100456621	91.5	1	0.15220700152207	549.0	0	0.0	549.0	0	0.0
home	3	92	138380.0	3	0.45662100456621	138380.0	3	0.45662100456621	92.5	0	0.0	555.0	0	0.0	555.0	0	0.0
home	3	93	139876.0	3	0.45662100456621	139876.0	3	0.45662100456621	93.5	0	0.0	561.0	0	0.0	561.0	0	0.0
home	3	94	141372.0	3	0.45662100456621	141372.0	3	0.45662100456621	94.5	0	0.0	567.0	0	0.0	567.0	0	0.0
home	3	95	142868.0	4	0.60882800608828	142868.0	4	0.60882800608828	95.5	0	0.0	573.0	0	0.0	573.0	0	0.0
home	3	96	144364.0	4	0.60882800608828	144364.0	4	0.60882800608828	96.5	0	0.0	579.0	0	0.0	579.0	0	0.0
home	3	97	145860.0	3	0.45662100456621	145860.0	3	0.45662100456621	97.5	0	0.0	585.0	0	0.0	585.0	0	0.0
home	3	98	147356.0	4	0.60882800608828	147356.0	4	0.60882800608828	98.5	0	0.0	591.0	0	0.0	591.0	0	0.0
home	3	99	148852.0	3	0.45662100456621	148852.0	3	0.45662100456621	99.5	0	0.0	597.0	0	0.0	597.0	0	0.0
home	3	100	150348.0	3	0.45662100456621	150348.0	3	0.45662100456621	100.5	0	0.0	603.0	0	0.0	603.0	0	0.0
home	3	101	151844.0	3	0.45662100456621	151844.0	3	0.45662100456621	101.5	0	0.0	609.0	0	0.0	609.0	0	0.0
home	3	102	153340.0	3	0.45662100456621	153340.0	3	0.45662100456621	102.5	1	0.15220700152207	615.0	0	0.0	615.0	0	0.0
home	3	103	154836.0	4	0.60882800608828	154836.0	4	0.60882800608828	103.5	0	0.0	621.0	0	0.0	621.0	0	0.0
home	3	104	156332.0	4	0.60882800608828	156332.0	4	0.60882800608828	104.5	0	0.0	627.0	0	0.0	627.0	0	0.0
home	3	105	157828.0	4	0.60882800608828	157828.0	4	0.60882800608828	105.5	0	0.0	633.0	0	0.0	633.0	0	0.0
home	3	106	159324.0	3	0.45662100456621	159324.0	3	0.45662100456621	106.5	0	0.0	639.0	0	0.0	639.0	0	0.0
home	3	107	160820.0	3	0.45662100456621	160820.0	3	0.45662100456621	107.5	0	0.0	645.0	0	0.0	645.0	0	0.0
home	3	108	162316.0	3	0.45662100456621	162316.0	3	0.45662100456621	108.5	0	0.0	651.0	0	0.0	651.0	0	0.0
home	3	109	163812.0	3	0.45662100456621	163812.0	3	0.45662100456621	109.5	0	0.0	657.0	0	0.0	657.0	0	0.0
home	3	110	165308.0	3	0.45662100456621	165308.0	3	0.45662100456621	110.5	0	0.0	663.0	0	0.0	663.0	0	0.0
home	3	111	166804.0	4	0.60882800608828	166804.0	4	0.60882800608828	111.5	0	0.0	669.0	0	0.0	669.0	0	0.0
home	3	112	168300.0	3	0.45662100456621	168300.0	3	0.45662100456621	112.5	0	0.0	675.0	0	0.0	675.0	0	0.0
home	3	113	169796.0	3	0.45662100456621	169796.0	3	0.45662100456621	113.5	0	0.0	681.0	0	0.0	681.0	0	0.0
home	3	114	171292.0	3	0.45662100456621	171292.0	3	0.45662100456621	114.5	0	0.0	687.0	0	0.0	687.0	0	0.0
home	3	115	172788.0	3	0.45662100456621	172788.0	3	0.45662100456621	115.5	0	0.0	693.0	0	0.0	693.0	0	0.0
home	3	116	174284.0	3	0.45662100456621	174284.0	3	0.45662100456621	116.5	0	0.0	699.0	0	0.0	699.0	0	0.0
home	3	117	175780.0	3	0.45662100456621	175780.0	3	0.45662100456621	117.5	0	0.0	705.0	0	0.0	705.0	0	0.0
home	3	118	177276.0	3	0.45662100456621	177276.0	3	0.45662100456621	118.5	0	0.0	711.0	0	0.0	711.0	0	0.0
home	3	119	178772.0	3	0.45662100456621	178772.0	3	0.45662100456621	119.5	0	0.0	717.0	0	0.0	717.0	0	0.0
home	3	120	180268.0	3	0.45662100456621	180268.0	3	0.45662100456621	120.5	0	0.0	723.0	0	0.0	723.0	0	0.0
home	3	121	181764.0	3	0.45662100456621	181764.0	3	0.45662100456621	121.5	0	0.0	729.0	0	0.0	729.0	0	0.0
home	3	122	183260.0	4	0.60882800608828	183260.0	4	0.60882800608828	122.5	0	0.0	735.0	0	0.0	735.0	0	0.0
home	3	123	184756.0	2	0.30441400304414	184756.0	2	0.30441400304414	123.5	0	0.0	741.0	0	0.0	741.0	0	0.0
home	3	124	186252.0	4	0.60882800608828	186252.0	4	0.60882800608828	124.5	0	0.0	747.0	0	0.0	747.0	0	0.0
home	3	125	187748.0	3	0.45662100456621	187748.0	3	0.45662100456621	125.5	0	0.0	753.0	0	0.0	753.0	0	0.0
home	3	126	189244.0	3	0.45662100456621	189244.0	3	0.45662100456621	126.5	0	0.0	759.0	0	0.0	759.0	0	0.0
home	3	127	190740.0	3	0.45662100456621	190740.0	3	0.45662100456621	127.5	0	0.0	765.0	0	0.0	765.0	0	0.0
home	3	128	192236.0	3	0.45662100456621	192236.0	3	0.45662100456621	128.5	0	0.0	771.0	0	0.0	771.0	0	0.0
home	3	129	193732.0	4	0.60882800608828	193732.0	4	0.60882800608828	129.5	0	0.0	777.0	0	0.0	777.0	0	0.0
home	3	130	195228.0	3	0.45662100456621	195228.0	3	0.45662100456621	130.5	0	0.0	783.0	0	0.0	783.0	0	0.0
home	3	131	196724.0	3	0.45662100456621	196724.0	3	0.45662100456621	131.5	0	0.0	789.0	0	0.0	789.0	0	0.0
home	3	132	198220.0	4	0.60882800608828	198220.0	4	0.60882800608828	132.5	0	0.0	795.0	0	0.0	795.0	0	0.0
home	3	133	199716.0	3	0.45662100456621	199716.0	3	0.45662100456621	133.5	0	0.0	801.0	0	0.0	801.0	0	0.0
home	3	134	201212.0	4	0.60882800608828	201212.0	4	0.60882800608828	134.5	0	0.0	807.0	0	0.0	807.0	0	0.0
home	3	135	202708.0	4	0.60882800608828	202708.0	4	0.60882800608828	135.5	0	0.0	813.0	0	0.0	813.0	0	0.0
home	3	136	204204.0	3	0.45662100456621	204204.0	3	0.45662100456621	136.5	0	0.0	819.0	0	0.0	819.0	0	0.0
home	3	137	205700.0	3	0.45662100456621	205700.0	3	0.45662100456621	137.5	0	0.0	825.0	0	0.0	825.0	0	0.0
home	3	138	207196.0	3	0.45662100456621	207196.0	3	0.45662100456621	138.5	0	0.0	831.0	0	0.0	831.0	0	0.0
home	3	139	208692.0	4	0.60882800608828	208692.0	4	0.60882800608828	139.5	0	0.0	837.0	0	0.0	837.0	0	0.0
home	3	140	210188.0	4	0.60882800608828	210188.0	4	0.60882800608828	140.5	0	0.0	843.0	0	0.0	843.0	0	0.0
home	3	141	211684.0	4	0.60882800608828	211684.0	4	0.60882800608828	141.5	0	0.0	849.0	0	0.0	849.0	0	0.0
home	3	142	213180.0	3	0.45662100456621	213180.0	3	0.45662100456621	142.5	0	0.0	855.0	0	0.0	855.0	0	0.0
home	3	143	214676.0	3	0.45662100456621	214676.0	3	0.45662100456621	143.5	0	0.0	861.0	0	0.0	861.0	0	0.0
home	3	144	216172.0	5	0.76103500761035	216172.0	4	0.60882800608828	144.5	0	0.0	867.0	0	0.0	867.0	0	0.0
home	3	145	217668.0	4	0.60882800608828	217668.0	5	0.76103500761035	145.5	0	0.0	873.0	0	0.0	873.0	0	0.0
home	3	146	219164.0	3	0.45662100456621	219164.0	3	0.45662100456621	146.5	0	0.0	879.0	0	0.0	879.0	0	0.0
home	3	147	220660.0	3	0.45662100456621	220660.0	3	0.45662100456621	147.5	0	0.0	885.0	0	0.0	885.0	0	0.0
home	3	148	222156.0	3	0.45662100456621	222156.0	3	0.45662100456621	148.5	0	0.0	891.0	0	0.0	891.0	0	0.0
home	3	149	223652.0	4	0.60882800608828	223652.0	4	0.60882800608828	149.5	0	0.0	897.0	0	0.0	897.0	0	0.0
home	3	150	225148.0	3	0.45662100456621	225148.0	3	0.45662100456621	150.5	0	0.0	903.0	0	0.0	903.0	0	0.0
home	3	151	226644.0	3	0.45662100456621	226644.0	3	0.45662100456621	151.5	0	0.0	909.0	0	0.0	909.0	0	0.0
home	3	152	228140.0	3	0.45662100456621	228140.0	3	0.45662100456621	152.5	0	0.0	915.0	0	0.0	915.0	0	0.0
home	3	153	229636.0	3	0.45662100456621	229636.0	3	0.45662100456621	153.5	0	0.0	921.0	0	0.0	921.0	0	0.0
home	3	154	231132.0	3	0.45662100456621	231132.0	3	0.45662100456621	154.5	0	0.0	927.0	0	0.0	927.0	0	0.0
home	3	155	232628.0	4	0.60882800608828	232628.0	4	0.60882800608828	155.5	0	0.0	933.0	0	0.0	933.0	0	0.0
home	3	156	234124.0	3	0.45662100456621	234124.0	3	0.45662100456621	156.5	0	0.0	939.0	0	0.0	939.0	0	0.0
home	3	157	235620.0	3	0.45662100456621	235620.0	3	0.45662100456621	157.5	0	0.0	945.0	0	0.0	945.0	0	0.0
home	3	158	237116.0	3	0.45662100456621	237116.0	3	0.45662100456621	158.5	0	0.0	951.0	0	0.0	951.0	0	0.0
home	3	159	238612.0	3	0.45662100456621	238612.0	3	0.45662100456621	159.5	0	0.0	957.0	0	0.0	957.0	0	0.0
home	3	160	240108.0	3	0.45662100456621	240108.0	3	0.45662100456621	160.5	0	0.0	963.0	0	0.0	963.0	0	0.0
home	3	161	241604.0	4	0.60882800608828	241604.0	4	0.60882800608828	161.5	0	0.0	969.0	0	0.0	969.0	0	0.0
home	3	162	243100.0	3	0.45662100456621	243100.0	3	0.45662100456621	162.5	0	0.0	975.0	0	0.0	975.0	0	0.0
home	3	163	244596.0	3	0.45662100456621	244596.0	3	0.45662100456621	163.5	0	0.0	981.0	0	0.0	981.0	0	0.0
home	3	164	246092.0	3	0.45662100456621	246092.0	3	0.45662100456621	164.5	0	0.0	987.0	0	0.0	987.0	0	0.0
home	3	165	247588.0	3	0.45662100456621	247588.0	3	0.45662100456621	165.5	0	0.0	993.0	0	0.0	993.0	0	0.0
home	3	166	249084.0	3	0.45662100456621	249084.0	3	0.45662100456621	166.5	0	0.0	999.0	0	0.0	999.0	0	0.0
home	3	167	250580.0	3	0.45662100456621	250580.0	3	0.45662100456621	167.5	0	0.0	1005.0	0	0.0	1005.0	0	0.0
home	3	168	252076.0	3	0.45662100456621	252076.0	3	0.45662100456621	168.5	0	0.0	1011.0	0	0.0	1011.0	0	0.0
home	3	169	253572.0	3	0.45662100456621	253572.0	3	0.45662100456621	169.5	0	0.0	1017.0	0	0.0	1017.0	0	0.0
home	3	170	255068.0	4	0.60882800608828	255068.0	4	0.60882800608828	170.5	0	0.0	1023.0	0	0.0	1023.0	0	0.0
home	3	171	256564.0	3	0.45662100456621	256564.0	3	0.45662100456621	171.5	0	0.0	1029.0	0	0.0	1029.0	0	0.0
home	3	172	258060.0	4	0.60882800608828	258060.0	4	0.60882800608828	172.5	0	0.0	1035.0	0	0.0	1035.0	0	0.0
home	3	173	259556.0	4	0.60882800608828	259556.0	4	0.60882800608828	173.5	0	0.0	1041.0	0	0.0	1041.0	0	0.0
home	3	174	261052.0	3	0.45662100456621	261052.0	3	0.45662100456621	174.5	0	0.0	1047.0	0	0.0	1047.0	0	0.0
home	3	175	262548.0	3	0.45662100456621	262548.0	3	0.45662100456621	175.5	0	0.0	1053.0	0	0.0	1053.0	0	0.0
home	3	176	264044.0	4	0.60882800608828	264044.0	4	0.60882800608828	176.5	0	0.0	1059.0	0	0.0	1059.0	0	0.0
home	3	177	265540.0	3	0.45662100456621	265540.0	3	0.45662100456621	177.5	0	0.0	1065.0	0	0.0	1065.0	0	0.0
home	3	178	267036.0	3	0.45662100456621	267036.0	3	0.45662100456621	178.5	0	0.0	1071.0	0	0.0	1071.0	0	0.0
home	3	179	268532.0	3	0.45662100456621	268532.0	3	0.45662100456621	179.5	0	0.0	1077.0	0	0.0	1077.0	0	0.0
home	3	180	270028.0	3	0.45662100456621	270028.0	3	0.45662100456621	180.5	0	0.0	1083.0	0	0.0	1083.0	0	0.0
home	3	181	271524.0	3	0.45662100456621	271524.0	3	0.45662100456621	181.5	0	0.0	1089.0	0	0.0	1089.0	0	0.0
home	3	182	273020.0	3	0.45662100456621	273020.0	3	0.45662100456621	182.5	0	0.0	1095.0	0	0.0	1095.0	0	0.0
home	3	183	274516.0	3	0.45662100456621	274516.0	3	0.45662100456621	183.5	0	0.0	1101.0	0	0.0	1101.0	0	0.0
home	3	184	276012.0	3	0.45662100456621	276012.0	3	0.45662100456621	184.5	0	0.0	1107.0	0	0.0	1107.0	0	0.0
home	3	185	277508.0	3	0.45662100456621	277508.0	3	0.45662100456621	185.5	0	0.0	1113.0	0	0.0	1113.0	0	0.0
home	3	186	279004.0	3	0.45662100456621	279004.0	3	0.45662100456621	186.5	0	0.0	1119.0	0	0.0	1119.0	0	0.0
home	3	187	280500.0	3	0.45662100456621	280500.0	3	0.45662100456621	187.5	0	0.0	1125.0	0	0.0	1125.0	0	0.0
home	3	188	281996.0	4	0.60882800608828	281996.0	4	0.60882800608828	188.5	0	0.0	1131.0	0	0.0	1131.0	0	0.0
home	3	189	283492.0	3	0.45662100456621	283492.0	3	0.45662100456621	189.5	0	0.0	1137.0	0	0.0	1137.0	0	0.0
home	3	190	284988.0	3	0.45662100456621	284988.0	3	0.45662100456621	190.5	0	0.0	1143.0	0	0.0	1143.0	0	0.0
home	3	191	286484.0	4	0.60882800608828	286484.0	4	0.60882800608828	191.5	0	0.0	1149.0	0	0.0	1149.0	0	0.0
home	3	192	287980.0	3	0.45662100456621	287980.0	3	0.45662100456621	192.5	0	0.0	1155.0	0	0.0	1155.0	0	0.0
home	3	193	289476.0	4	0.60882800608828	289476.0	4	0.60882800608828	193.5	0	0.0	1161.0	0	0.0	1161.0	0	0.0
home	3	194	290972.0	4	0.60882800608828	290972.0	4	0.60882800608828	194.5	0	0.0	1167.0	0	0.0	1167.0	0	0.0
home	3	195	292468.0	3	0.45662100456621	292468.0	3	0.45662100456621	195.5	0	0.0	1173.0	0	0.0	1173.0	0	0.0
home	3	196	293964.0	4	0.60882800608828	293964.0	4	0.60882800608828	196.5	0	0.0	1179.0	0	0.0	1179.0	0	0.0
home	3	197	295460.0	3	0.45662100456621	295460.0	3	0.45662100456621	197.5	0	0.0	1185.0	0	0.0	1185.0	0	0.0
home	3	198	296956.0	3	0.45662100456621	296956.0	3	0.45662100456621	198.5	0	0.0	1191.0	0	0.0	1191.0	0	0.0
home	3	199	298452.0	4	0.60882800608828	298452.0	4	0.60882800608828	199.5	0	0.0	1197.0	0	0.0	1197.0	0	0.0
