'Request type'	'Load'	'Bucket'	'Start time'	'Absolute'	'Percent of requests'	'End time'	'Absolute'	'Percent of requests'	'Residence time'	'Absolute'	'Percent of requests'	'Theor. think time'	'Absolute'	'Percent of requests'	'Actual think time'	'Absolute'	'Percent of requests'
login	6	0	749.5	6	0.7643312101910829	749.5	4	0.5095541401273885	4.5	0	0.0	3.0	785	100.0	3.0	785	100.0
login	6	1	2248.5	6	0.7643312101910829	2248.5	2	0.25477707006369427	13.5	0	0.0	9.0	0	0.0	9.0	0	0.0
login	6	2	3747.5	0	0.0	3747.5	6	0.7643312101910829	22.5	0	0.0	15.0	0	0.0	15.0	0	0.0
login	6	3	5246.5	6	0.7643312101910829	5246.5	4	0.5095541401273885	31.5	0	0.0	21.0	0	0.0	21.0	0	0.0
login	6	4	6745.5	6	0.7643312101910829	6745.5	3	0.3821656050955414	40.5	0	0.0	27.0	0	0.0	27.0	0	0.0
login	6	5	8244.5	1	0.12738853503184713	8244.5	5	0.6369426751592356	49.5	0	0.0	33.0	0	0.0	33.0	0	0.0
login	6	6	9743.5	5	0.6369426751592356	9743.5	5	0.6369426751592356	58.5	0	0.0	39.0	0	0.0	39.0	0	0.0
login	6	7	11242.5	6	0.7643312101910829	11242.5	1	0.12738853503184713	67.5	0	0.0	45.0	0	0.0	45.0	0	0.0
login	6	8	12741.5	3	0.3821656050955414	12741.5	6	0.7643312101910829	76.5	0	0.0	51.0	0	0.0	51.0	0	0.0
login	6	9	14240.5	3	0.3821656050955414	14240.5	6	0.7643312101910829	85.5	0	0.0	57.0	0	0.0	57.0	0	0.0
login	6	10	15739.5	6	0.7643312101910829	15739.5	1	0.12738853503184713	94.5	0	0.0	63.0	0	0.0	63.0	0	0.0
login	6	11	17238.5	0	0.0	17238.5	5	0.6369426751592356	103.5	0	0.0	69.0	0	0.0	69.0	0	0.0
login	6	12	18737.5	6	0.7643312101910829	18737.5	4	0.5095541401273885	112.5	0	0.0	75.0	0	0.0	75.0	0	0.0
login	6	13	20236.5	6	0.7643312101910829	20236.5	2	0.25477707006369427	121.5	0	0.0	81.0	0	0.0	81.0	0	0.0
login	6	14	21735.5	0	0.0	21735.5	6	0.7643312101910829	130.5	0	0.0	87.0	0	0.0	87.0	0	0.0
login	6	15	23234.5	6	0.7643312101910829	23234.5	2	0.25477707006369427	139.5	0	0.0	93.0	0	0.0	93.0	0	0.0
login	6	16	24733.5	6	0.7643312101910829	24733.5	4	0.5095541401273885	148.5	0	0.0	99.0	0	0.0	99.0	0	0.0
login	6	17	26232.5	0	0.0	26232.5	6	0.7643312101910829	157.5	0	0.0	105.0	0	0.0	105.0	0	0.0
login	6	18	27731.5	6	0.7643312101910829	27731.5	2	0.25477707006369427	166.5	0	0.0	111.0	0	0.0	111.0	0	0.0
login	6	19	29230.5	0	0.0	29230.5	4	0.5095541401273885	175.5	0	0.0	117.0	0	0.0	117.0	0	0.0
login	6	20	30729.5	6	0.7643312101910829	30729.5	2	0.25477707006369427	184.5	0	0.0	123.0	0	0.0	123.0	0	0.0
login	6	21	32228.5	6	0.7643312101910829	32228.5	4	0.5095541401273885	193.5	0	0.0	129.0	0	0.0	129.0	0	0.0
login	6	22	33727.5	0	0.0	33727.5	6	0.7643312101910829	202.5	0	0.0	135.0	0	0.0	135.0	0	0.0
login	6	23	35226.5	6	0.7643312101910829	35226.5	4	0.5095541401273885	211.5	2	0.25477707006369427	141.0	0	0.0	141.0	0	0.0
login	6	24	36725.5	6	0.7643312101910829	36725.5	3	0.3821656050955414	220.5	0	0.0	147.0	0	0.0	147.0	0	0.0
login	6	25	38224.5	0	0.0	38224.5	5	0.6369426751592356	229.5	1	0.12738853503184713	153.0	0	0.0	153.0	0	0.0
login	6	26	39723.5	6	0.7643312101910829	39723.5	2	0.25477707006369427	238.5	0	0.0	159.0	0	0.0	159.0	0	0.0
login	6	27	41222.5	6	0.7643312101910829	41222.5	4	0.5095541401273885	247.5	0	0.0	165.0	0	0.0	165.0	0	0.0
login	6	28	42721.5	0	0.0	42721.5	6	0.7643312101910829	256.5	0	0.0	171.0	0	0.0	171.0	0	0.0
login	6	29	44220.5	6	0.7643312101910829	44220.5	1	0.12738853503184713	265.5	0	0.0	177.0	0	0.0	177.0	0	0.0
login	6	30	45719.5	2	0.25477707006369427	45719.5	5	0.6369426751592356	274.5	0	0.0	183.0	0	0.0	183.0	0	0.0
login	6	31	47218.5	4	0.5095541401273885	47218.5	6	0.7643312101910829	283.5	0	0.0	189.0	0	0.0	189.0	0	0.0
login	6	32	48717.5	6	0.7643312101910829	48717.5	2	0.25477707006369427	292.5	1	0.12738853503184713	195.0	0	0.0	195.0	0	0.0
login	6	33	50216.5	5	0.6369426751592356	50216.5	4	0.5095541401273885	301.5	1	0.12738853503184713	201.0	0	0.0	201.0	0	0.0
login	6	34	51715.5	1	0.12738853503184713	51715.5	6	0.7643312101910829	310.5	0	0.0	207.0	0	0.0	207.0	0	0.0
login	6	35	53214.5	6	0.7643312101910829	53214.5	2	0.25477707006369427	319.5	0	0.0	213.0	0	0.0	213.0	0	0.0
login	6	36	54713.5	6	0.7643312101910829	54713.5	4	0.5095541401273885	328.5	0	0.0	219.0	0	0.0	219.0	0	0.0
login	6	37	56212.5	0	0.0	56212.5	6	0.7643312101910829	337.5	0	0.0	225.0	0	0.0	225.0	0	0.0
login	6	38	57711.5	6	0.7643312101910829	57711.5	3	0.3821656050955414	346.5	0	0.0	231.0	0	0.0	231.0	0	0.0
login	6	39	59210.5	6	0.7643312101910829	59210.5	4	0.5095541401273885	355.5	0	0.0	237.0	0	0.0	237.0	0	0.0
login	6	40	60709.5	0	0.0	60709.5	5	0.6369426751592356	364.5	1	0.12738853503184713	243.0	0	0.0	243.0	0	0.0
login	6	41	62208.5	6	0.7643312101910829	62208.5	2	0.25477707006369427	373.5	2	0.25477707006369427	249.0	0	0.0	249.0	0	0.0
login	6	42	63707.5	2	0.25477707006369427	63707.5	4	0.5095541401273885	382.5	0	0.0	255.0	0	0.0	255.0	0	0.0
login	6	43	65206.5	4	0.5095541401273885	65206.5	3	0.3821656050955414	391.5	2	0.25477707006369427	261.0	0	0.0	261.0	0	0.0
login	6	44	66705.5	6	0.7643312101910829	66705.5	4	0.5095541401273885	400.5	1	0.12738853503184713	267.0	0	0.0	267.0	0	0.0
login	6	45	68204.5	0	0.0	68204.5	5	0.6369426751592356	409.5	1	0.12738853503184713	273.0	0	0.0	273.0	0	0.0
login	6	46	69703.5	6	0.7643312101910829	69703.5	2	0.25477707006369427	418.5	5	0.6369426751592356	279.0	0	0.0	279.0	0	0.0
login	6	47	71202.5	6	0.7643312101910829	71202.5	4	0.5095541401273885	427.5	2	0.25477707006369427	285.0	0	0.0	285.0	0	0.0
login	6	48	72701.5	0	0.0	72701.5	6	0.7643312101910829	436.5	0	0.0	291.0	0	0.0	291.0	0	0.0
login	6	49	74200.5	6	0.7643312101910829	74200.5	1	0.12738853503184713	445.5	1	0.12738853503184713	297.0	0	0.0	297.0	0	0.0
login	6	50	75699.5	0	0.0	75699.5	5	0.6369426751592356	454.5	0	0.0	303.0	0	0.0	303.0	0	0.0
login	6	51	77198.5	6	0.7643312101910829	77198.5	2	0.25477707006369427	463.5	0	0.0	309.0	0	0.0	309.0	0	0.0
login	6	52	78697.5	6	0.7643312101910829	78697.5	4	0.5095541401273885	472.5	2	0.25477707006369427	315.0	0	0.0	315.0	0	0.0
login	6	53	80196.5	0	0.0	80196.5	6	0.7643312101910829	481.5	3	0.3821656050955414	321.0	0	0.0	321.0	0	0.0
login	6	54	81695.5	6	0.7643312101910829	81695.5	1	0.12738853503184713	490.5	14	1.78343949044586	327.0	0	0.0	327.0	0	0.0
login	6	55	83194.5	0	0.0	83194.5	5	0.6369426751592356	499.5	10	1.2738853503184713	333.0	0	0.0	333.0	0	0.0
login	6	56	84693.5	6	0.7643312101910829	84693.5	1	0.12738853503184713	508.5	10	1.2738853503184713	339.0	0	0.0	339.0	0	0.0
login	6	57	86192.5	0	0.0	86192.5	5	0.6369426751592356	517.5	4	0.5095541401273885	345.0	0	0.0	345.0	0	0.0
login	6	58	87691.5	6	0.7643312101910829	87691.5	5	0.6369426751592356	526.5	4	0.5095541401273885	351.0	0	0.0	351.0	0	0.0
login	6	59	89190.5	6	0.7643312101910829	89190.5	1	0.12738853503184713	535.5	0	0.0	357.0	0	0.0	357.0	0	0.0
login	6	60	90689.5	0	0.0	90689.5	6	0.7643312101910829	544.5	0	0.0	363.0	0	0.0	363.0	0	0.0
login	6	61	92188.5	6	0.7643312101910829	92188.5	3	0.3821656050955414	553.5	0	0.0	369.0	0	0.0	369.0	0	0.0
login	6	62	93687.5	6	0.7643312101910829	93687.5	3	0.3821656050955414	562.5	0	0.0	375.0	0	0.0	375.0	0	0.0
login	6	63	95186.5	0	0.0	95186.5	6	0.7643312101910829	571.5	3	0.3821656050955414	381.0	0	0.0	381.0	0	0.0
login	6	64	96685.5	6	0.7643312101910829	96685.5	6	0.7643312101910829	580.5	11	1.4012738853503184	387.0	0	0.0	387.0	0	0.0
login	6	65	98184.5	6	0.7643312101910829	98184.5	2	0.25477707006369427	589.5	13	1.6560509554140128	393.0	0	0.0	393.0	0	0.0
login	6	66	99683.5	6	0.7643312101910829	99683.5	4	0.5095541401273885	598.5	6	0.7643312101910829	399.0	0	0.0	399.0	0	0.0
login	6	67	101182.5	0	0.0	101182.5	6	0.7643312101910829	607.5	7	0.89171974522293	405.0	0	0.0	405.0	0	0.0
login	6	68	102681.5	6	0.7643312101910829	102681.5	2	0.25477707006369427	616.5	3	0.3821656050955414	411.0	0	0.0	411.0	0	0.0
login	6	69	104180.5	6	0.7643312101910829	104180.5	4	0.5095541401273885	625.5	1	0.12738853503184713	417.0	0	0.0	417.0	0	0.0
login	6	70	105679.5	0	0.0	105679.5	6	0.7643312101910829	634.5	0	0.0	423.0	0	0.0	423.0	0	0.0
login	6	71	107178.5	6	0.7643312101910829	107178.5	2	0.25477707006369427	643.5	0	0.0	429.0	0	0.0	429.0	0	0.0
login	6	72	108677.5	5	0.6369426751592356	108677.5	4	0.5095541401273885	652.5	0	0.0	435.0	0	0.0	435.0	0	0.0
login	6	73	110176.5	1	0.12738853503184713	110176.5	6	0.7643312101910829	661.5	1	0.12738853503184713	441.0	0	0.0	441.0	0	0.0
login	6	74	111675.5	6	0.7643312101910829	111675.5	0	0.0	670.5	1	0.12738853503184713	447.0	0	0.0	447.0	0	0.0
login	6	75	113174.5	0	0.0	113174.5	6	0.7643312101910829	679.5	0	0.0	453.0	0	0.0	453.0	0	0.0
login	6	76	114673.5	6	0.7643312101910829	114673.5	2	0.25477707006369427	688.5	6	0.7643312101910829	459.0	0	0.0	459.0	0	0.0
login	6	77	116172.5	6	0.7643312101910829	116172.5	4	0.5095541401273885	697.5	6	0.7643312101910829	465.0	0	0.0	465.0	0	0.0
login	6	78	117671.5	0	0.0	117671.5	6	0.7643312101910829	706.5	5	0.6369426751592356	471.0	0	0.0	471.0	0	0.0
login	6	79	119170.5	6	0.7643312101910829	119170.5	1	0.12738853503184713	715.5	7	0.89171974522293	477.0	0	0.0	477.0	0	0.0
login	6	80	120669.5	5	0.6369426751592356	120669.5	5	0.6369426751592356	724.5	1	0.12738853503184713	483.0	0	0.0	483.0	0	0.0
login	6	81	122168.5	1	0.12738853503184713	122168.5	6	0.7643312101910829	733.5	0	0.0	489.0	0	0.0	489.0	0	0.0
login	6	82	123667.5	6	0.7643312101910829	123667.5	1	0.12738853503184713	742.5	0	0.0	495.0	0	0.0	495.0	0	0.0
login	6	83	125166.5	0	0.0	125166.5	5	0.6369426751592356	751.5	0	0.0	501.0	0	0.0	501.0	0	0.0
login	6	84	126665.5	6	0.7643312101910829	126665.5	2	0.25477707006369427	760.5	0	0.0	507.0	0	0.0	507.0	0	0.0
login	6	85	128164.5	6	0.7643312101910829	128164.5	4	0.5095541401273885	769.5	2	0.25477707006369427	513.0	0	0.0	513.0	0	0.0
login	6	86	129663.5	0	0.0	129663.5	4	0.5095541401273885	778.5	2	0.25477707006369427	519.0	0	0.0	519.0	0	0.0
login	6	87	131162.5	6	0.7643312101910829	131162.5	2	0.25477707006369427	787.5	11	1.4012738853503184	525.0	0	0.0	525.0	0	0.0
login	6	88	132661.5	2	0.25477707006369427	132661.5	6	0.7643312101910829	796.5	8	1.019108280254777	531.0	0	0.0	531.0	0	0.0
login	6	89	134160.5	4	0.5095541401273885	134160.5	6	0.7643312101910829	805.5	8	1.019108280254777	537.0	0	0.0	537.0	0	0.0
login	6	90	135659.5	6	0.7643312101910829	135659.5	2	0.25477707006369427	814.5	1	0.12738853503184713	543.0	0	0.0	543.0	0	0.0
login	6	91	137158.5	6	0.7643312101910829	137158.5	4	0.5095541401273885	823.5	0	0.0	549.0	0	0.0	549.0	0	0.0
login	6	92	138657.5	0	0.0	138657.5	6	0.7643312101910829	832.5	0	0.0	555.0	0	0.0	555.0	0	0.0
login	6	93	140156.5	6	0.7643312101910829	140156.5	6	0.7643312101910829	841.5	1	0.12738853503184713	561.0	0	0.0	561.0	0	0.0
login	6	94	141655.5	6	0.7643312101910829	141655.5	1	0.12738853503184713	850.5	0	0.0	567.0	0	0.0	567.0	0	0.0
login	6	95	143154.5	5	0.6369426751592356	143154.5	5	0.6369426751592356	859.5	2	0.25477707006369427	573.0	0	0.0	573.0	0	0.0
login	6	96	144653.5	1	0.12738853503184713	144653.5	6	0.7643312101910829	868.5	2	0.25477707006369427	579.0	0	0.0	579.0	0	0.0
login	6	97	146152.5	6	0.7643312101910829	146152.5	2	0.25477707006369427	877.5	8	1.019108280254777	585.0	0	0.0	585.0	0	0.0
login	6	98	147651.5	6	0.7643312101910829	147651.5	4	0.5095541401273885	886.5	9	1.1464968152866242	591.0	0	0.0	591.0	0	0.0
login	6	99	149150.5	0	0.0	149150.5	5	0.6369426751592356	895.5	12	1.5286624203821657	597.0	0	0.0	597.0	0	0.0
login	6	100	150649.5	6	0.7643312101910829	150649.5	1	0.12738853503184713	904.5	11	1.4012738853503184	603.0	0	0.0	603.0	0	0.0
login	6	101	152148.5	4	0.5095541401273885	152148.5	6	0.7643312101910829	913.5	11	1.4012738853503184	609.0	0	0.0	609.0	0	0.0
login	6	102	153647.5	3	0.3821656050955414	153647.5	6	0.7643312101910829	922.5	0	0.0	615.0	0	0.0	615.0	0	0.0
login	6	103	155146.5	6	0.7643312101910829	155146.5	2	0.25477707006369427	931.5	0	0.0	621.0	0	0.0	621.0	0	0.0
login	6	104	156645.5	3	0.3821656050955414	156645.5	5	0.6369426751592356	940.5	0	0.0	627.0	0	0.0	627.0	0	0.0
login	6	105	158144.5	3	0.3821656050955414	158144.5	6	0.7643312101910829	949.5	0	0.0	633.0	0	0.0	633.0	0	0.0
login	6	106	159643.5	6	0.7643312101910829	159643.5	2	0.25477707006369427	958.5	2	0.25477707006369427	639.0	0	0.0	639.0	0	0.0
login	6	107	161142.5	4	0.5095541401273885	161142.5	4	0.5095541401273885	967.5	3	0.3821656050955414	645.0	0	0.0	645.0	0	0.0
login	6	108	162641.5	2	0.25477707006369427	162641.5	6	0.7643312101910829	976.5	8	1.019108280254777	651.0	0	0.0	651.0	0	0.0
login	6	109	164140.5	6	0.7643312101910829	164140.5	1	0.12738853503184713	985.5	17	2.1656050955414012	657.0	0	0.0	657.0	0	0.0
login	6	110	165639.5	4	0.5095541401273885	165639.5	5	0.6369426751592356	994.5	18	2.2929936305732483	663.0	0	0.0	663.0	0	0.0
login	6	111	167138.5	2	0.25477707006369427	167138.5	6	0.7643312101910829	1003.5	19	2.4203821656050954	669.0	0	0.0	669.0	0	0.0
login	6	112	168637.5	6	0.7643312101910829	168637.5	1	0.12738853503184713	1012.5	14	1.78343949044586	675.0	0	0.0	675.0	0	0.0
login	6	113	170136.5	0	0.0	170136.5	5	0.6369426751592356	1021.5	6	0.7643312101910829	681.0	0	0.0	681.0	0	0.0
login	6	114	171635.5	6	0.7643312101910829	171635.5	2	0.25477707006369427	1030.5	2	0.25477707006369427	687.0	0	0.0	687.0	0	0.0
login	6	115	173134.5	6	0.7643312101910829	173134.5	4	0.5095541401273885	1039.5	1	0.12738853503184713	693.0	0	0.0	693.0	0	0.0
login	6	116	174633.5	0	0.0	174633.5	5	0.6369426751592356	1048.5	1	0.12738853503184713	699.0	0	0.0	699.0	0	0.0
login	6	117	176132.5	6	0.7643312101910829	176132.5	1	0.12738853503184713	1057.5	1	0.12738853503184713	705.0	0	0.0	705.0	0	0.0
login	6	118	177631.5	0	0.0	177631.5	6	0.7643312101910829	1066.5	5	0.6369426751592356	711.0	0	0.0	711.0	0	0.0
login	6	119	179130.5	6	0.7643312101910829	179130.5	4	0.5095541401273885	1075.5	10	1.2738853503184713	717.0	0	0.0	717.0	0	0.0
login	6	120	180629.5	6	0.7643312101910829	180629.5	3	0.3821656050955414	1084.5	26	3.3121019108280256	723.0	0	0.0	723.0	0	0.0
login	6	121	182128.5	3	0.3821656050955414	182128.5	6	0.7643312101910829	1093.5	33	4.203821656050955	729.0	0	0.0	729.0	0	0.0
login	6	122	183627.5	4	0.5095541401273885	183627.5	5	0.6369426751592356	1102.5	14	1.78343949044586	735.0	0	0.0	735.0	0	0.0
login	6	123	185126.5	6	0.7643312101910829	185126.5	2	0.25477707006369427	1111.5	13	1.6560509554140128	741.0	0	0.0	741.0	0	0.0
login	6	124	186625.5	6	0.7643312101910829	186625.5	5	0.6369426751592356	1120.5	6	0.7643312101910829	747.0	0	0.0	747.0	0	0.0
login	6	125	188124.5	0	0.0	188124.5	6	0.7643312101910829	1129.5	2	0.25477707006369427	753.0	0	0.0	753.0	0	0.0
login	6	126	189623.5	6	0.7643312101910829	189623.5	1	0.12738853503184713	1138.5	2	0.25477707006369427	759.0	0	0.0	759.0	0	0.0
login	6	127	191122.5	0	0.0	191122.5	5	0.6369426751592356	1147.5	1	0.12738853503184713	765.0	0	0.0	765.0	0	0.0
login	6	128	192621.5	6	0.7643312101910829	192621.5	5	0.6369426751592356	1156.5	1	0.12738853503184713	771.0	0	0.0	771.0	0	0.0
login	6	129	194120.5	6	0.7643312101910829	194120.5	1	0.12738853503184713	1165.5	5	0.6369426751592356	777.0	0	0.0	777.0	0	0.0
login	6	130	195619.5	0	0.0	195619.5	6	0.7643312101910829	1174.5	7	0.89171974522293	783.0	0	0.0	783.0	0	0.0
login	6	131	197118.5	6	0.7643312101910829	197118.5	6	0.7643312101910829	1183.5	6	0.7643312101910829	789.0	0	0.0	789.0	0	0.0
login	6	132	198617.5	7	0.89171974522293	198617.5	2	0.25477707006369427	1192.5	11	1.4012738853503184	795.0	0	0.0	795.0	0	0.0
login	6	133	200116.5	4	0.5095541401273885	200116.5	5	0.6369426751592356	1201.5	13	1.6560509554140128	801.0	0	0.0	801.0	0	0.0
login	6	134	201615.5	2	0.25477707006369427	201615.5	6	0.7643312101910829	1210.5	12	1.5286624203821657	807.0	0	0.0	807.0	0	0.0
login	6	135	203114.5	6	0.7643312101910829	203114.5	2	0.25477707006369427	1219.5	4	0.5095541401273885	813.0	0	0.0	813.0	0	0.0
login	6	136	204613.5	6	0.7643312101910829	204613.5	4	0.5095541401273885	1228.5	5	0.6369426751592356	819.0	0	0.0	819.0	0	0.0
login	6	137	206112.5	0	0.0	206112.5	6	0.7643312101910829	1237.5	0	0.0	825.0	0	0.0	825.0	0	0.0
login	6	138	207611.5	6	0.7643312101910829	207611.5	6	0.7643312101910829	1246.5	1	0.12738853503184713	831.0	0	0.0	831.0	0	0.0
login	6	139	209110.5	6	0.7643312101910829	209110.5	4	0.5095541401273885	1255.5	1	0.12738853503184713	837.0	0	0.0	837.0	0	0.0
login	6	140	210609.5	6	0.7643312101910829	210609.5	2	0.25477707006369427	1264.5	2	0.25477707006369427	843.0	0	0.0	843.0	0	0.0
login	6	141	212108.5	0	0.0	212108.5	6	0.7643312101910829	1273.5	4	0.5095541401273885	849.0	0	0.0	849.0	0	0.0
login	6	142	213607.5	6	0.7643312101910829	213607.5	2	0.25477707006369427	1282.5	12	1.5286624203821657	855.0	0	0.0	855.0	0	0.0
login	6	143	215106.5	6	0.7643312101910829	215106.5	4	0.5095541401273885	1291.5	20	2.5477707006369426	861.0	0	0.0	861.0	0	0.0
login	6	144	216605.5	0	0.0	216605.5	6	0.7643312101910829	1300.5	15	1.910828025477707	867.0	0	0.0	867.0	0	0.0
login	6	145	218104.5	6	0.7643312101910829	218104.5	2	0.25477707006369427	1309.5	12	1.5286624203821657	873.0	0	0.0	873.0	0	0.0
login	6	146	219603.5	6	0.7643312101910829	219603.5	4	0.5095541401273885	1318.5	2	0.25477707006369427	879.0	0	0.0	879.0	0	0.0
login	6	147	221102.5	0	0.0	221102.5	6	0.7643312101910829	1327.5	2	0.25477707006369427	885.0	0	0.0	885.0	0	0.0
login	6	148	222601.5	6	0.7643312101910829	222601.5	1	0.12738853503184713	1336.5	1	0.12738853503184713	891.0	0	0.0	891.0	0	0.0
login	6	149	224100.5	5	0.6369426751592356	224100.5	5	0.6369426751592356	1345.5	0	0.0	897.0	0	0.0	897.0	0	0.0
login	6	150	225599.5	1	0.12738853503184713	225599.5	6	0.7643312101910829	1354.5	0	0.0	903.0	0	0.0	903.0	0	0.0
login	6	151	227098.5	6	0.7643312101910829	227098.5	1	0.12738853503184713	1363.5	0	0.0	909.0	0	0.0	909.0	0	0.0
login	6	152	228597.5	0	0.0	228597.5	5	0.6369426751592356	1372.5	9	1.1464968152866242	915.0	0	0.0	915.0	0	0.0
login	6	153	230096.5	6	0.7643312101910829	230096.5	2	0.25477707006369427	1381.5	10	1.2738853503184713	921.0	0	0.0	921.0	0	0.0
login	6	154	231595.5	6	0.7643312101910829	231595.5	4	0.5095541401273885	1390.5	10	1.2738853503184713	927.0	0	0.0	927.0	0	0.0
login	6	155	233094.5	0	0.0	233094.5	6	0.7643312101910829	1399.5	21	2.6751592356687897	933.0	0	0.0	933.0	0	0.0
login	6	156	234593.5	6	0.7643312101910829	234593.5	1	0.12738853503184713	1408.5	20	2.5477707006369426	939.0	0	0.0	939.0	0	0.0
login	6	157	236092.5	0	0.0	236092.5	5	0.6369426751592356	1417.5	2	0.25477707006369427	945.0	0	0.0	945.0	0	0.0
login	6	158	237591.5	6	0.7643312101910829	237591.5	4	0.5095541401273885	1426.5	2	0.25477707006369427	951.0	0	0.0	951.0	0	0.0
login	6	159	239090.5	6	0.7643312101910829	239090.5	2	0.25477707006369427	1435.5	3	0.3821656050955414	957.0	0	0.0	957.0	0	0.0
login	6	160	240589.5	4	0.5095541401273885	240589.5	6	0.7643312101910829	1444.5	2	0.25477707006369427	963.0	0	0.0	963.0	0	0.0
login	6	161	242088.5	2	0.25477707006369427	242088.5	5	0.6369426751592356	1453.5	0	0.0	969.0	0	0.0	969.0	0	0.0
login	6	162	243587.5	6	0.7643312101910829	243587.5	1	0.12738853503184713	1462.5	2	0.25477707006369427	975.0	0	0.0	975.0	0	0.0
login	6	163	245086.5	0	0.0	245086.5	6	0.7643312101910829	1471.5	8	1.019108280254777	981.0	0	0.0	981.0	0	0.0
login	6	164	246585.5	6	0.7643312101910829	246585.5	1	0.12738853503184713	1480.5	8	1.019108280254777	987.0	0	0.0	987.0	0	0.0
login	6	165	248084.5	0	0.0	248084.5	5	0.6369426751592356	1489.5	11	1.4012738853503184	993.0	0	0.0	993.0	0	0.0
login	6	166	249583.5	6	0.7643312101910829	249583.5	2	0.25477707006369427	1498.5	24	3.0573248407643314	999.0	0	0.0	999.0	0	0.0
login	6	167	251082.5	6	0.7643312101910829	251082.5	4	0.5095541401273885	1507.5	13	1.6560509554140128	1005.0	0	0.0	1005.0	0	0.0
login	6	168	252581.5	0	0.0	252581.5	6	0.7643312101910829	1516.5	6	0.7643312101910829	1011.0	0	0.0	1011.0	0	0.0
login	6	169	254080.5	6	0.7643312101910829	254080.5	2	0.25477707006369427	1525.5	3	0.3821656050955414	1017.0	0	0.0	1017.0	0	0.0
login	6	170	255579.5	6	0.7643312101910829	255579.5	4	0.5095541401273885	1534.5	1	0.12738853503184713	1023.0	0	0.0	1023.0	0	0.0
login	6	171	257078.5	0	0.0	257078.5	6	0.7643312101910829	1543.5	1	0.12738853503184713	1029.0	0	0.0	1029.0	0	0.0
login	6	172	258577.5	6	0.7643312101910829	258577.5	1	0.12738853503184713	1552.5	2	0.25477707006369427	1035.0	0	0.0	1035.0	0	0.0
login	6	173	260076.5	0	0.0	260076.5	5	0.6369426751592356	1561.5	0	0.0	1041.0	0	0.0	1041.0	0	0.0
login	6	174	261575.5	6	0.7643312101910829	261575.5	2	0.25477707006369427	1570.5	6	0.7643312101910829	1047.0	0	0.0	1047.0	0	0.0
login	6	175	263074.5	6	0.7643312101910829	263074.5	4	0.5095541401273885	1579.5	11	1.4012738853503184	1053.0	0	0.0	1053.0	0	0.0
login	6	176	264573.5	0	0.0	264573.5	6	0.7643312101910829	1588.5	13	1.6560509554140128	1059.0	0	0.0	1059.0	0	0.0
login	6	177	266072.5	6	0.7643312101910829	266072.5	2	0.25477707006369427	1597.5	16	2.038216560509554	1065.0	0	0.0	1065.0	0	0.0
login	6	178	267571.5	6	0.7643312101910829	267571.5	4	0.5095541401273885	1606.5	2	0.25477707006369427	1071.0	0	0.0	1071.0	0	0.0
login	6	179	269070.5	0	0.0	269070.5	6	0.7643312101910829	1615.5	3	0.3821656050955414	1077.0	0	0.0	1077.0	0	0.0
login	6	180	270569.5	6	0.7643312101910829	270569.5	0	0.0	1624.5	1	0.12738853503184713	1083.0	0	0.0	1083.0	0	0.0
login	6	181	272068.5	4	0.5095541401273885	272068.5	6	0.7643312101910829	1633.5	0	0.0	1089.0	0	0.0	1089.0	0	0.0
login	6	182	273567.5	2	0.25477707006369427	273567.5	6	0.7643312101910829	1642.5	0	0.0	1095.0	0	0.0	1095.0	0	0.0
login	6	183	275066.5	7	0.89171974522293	275066.5	3	0.3821656050955414	1651.5	0	0.0	1101.0	0	0.0	1101.0	0	0.0
login	6	184	276565.5	6	0.7643312101910829	276565.5	6	0.7643312101910829	1660.5	1	0.12738853503184713	1107.0	0	0.0	1107.0	0	0.0
login	6	185	278064.5	4	0.5095541401273885	278064.5	5	0.6369426751592356	1669.5	1	0.12738853503184713	1113.0	0	0.0	1113.0	0	0.0
login	6	186	279563.5	3	0.3821656050955414	279563.5	6	0.7643312101910829	1678.5	1	0.12738853503184713	1119.0	0	0.0	1119.0	0	0.0
login	6	187	281062.5	6	0.7643312101910829	281062.5	0	0.0	1687.5	2	0.25477707006369427	1125.0	0	0.0	1125.0	0	0.0
login	6	188	282561.5	4	0.5095541401273885	282561.5	6	0.7643312101910829	1696.5	3	0.3821656050955414	1131.0	0	0.0	1131.0	0	0.0
login	6	189	284060.5	2	0.25477707006369427	284060.5	6	0.7643312101910829	1705.5	1	0.12738853503184713	1137.0	0	0.0	1137.0	0	0.0
login	6	190	285559.5	6	0.7643312101910829	285559.5	1	0.12738853503184713	1714.5	0	0.0	1143.0	0	0.0	1143.0	0	0.0
login	6	191	287058.5	0	0.0	287058.5	5	0.6369426751592356	1723.5	0	0.0	1149.0	0	0.0	1149.0	0	0.0
login	6	192	288557.5	6	0.7643312101910829	288557.5	2	0.25477707006369427	1732.5	0	0.0	1155.0	0	0.0	1155.0	0	0.0
login	6	193	290056.5	6	0.7643312101910829	290056.5	4	0.5095541401273885	1741.5	0	0.0	1161.0	0	0.0	1161.0	0	0.0
login	6	194	291555.5	0	0.0	291555.5	6	0.7643312101910829	1750.5	0	0.0	1167.0	0	0.0	1167.0	0	0.0
login	6	195	293054.5	6	0.7643312101910829	293054.5	1	0.12738853503184713	1759.5	0	0.0	1173.0	0	0.0	1173.0	0	0.0
login	6	196	294553.5	0	0.0	294553.5	5	0.6369426751592356	1768.5	0	0.0	1179.0	0	0.0	1179.0	0	0.0
login	6	197	296052.5	6	0.7643312101910829	296052.5	2	0.25477707006369427	1777.5	0	0.0	1185.0	0	0.0	1185.0	0	0.0
login	6	198	297551.5	6	0.7643312101910829	297551.5	4	0.5095541401273885	1786.5	0	0.0	1191.0	0	0.0	1191.0	0	0.0
login	6	199	299050.5	0	0.0	299050.5	6	0.7643312101910829	1795.5	0	0.0	1197.0	0	0.0	1197.0	0	0.0
info	6	0	746.5	6	0.7662835249042146	746.5	6	0.7662835249042146	3.0	246	31.4176245210728	3.0	783	100.0	3.0	783	100.0
info	6	1	2239.5	4	0.5108556832694764	2239.5	4	0.5108556832694764	9.0	138	17.624521072796934	9.0	0	0.0	9.0	0	0.0
info	6	2	3732.5	2	0.2554278416347382	3732.5	2	0.2554278416347382	15.0	48	6.130268199233717	15.0	0	0.0	15.0	0	0.0
info	6	3	5225.5	6	0.7662835249042146	5225.5	6	0.7662835249042146	21.0	13	1.6602809706257982	21.0	0	0.0	21.0	0	0.0
info	6	4	6718.5	5	0.6385696040868455	6718.5	5	0.6385696040868455	27.0	2	0.2554278416347382	27.0	0	0.0	27.0	0	0.0
info	6	5	8211.5	2	0.2554278416347382	8211.5	1	0.1277139208173691	33.0	0	0.0	33.0	0	0.0	33.0	0	0.0
info	6	6	9704.5	5	0.6385696040868455	9704.5	6	0.7662835249042146	39.0	0	0.0	39.0	0	0.0	39.0	0	0.0
info	6	7	11197.5	5	0.6385696040868455	11197.5	5	0.6385696040868455	45.0	2	0.2554278416347382	45.0	0	0.0	45.0	0	0.0
info	6	8	12690.5	2	0.2554278416347382	12690.5	1	0.1277139208173691	51.0	0	0.0	51.0	0	0.0	51.0	0	0.0
info	6	9	14183.5	5	0.6385696040868455	14183.5	6	0.7662835249042146	57.0	2	0.2554278416347382	57.0	0	0.0	57.0	0	0.0
info	6	10	15676.5	6	0.7662835249042146	15676.5	6	0.7662835249042146	63.0	3	0.3831417624521073	63.0	0	0.0	63.0	0	0.0
info	6	11	17169.5	1	0.1277139208173691	17169.5	0	0.0	69.0	6	0.7662835249042146	69.0	0	0.0	69.0	0	0.0
info	6	12	18662.5	5	0.6385696040868455	18662.5	6	0.7662835249042146	75.0	34	4.342273307790549	75.0	0	0.0	75.0	0	0.0
info	6	13	20155.5	4	0.5108556832694764	20155.5	4	0.5108556832694764	81.0	42	5.363984674329502	81.0	0	0.0	81.0	0	0.0
info	6	14	21648.5	2	0.2554278416347382	21648.5	2	0.2554278416347382	87.0	27	3.4482758620689657	87.0	0	0.0	87.0	0	0.0
info	6	15	23141.5	6	0.7662835249042146	23141.5	6	0.7662835249042146	93.0	10	1.277139208173691	93.0	0	0.0	93.0	0	0.0
info	6	16	24634.5	1	0.1277139208173691	24634.5	0	0.0	99.0	8	1.0217113665389528	99.0	0	0.0	99.0	0	0.0
info	6	17	26127.5	5	0.6385696040868455	26127.5	6	0.7662835249042146	105.0	5	0.6385696040868455	105.0	0	0.0	105.0	0	0.0
info	6	18	27620.5	6	0.7662835249042146	27620.5	6	0.7662835249042146	111.0	5	0.6385696040868455	111.0	0	0.0	111.0	0	0.0
info	6	19	29113.5	1	0.1277139208173691	29113.5	0	0.0	117.0	5	0.6385696040868455	117.0	0	0.0	117.0	0	0.0
info	6	20	30606.5	5	0.6385696040868455	30606.5	6	0.7662835249042146	123.0	0	0.0	123.0	0	0.0	123.0	0	0.0
info	6	21	32099.5	4	0.5108556832694764	32099.5	3	0.3831417624521073	129.0	1	0.1277139208173691	129.0	0	0.0	129.0	0	0.0
info	6	22	33592.5	2	0.2554278416347382	33592.5	3	0.3831417624521073	135.0	0	0.0	135.0	0	0.0	135.0	0	0.0
info	6	23	35085.5	6	0.7662835249042146	35085.5	6	0.7662835249042146	141.0	0	0.0	141.0	0	0.0	141.0	0	0.0
info	6	24	36578.5	4	0.5108556832694764	36578.5	3	0.3831417624521073	147.0	0	0.0	147.0	0	0.0	147.0	0	0.0
info	6	25	38071.5	2	0.2554278416347382	38071.5	3	0.3831417624521073	153.0	0	0.0	153.0	0	0.0	153.0	0	0.0
info	6	26	39564.5	6	0.7662835249042146	39564.5	6	0.7662835249042146	159.0	0	0.0	159.0	0	0.0	159.0	0	0.0
info	6	27	41057.5	1	0.1277139208173691	41057.5	0	0.0	165.0	0	0.0	165.0	0	0.0	165.0	0	0.0
info	6	28	42550.5	5	0.6385696040868455	42550.5	6	0.7662835249042146	171.0	1	0.1277139208173691	171.0	0	0.0	171.0	0	0.0
info	6	29	44043.5	6	0.7662835249042146	44043.5	6	0.7662835249042146	177.0	3	0.3831417624521073	177.0	0	0.0	177.0	0	0.0
info	6	30	45536.5	0	0.0	45536.5	0	0.0	183.0	3	0.3831417624521073	183.0	0	0.0	183.0	0	0.0
info	6	31	47029.5	6	0.7662835249042146	47029.5	6	0.7662835249042146	189.0	2	0.2554278416347382	189.0	0	0.0	189.0	0	0.0
info	6	32	48522.5	6	0.7662835249042146	48522.5	6	0.7662835249042146	195.0	2	0.2554278416347382	195.0	0	0.0	195.0	0	0.0
info	6	33	50015.5	1	0.1277139208173691	50015.5	0	0.0	201.0	3	0.3831417624521073	201.0	0	0.0	201.0	0	0.0
info	6	34	51508.5	5	0.6385696040868455	51508.5	6	0.7662835249042146	207.0	5	0.6385696040868455	207.0	0	0.0	207.0	0	0.0
info	6	35	53001.5	6	0.7662835249042146	53001.5	6	0.7662835249042146	213.0	4	0.5108556832694764	213.0	0	0.0	213.0	0	0.0
info	6	36	54494.5	0	0.0	54494.5	0	0.0	219.0	4	0.5108556832694764	219.0	0	0.0	219.0	0	0.0
info	6	37	55987.5	6	0.7662835249042146	55987.5	6	0.7662835249042146	225.0	3	0.3831417624521073	225.0	0	0.0	225.0	0	0.0
info	6	38	57480.5	6	0.7662835249042146	57480.5	6	0.7662835249042146	231.0	0	0.0	231.0	0	0.0	231.0	0	0.0
info	6	39	58973.5	2	0.2554278416347382	58973.5	1	0.1277139208173691	237.0	0	0.0	237.0	0	0.0	237.0	0	0.0
info	6	40	60466.5	4	0.5108556832694764	60466.5	5	0.6385696040868455	243.0	0	0.0	243.0	0	0.0	243.0	0	0.0
info	6	41	61959.5	6	0.7662835249042146	61959.5	6	0.7662835249042146	249.0	0	0.0	249.0	0	0.0	249.0	0	0.0
info	6	42	63452.5	1	0.1277139208173691	63452.5	0	0.0	255.0	0	0.0	255.0	0	0.0	255.0	0	0.0
info	6	43	64945.5	5	0.6385696040868455	64945.5	6	0.7662835249042146	261.0	0	0.0	261.0	0	0.0	261.0	0	0.0
info	6	44	66438.5	1	0.1277139208173691	66438.5	0	0.0	267.0	0	0.0	267.0	0	0.0	267.0	0	0.0
info	6	45	67931.5	5	0.6385696040868455	67931.5	6	0.7662835249042146	273.0	0	0.0	273.0	0	0.0	273.0	0	0.0
info	6	46	69424.5	6	0.7662835249042146	69424.5	6	0.7662835249042146	279.0	1	0.1277139208173691	279.0	0	0.0	279.0	0	0.0
info	6	47	70917.5	1	0.1277139208173691	70917.5	0	0.0	285.0	2	0.2554278416347382	285.0	0	0.0	285.0	0	0.0
info	6	48	72410.5	5	0.6385696040868455	72410.5	6	0.7662835249042146	291.0	2	0.2554278416347382	291.0	0	0.0	291.0	0	0.0
info	6	49	73903.5	2	0.2554278416347382	73903.5	0	0.0	297.0	4	0.5108556832694764	297.0	0	0.0	297.0	0	0.0
info	6	50	75396.5	4	0.5108556832694764	75396.5	6	0.7662835249042146	303.0	5	0.6385696040868455	303.0	0	0.0	303.0	0	0.0
info	6	51	76889.5	6	0.7662835249042146	76889.5	6	0.7662835249042146	309.0	1	0.1277139208173691	309.0	0	0.0	309.0	0	0.0
info	6	52	78382.5	1	0.1277139208173691	78382.5	0	0.0	315.0	6	0.7662835249042146	315.0	0	0.0	315.0	0	0.0
info	6	53	79875.5	5	0.6385696040868455	79875.5	6	0.7662835249042146	321.0	1	0.1277139208173691	321.0	0	0.0	321.0	0	0.0
info	6	54	81368.5	2	0.2554278416347382	81368.5	0	0.0	327.0	2	0.2554278416347382	327.0	0	0.0	327.0	0	0.0
info	6	55	82861.5	4	0.5108556832694764	82861.5	6	0.7662835249042146	333.0	0	0.0	333.0	0	0.0	333.0	0	0.0
info	6	56	84354.5	2	0.2554278416347382	84354.5	0	0.0	339.0	0	0.0	339.0	0	0.0	339.0	0	0.0
info	6	57	85847.5	4	0.5108556832694764	85847.5	6	0.7662835249042146	345.0	0	0.0	345.0	0	0.0	345.0	0	0.0
info	6	58	87340.5	6	0.7662835249042146	87340.5	6	0.7662835249042146	351.0	0	0.0	351.0	0	0.0	351.0	0	0.0
info	6	59	88833.5	1	0.1277139208173691	88833.5	0	0.0	357.0	0	0.0	357.0	0	0.0	357.0	0	0.0
info	6	60	90326.5	5	0.6385696040868455	90326.5	6	0.7662835249042146	363.0	0	0.0	363.0	0	0.0	363.0	0	0.0
info	6	61	91819.5	6	0.7662835249042146	91819.5	6	0.7662835249042146	369.0	0	0.0	369.0	0	0.0	369.0	0	0.0
info	6	62	93312.5	1	0.1277139208173691	93312.5	0	0.0	375.0	1	0.1277139208173691	375.0	0	0.0	375.0	0	0.0
info	6	63	94805.5	5	0.6385696040868455	94805.5	6	0.7662835249042146	381.0	1	0.1277139208173691	381.0	0	0.0	381.0	0	0.0
info	6	64	96298.5	6	0.7662835249042146	96298.5	6	0.7662835249042146	387.0	4	0.5108556832694764	387.0	0	0.0	387.0	0	0.0
info	6	65	97791.5	4	0.5108556832694764	97791.5	4	0.5108556832694764	393.0	4	0.5108556832694764	393.0	0	0.0	393.0	0	0.0
info	6	66	99284.5	2	0.2554278416347382	99284.5	2	0.2554278416347382	399.0	6	0.7662835249042146	399.0	0	0.0	399.0	0	0.0
info	6	67	100777.5	6	0.7662835249042146	100777.5	6	0.7662835249042146	405.0	5	0.6385696040868455	405.0	0	0.0	405.0	0	0.0
info	6	68	102270.5	6	0.7662835249042146	102270.5	6	0.7662835249042146	411.0	3	0.3831417624521073	411.0	0	0.0	411.0	0	0.0
info	6	69	103763.5	0	0.0	103763.5	0	0.0	417.0	1	0.1277139208173691	417.0	0	0.0	417.0	0	0.0
info	6	70	105256.5	6	0.7662835249042146	105256.5	6	0.7662835249042146	423.0	0	0.0	423.0	0	0.0	423.0	0	0.0
info	6	71	106749.5	5	0.6385696040868455	106749.5	5	0.6385696040868455	429.0	0	0.0	429.0	0	0.0	429.0	0	0.0
info	6	72	108242.5	2	0.2554278416347382	108242.5	1	0.1277139208173691	435.0	0	0.0	435.0	0	0.0	435.0	0	0.0
info	6	73	109735.5	5	0.6385696040868455	109735.5	6	0.7662835249042146	441.0	0	0.0	441.0	0	0.0	441.0	0	0.0
info	6	74	111228.5	1	0.1277139208173691	111228.5	0	0.0	447.0	0	0.0	447.0	0	0.0	447.0	0	0.0
info	6	75	112721.5	5	0.6385696040868455	112721.5	6	0.7662835249042146	453.0	0	0.0	453.0	0	0.0	453.0	0	0.0
info	6	76	114214.5	6	0.7662835249042146	114214.5	6	0.7662835249042146	459.0	0	0.0	459.0	0	0.0	459.0	0	0.0
info	6	77	115707.5	1	0.1277139208173691	115707.5	0	0.0	465.0	0	0.0	465.0	0	0.0	465.0	0	0.0
info	6	78	117200.5	5	0.6385696040868455	117200.5	6	0.7662835249042146	471.0	0	0.0	471.0	0	0.0	471.0	0	0.0
info	6	79	118693.5	4	0.5108556832694764	118693.5	3	0.3831417624521073	477.0	2	0.2554278416347382	477.0	0	0.0	477.0	0	0.0
info	6	80	120186.5	2	0.2554278416347382	120186.5	3	0.3831417624521073	483.0	2	0.2554278416347382	483.0	0	0.0	483.0	0	0.0
info	6	81	121679.5	6	0.7662835249042146	121679.5	6	0.7662835249042146	489.0	2	0.2554278416347382	489.0	0	0.0	489.0	0	0.0
info	6	82	123172.5	1	0.1277139208173691	123172.5	0	0.0	495.0	6	0.7662835249042146	495.0	0	0.0	495.0	0	0.0
info	6	83	124665.5	5	0.6385696040868455	124665.5	6	0.7662835249042146	501.0	4	0.5108556832694764	501.0	0	0.0	501.0	0	0.0
info	6	84	126158.5	2	0.2554278416347382	126158.5	0	0.0	507.0	3	0.3831417624521073	507.0	0	0.0	507.0	0	0.0
info	6	85	127651.5	4	0.5108556832694764	127651.5	6	0.7662835249042146	513.0	2	0.2554278416347382	513.0	0	0.0	513.0	0	0.0
info	6	86	129144.5	6	0.7662835249042146	129144.5	6	0.7662835249042146	519.0	1	0.1277139208173691	519.0	0	0.0	519.0	0	0.0
info	6	87	130637.5	1	0.1277139208173691	130637.5	0	0.0	525.0	1	0.1277139208173691	525.0	0	0.0	525.0	0	0.0
info	6	88	132130.5	5	0.6385696040868455	132130.5	6	0.7662835249042146	531.0	0	0.0	531.0	0	0.0	531.0	0	0.0
info	6	89	133623.5	6	0.7662835249042146	133623.5	6	0.7662835249042146	537.0	0	0.0	537.0	0	0.0	537.0	0	0.0
info	6	90	135116.5	4	0.5108556832694764	135116.5	4	0.5108556832694764	543.0	0	0.0	543.0	0	0.0	543.0	0	0.0
info	6	91	136609.5	2	0.2554278416347382	136609.5	2	0.2554278416347382	549.0	0	0.0	549.0	0	0.0	549.0	0	0.0
info	6	92	138102.5	6	0.7662835249042146	138102.5	6	0.7662835249042146	555.0	0	0.0	555.0	0	0.0	555.0	0	0.0
info	6	93	139595.5	6	0.7662835249042146	139595.5	6	0.7662835249042146	561.0	0	0.0	561.0	0	0.0	561.0	0	0.0
info	6	94	141088.5	3	0.3831417624521073	141088.5	3	0.3831417624521073	567.0	1	0.1277139208173691	567.0	0	0.0	567.0	0	0.0
info	6	95	142581.5	4	0.5108556832694764	142581.5	3	0.3831417624521073	573.0	0	0.0	573.0	0	0.0	573.0	0	0.0
info	6	96	144074.5	5	0.6385696040868455	144074.5	6	0.7662835249042146	579.0	2	0.2554278416347382	579.0	0	0.0	579.0	0	0.0
info	6	97	145567.5	2	0.2554278416347382	145567.5	0	0.0	585.0	3	0.3831417624521073	585.0	0	0.0	585.0	0	0.0
info	6	98	147060.5	4	0.5108556832694764	147060.5	6	0.7662835249042146	591.0	7	0.8939974457215837	591.0	0	0.0	591.0	0	0.0
info	6	99	148553.5	6	0.7662835249042146	148553.5	6	0.7662835249042146	597.0	1	0.1277139208173691	597.0	0	0.0	597.0	0	0.0
info	6	100	150046.5	4	0.5108556832694764	150046.5	4	0.5108556832694764	603.0	0	0.0	603.0	0	0.0	603.0	0	0.0
info	6	101	151539.5	3	0.3831417624521073	151539.5	3	0.3831417624521073	609.0	0	0.0	609.0	0	0.0	609.0	0	0.0
info	6	102	153032.5	6	0.7662835249042146	153032.5	6	0.7662835249042146	615.0	1	0.1277139208173691	615.0	0	0.0	615.0	0	0.0
info	6	103	154525.5	1	0.1277139208173691	154525.5	0	0.0	621.0	0	0.0	621.0	0	0.0	621.0	0	0.0
info	6	104	156018.5	5	0.6385696040868455	156018.5	6	0.7662835249042146	627.0	0	0.0	627.0	0	0.0	627.0	0	0.0
info	6	105	157511.5	6	0.7662835249042146	157511.5	6	0.7662835249042146	633.0	1	0.1277139208173691	633.0	0	0.0	633.0	0	0.0
info	6	106	159004.5	3	0.3831417624521073	159004.5	3	0.3831417624521073	639.0	0	0.0	639.0	0	0.0	639.0	0	0.0
info	6	107	160497.5	4	0.5108556832694764	160497.5	3	0.3831417624521073	645.0	0	0.0	645.0	0	0.0	645.0	0	0.0
info	6	108	161990.5	5	0.6385696040868455	161990.5	6	0.7662835249042146	651.0	0	0.0	651.0	0	0.0	651.0	0	0.0
info	6	109	163483.5	1	0.1277139208173691	163483.5	0	0.0	657.0	0	0.0	657.0	0	0.0	657.0	0	0.0
info	6	110	164976.5	5	0.6385696040868455	164976.5	6	0.7662835249042146	663.0	0	0.0	663.0	0	0.0	663.0	0	0.0
info	6	111	166469.5	6	0.7662835249042146	166469.5	6	0.7662835249042146	669.0	0	0.0	669.0	0	0.0	669.0	0	0.0
info	6	112	167962.5	1	0.1277139208173691	167962.5	0	0.0	675.0	1	0.1277139208173691	675.0	0	0.0	675.0	0	0.0
info	6	113	169455.5	5	0.6385696040868455	169455.5	6	0.7662835249042146	681.0	2	0.2554278416347382	681.0	0	0.0	681.0	0	0.0
info	6	114	170948.5	2	0.2554278416347382	170948.5	0	0.0	687.0	1	0.1277139208173691	687.0	0	0.0	687.0	0	0.0
info	6	115	172441.5	4	0.5108556832694764	172441.5	6	0.7662835249042146	693.0	2	0.2554278416347382	693.0	0	0.0	693.0	0	0.0
info	6	116	173934.5	6	0.7662835249042146	173934.5	6	0.7662835249042146	699.0	1	0.1277139208173691	699.0	0	0.0	699.0	0	0.0
info	6	117	175427.5	1	0.1277139208173691	175427.5	0	0.0	705.0	1	0.1277139208173691	705.0	0	0.0	705.0	0	0.0
info	6	118	176920.5	5	0.6385696040868455	176920.5	6	0.7662835249042146	711.0	2	0.2554278416347382	711.0	0	0.0	711.0	0	0.0
info	6	119	178413.5	4	0.5108556832694764	178413.5	4	0.5108556832694764	717.0	3	0.3831417624521073	717.0	0	0.0	717.0	0	0.0
info	6	120	179906.5	4	0.5108556832694764	179906.5	3	0.3831417624521073	723.0	1	0.1277139208173691	723.0	0	0.0	723.0	0	0.0
info	6	121	181399.5	5	0.6385696040868455	181399.5	6	0.7662835249042146	729.0	0	0.0	729.0	0	0.0	729.0	0	0.0
info	6	122	182892.5	5	0.6385696040868455	182892.5	5	0.6385696040868455	735.0	0	0.0	735.0	0	0.0	735.0	0	0.0
info	6	123	184385.5	3	0.3831417624521073	184385.5	1	0.1277139208173691	741.0	0	0.0	741.0	0	0.0	741.0	0	0.0
info	6	124	185878.5	4	0.5108556832694764	185878.5	6	0.7662835249042146	747.0	0	0.0	747.0	0	0.0	747.0	0	0.0
info	6	125	187371.5	6	0.7662835249042146	187371.5	6	0.7662835249042146	753.0	0	0.0	753.0	0	0.0	753.0	0	0.0
info	6	126	188864.5	1	0.1277139208173691	188864.5	0	0.0	759.0	0	0.0	759.0	0	0.0	759.0	0	0.0
info	6	127	190357.5	5	0.6385696040868455	190357.5	6	0.7662835249042146	765.0	0	0.0	765.0	0	0.0	765.0	0	0.0
info	6	128	191850.5	5	0.6385696040868455	191850.5	5	0.6385696040868455	771.0	0	0.0	771.0	0	0.0	771.0	0	0.0
info	6	129	193343.5	1	0.1277139208173691	193343.5	1	0.1277139208173691	777.0	0	0.0	777.0	0	0.0	777.0	0	0.0
info	6	130	194836.5	6	0.7662835249042146	194836.5	6	0.7662835249042146	783.0	1	0.1277139208173691	783.0	0	0.0	783.0	0	0.0
info	6	131	196329.5	6	0.7662835249042146	196329.5	6	0.7662835249042146	789.0	2	0.2554278416347382	789.0	0	0.0	789.0	0	0.0
info	6	132	197822.5	2	0.2554278416347382	197822.5	1	0.1277139208173691	795.0	3	0.3831417624521073	795.0	0	0.0	795.0	0	0.0
info	6	133	199315.5	5	0.6385696040868455	199315.5	6	0.7662835249042146	801.0	6	0.7662835249042146	801.0	0	0.0	801.0	0	0.0
info	6	134	200808.5	6	0.7662835249042146	200808.5	6	0.7662835249042146	807.0	2	0.2554278416347382	807.0	0	0.0	807.0	0	0.0
info	6	135	202301.5	2	0.2554278416347382	202301.5	0	0.0	813.0	3	0.3831417624521073	813.0	0	0.0	813.0	0	0.0
info	6	136	203794.5	4	0.5108556832694764	203794.5	6	0.7662835249042146	819.0	2	0.2554278416347382	819.0	0	0.0	819.0	0	0.0
info	6	137	205287.5	6	0.7662835249042146	205287.5	6	0.7662835249042146	825.0	0	0.0	825.0	0	0.0	825.0	0	0.0
info	6	138	206780.5	6	0.7662835249042146	206780.5	6	0.7662835249042146	831.0	0	0.0	831.0	0	0.0	831.0	0	0.0
info	6	139	208273.5	4	0.5108556832694764	208273.5	4	0.5108556832694764	837.0	0	0.0	837.0	0	0.0	837.0	0	0.0
info	6	140	209766.5	2	0.2554278416347382	209766.5	2	0.2554278416347382	843.0	0	0.0	843.0	0	0.0	843.0	0	0.0
info	6	141	211259.5	6	0.7662835249042146	211259.5	6	0.7662835249042146	849.0	0	0.0	849.0	0	0.0	849.0	0	0.0
info	6	142	212752.5	2	0.2554278416347382	212752.5	0	0.0	855.0	0	0.0	855.0	0	0.0	855.0	0	0.0
info	6	143	214245.5	4	0.5108556832694764	214245.5	6	0.7662835249042146	861.0	0	0.0	861.0	0	0.0	861.0	0	0.0
info	6	144	215738.5	6	0.7662835249042146	215738.5	6	0.7662835249042146	867.0	0	0.0	867.0	0	0.0	867.0	0	0.0
info	6	145	217231.5	2	0.2554278416347382	217231.5	0	0.0	873.0	0	0.0	873.0	0	0.0	873.0	0	0.0
info	6	146	218724.5	4	0.5108556832694764	218724.5	6	0.7662835249042146	879.0	0	0.0	879.0	0	0.0	879.0	0	0.0
info	6	147	220217.5	6	0.7662835249042146	220217.5	6	0.7662835249042146	885.0	0	0.0	885.0	0	0.0	885.0	0	0.0
info	6	148	221710.5	1	0.1277139208173691	221710.5	0	0.0	891.0	2	0.2554278416347382	891.0	0	0.0	891.0	0	0.0
info	6	149	223203.5	5	0.6385696040868455	223203.5	6	0.7662835249042146	897.0	4	0.5108556832694764	897.0	0	0.0	897.0	0	0.0
info	6	150	224696.5	6	0.7662835249042146	224696.5	6	0.7662835249042146	903.0	5	0.6385696040868455	903.0	0	0.0	903.0	0	0.0
info	6	151	226189.5	1	0.1277139208173691	226189.5	0	0.0	909.0	2	0.2554278416347382	909.0	0	0.0	909.0	0	0.0
info	6	152	227682.5	5	0.6385696040868455	227682.5	6	0.7662835249042146	915.0	1	0.1277139208173691	915.0	0	0.0	915.0	0	0.0
info	6	153	229175.5	2	0.2554278416347382	229175.5	0	0.0	921.0	0	0.0	921.0	0	0.0	921.0	0	0.0
info	6	154	230668.5	4	0.5108556832694764	230668.5	6	0.7662835249042146	927.0	0	0.0	927.0	0	0.0	927.0	0	0.0
info	6	155	232161.5	5	0.6385696040868455	232161.5	3	0.3831417624521073	933.0	0	0.0	933.0	0	0.0	933.0	0	0.0
info	6	156	233654.5	1	0.1277139208173691	233654.5	3	0.3831417624521073	939.0	0	0.0	939.0	0	0.0	939.0	0	0.0
info	6	157	235147.5	6	0.7662835249042146	235147.5	6	0.7662835249042146	945.0	0	0.0	945.0	0	0.0	945.0	0	0.0
info	6	158	236640.5	4	0.5108556832694764	236640.5	4	0.5108556832694764	951.0	0	0.0	951.0	0	0.0	951.0	0	0.0
info	6	159	238133.5	2	0.2554278416347382	238133.5	2	0.2554278416347382	957.0	0	0.0	957.0	0	0.0	957.0	0	0.0
info	6	160	239626.5	6	0.7662835249042146	239626.5	6	0.7662835249042146	963.0	0	0.0	963.0	0	0.0	963.0	0	0.0
info	6	161	241119.5	2	0.2554278416347382	241119.5	0	0.0	969.0	0	0.0	969.0	0	0.0	969.0	0	0.0
info	6	162	242612.5	4	0.5108556832694764	242612.5	6	0.7662835249042146	975.0	0	0.0	975.0	0	0.0	975.0	0	0.0
info	6	163	244105.5	6	0.7662835249042146	244105.5	6	0.7662835249042146	981.0	1	0.1277139208173691	981.0	0	0.0	981.0	0	0.0
info	6	164	245598.5	1	0.1277139208173691	245598.5	0	0.0	987.0	3	0.3831417624521073	987.0	0	0.0	987.0	0	0.0
info	6	165	247091.5	5	0.6385696040868455	247091.5	6	0.7662835249042146	993.0	1	0.1277139208173691	993.0	0	0.0	993.0	0	0.0
info	6	166	248584.5	2	0.2554278416347382	248584.5	0	0.0	999.0	4	0.5108556832694764	999.0	0	0.0	999.0	0	0.0
info	6	167	250077.5	4	0.5108556832694764	250077.5	6	0.7662835249042146	1005.0	2	0.2554278416347382	1005.0	0	0.0	1005.0	0	0.0
info	6	168	251570.5	6	0.7662835249042146	251570.5	6	0.7662835249042146	1011.0	1	0.1277139208173691	1011.0	0	0.0	1011.0	0	0.0
info	6	169	253063.5	1	0.1277139208173691	253063.5	0	0.0	1017.0	2	0.2554278416347382	1017.0	0	0.0	1017.0	0	0.0
info	6	170	254556.5	5	0.6385696040868455	254556.5	6	0.7662835249042146	1023.0	0	0.0	1023.0	0	0.0	1023.0	0	0.0
info	6	171	256049.5	6	0.7662835249042146	256049.5	5	0.6385696040868455	1029.0	0	0.0	1029.0	0	0.0	1029.0	0	0.0
info	6	172	257542.5	0	0.0	257542.5	1	0.1277139208173691	1035.0	0	0.0	1035.0	0	0.0	1035.0	0	0.0
info	6	173	259035.5	6	0.7662835249042146	259035.5	6	0.7662835249042146	1041.0	0	0.0	1041.0	0	0.0	1041.0	0	0.0
info	6	174	260528.5	1	0.1277139208173691	260528.5	0	0.0	1047.0	0	0.0	1047.0	0	0.0	1047.0	0	0.0
info	6	175	262021.5	5	0.6385696040868455	262021.5	6	0.7662835249042146	1053.0	0	0.0	1053.0	0	0.0	1053.0	0	0.0
info	6	176	263514.5	6	0.7662835249042146	263514.5	6	0.7662835249042146	1059.0	0	0.0	1059.0	0	0.0	1059.0	0	0.0
info	6	177	265007.5	1	0.1277139208173691	265007.5	0	0.0	1065.0	0	0.0	1065.0	0	0.0	1065.0	0	0.0
info	6	178	266500.5	5	0.6385696040868455	266500.5	6	0.7662835249042146	1071.0	1	0.1277139208173691	1071.0	0	0.0	1071.0	0	0.0
info	6	179	267993.5	4	0.5108556832694764	267993.5	4	0.5108556832694764	1077.0	1	0.1277139208173691	1077.0	0	0.0	1077.0	0	0.0
info	6	180	269486.5	2	0.2554278416347382	269486.5	2	0.2554278416347382	1083.0	0	0.0	1083.0	0	0.0	1083.0	0	0.0
info	6	181	270979.5	6	0.7662835249042146	270979.5	6	0.7662835249042146	1089.0	2	0.2554278416347382	1089.0	0	0.0	1089.0	0	0.0
info	6	182	272472.5	6	0.7662835249042146	272472.5	5	0.6385696040868455	1095.0	3	0.3831417624521073	1095.0	0	0.0	1095.0	0	0.0
info	6	183	273965.5	2	0.2554278416347382	273965.5	2	0.2554278416347382	1101.0	0	0.0	1101.0	0	0.0	1101.0	0	0.0
info	6	184	275458.5	5	0.6385696040868455	275458.5	6	0.7662835249042146	1107.0	0	0.0	1107.0	0	0.0	1107.0	0	0.0
info	6	185	276951.5	7	0.8939974457215837	276951.5	7	0.8939974457215837	1113.0	0	0.0	1113.0	0	0.0	1113.0	0	0.0
info	6	186	278444.5	4	0.5108556832694764	278444.5	4	0.5108556832694764	1119.0	0	0.0	1119.0	0	0.0	1119.0	0	0.0
info	6	187	279937.5	2	0.2554278416347382	279937.5	2	0.2554278416347382	1125.0	0	0.0	1125.0	0	0.0	1125.0	0	0.0
info	6	188	281430.5	6	0.7662835249042146	281430.5	6	0.7662835249042146	1131.0	0	0.0	1131.0	0	0.0	1131.0	0	0.0
info	6	189	282923.5	2	0.2554278416347382	282923.5	0	0.0	1137.0	0	0.0	1137.0	0	0.0	1137.0	0	0.0
info	6	190	284416.5	4	0.5108556832694764	284416.5	6	0.7662835249042146	1143.0	0	0.0	1143.0	0	0.0	1143.0	0	0.0
info	6	191	285909.5	6	0.7662835249042146	285909.5	6	0.7662835249042146	1149.0	0	0.0	1149.0	0	0.0	1149.0	0	0.0
info	6	192	287402.5	1	0.1277139208173691	287402.5	0	0.0	1155.0	0	0.0	1155.0	0	0.0	1155.0	0	0.0
info	6	193	288895.5	5	0.6385696040868455	288895.5	6	0.7662835249042146	1161.0	0	0.0	1161.0	0	0.0	1161.0	0	0.0
info	6	194	290388.5	3	0.3831417624521073	290388.5	3	0.3831417624521073	1167.0	0	0.0	1167.0	0	0.0	1167.0	0	0.0
info	6	195	291881.5	3	0.3831417624521073	291881.5	3	0.3831417624521073	1173.0	0	0.0	1173.0	0	0.0	1173.0	0	0.0
info	6	196	293374.5	6	0.7662835249042146	293374.5	6	0.7662835249042146	1179.0	0	0.0	1179.0	0	0.0	1179.0	0	0.0
info	6	197	294867.5	1	0.1277139208173691	294867.5	0	0.0	1185.0	0	0.0	1185.0	0	0.0	1185.0	0	0.0
info	6	198	296360.5	5	0.6385696040868455	296360.5	6	0.7662835249042146	1191.0	0	0.0	1191.0	0	0.0	1191.0	0	0.0
info	6	199	297853.5	4	0.5108556832694764	297853.5	4	0.5108556832694764	1197.0	0	0.0	1197.0	0	0.0	1197.0	0	0.0
home	6	0	745.5	6	0.7662835249042146	745.5	6	0.7662835249042146	2.0	3	0.3831417624521073	3.0	783	100.0	3.0	783	100.0
home	6	1	2236.5	6	0.7662835249042146	2236.5	6	0.7662835249042146	6.0	268	34.22733077905492	9.0	0	0.0	9.0	0	0.0
home	6	2	3727.5	3	0.3831417624521073	3727.5	1	0.1277139208173691	10.0	76	9.706257982120052	15.0	0	0.0	15.0	0	0.0
home	6	3	5218.5	3	0.3831417624521073	5218.5	5	0.6385696040868455	14.0	74	9.450830140485314	21.0	0	0.0	21.0	0	0.0
home	6	4	6709.5	6	0.7662835249042146	6709.5	6	0.7662835249042146	18.0	44	5.619412515964241	27.0	0	0.0	27.0	0	0.0
home	6	5	8200.5	3	0.3831417624521073	8200.5	3	0.3831417624521073	22.0	23	2.9374201787994894	33.0	0	0.0	33.0	0	0.0
home	6	6	9691.5	3	0.3831417624521073	9691.5	3	0.3831417624521073	26.0	3	0.3831417624521073	39.0	0	0.0	39.0	0	0.0
home	6	7	11182.5	6	0.7662835249042146	11182.5	6	0.7662835249042146	30.0	3	0.3831417624521073	45.0	0	0.0	45.0	0	0.0
home	6	8	12673.5	4	0.5108556832694764	12673.5	3	0.3831417624521073	34.0	1	0.1277139208173691	51.0	0	0.0	51.0	0	0.0
home	6	9	14164.5	2	0.2554278416347382	14164.5	3	0.3831417624521073	38.0	3	0.3831417624521073	57.0	0	0.0	57.0	0	0.0
home	6	10	15655.5	6	0.7662835249042146	15655.5	6	0.7662835249042146	42.0	3	0.3831417624521073	63.0	0	0.0	63.0	0	0.0
home	6	11	17146.5	0	0.0	17146.5	0	0.0	46.0	1	0.1277139208173691	69.0	0	0.0	69.0	0	0.0
home	6	12	18637.5	6	0.7662835249042146	18637.5	6	0.7662835249042146	50.0	1	0.1277139208173691	75.0	0	0.0	75.0	0	0.0
home	6	13	20128.5	5	0.6385696040868455	20128.5	5	0.6385696040868455	54.0	1	0.1277139208173691	81.0	0	0.0	81.0	0	0.0
home	6	14	21619.5	1	0.1277139208173691	21619.5	1	0.1277139208173691	58.0	0	0.0	87.0	0	0.0	87.0	0	0.0
home	6	15	23110.5	6	0.7662835249042146	23110.5	6	0.7662835249042146	62.0	2	0.2554278416347382	93.0	0	0.0	93.0	0	0.0
home	6	16	24601.5	6	0.7662835249042146	24601.5	6	0.7662835249042146	66.0	1	0.1277139208173691	99.0	0	0.0	99.0	0	0.0
home	6	17	26092.5	0	0.0	26092.5	0	0.0	70.0	5	0.6385696040868455	105.0	0	0.0	105.0	0	0.0
home	6	18	27583.5	6	0.7662835249042146	27583.5	6	0.7662835249042146	74.0	16	2.0434227330779056	111.0	0	0.0	111.0	0	0.0
home	6	19	29074.5	0	0.0	29074.5	0	0.0	78.0	22	2.8097062579821204	117.0	0	0.0	117.0	0	0.0
home	6	20	30565.5	6	0.7662835249042146	30565.5	6	0.7662835249042146	82.0	36	4.597701149425287	123.0	0	0.0	123.0	0	0.0
home	6	21	32056.5	6	0.7662835249042146	32056.5	5	0.6385696040868455	86.0	44	5.619412515964241	129.0	0	0.0	129.0	0	0.0
home	6	22	33547.5	0	0.0	33547.5	1	0.1277139208173691	90.0	46	5.874840357598979	135.0	0	0.0	135.0	0	0.0
home	6	23	35038.5	6	0.7662835249042146	35038.5	6	0.7662835249042146	94.0	36	4.597701149425287	141.0	0	0.0	141.0	0	0.0
home	6	24	36529.5	6	0.7662835249042146	36529.5	6	0.7662835249042146	98.0	27	3.4482758620689657	147.0	0	0.0	147.0	0	0.0
home	6	25	38020.5	0	0.0	38020.5	0	0.0	102.0	18	2.2988505747126435	153.0	0	0.0	153.0	0	0.0
home	6	26	39511.5	6	0.7662835249042146	39511.5	6	0.7662835249042146	106.0	7	0.8939974457215837	159.0	0	0.0	159.0	0	0.0
home	6	27	41002.5	5	0.6385696040868455	41002.5	4	0.5108556832694764	110.0	3	0.3831417624521073	165.0	0	0.0	165.0	0	0.0
home	6	28	42493.5	1	0.1277139208173691	42493.5	2	0.2554278416347382	114.0	3	0.3831417624521073	171.0	0	0.0	171.0	0	0.0
home	6	29	43984.5	6	0.7662835249042146	43984.5	6	0.7662835249042146	118.0	0	0.0	177.0	0	0.0	177.0	0	0.0
home	6	30	45475.5	4	0.5108556832694764	45475.5	4	0.5108556832694764	122.0	1	0.1277139208173691	183.0	0	0.0	183.0	0	0.0
home	6	31	46966.5	2	0.2554278416347382	46966.5	2	0.2554278416347382	126.0	0	0.0	189.0	0	0.0	189.0	0	0.0
home	6	32	48457.5	6	0.7662835249042146	48457.5	6	0.7662835249042146	130.0	0	0.0	195.0	0	0.0	195.0	0	0.0
home	6	33	49948.5	4	0.5108556832694764	49948.5	4	0.5108556832694764	134.0	0	0.0	201.0	0	0.0	201.0	0	0.0
home	6	34	51439.5	2	0.2554278416347382	51439.5	2	0.2554278416347382	138.0	0	0.0	207.0	0	0.0	207.0	0	0.0
home	6	35	52930.5	6	0.7662835249042146	52930.5	6	0.7662835249042146	142.0	0	0.0	213.0	0	0.0	213.0	0	0.0
home	6	36	54421.5	4	0.5108556832694764	54421.5	4	0.5108556832694764	146.0	0	0.0	219.0	0	0.0	219.0	0	0.0
home	6	37	55912.5	2	0.2554278416347382	55912.5	2	0.2554278416347382	150.0	0	0.0	225.0	0	0.0	225.0	0	0.0
home	6	38	57403.5	6	0.7662835249042146	57403.5	6	0.7662835249042146	154.0	0	0.0	231.0	0	0.0	231.0	0	0.0
home	6	39	58894.5	6	0.7662835249042146	58894.5	6	0.7662835249042146	158.0	0	0.0	237.0	0	0.0	237.0	0	0.0
home	6	40	60385.5	0	0.0	60385.5	0	0.0	162.0	0	0.0	243.0	0	0.0	243.0	0	0.0
home	6	41	61876.5	6	0.7662835249042146	61876.5	6	0.7662835249042146	166.0	0	0.0	249.0	0	0.0	249.0	0	0.0
home	6	42	63367.5	0	0.0	63367.5	0	0.0	170.0	1	0.1277139208173691	255.0	0	0.0	255.0	0	0.0
home	6	43	64858.5	6	0.7662835249042146	64858.5	6	0.7662835249042146	174.0	1	0.1277139208173691	261.0	0	0.0	261.0	0	0.0
home	6	44	66349.5	6	0.7662835249042146	66349.5	6	0.7662835249042146	178.0	4	0.5108556832694764	267.0	0	0.0	267.0	0	0.0
home	6	45	67840.5	0	0.0	67840.5	0	0.0	182.0	0	0.0	273.0	0	0.0	273.0	0	0.0
home	6	46	69331.5	6	0.7662835249042146	69331.5	6	0.7662835249042146	186.0	1	0.1277139208173691	279.0	0	0.0	279.0	0	0.0
home	6	47	70822.5	0	0.0	70822.5	0	0.0	190.0	0	0.0	285.0	0	0.0	285.0	0	0.0
home	6	48	72313.5	6	0.7662835249042146	72313.5	6	0.7662835249042146	194.0	0	0.0	291.0	0	0.0	291.0	0	0.0
home	6	49	73804.5	6	0.7662835249042146	73804.5	6	0.7662835249042146	198.0	0	0.0	297.0	0	0.0	297.0	0	0.0
home	6	50	75295.5	0	0.0	75295.5	0	0.0	202.0	0	0.0	303.0	0	0.0	303.0	0	0.0
home	6	51	76786.5	6	0.7662835249042146	76786.5	6	0.7662835249042146	206.0	0	0.0	309.0	0	0.0	309.0	0	0.0
home	6	52	78277.5	0	0.0	78277.5	0	0.0	210.0	0	0.0	315.0	0	0.0	315.0	0	0.0
home	6	53	79768.5	6	0.7662835249042146	79768.5	6	0.7662835249042146	214.0	0	0.0	321.0	0	0.0	321.0	0	0.0
home	6	54	81259.5	1	0.1277139208173691	81259.5	0	0.0	218.0	0	0.0	327.0	0	0.0	327.0	0	0.0
home	6	55	82750.5	5	0.6385696040868455	82750.5	6	0.7662835249042146	222.0	0	0.0	333.0	0	0.0	333.0	0	0.0
home	6	56	84241.5	6	0.7662835249042146	84241.5	6	0.7662835249042146	226.0	0	0.0	339.0	0	0.0	339.0	0	0.0
home	6	57	85732.5	0	0.0	85732.5	0	0.0	230.0	0	0.0	345.0	0	0.0	345.0	0	0.0
home	6	58	87223.5	6	0.7662835249042146	87223.5	6	0.7662835249042146	234.0	0	0.0	351.0	0	0.0	351.0	0	0.0
home	6	59	88714.5	0	0.0	88714.5	0	0.0	238.0	0	0.0	357.0	0	0.0	357.0	0	0.0
home	6	60	90205.5	6	0.7662835249042146	90205.5	6	0.7662835249042146	242.0	0	0.0	363.0	0	0.0	363.0	0	0.0
home	6	61	91696.5	6	0.7662835249042146	91696.5	6	0.7662835249042146	246.0	0	0.0	369.0	0	0.0	369.0	0	0.0
home	6	62	93187.5	4	0.5108556832694764	93187.5	4	0.5108556832694764	250.0	0	0.0	375.0	0	0.0	375.0	0	0.0
home	6	63	94678.5	2	0.2554278416347382	94678.5	2	0.2554278416347382	254.0	0	0.0	381.0	0	0.0	381.0	0	0.0
home	6	64	96169.5	6	0.7662835249042146	96169.5	6	0.7662835249042146	258.0	0	0.0	387.0	0	0.0	387.0	0	0.0
home	6	65	97660.5	6	0.7662835249042146	97660.5	6	0.7662835249042146	262.0	0	0.0	393.0	0	0.0	393.0	0	0.0
home	6	66	99151.5	4	0.5108556832694764	99151.5	3	0.3831417624521073	266.0	0	0.0	399.0	0	0.0	399.0	0	0.0
home	6	67	100642.5	2	0.2554278416347382	100642.5	3	0.3831417624521073	270.0	0	0.0	405.0	0	0.0	405.0	0	0.0
home	6	68	102133.5	6	0.7662835249042146	102133.5	6	0.7662835249042146	274.0	0	0.0	411.0	0	0.0	411.0	0	0.0
home	6	69	103624.5	0	0.0	103624.5	0	0.0	278.0	0	0.0	417.0	0	0.0	417.0	0	0.0
home	6	70	105115.5	6	0.7662835249042146	105115.5	6	0.7662835249042146	282.0	0	0.0	423.0	0	0.0	423.0	0	0.0
home	6	71	106606.5	6	0.7662835249042146	106606.5	6	0.7662835249042146	286.0	0	0.0	429.0	0	0.0	429.0	0	0.0
home	6	72	108097.5	0	0.0	108097.5	0	0.0	290.0	0	0.0	435.0	0	0.0	435.0	0	0.0
home	6	73	109588.5	6	0.7662835249042146	109588.5	6	0.7662835249042146	294.0	0	0.0	441.0	0	0.0	441.0	0	0.0
home	6	74	111079.5	4	0.5108556832694764	111079.5	4	0.5108556832694764	298.0	0	0.0	447.0	0	0.0	447.0	0	0.0
home	6	75	112570.5	2	0.2554278416347382	112570.5	2	0.2554278416347382	302.0	0	0.0	453.0	0	0.0	453.0	0	0.0
home	6	76	114061.5	6	0.7662835249042146	114061.5	6	0.7662835249042146	306.0	0	0.0	459.0	0	0.0	459.0	0	0.0
home	6	77	115552.5	0	0.0	115552.5	0	0.0	310.0	0	0.0	465.0	0	0.0	465.0	0	0.0
home	6	78	117043.5	6	0.7662835249042146	117043.5	6	0.7662835249042146	314.0	0	0.0	471.0	0	0.0	471.0	0	0.0
home	6	79	118534.5	6	0.7662835249042146	118534.5	6	0.7662835249042146	318.0	0	0.0	477.0	0	0.0	477.0	0	0.0
home	6	80	120025.5	0	0.0	120025.5	0	0.0	322.0	0	0.0	483.0	0	0.0	483.0	0	0.0
home	6	81	121516.5	6	0.7662835249042146	121516.5	6	0.7662835249042146	326.0	0	0.0	489.0	0	0.0	489.0	0	0.0
home	6	82	123007.5	0	0.0	123007.5	0	0.0	330.0	0	0.0	495.0	0	0.0	495.0	0	0.0
home	6	83	124498.5	6	0.7662835249042146	124498.5	6	0.7662835249042146	334.0	0	0.0	501.0	0	0.0	501.0	0	0.0
home	6	84	125989.5	6	0.7662835249042146	125989.5	6	0.7662835249042146	338.0	0	0.0	507.0	0	0.0	507.0	0	0.0
home	6	85	127480.5	0	0.0	127480.5	0	0.0	342.0	0	0.0	513.0	0	0.0	513.0	0	0.0
home	6	86	128971.5	6	0.7662835249042146	128971.5	6	0.7662835249042146	346.0	0	0.0	519.0	0	0.0	519.0	0	0.0
home	6	87	130462.5	4	0.5108556832694764	130462.5	4	0.5108556832694764	350.0	0	0.0	525.0	0	0.0	525.0	0	0.0
home	6	88	131953.5	2	0.2554278416347382	131953.5	2	0.2554278416347382	354.0	0	0.0	531.0	0	0.0	531.0	0	0.0
home	6	89	133444.5	6	0.7662835249042146	133444.5	6	0.7662835249042146	358.0	0	0.0	537.0	0	0.0	537.0	0	0.0
home	6	90	134935.5	6	0.7662835249042146	134935.5	6	0.7662835249042146	362.0	0	0.0	543.0	0	0.0	543.0	0	0.0
home	6	91	136426.5	3	0.3831417624521073	136426.5	1	0.1277139208173691	366.0	0	0.0	549.0	0	0.0	549.0	0	0.0
home	6	92	137917.5	3	0.3831417624521073	137917.5	5	0.6385696040868455	370.0	0	0.0	555.0	0	0.0	555.0	0	0.0
home	6	93	139408.5	6	0.7662835249042146	139408.5	6	0.7662835249042146	374.0	0	0.0	561.0	0	0.0	561.0	0	0.0
home	6	94	140899.5	6	0.7662835249042146	140899.5	6	0.7662835249042146	378.0	1	0.1277139208173691	567.0	0	0.0	567.0	0	0.0
home	6	95	142390.5	0	0.0	142390.5	0	0.0	382.0	0	0.0	573.0	0	0.0	573.0	0	0.0
home	6	96	143881.5	6	0.7662835249042146	143881.5	6	0.7662835249042146	386.0	0	0.0	579.0	0	0.0	579.0	0	0.0
home	6	97	145372.5	6	0.7662835249042146	145372.5	6	0.7662835249042146	390.0	0	0.0	585.0	0	0.0	585.0	0	0.0
home	6	98	146863.5	0	0.0	146863.5	0	0.0	394.0	0	0.0	591.0	0	0.0	591.0	0	0.0
home	6	99	148354.5	6	0.7662835249042146	148354.5	6	0.7662835249042146	398.0	0	0.0	597.0	0	0.0	597.0	0	0.0
home	6	100	149845.5	4	0.5108556832694764	149845.5	4	0.5108556832694764	402.0	0	0.0	603.0	0	0.0	603.0	0	0.0
home	6	101	151336.5	3	0.3831417624521073	151336.5	3	0.3831417624521073	406.0	1	0.1277139208173691	609.0	0	0.0	609.0	0	0.0
home	6	102	152827.5	6	0.7662835249042146	152827.5	6	0.7662835249042146	410.0	0	0.0	615.0	0	0.0	615.0	0	0.0
home	6	103	154318.5	3	0.3831417624521073	154318.5	3	0.3831417624521073	414.0	0	0.0	621.0	0	0.0	621.0	0	0.0
home	6	104	155809.5	3	0.3831417624521073	155809.5	3	0.3831417624521073	418.0	0	0.0	627.0	0	0.0	627.0	0	0.0
home	6	105	157300.5	6	0.7662835249042146	157300.5	6	0.7662835249042146	422.0	0	0.0	633.0	0	0.0	633.0	0	0.0
home	6	106	158791.5	4	0.5108556832694764	158791.5	4	0.5108556832694764	426.0	0	0.0	639.0	0	0.0	639.0	0	0.0
home	6	107	160282.5	2	0.2554278416347382	160282.5	2	0.2554278416347382	430.0	0	0.0	645.0	0	0.0	645.0	0	0.0
home	6	108	161773.5	6	0.7662835249042146	161773.5	6	0.7662835249042146	434.0	0	0.0	651.0	0	0.0	651.0	0	0.0
home	6	109	163264.5	4	0.5108556832694764	163264.5	4	0.5108556832694764	438.0	0	0.0	657.0	0	0.0	657.0	0	0.0
home	6	110	164755.5	2	0.2554278416347382	164755.5	2	0.2554278416347382	442.0	0	0.0	663.0	0	0.0	663.0	0	0.0
home	6	111	166246.5	6	0.7662835249042146	166246.5	6	0.7662835249042146	446.0	0	0.0	669.0	0	0.0	669.0	0	0.0
home	6	112	167737.5	0	0.0	167737.5	0	0.0	450.0	0	0.0	675.0	0	0.0	675.0	0	0.0
home	6	113	169228.5	6	0.7662835249042146	169228.5	6	0.7662835249042146	454.0	0	0.0	681.0	0	0.0	681.0	0	0.0
home	6	114	170719.5	6	0.7662835249042146	170719.5	6	0.7662835249042146	458.0	0	0.0	687.0	0	0.0	687.0	0	0.0
home	6	115	172210.5	0	0.0	172210.5	0	0.0	462.0	0	0.0	693.0	0	0.0	693.0	0	0.0
home	6	116	173701.5	6	0.7662835249042146	173701.5	6	0.7662835249042146	466.0	0	0.0	699.0	0	0.0	699.0	0	0.0
home	6	117	175192.5	0	0.0	175192.5	0	0.0	470.0	0	0.0	705.0	0	0.0	705.0	0	0.0
home	6	118	176683.5	6	0.7662835249042146	176683.5	6	0.7662835249042146	474.0	0	0.0	711.0	0	0.0	711.0	0	0.0
home	6	119	178174.5	6	0.7662835249042146	178174.5	4	0.5108556832694764	478.0	0	0.0	717.0	0	0.0	717.0	0	0.0
home	6	120	179665.5	1	0.1277139208173691	179665.5	3	0.3831417624521073	482.0	0	0.0	723.0	0	0.0	723.0	0	0.0
home	6	121	181156.5	6	0.7662835249042146	181156.5	6	0.7662835249042146	486.0	0	0.0	729.0	0	0.0	729.0	0	0.0
home	6	122	182647.5	6	0.7662835249042146	182647.5	6	0.7662835249042146	490.0	0	0.0	735.0	0	0.0	735.0	0	0.0
home	6	123	184138.5	0	0.0	184138.5	0	0.0	494.0	0	0.0	741.0	0	0.0	741.0	0	0.0
home	6	124	185629.5	6	0.7662835249042146	185629.5	6	0.7662835249042146	498.0	0	0.0	747.0	0	0.0	747.0	0	0.0
home	6	125	187120.5	6	0.7662835249042146	187120.5	6	0.7662835249042146	502.0	1	0.1277139208173691	753.0	0	0.0	753.0	0	0.0
home	6	126	188611.5	0	0.0	188611.5	0	0.0	506.0	0	0.0	759.0	0	0.0	759.0	0	0.0
home	6	127	190102.5	6	0.7662835249042146	190102.5	6	0.7662835249042146	510.0	0	0.0	765.0	0	0.0	765.0	0	0.0
home	6	128	191593.5	6	0.7662835249042146	191593.5	6	0.7662835249042146	514.0	0	0.0	771.0	0	0.0	771.0	0	0.0
home	6	129	193084.5	0	0.0	193084.5	0	0.0	518.0	0	0.0	777.0	0	0.0	777.0	0	0.0
home	6	130	194575.5	6	0.7662835249042146	194575.5	6	0.7662835249042146	522.0	0	0.0	783.0	0	0.0	783.0	0	0.0
home	6	131	196066.5	6	0.7662835249042146	196066.5	6	0.7662835249042146	526.0	0	0.0	789.0	0	0.0	789.0	0	0.0
home	6	132	197557.5	4	0.5108556832694764	197557.5	1	0.1277139208173691	530.0	0	0.0	795.0	0	0.0	795.0	0	0.0
home	6	133	199048.5	3	0.3831417624521073	199048.5	6	0.7662835249042146	534.0	0	0.0	801.0	0	0.0	801.0	0	0.0
home	6	134	200539.5	6	0.7662835249042146	200539.5	6	0.7662835249042146	538.0	0	0.0	807.0	0	0.0	807.0	0	0.0
home	6	135	202030.5	3	0.3831417624521073	202030.5	1	0.1277139208173691	542.0	0	0.0	813.0	0	0.0	813.0	0	0.0
home	6	136	203521.5	3	0.3831417624521073	203521.5	5	0.6385696040868455	546.0	0	0.0	819.0	0	0.0	819.0	0	0.0
home	6	137	205012.5	6	0.7662835249042146	205012.5	6	0.7662835249042146	550.0	0	0.0	825.0	0	0.0	825.0	0	0.0
home	6	138	206503.5	6	0.7662835249042146	206503.5	6	0.7662835249042146	554.0	0	0.0	831.0	0	0.0	831.0	0	0.0
home	6	139	207994.5	4	0.5108556832694764	207994.5	4	0.5108556832694764	558.0	0	0.0	837.0	0	0.0	837.0	0	0.0
home	6	140	209485.5	2	0.2554278416347382	209485.5	2	0.2554278416347382	562.0	0	0.0	843.0	0	0.0	843.0	0	0.0
home	6	141	210976.5	6	0.7662835249042146	210976.5	6	0.7662835249042146	566.0	0	0.0	849.0	0	0.0	849.0	0	0.0
home	6	142	212467.5	4	0.5108556832694764	212467.5	3	0.3831417624521073	570.0	0	0.0	855.0	0	0.0	855.0	0	0.0
home	6	143	213958.5	2	0.2554278416347382	213958.5	3	0.3831417624521073	574.0	0	0.0	861.0	0	0.0	861.0	0	0.0
home	6	144	215449.5	6	0.7662835249042146	215449.5	6	0.7662835249042146	578.0	0	0.0	867.0	0	0.0	867.0	0	0.0
home	6	145	216940.5	0	0.0	216940.5	0	0.0	582.0	0	0.0	873.0	0	0.0	873.0	0	0.0
home	6	146	218431.5	6	0.7662835249042146	218431.5	6	0.7662835249042146	586.0	1	0.1277139208173691	879.0	0	0.0	879.0	0	0.0
home	6	147	219922.5	6	0.7662835249042146	219922.5	6	0.7662835249042146	590.0	0	0.0	885.0	0	0.0	885.0	0	0.0
home	6	148	221413.5	0	0.0	221413.5	0	0.0	594.0	0	0.0	891.0	0	0.0	891.0	0	0.0
home	6	149	222904.5	6	0.7662835249042146	222904.5	6	0.7662835249042146	598.0	0	0.0	897.0	0	0.0	897.0	0	0.0
home	6	150	224395.5	6	0.7662835249042146	224395.5	6	0.7662835249042146	602.0	1	0.1277139208173691	903.0	0	0.0	903.0	0	0.0
home	6	151	225886.5	0	0.0	225886.5	0	0.0	606.0	0	0.0	909.0	0	0.0	909.0	0	0.0
home	6	152	227377.5	6	0.7662835249042146	227377.5	6	0.7662835249042146	610.0	0	0.0	915.0	0	0.0	915.0	0	0.0
home	6	153	228868.5	0	0.0	228868.5	0	0.0	614.0	0	0.0	921.0	0	0.0	921.0	0	0.0
home	6	154	230359.5	6	0.7662835249042146	230359.5	6	0.7662835249042146	618.0	0	0.0	927.0	0	0.0	927.0	0	0.0
home	6	155	231850.5	6	0.7662835249042146	231850.5	6	0.7662835249042146	622.0	0	0.0	933.0	0	0.0	933.0	0	0.0
home	6	156	233341.5	0	0.0	233341.5	0	0.0	626.0	0	0.0	939.0	0	0.0	939.0	0	0.0
home	6	157	234832.5	6	0.7662835249042146	234832.5	6	0.7662835249042146	630.0	0	0.0	945.0	0	0.0	945.0	0	0.0
home	6	158	236323.5	4	0.5108556832694764	236323.5	4	0.5108556832694764	634.0	0	0.0	951.0	0	0.0	951.0	0	0.0
home	6	159	237814.5	2	0.2554278416347382	237814.5	2	0.2554278416347382	638.0	0	0.0	957.0	0	0.0	957.0	0	0.0
home	6	160	239305.5	6	0.7662835249042146	239305.5	6	0.7662835249042146	642.0	0	0.0	963.0	0	0.0	963.0	0	0.0
home	6	161	240796.5	5	0.6385696040868455	240796.5	5	0.6385696040868455	646.0	0	0.0	969.0	0	0.0	969.0	0	0.0
home	6	162	242287.5	1	0.1277139208173691	242287.5	1	0.1277139208173691	650.0	0	0.0	975.0	0	0.0	975.0	0	0.0
home	6	163	243778.5	6	0.7662835249042146	243778.5	6	0.7662835249042146	654.0	0	0.0	981.0	0	0.0	981.0	0	0.0
home	6	164	245269.5	0	0.0	245269.5	0	0.0	658.0	0	0.0	987.0	0	0.0	987.0	0	0.0
home	6	165	246760.5	6	0.7662835249042146	246760.5	6	0.7662835249042146	662.0	0	0.0	993.0	0	0.0	993.0	0	0.0
home	6	166	248251.5	0	0.0	248251.5	0	0.0	666.0	0	0.0	999.0	0	0.0	999.0	0	0.0
home	6	167	249742.5	6	0.7662835249042146	249742.5	6	0.7662835249042146	670.0	0	0.0	1005.0	0	0.0	1005.0	0	0.0
home	6	168	251233.5	6	0.7662835249042146	251233.5	6	0.7662835249042146	674.0	0	0.0	1011.0	0	0.0	1011.0	0	0.0
home	6	169	252724.5	0	0.0	252724.5	0	0.0	678.0	0	0.0	1017.0	0	0.0	1017.0	0	0.0
home	6	170	254215.5	6	0.7662835249042146	254215.5	6	0.7662835249042146	682.0	0	0.0	1023.0	0	0.0	1023.0	0	0.0
home	6	171	255706.5	6	0.7662835249042146	255706.5	6	0.7662835249042146	686.0	0	0.0	1029.0	0	0.0	1029.0	0	0.0
home	6	172	257197.5	0	0.0	257197.5	0	0.0	690.0	0	0.0	1035.0	0	0.0	1035.0	0	0.0
home	6	173	258688.5	6	0.7662835249042146	258688.5	6	0.7662835249042146	694.0	0	0.0	1041.0	0	0.0	1041.0	0	0.0
home	6	174	260179.5	0	0.0	260179.5	0	0.0	698.0	0	0.0	1047.0	0	0.0	1047.0	0	0.0
home	6	175	261670.5	6	0.7662835249042146	261670.5	6	0.7662835249042146	702.0	0	0.0	1053.0	0	0.0	1053.0	0	0.0
home	6	176	263161.5	6	0.7662835249042146	263161.5	6	0.7662835249042146	706.0	0	0.0	1059.0	0	0.0	1059.0	0	0.0
home	6	177	264652.5	0	0.0	264652.5	0	0.0	710.0	0	0.0	1065.0	0	0.0	1065.0	0	0.0
home	6	178	266143.5	6	0.7662835249042146	266143.5	6	0.7662835249042146	714.0	0	0.0	1071.0	0	0.0	1071.0	0	0.0
home	6	179	267634.5	4	0.5108556832694764	267634.5	4	0.5108556832694764	718.0	0	0.0	1077.0	0	0.0	1077.0	0	0.0
home	6	180	269125.5	2	0.2554278416347382	269125.5	2	0.2554278416347382	722.0	0	0.0	1083.0	0	0.0	1083.0	0	0.0
home	6	181	270616.5	6	0.7662835249042146	270616.5	6	0.7662835249042146	726.0	0	0.0	1089.0	0	0.0	1089.0	0	0.0
home	6	182	272107.5	6	0.7662835249042146	272107.5	6	0.7662835249042146	730.0	0	0.0	1095.0	0	0.0	1095.0	0	0.0
home	6	183	273598.5	3	0.3831417624521073	273598.5	3	0.3831417624521073	734.0	0	0.0	1101.0	0	0.0	1101.0	0	0.0
home	6	184	275089.5	5	0.6385696040868455	275089.5	5	0.6385696040868455	738.0	0	0.0	1107.0	0	0.0	1107.0	0	0.0
home	6	185	276580.5	6	0.7662835249042146	276580.5	6	0.7662835249042146	742.0	0	0.0	1113.0	0	0.0	1113.0	0	0.0
home	6	186	278071.5	4	0.5108556832694764	278071.5	4	0.5108556832694764	746.0	0	0.0	1119.0	0	0.0	1119.0	0	0.0
home	6	187	279562.5	2	0.2554278416347382	279562.5	2	0.2554278416347382	750.0	0	0.0	1125.0	0	0.0	1125.0	0	0.0
home	6	188	281053.5	6	0.7662835249042146	281053.5	6	0.7662835249042146	754.0	0	0.0	1131.0	0	0.0	1131.0	0	0.0
home	6	189	282544.5	0	0.0	282544.5	0	0.0	758.0	0	0.0	1137.0	0	0.0	1137.0	0	0.0
home	6	190	284035.5	6	0.7662835249042146	284035.5	6	0.7662835249042146	762.0	0	0.0	1143.0	0	0.0	1143.0	0	0.0
home	6	191	285526.5	6	0.7662835249042146	285526.5	6	0.7662835249042146	766.0	0	0.0	1149.0	0	0.0	1149.0	0	0.0
home	6	192	287017.5	0	0.0	287017.5	0	0.0	770.0	0	0.0	1155.0	0	0.0	1155.0	0	0.0
home	6	193	288508.5	6	0.7662835249042146	288508.5	6	0.7662835249042146	774.0	0	0.0	1161.0	0	0.0	1161.0	0	0.0
home	6	194	289999.5	6	0.7662835249042146	289999.5	5	0.6385696040868455	778.0	0	0.0	1167.0	0	0.0	1167.0	0	0.0
home	6	195	291490.5	0	0.0	291490.5	1	0.1277139208173691	782.0	0	0.0	1173.0	0	0.0	1173.0	0	0.0
home	6	196	292981.5	6	0.7662835249042146	292981.5	6	0.7662835249042146	786.0	0	0.0	1179.0	0	0.0	1179.0	0	0.0
home	6	197	294472.5	0	0.0	294472.5	0	0.0	790.0	0	0.0	1185.0	0	0.0	1185.0	0	0.0
home	6	198	295963.5	6	0.7662835249042146	295963.5	6	0.7662835249042146	794.0	0	0.0	1191.0	0	0.0	1191.0	0	0.0
home	6	199	297454.5	4	0.5108556832694764	297454.5	4	0.5108556832694764	798.0	0	0.0	1197.0	0	0.0	1197.0	0	0.0
