'Request type'	'Load'	'Bucket'	'Start time'	'Absolute'	'Percent of requests'	'End time'	'Absolute'	'Percent of requests'	'Residence time'	'Absolute'	'Percent of requests'	'Theor. think time'	'Absolute'	'Percent of requests'	'Actual think time'	'Absolute'	'Percent of requests'
login	9	0	755.5	9	0.9900990099009901	755.5	4	0.44004400440044006	6.5	0	0.0	3.0	909	100.0	3.0	909	100.0
login	9	1	2266.5	0	0.0	2266.5	5	0.5500550055005501	19.5	0	0.0	9.0	0	0.0	9.0	0	0.0
login	9	2	3777.5	9	0.9900990099009901	3777.5	1	0.11001100110011001	32.5	0	0.0	15.0	0	0.0	15.0	0	0.0
login	9	3	5288.5	0	0.0	5288.5	8	0.8800880088008801	45.5	0	0.0	21.0	0	0.0	21.0	0	0.0
login	9	4	6799.5	9	0.9900990099009901	6799.5	3	0.33003300330033003	58.5	0	0.0	27.0	0	0.0	27.0	0	0.0
login	9	5	8310.5	6	0.6600660066006601	8310.5	6	0.6600660066006601	71.5	0	0.0	33.0	0	0.0	33.0	0	0.0
login	9	6	9821.5	3	0.33003300330033003	9821.5	4	0.44004400440044006	84.5	0	0.0	39.0	0	0.0	39.0	0	0.0
login	9	7	11332.5	0	0.0	11332.5	5	0.5500550055005501	97.5	0	0.0	45.0	0	0.0	45.0	0	0.0
login	9	8	12843.5	9	0.9900990099009901	12843.5	4	0.44004400440044006	110.5	0	0.0	51.0	0	0.0	51.0	0	0.0
login	9	9	14354.5	0	0.0	14354.5	5	0.5500550055005501	123.5	0	0.0	57.0	0	0.0	57.0	0	0.0
login	9	10	15865.5	9	0.9900990099009901	15865.5	4	0.44004400440044006	136.5	0	0.0	63.0	0	0.0	63.0	0	0.0
login	9	11	17376.5	0	0.0	17376.5	5	0.5500550055005501	149.5	0	0.0	69.0	0	0.0	69.0	0	0.0
login	9	12	18887.5	9	0.9900990099009901	18887.5	4	0.44004400440044006	162.5	0	0.0	75.0	0	0.0	75.0	0	0.0
login	9	13	20398.5	0	0.0	20398.5	5	0.5500550055005501	175.5	0	0.0	81.0	0	0.0	81.0	0	0.0
login	9	14	21909.5	9	0.9900990099009901	21909.5	4	0.44004400440044006	188.5	0	0.0	87.0	0	0.0	87.0	0	0.0
login	9	15	23420.5	0	0.0	23420.5	5	0.5500550055005501	201.5	0	0.0	93.0	0	0.0	93.0	0	0.0
login	9	16	24931.5	9	0.9900990099009901	24931.5	3	0.33003300330033003	214.5	0	0.0	99.0	0	0.0	99.0	0	0.0
login	9	17	26442.5	0	0.0	26442.5	6	0.6600660066006601	227.5	0	0.0	105.0	0	0.0	105.0	0	0.0
login	9	18	27953.5	9	0.9900990099009901	27953.5	2	0.22002200220022003	240.5	0	0.0	111.0	0	0.0	111.0	0	0.0
login	9	19	29464.5	0	0.0	29464.5	7	0.7700770077007701	253.5	0	0.0	117.0	0	0.0	117.0	0	0.0
login	9	20	30975.5	9	0.9900990099009901	30975.5	3	0.33003300330033003	266.5	0	0.0	123.0	0	0.0	123.0	0	0.0
login	9	21	32486.5	0	0.0	32486.5	6	0.6600660066006601	279.5	0	0.0	129.0	0	0.0	129.0	0	0.0
login	9	22	33997.5	9	0.9900990099009901	33997.5	1	0.11001100110011001	292.5	1	0.11001100110011001	135.0	0	0.0	135.0	0	0.0
login	9	23	35508.5	0	0.0	35508.5	8	0.8800880088008801	305.5	1	0.11001100110011001	141.0	0	0.0	141.0	0	0.0
login	9	24	37019.5	9	0.9900990099009901	37019.5	1	0.11001100110011001	318.5	1	0.11001100110011001	147.0	0	0.0	147.0	0	0.0
login	9	25	38530.5	0	0.0	38530.5	8	0.8800880088008801	331.5	0	0.0	153.0	0	0.0	153.0	0	0.0
login	9	26	40041.5	9	0.9900990099009901	40041.5	1	0.11001100110011001	344.5	0	0.0	159.0	0	0.0	159.0	0	0.0
login	9	27	41552.5	0	0.0	41552.5	6	0.6600660066006601	357.5	0	0.0	165.0	0	0.0	165.0	0	0.0
login	9	28	43063.5	9	0.9900990099009901	43063.5	3	0.33003300330033003	370.5	0	0.0	171.0	0	0.0	171.0	0	0.0
login	9	29	44574.5	0	0.0	44574.5	8	0.8800880088008801	383.5	0	0.0	177.0	0	0.0	177.0	0	0.0
login	9	30	46085.5	9	0.9900990099009901	46085.5	3	0.33003300330033003	396.5	0	0.0	183.0	0	0.0	183.0	0	0.0
login	9	31	47596.5	0	0.0	47596.5	6	0.6600660066006601	409.5	3	0.33003300330033003	189.0	0	0.0	189.0	0	0.0
login	9	32	49107.5	9	0.9900990099009901	49107.5	1	0.11001100110011001	422.5	1	0.11001100110011001	195.0	0	0.0	195.0	0	0.0
login	9	33	50618.5	0	0.0	50618.5	8	0.8800880088008801	435.5	0	0.0	201.0	0	0.0	201.0	0	0.0
login	9	34	52129.5	9	0.9900990099009901	52129.5	0	0.0	448.5	0	0.0	207.0	0	0.0	207.0	0	0.0
login	9	35	53640.5	0	0.0	53640.5	8	0.8800880088008801	461.5	0	0.0	213.0	0	0.0	213.0	0	0.0
login	9	36	55151.5	9	0.9900990099009901	55151.5	1	0.11001100110011001	474.5	1	0.11001100110011001	219.0	0	0.0	219.0	0	0.0
login	9	37	56662.5	0	0.0	56662.5	6	0.6600660066006601	487.5	7	0.7700770077007701	225.0	0	0.0	225.0	0	0.0
login	9	38	58173.5	9	0.9900990099009901	58173.5	3	0.33003300330033003	500.5	5	0.5500550055005501	231.0	0	0.0	231.0	0	0.0
login	9	39	59684.5	0	0.0	59684.5	6	0.6600660066006601	513.5	1	0.11001100110011001	237.0	0	0.0	237.0	0	0.0
login	9	40	61195.5	9	0.9900990099009901	61195.5	3	0.33003300330033003	526.5	1	0.11001100110011001	243.0	0	0.0	243.0	0	0.0
login	9	41	62706.5	0	0.0	62706.5	4	0.44004400440044006	539.5	0	0.0	249.0	0	0.0	249.0	0	0.0
login	9	42	64217.5	8	0.8800880088008801	64217.5	5	0.5500550055005501	552.5	0	0.0	255.0	0	0.0	255.0	0	0.0
login	9	43	65728.5	1	0.11001100110011001	65728.5	6	0.6600660066006601	565.5	1	0.11001100110011001	261.0	0	0.0	261.0	0	0.0
login	9	44	67239.5	7	0.7700770077007701	67239.5	3	0.33003300330033003	578.5	3	0.33003300330033003	267.0	0	0.0	267.0	0	0.0
login	9	45	68750.5	2	0.22002200220022003	68750.5	7	0.7700770077007701	591.5	5	0.5500550055005501	273.0	0	0.0	273.0	0	0.0
login	9	46	70261.5	9	0.9900990099009901	70261.5	3	0.33003300330033003	604.5	4	0.44004400440044006	279.0	0	0.0	279.0	0	0.0
login	9	47	71772.5	0	0.0	71772.5	5	0.5500550055005501	617.5	2	0.22002200220022003	285.0	0	0.0	285.0	0	0.0
login	9	48	73283.5	9	0.9900990099009901	73283.5	4	0.44004400440044006	630.5	0	0.0	291.0	0	0.0	291.0	0	0.0
login	9	49	74794.5	0	0.0	74794.5	8	0.8800880088008801	643.5	0	0.0	297.0	0	0.0	297.0	0	0.0
login	9	50	76305.5	9	0.9900990099009901	76305.5	3	0.33003300330033003	656.5	0	0.0	303.0	0	0.0	303.0	0	0.0
login	9	51	77816.5	6	0.6600660066006601	77816.5	6	0.6600660066006601	669.5	1	0.11001100110011001	309.0	0	0.0	309.0	0	0.0
login	9	52	79327.5	3	0.33003300330033003	79327.5	4	0.44004400440044006	682.5	2	0.22002200220022003	315.0	0	0.0	315.0	0	0.0
login	9	53	80838.5	8	0.8800880088008801	80838.5	5	0.5500550055005501	695.5	3	0.33003300330033003	321.0	0	0.0	321.0	0	0.0
login	9	54	82349.5	1	0.11001100110011001	82349.5	4	0.44004400440044006	708.5	2	0.22002200220022003	327.0	0	0.0	327.0	0	0.0
login	9	55	83860.5	0	0.0	83860.5	5	0.5500550055005501	721.5	1	0.11001100110011001	333.0	0	0.0	333.0	0	0.0
login	9	56	85371.5	9	0.9900990099009901	85371.5	4	0.44004400440044006	734.5	0	0.0	339.0	0	0.0	339.0	0	0.0
login	9	57	86882.5	0	0.0	86882.5	5	0.5500550055005501	747.5	0	0.0	345.0	0	0.0	345.0	0	0.0
login	9	58	88393.5	9	0.9900990099009901	88393.5	4	0.44004400440044006	760.5	0	0.0	351.0	0	0.0	351.0	0	0.0
login	9	59	89904.5	0	0.0	89904.5	5	0.5500550055005501	773.5	4	0.44004400440044006	357.0	0	0.0	357.0	0	0.0
login	9	60	91415.5	9	0.9900990099009901	91415.5	4	0.44004400440044006	786.5	3	0.33003300330033003	363.0	0	0.0	363.0	0	0.0
login	9	61	92926.5	0	0.0	92926.5	5	0.5500550055005501	799.5	8	0.8800880088008801	369.0	0	0.0	369.0	0	0.0
login	9	62	94437.5	9	0.9900990099009901	94437.5	0	0.0	812.5	4	0.44004400440044006	375.0	0	0.0	375.0	0	0.0
login	9	63	95948.5	0	0.0	95948.5	8	0.8800880088008801	825.5	0	0.0	381.0	0	0.0	381.0	0	0.0
login	9	64	97459.5	9	0.9900990099009901	97459.5	1	0.11001100110011001	838.5	0	0.0	387.0	0	0.0	387.0	0	0.0
login	9	65	98970.5	0	0.0	98970.5	6	0.6600660066006601	851.5	0	0.0	393.0	0	0.0	393.0	0	0.0
login	9	66	100481.5	9	0.9900990099009901	100481.5	3	0.33003300330033003	864.5	1	0.11001100110011001	399.0	0	0.0	399.0	0	0.0
login	9	67	101992.5	0	0.0	101992.5	4	0.44004400440044006	877.5	7	0.7700770077007701	405.0	0	0.0	405.0	0	0.0
login	9	68	103503.5	9	0.9900990099009901	103503.5	5	0.5500550055005501	890.5	9	0.9900990099009901	411.0	0	0.0	411.0	0	0.0
login	9	69	105014.5	0	0.0	105014.5	6	0.6600660066006601	903.5	13	1.4301430143014302	417.0	0	0.0	417.0	0	0.0
login	9	70	106525.5	6	0.6600660066006601	106525.5	3	0.33003300330033003	916.5	15	1.6501650165016502	423.0	0	0.0	423.0	0	0.0
login	9	71	108036.5	3	0.33003300330033003	108036.5	8	0.8800880088008801	929.5	4	0.44004400440044006	429.0	0	0.0	429.0	0	0.0
login	9	72	109547.5	9	0.9900990099009901	109547.5	1	0.11001100110011001	942.5	0	0.0	435.0	0	0.0	435.0	0	0.0
login	9	73	111058.5	0	0.0	111058.5	5	0.5500550055005501	955.5	0	0.0	441.0	0	0.0	441.0	0	0.0
login	9	74	112569.5	9	0.9900990099009901	112569.5	4	0.44004400440044006	968.5	4	0.44004400440044006	447.0	0	0.0	447.0	0	0.0
login	9	75	114080.5	0	0.0	114080.5	4	0.44004400440044006	981.5	20	2.2002200220022003	453.0	0	0.0	453.0	0	0.0
login	9	76	115591.5	8	0.8800880088008801	115591.5	5	0.5500550055005501	994.5	35	3.8503850385038505	459.0	0	0.0	459.0	0	0.0
login	9	77	117102.5	1	0.11001100110011001	117102.5	4	0.44004400440044006	1007.5	27	2.9702970297029703	465.0	0	0.0	465.0	0	0.0
login	9	78	118613.5	0	0.0	118613.5	5	0.5500550055005501	1020.5	8	0.8800880088008801	471.0	0	0.0	471.0	0	0.0
login	9	79	120124.5	9	0.9900990099009901	120124.5	4	0.44004400440044006	1033.5	0	0.0	477.0	0	0.0	477.0	0	0.0
login	9	80	121635.5	0	0.0	121635.5	5	0.5500550055005501	1046.5	0	0.0	483.0	0	0.0	483.0	0	0.0
login	9	81	123146.5	9	0.9900990099009901	123146.5	4	0.44004400440044006	1059.5	1	0.11001100110011001	489.0	0	0.0	489.0	0	0.0
login	9	82	124657.5	0	0.0	124657.5	5	0.5500550055005501	1072.5	10	1.1001100110011002	495.0	0	0.0	495.0	0	0.0
login	9	83	126168.5	9	0.9900990099009901	126168.5	2	0.22002200220022003	1085.5	31	3.4103410341034106	501.0	0	0.0	501.0	0	0.0
login	9	84	127679.5	0	0.0	127679.5	7	0.7700770077007701	1098.5	34	3.7403740374037406	507.0	0	0.0	507.0	0	0.0
login	9	85	129190.5	9	0.9900990099009901	129190.5	4	0.44004400440044006	1111.5	10	1.1001100110011002	513.0	0	0.0	513.0	0	0.0
login	9	86	130701.5	8	0.8800880088008801	130701.5	5	0.5500550055005501	1124.5	4	0.44004400440044006	519.0	0	0.0	519.0	0	0.0
login	9	87	132212.5	1	0.11001100110011001	132212.5	4	0.44004400440044006	1137.5	0	0.0	525.0	0	0.0	525.0	0	0.0
login	9	88	133723.5	2	0.22002200220022003	133723.5	5	0.5500550055005501	1150.5	0	0.0	531.0	0	0.0	531.0	0	0.0
login	9	89	135234.5	7	0.7700770077007701	135234.5	4	0.44004400440044006	1163.5	5	0.5500550055005501	537.0	0	0.0	537.0	0	0.0
login	9	90	136745.5	6	0.6600660066006601	136745.5	5	0.5500550055005501	1176.5	12	1.3201320132013201	543.0	0	0.0	543.0	0	0.0
login	9	91	138256.5	3	0.33003300330033003	138256.5	4	0.44004400440044006	1189.5	18	1.9801980198019802	549.0	0	0.0	549.0	0	0.0
login	9	92	139767.5	8	0.8800880088008801	139767.5	5	0.5500550055005501	1202.5	8	0.8800880088008801	555.0	0	0.0	555.0	0	0.0
login	9	93	141278.5	1	0.11001100110011001	141278.5	4	0.44004400440044006	1215.5	4	0.44004400440044006	561.0	0	0.0	561.0	0	0.0
login	9	94	142789.5	0	0.0	142789.5	5	0.5500550055005501	1228.5	1	0.11001100110011001	567.0	0	0.0	567.0	0	0.0
login	9	95	144300.5	9	0.9900990099009901	144300.5	2	0.22002200220022003	1241.5	0	0.0	573.0	0	0.0	573.0	0	0.0
login	9	96	145811.5	6	0.6600660066006601	145811.5	7	0.7700770077007701	1254.5	0	0.0	579.0	0	0.0	579.0	0	0.0
login	9	97	147322.5	3	0.33003300330033003	147322.5	3	0.33003300330033003	1267.5	0	0.0	585.0	0	0.0	585.0	0	0.0
login	9	98	148833.5	7	0.7700770077007701	148833.5	6	0.6600660066006601	1280.5	0	0.0	591.0	0	0.0	591.0	0	0.0
login	9	99	150344.5	2	0.22002200220022003	150344.5	6	0.6600660066006601	1293.5	3	0.33003300330033003	597.0	0	0.0	597.0	0	0.0
login	9	100	151855.5	8	0.8800880088008801	151855.5	3	0.33003300330033003	1306.5	3	0.33003300330033003	603.0	0	0.0	603.0	0	0.0
login	9	101	153366.5	1	0.11001100110011001	153366.5	5	0.5500550055005501	1319.5	4	0.44004400440044006	609.0	0	0.0	609.0	0	0.0
login	9	102	154877.5	9	0.9900990099009901	154877.5	4	0.44004400440044006	1332.5	0	0.0	615.0	0	0.0	615.0	0	0.0
login	9	103	156388.5	0	0.0	156388.5	4	0.44004400440044006	1345.5	0	0.0	621.0	0	0.0	621.0	0	0.0
login	9	104	157899.5	2	0.22002200220022003	157899.5	5	0.5500550055005501	1358.5	0	0.0	627.0	0	0.0	627.0	0	0.0
login	9	105	159410.5	7	0.7700770077007701	159410.5	4	0.44004400440044006	1371.5	1	0.11001100110011001	633.0	0	0.0	633.0	0	0.0
login	9	106	160921.5	0	0.0	160921.5	5	0.5500550055005501	1384.5	8	0.8800880088008801	639.0	0	0.0	639.0	0	0.0
login	9	107	162432.5	9	0.9900990099009901	162432.5	4	0.44004400440044006	1397.5	13	1.4301430143014302	645.0	0	0.0	645.0	0	0.0
login	9	108	163943.5	0	0.0	163943.5	5	0.5500550055005501	1410.5	7	0.7700770077007701	651.0	0	0.0	651.0	0	0.0
login	9	109	165454.5	9	0.9900990099009901	165454.5	2	0.22002200220022003	1423.5	8	0.8800880088008801	657.0	0	0.0	657.0	0	0.0
login	9	110	166965.5	0	0.0	166965.5	7	0.7700770077007701	1436.5	2	0.22002200220022003	663.0	0	0.0	663.0	0	0.0
login	9	111	168476.5	9	0.9900990099009901	168476.5	3	0.33003300330033003	1449.5	0	0.0	669.0	0	0.0	669.0	0	0.0
login	9	112	169987.5	6	0.6600660066006601	169987.5	6	0.6600660066006601	1462.5	1	0.11001100110011001	675.0	0	0.0	675.0	0	0.0
login	9	113	171498.5	3	0.33003300330033003	171498.5	6	0.6600660066006601	1475.5	3	0.33003300330033003	681.0	0	0.0	681.0	0	0.0
login	9	114	173009.5	7	0.7700770077007701	173009.5	4	0.44004400440044006	1488.5	15	1.6501650165016502	687.0	0	0.0	687.0	0	0.0
login	9	115	174520.5	2	0.22002200220022003	174520.5	6	0.6600660066006601	1501.5	21	2.31023102310231	693.0	0	0.0	693.0	0	0.0
login	9	116	176031.5	9	0.9900990099009901	176031.5	2	0.22002200220022003	1514.5	10	1.1001100110011002	699.0	0	0.0	699.0	0	0.0
login	9	117	177542.5	0	0.0	177542.5	6	0.6600660066006601	1527.5	1	0.11001100110011001	705.0	0	0.0	705.0	0	0.0
login	9	118	179053.5	9	0.9900990099009901	179053.5	3	0.33003300330033003	1540.5	0	0.0	711.0	0	0.0	711.0	0	0.0
login	9	119	180564.5	0	0.0	180564.5	7	0.7700770077007701	1553.5	0	0.0	717.0	0	0.0	717.0	0	0.0
login	9	120	182075.5	9	0.9900990099009901	182075.5	2	0.22002200220022003	1566.5	4	0.44004400440044006	723.0	0	0.0	723.0	0	0.0
login	9	121	183586.5	0	0.0	183586.5	5	0.5500550055005501	1579.5	12	1.3201320132013201	729.0	0	0.0	729.0	0	0.0
login	9	122	185097.5	9	0.9900990099009901	185097.5	4	0.44004400440044006	1592.5	23	2.5302530253025304	735.0	0	0.0	735.0	0	0.0
login	9	123	186608.5	0	0.0	186608.5	4	0.44004400440044006	1605.5	14	1.5401540154015403	741.0	0	0.0	741.0	0	0.0
login	9	124	188119.5	9	0.9900990099009901	188119.5	6	0.6600660066006601	1618.5	9	0.9900990099009901	747.0	0	0.0	747.0	0	0.0
login	9	125	189630.5	0	0.0	189630.5	5	0.5500550055005501	1631.5	4	0.44004400440044006	753.0	0	0.0	753.0	0	0.0
login	9	126	191141.5	9	0.9900990099009901	191141.5	4	0.44004400440044006	1644.5	1	0.11001100110011001	759.0	0	0.0	759.0	0	0.0
login	9	127	192652.5	0	0.0	192652.5	6	0.6600660066006601	1657.5	0	0.0	765.0	0	0.0	765.0	0	0.0
login	9	128	194163.5	9	0.9900990099009901	194163.5	3	0.33003300330033003	1670.5	6	0.6600660066006601	771.0	0	0.0	771.0	0	0.0
login	9	129	195674.5	0	0.0	195674.5	8	0.8800880088008801	1683.5	19	2.0902090209020905	777.0	0	0.0	777.0	0	0.0
login	9	130	197185.5	9	0.9900990099009901	197185.5	2	0.22002200220022003	1696.5	21	2.31023102310231	783.0	0	0.0	783.0	0	0.0
login	9	131	198696.5	0	0.0	198696.5	7	0.7700770077007701	1709.5	14	1.5401540154015403	789.0	0	0.0	789.0	0	0.0
login	9	132	200207.5	9	0.9900990099009901	200207.5	4	0.44004400440044006	1722.5	7	0.7700770077007701	795.0	0	0.0	795.0	0	0.0
login	9	133	201718.5	0	0.0	201718.5	5	0.5500550055005501	1735.5	1	0.11001100110011001	801.0	0	0.0	801.0	0	0.0
login	9	134	203229.5	9	0.9900990099009901	203229.5	4	0.44004400440044006	1748.5	0	0.0	807.0	0	0.0	807.0	0	0.0
login	9	135	204740.5	0	0.0	204740.5	5	0.5500550055005501	1761.5	0	0.0	813.0	0	0.0	813.0	0	0.0
login	9	136	206251.5	9	0.9900990099009901	206251.5	2	0.22002200220022003	1774.5	6	0.6600660066006601	819.0	0	0.0	819.0	0	0.0
login	9	137	207762.5	0	0.0	207762.5	7	0.7700770077007701	1787.5	21	2.31023102310231	825.0	0	0.0	825.0	0	0.0
login	9	138	209273.5	9	0.9900990099009901	209273.5	0	0.0	1800.5	18	1.9801980198019802	831.0	0	0.0	831.0	0	0.0
login	9	139	210784.5	0	0.0	210784.5	9	0.9900990099009901	1813.5	8	0.8800880088008801	837.0	0	0.0	837.0	0	0.0
login	9	140	212295.5	9	0.9900990099009901	212295.5	1	0.11001100110011001	1826.5	1	0.11001100110011001	843.0	0	0.0	843.0	0	0.0
login	9	141	213806.5	0	0.0	213806.5	6	0.6600660066006601	1839.5	4	0.44004400440044006	849.0	0	0.0	849.0	0	0.0
login	9	142	215317.5	9	0.9900990099009901	215317.5	3	0.33003300330033003	1852.5	1	0.11001100110011001	855.0	0	0.0	855.0	0	0.0
login	9	143	216828.5	0	0.0	216828.5	8	0.8800880088008801	1865.5	0	0.0	861.0	0	0.0	861.0	0	0.0
login	9	144	218339.5	9	0.9900990099009901	218339.5	2	0.22002200220022003	1878.5	7	0.7700770077007701	867.0	0	0.0	867.0	0	0.0
login	9	145	219850.5	6	0.6600660066006601	219850.5	7	0.7700770077007701	1891.5	16	1.7601760176017602	873.0	0	0.0	873.0	0	0.0
login	9	146	221361.5	3	0.33003300330033003	221361.5	5	0.5500550055005501	1904.5	12	1.3201320132013201	879.0	0	0.0	879.0	0	0.0
login	9	147	222872.5	6	0.6600660066006601	222872.5	4	0.44004400440044006	1917.5	13	1.4301430143014302	885.0	0	0.0	885.0	0	0.0
login	9	148	224383.5	3	0.33003300330033003	224383.5	6	0.6600660066006601	1930.5	5	0.5500550055005501	891.0	0	0.0	891.0	0	0.0
login	9	149	225894.5	9	0.9900990099009901	225894.5	3	0.33003300330033003	1943.5	1	0.11001100110011001	897.0	0	0.0	897.0	0	0.0
login	9	150	227405.5	0	0.0	227405.5	6	0.6600660066006601	1956.5	3	0.33003300330033003	903.0	0	0.0	903.0	0	0.0
login	9	151	228916.5	9	0.9900990099009901	228916.5	3	0.33003300330033003	1969.5	7	0.7700770077007701	909.0	0	0.0	909.0	0	0.0
login	9	152	230427.5	0	0.0	230427.5	8	0.8800880088008801	1982.5	9	0.9900990099009901	915.0	0	0.0	915.0	0	0.0
login	9	153	231938.5	9	0.9900990099009901	231938.5	1	0.11001100110011001	1995.5	23	2.5302530253025304	921.0	0	0.0	921.0	0	0.0
login	9	154	233449.5	0	0.0	233449.5	9	0.9900990099009901	2008.5	21	2.31023102310231	927.0	0	0.0	927.0	0	0.0
login	9	155	234960.5	9	0.9900990099009901	234960.5	0	0.0	2021.5	11	1.2101210121012103	933.0	0	0.0	933.0	0	0.0
login	9	156	236471.5	0	0.0	236471.5	9	0.9900990099009901	2034.5	1	0.11001100110011001	939.0	0	0.0	939.0	0	0.0
login	9	157	237982.5	9	0.9900990099009901	237982.5	0	0.0	2047.5	0	0.0	945.0	0	0.0	945.0	0	0.0
login	9	158	239493.5	0	0.0	239493.5	9	0.9900990099009901	2060.5	1	0.11001100110011001	951.0	0	0.0	951.0	0	0.0
login	9	159	241004.5	9	0.9900990099009901	241004.5	2	0.22002200220022003	2073.5	9	0.9900990099009901	957.0	0	0.0	957.0	0	0.0
login	9	160	242515.5	0	0.0	242515.5	7	0.7700770077007701	2086.5	20	2.2002200220022003	963.0	0	0.0	963.0	0	0.0
login	9	161	244026.5	9	0.9900990099009901	244026.5	4	0.44004400440044006	2099.5	16	1.7601760176017602	969.0	0	0.0	969.0	0	0.0
login	9	162	245537.5	0	0.0	245537.5	5	0.5500550055005501	2112.5	7	0.7700770077007701	975.0	0	0.0	975.0	0	0.0
login	9	163	247048.5	9	0.9900990099009901	247048.5	2	0.22002200220022003	2125.5	4	0.44004400440044006	981.0	0	0.0	981.0	0	0.0
login	9	164	248559.5	0	0.0	248559.5	7	0.7700770077007701	2138.5	0	0.0	987.0	0	0.0	987.0	0	0.0
login	9	165	250070.5	9	0.9900990099009901	250070.5	4	0.44004400440044006	2151.5	3	0.33003300330033003	993.0	0	0.0	993.0	0	0.0
login	9	166	251581.5	7	0.7700770077007701	251581.5	5	0.5500550055005501	2164.5	1	0.11001100110011001	999.0	0	0.0	999.0	0	0.0
login	9	167	253092.5	2	0.22002200220022003	253092.5	6	0.6600660066006601	2177.5	10	1.1001100110011002	1005.0	0	0.0	1005.0	0	0.0
login	9	168	254603.5	8	0.8800880088008801	254603.5	4	0.44004400440044006	2190.5	12	1.3201320132013201	1011.0	0	0.0	1011.0	0	0.0
login	9	169	256114.5	1	0.11001100110011001	256114.5	6	0.6600660066006601	2203.5	12	1.3201320132013201	1017.0	0	0.0	1017.0	0	0.0
login	9	170	257625.5	9	0.9900990099009901	257625.5	2	0.22002200220022003	2216.5	6	0.6600660066006601	1023.0	0	0.0	1023.0	0	0.0
login	9	171	259136.5	0	0.0	259136.5	9	0.9900990099009901	2229.5	0	0.0	1029.0	0	0.0	1029.0	0	0.0
login	9	172	260647.5	9	0.9900990099009901	260647.5	3	0.33003300330033003	2242.5	1	0.11001100110011001	1035.0	0	0.0	1035.0	0	0.0
login	9	173	262158.5	0	0.0	262158.5	6	0.6600660066006601	2255.5	1	0.11001100110011001	1041.0	0	0.0	1041.0	0	0.0
login	9	174	263669.5	9	0.9900990099009901	263669.5	1	0.11001100110011001	2268.5	3	0.33003300330033003	1047.0	0	0.0	1047.0	0	0.0
login	9	175	265180.5	0	0.0	265180.5	6	0.6600660066006601	2281.5	3	0.33003300330033003	1053.0	0	0.0	1053.0	0	0.0
login	9	176	266691.5	9	0.9900990099009901	266691.5	6	0.6600660066006601	2294.5	3	0.33003300330033003	1059.0	0	0.0	1059.0	0	0.0
login	9	177	268202.5	0	0.0	268202.5	5	0.5500550055005501	2307.5	4	0.44004400440044006	1065.0	0	0.0	1065.0	0	0.0
login	9	178	269713.5	9	0.9900990099009901	269713.5	3	0.33003300330033003	2320.5	3	0.33003300330033003	1071.0	0	0.0	1071.0	0	0.0
login	9	179	271224.5	0	0.0	271224.5	6	0.6600660066006601	2333.5	2	0.22002200220022003	1077.0	0	0.0	1077.0	0	0.0
login	9	180	272735.5	9	0.9900990099009901	272735.5	3	0.33003300330033003	2346.5	0	0.0	1083.0	0	0.0	1083.0	0	0.0
login	9	181	274246.5	0	0.0	274246.5	6	0.6600660066006601	2359.5	3	0.33003300330033003	1089.0	0	0.0	1089.0	0	0.0
login	9	182	275757.5	9	0.9900990099009901	275757.5	0	0.0	2372.5	4	0.44004400440044006	1095.0	0	0.0	1095.0	0	0.0
login	9	183	277268.5	0	0.0	277268.5	9	0.9900990099009901	2385.5	5	0.5500550055005501	1101.0	0	0.0	1101.0	0	0.0
login	9	184	278779.5	9	0.9900990099009901	278779.5	2	0.22002200220022003	2398.5	2	0.22002200220022003	1107.0	0	0.0	1107.0	0	0.0
login	9	185	280290.5	0	0.0	280290.5	7	0.7700770077007701	2411.5	0	0.0	1113.0	0	0.0	1113.0	0	0.0
login	9	186	281801.5	9	0.9900990099009901	281801.5	2	0.22002200220022003	2424.5	1	0.11001100110011001	1119.0	0	0.0	1119.0	0	0.0
login	9	187	283312.5	5	0.5500550055005501	283312.5	7	0.7700770077007701	2437.5	0	0.0	1125.0	0	0.0	1125.0	0	0.0
login	9	188	284823.5	4	0.44004400440044006	284823.5	5	0.5500550055005501	2450.5	0	0.0	1131.0	0	0.0	1131.0	0	0.0
login	9	189	286334.5	6	0.6600660066006601	286334.5	4	0.44004400440044006	2463.5	0	0.0	1137.0	0	0.0	1137.0	0	0.0
login	9	190	287845.5	3	0.33003300330033003	287845.5	4	0.44004400440044006	2476.5	0	0.0	1143.0	0	0.0	1143.0	0	0.0
login	9	191	289356.5	9	0.9900990099009901	289356.5	5	0.5500550055005501	2489.5	2	0.22002200220022003	1149.0	0	0.0	1149.0	0	0.0
login	9	192	290867.5	0	0.0	290867.5	4	0.44004400440044006	2502.5	0	0.0	1155.0	0	0.0	1155.0	0	0.0
login	9	193	292378.5	0	0.0	292378.5	5	0.5500550055005501	2515.5	1	0.11001100110011001	1161.0	0	0.0	1161.0	0	0.0
login	9	194	293889.5	9	0.9900990099009901	293889.5	4	0.44004400440044006	2528.5	0	0.0	1167.0	0	0.0	1167.0	0	0.0
login	9	195	295400.5	0	0.0	295400.5	5	0.5500550055005501	2541.5	0	0.0	1173.0	0	0.0	1173.0	0	0.0
login	9	196	296911.5	9	0.9900990099009901	296911.5	3	0.33003300330033003	2554.5	0	0.0	1179.0	0	0.0	1179.0	0	0.0
login	9	197	298422.5	0	0.0	298422.5	6	0.6600660066006601	2567.5	0	0.0	1185.0	0	0.0	1185.0	0	0.0
login	9	198	299933.5	9	0.9900990099009901	299933.5	1	0.11001100110011001	2580.5	0	0.0	1191.0	0	0.0	1191.0	0	0.0
login	9	199	301444.5	0	0.0	301444.5	8	0.8800880088008801	2593.5	1	0.11001100110011001	1197.0	0	0.0	1197.0	0	0.0
info	9	0	744.5	9	1.0	744.5	9	1.0	4.0	178	19.777777777777775	3.0	900	100.0	3.0	900	100.0
info	9	1	2233.5	1	0.1111111111111111	2233.5	0	0.0	12.0	48	5.333333333333333	9.0	0	0.0	9.0	0	0.0
info	9	2	3722.5	6	0.6666666666666666	3722.5	6	0.6666666666666666	20.0	31	3.444444444444444	15.0	0	0.0	15.0	0	0.0
info	9	3	5211.5	3	0.3333333333333333	5211.5	3	0.3333333333333333	28.0	8	0.8888888888888888	21.0	0	0.0	21.0	0	0.0
info	9	4	6700.5	8	0.8888888888888888	6700.5	9	1.0	36.0	1	0.1111111111111111	27.0	0	0.0	27.0	0	0.0
info	9	5	8189.5	4	0.4444444444444444	8189.5	0	0.0	44.0	4	0.4444444444444444	33.0	0	0.0	33.0	0	0.0
info	9	6	9678.5	5	0.5555555555555556	9678.5	9	1.0	52.0	1	0.1111111111111111	39.0	0	0.0	39.0	0	0.0
info	9	7	11167.5	0	0.0	11167.5	0	0.0	60.0	2	0.2222222222222222	45.0	0	0.0	45.0	0	0.0
info	9	8	12656.5	9	1.0	12656.5	9	1.0	68.0	3	0.3333333333333333	51.0	0	0.0	51.0	0	0.0
info	9	9	14145.5	0	0.0	14145.5	0	0.0	76.0	23	2.5555555555555554	57.0	0	0.0	57.0	0	0.0
info	9	10	15634.5	9	1.0	15634.5	8	0.8888888888888888	84.0	44	4.888888888888888	63.0	0	0.0	63.0	0	0.0
info	9	11	17123.5	1	0.1111111111111111	17123.5	1	0.1111111111111111	92.0	47	5.222222222222222	69.0	0	0.0	69.0	0	0.0
info	9	12	18612.5	8	0.8888888888888888	18612.5	9	1.0	100.0	51	5.666666666666666	75.0	0	0.0	75.0	0	0.0
info	9	13	20101.5	0	0.0	20101.5	0	0.0	108.0	27	3.0	81.0	0	0.0	81.0	0	0.0
info	9	14	21590.5	6	0.6666666666666666	21590.5	6	0.6666666666666666	116.0	16	1.7777777777777777	87.0	0	0.0	87.0	0	0.0
info	9	15	23079.5	3	0.3333333333333333	23079.5	3	0.3333333333333333	124.0	3	0.3333333333333333	93.0	0	0.0	93.0	0	0.0
info	9	16	24568.5	4	0.4444444444444444	24568.5	0	0.0	132.0	2	0.2222222222222222	99.0	0	0.0	99.0	0	0.0
info	9	17	26057.5	5	0.5555555555555556	26057.5	9	1.0	140.0	0	0.0	105.0	0	0.0	105.0	0	0.0
info	9	18	27546.5	5	0.5555555555555556	27546.5	0	0.0	148.0	0	0.0	111.0	0	0.0	111.0	0	0.0
info	9	19	29035.5	4	0.4444444444444444	29035.5	9	1.0	156.0	0	0.0	117.0	0	0.0	117.0	0	0.0
info	9	20	30524.5	4	0.4444444444444444	30524.5	0	0.0	164.0	0	0.0	123.0	0	0.0	123.0	0	0.0
info	9	21	32013.5	5	0.5555555555555556	32013.5	9	1.0	172.0	3	0.3333333333333333	129.0	0	0.0	129.0	0	0.0
info	9	22	33502.5	4	0.4444444444444444	33502.5	0	0.0	180.0	6	0.6666666666666666	135.0	0	0.0	135.0	0	0.0
info	9	23	34991.5	5	0.5555555555555556	34991.5	9	1.0	188.0	14	1.5555555555555554	141.0	0	0.0	141.0	0	0.0
info	9	24	36480.5	4	0.4444444444444444	36480.5	0	0.0	196.0	10	1.1111111111111112	147.0	0	0.0	147.0	0	0.0
info	9	25	37969.5	5	0.5555555555555556	37969.5	9	1.0	204.0	7	0.7777777777777777	153.0	0	0.0	153.0	0	0.0
info	9	26	39458.5	2	0.2222222222222222	39458.5	0	0.0	212.0	7	0.7777777777777777	159.0	0	0.0	159.0	0	0.0
info	9	27	40947.5	7	0.7777777777777777	40947.5	9	1.0	220.0	0	0.0	165.0	0	0.0	165.0	0	0.0
info	9	28	42436.5	2	0.2222222222222222	42436.5	0	0.0	228.0	1	0.1111111111111111	171.0	0	0.0	171.0	0	0.0
info	9	29	43925.5	7	0.7777777777777777	43925.5	9	1.0	236.0	0	0.0	177.0	0	0.0	177.0	0	0.0
info	9	30	45414.5	4	0.4444444444444444	45414.5	0	0.0	244.0	0	0.0	183.0	0	0.0	183.0	0	0.0
info	9	31	46903.5	5	0.5555555555555556	46903.5	9	1.0	252.0	0	0.0	189.0	0	0.0	189.0	0	0.0
info	9	32	48392.5	4	0.4444444444444444	48392.5	0	0.0	260.0	0	0.0	195.0	0	0.0	195.0	0	0.0
info	9	33	49881.5	5	0.5555555555555556	49881.5	9	1.0	268.0	2	0.2222222222222222	201.0	0	0.0	201.0	0	0.0
info	9	34	51370.5	4	0.4444444444444444	51370.5	0	0.0	276.0	1	0.1111111111111111	207.0	0	0.0	207.0	0	0.0
info	9	35	52859.5	5	0.5555555555555556	52859.5	9	1.0	284.0	1	0.1111111111111111	213.0	0	0.0	213.0	0	0.0
info	9	36	54348.5	0	0.0	54348.5	0	0.0	292.0	9	1.0	219.0	0	0.0	219.0	0	0.0
info	9	37	55837.5	8	0.8888888888888888	55837.5	8	0.8888888888888888	300.0	5	0.5555555555555556	225.0	0	0.0	225.0	0	0.0
info	9	38	57326.5	1	0.1111111111111111	57326.5	1	0.1111111111111111	308.0	2	0.2222222222222222	231.0	0	0.0	231.0	0	0.0
info	9	39	58815.5	9	1.0	58815.5	9	1.0	316.0	0	0.0	237.0	0	0.0	237.0	0	0.0
info	9	40	60304.5	0	0.0	60304.5	0	0.0	324.0	0	0.0	243.0	0	0.0	243.0	0	0.0
info	9	41	61793.5	7	0.7777777777777777	61793.5	0	0.0	332.0	1	0.1111111111111111	249.0	0	0.0	249.0	0	0.0
info	9	42	63282.5	2	0.2222222222222222	63282.5	9	1.0	340.0	0	0.0	255.0	0	0.0	255.0	0	0.0
info	9	43	64771.5	6	0.6666666666666666	64771.5	6	0.6666666666666666	348.0	0	0.0	261.0	0	0.0	261.0	0	0.0
info	9	44	66260.5	4	0.4444444444444444	66260.5	3	0.3333333333333333	356.0	0	0.0	267.0	0	0.0	267.0	0	0.0
info	9	45	67749.5	6	0.6666666666666666	67749.5	7	0.7777777777777777	364.0	0	0.0	273.0	0	0.0	273.0	0	0.0
info	9	46	69238.5	3	0.3333333333333333	69238.5	2	0.2222222222222222	372.0	0	0.0	279.0	0	0.0	279.0	0	0.0
info	9	47	70727.5	6	0.6666666666666666	70727.5	7	0.7777777777777777	380.0	0	0.0	285.0	0	0.0	285.0	0	0.0
info	9	48	72216.5	3	0.3333333333333333	72216.5	2	0.2222222222222222	388.0	1	0.1111111111111111	291.0	0	0.0	291.0	0	0.0
info	9	49	73705.5	8	0.8888888888888888	73705.5	9	1.0	396.0	3	0.3333333333333333	297.0	0	0.0	297.0	0	0.0
info	9	50	75194.5	3	0.3333333333333333	75194.5	0	0.0	404.0	0	0.0	303.0	0	0.0	303.0	0	0.0
info	9	51	76683.5	6	0.6666666666666666	76683.5	9	1.0	412.0	3	0.3333333333333333	309.0	0	0.0	309.0	0	0.0
info	9	52	78172.5	4	0.4444444444444444	78172.5	0	0.0	420.0	0	0.0	315.0	0	0.0	315.0	0	0.0
info	9	53	79661.5	5	0.5555555555555556	79661.5	9	1.0	428.0	0	0.0	321.0	0	0.0	321.0	0	0.0
info	9	54	81150.5	4	0.4444444444444444	81150.5	0	0.0	436.0	0	0.0	327.0	0	0.0	327.0	0	0.0
info	9	55	82639.5	5	0.5555555555555556	82639.5	9	1.0	444.0	0	0.0	333.0	0	0.0	333.0	0	0.0
info	9	56	84128.5	4	0.4444444444444444	84128.5	0	0.0	452.0	0	0.0	339.0	0	0.0	339.0	0	0.0
info	9	57	85617.5	5	0.5555555555555556	85617.5	9	1.0	460.0	0	0.0	345.0	0	0.0	345.0	0	0.0
info	9	58	87106.5	4	0.4444444444444444	87106.5	0	0.0	468.0	0	0.0	351.0	0	0.0	351.0	0	0.0
info	9	59	88595.5	5	0.5555555555555556	88595.5	9	1.0	476.0	0	0.0	357.0	0	0.0	357.0	0	0.0
info	9	60	90084.5	2	0.2222222222222222	90084.5	0	0.0	484.0	1	0.1111111111111111	363.0	0	0.0	363.0	0	0.0
info	9	61	91573.5	7	0.7777777777777777	91573.5	9	1.0	492.0	3	0.3333333333333333	369.0	0	0.0	369.0	0	0.0
info	9	62	93062.5	0	0.0	93062.5	0	0.0	500.0	1	0.1111111111111111	375.0	0	0.0	375.0	0	0.0
info	9	63	94551.5	6	0.6666666666666666	94551.5	3	0.3333333333333333	508.0	2	0.2222222222222222	381.0	0	0.0	381.0	0	0.0
info	9	64	96040.5	3	0.3333333333333333	96040.5	6	0.6666666666666666	516.0	3	0.3333333333333333	387.0	0	0.0	387.0	0	0.0
info	9	65	97529.5	5	0.5555555555555556	97529.5	0	0.0	524.0	2	0.2222222222222222	393.0	0	0.0	393.0	0	0.0
info	9	66	99018.5	4	0.4444444444444444	99018.5	9	1.0	532.0	1	0.1111111111111111	399.0	0	0.0	399.0	0	0.0
info	9	67	100507.5	4	0.4444444444444444	100507.5	0	0.0	540.0	0	0.0	405.0	0	0.0	405.0	0	0.0
info	9	68	101996.5	5	0.5555555555555556	101996.5	9	1.0	548.0	0	0.0	411.0	0	0.0	411.0	0	0.0
info	9	69	103485.5	2	0.2222222222222222	103485.5	0	0.0	556.0	0	0.0	417.0	0	0.0	417.0	0	0.0
info	9	70	104974.5	7	0.7777777777777777	104974.5	9	1.0	564.0	0	0.0	423.0	0	0.0	423.0	0	0.0
info	9	71	106463.5	4	0.4444444444444444	106463.5	0	0.0	572.0	1	0.1111111111111111	429.0	0	0.0	429.0	0	0.0
info	9	72	107952.5	5	0.5555555555555556	107952.5	9	1.0	580.0	0	0.0	435.0	0	0.0	435.0	0	0.0
info	9	73	109441.5	4	0.4444444444444444	109441.5	0	0.0	588.0	4	0.4444444444444444	441.0	0	0.0	441.0	0	0.0
info	9	74	110930.5	5	0.5555555555555556	110930.5	9	1.0	596.0	3	0.3333333333333333	447.0	0	0.0	447.0	0	0.0
info	9	75	112419.5	4	0.4444444444444444	112419.5	0	0.0	604.0	6	0.6666666666666666	453.0	0	0.0	453.0	0	0.0
info	9	76	113908.5	5	0.5555555555555556	113908.5	9	1.0	612.0	3	0.3333333333333333	459.0	0	0.0	459.0	0	0.0
info	9	77	115397.5	2	0.2222222222222222	115397.5	0	0.0	620.0	2	0.2222222222222222	465.0	0	0.0	465.0	0	0.0
info	9	78	116886.5	7	0.7777777777777777	116886.5	9	1.0	628.0	0	0.0	471.0	0	0.0	471.0	0	0.0
info	9	79	118375.5	1	0.1111111111111111	118375.5	0	0.0	636.0	0	0.0	477.0	0	0.0	477.0	0	0.0
info	9	80	119864.5	8	0.8888888888888888	119864.5	8	0.8888888888888888	644.0	0	0.0	483.0	0	0.0	483.0	0	0.0
info	9	81	121353.5	0	0.0	121353.5	1	0.1111111111111111	652.0	0	0.0	489.0	0	0.0	489.0	0	0.0
info	9	82	122842.5	8	0.8888888888888888	122842.5	7	0.7777777777777777	660.0	0	0.0	495.0	0	0.0	495.0	0	0.0
info	9	83	124331.5	1	0.1111111111111111	124331.5	2	0.2222222222222222	668.0	0	0.0	501.0	0	0.0	501.0	0	0.0
info	9	84	125820.5	6	0.6666666666666666	125820.5	6	0.6666666666666666	676.0	0	0.0	507.0	0	0.0	507.0	0	0.0
info	9	85	127309.5	4	0.4444444444444444	127309.5	3	0.3333333333333333	684.0	1	0.1111111111111111	513.0	0	0.0	513.0	0	0.0
info	9	86	128798.5	8	0.8888888888888888	128798.5	9	1.0	692.0	6	0.6666666666666666	519.0	0	0.0	519.0	0	0.0
info	9	87	130287.5	1	0.1111111111111111	130287.5	0	0.0	700.0	5	0.5555555555555556	525.0	0	0.0	525.0	0	0.0
info	9	88	131776.5	7	0.7777777777777777	131776.5	8	0.8888888888888888	708.0	3	0.3333333333333333	531.0	0	0.0	531.0	0	0.0
info	9	89	133265.5	2	0.2222222222222222	133265.5	1	0.1111111111111111	716.0	2	0.2222222222222222	537.0	0	0.0	537.0	0	0.0
info	9	90	134754.5	6	0.6666666666666666	134754.5	7	0.7777777777777777	724.0	3	0.3333333333333333	543.0	0	0.0	543.0	0	0.0
info	9	91	136243.5	2	0.2222222222222222	136243.5	2	0.2222222222222222	732.0	0	0.0	549.0	0	0.0	549.0	0	0.0
info	9	92	137732.5	9	1.0	137732.5	9	1.0	740.0	0	0.0	555.0	0	0.0	555.0	0	0.0
info	9	93	139221.5	0	0.0	139221.5	0	0.0	748.0	0	0.0	561.0	0	0.0	561.0	0	0.0
info	9	94	140710.5	6	0.6666666666666666	140710.5	6	0.6666666666666666	756.0	0	0.0	567.0	0	0.0	567.0	0	0.0
info	9	95	142199.5	3	0.3333333333333333	142199.5	3	0.3333333333333333	764.0	0	0.0	573.0	0	0.0	573.0	0	0.0
info	9	96	143688.5	6	0.6666666666666666	143688.5	6	0.6666666666666666	772.0	1	0.1111111111111111	579.0	0	0.0	579.0	0	0.0
info	9	97	145177.5	4	0.4444444444444444	145177.5	3	0.3333333333333333	780.0	4	0.4444444444444444	585.0	0	0.0	585.0	0	0.0
info	9	98	146666.5	6	0.6666666666666666	146666.5	7	0.7777777777777777	788.0	4	0.4444444444444444	591.0	0	0.0	591.0	0	0.0
info	9	99	148155.5	3	0.3333333333333333	148155.5	2	0.2222222222222222	796.0	5	0.5555555555555556	597.0	0	0.0	597.0	0	0.0
info	9	100	149644.5	6	0.6666666666666666	149644.5	7	0.7777777777777777	804.0	8	0.8888888888888888	603.0	0	0.0	603.0	0	0.0
info	9	101	151133.5	3	0.3333333333333333	151133.5	2	0.2222222222222222	812.0	3	0.3333333333333333	609.0	0	0.0	609.0	0	0.0
info	9	102	152622.5	8	0.8888888888888888	152622.5	8	0.8888888888888888	820.0	5	0.5555555555555556	615.0	0	0.0	615.0	0	0.0
info	9	103	154111.5	0	0.0	154111.5	1	0.1111111111111111	828.0	0	0.0	621.0	0	0.0	621.0	0	0.0
info	9	104	155600.5	6	0.6666666666666666	155600.5	3	0.3333333333333333	836.0	0	0.0	627.0	0	0.0	627.0	0	0.0
info	9	105	157089.5	3	0.3333333333333333	157089.5	6	0.6666666666666666	844.0	0	0.0	633.0	0	0.0	633.0	0	0.0
info	9	106	158578.5	6	0.6666666666666666	158578.5	0	0.0	852.0	0	0.0	639.0	0	0.0	639.0	0	0.0
info	9	107	160067.5	3	0.3333333333333333	160067.5	9	1.0	860.0	0	0.0	645.0	0	0.0	645.0	0	0.0
info	9	108	161556.5	4	0.4444444444444444	161556.5	0	0.0	868.0	0	0.0	651.0	0	0.0	651.0	0	0.0
info	9	109	163045.5	5	0.5555555555555556	163045.5	9	1.0	876.0	1	0.1111111111111111	657.0	0	0.0	657.0	0	0.0
info	9	110	164534.5	2	0.2222222222222222	164534.5	0	0.0	884.0	4	0.4444444444444444	663.0	0	0.0	663.0	0	0.0
info	9	111	166023.5	7	0.7777777777777777	166023.5	9	1.0	892.0	10	1.1111111111111112	669.0	0	0.0	669.0	0	0.0
info	9	112	167512.5	4	0.4444444444444444	167512.5	1	0.1111111111111111	900.0	13	1.4444444444444444	675.0	0	0.0	675.0	0	0.0
info	9	113	169001.5	5	0.5555555555555556	169001.5	8	0.8888888888888888	908.0	10	1.1111111111111112	681.0	0	0.0	681.0	0	0.0
info	9	114	170490.5	6	0.6666666666666666	170490.5	6	0.6666666666666666	916.0	11	1.222222222222222	687.0	0	0.0	687.0	0	0.0
info	9	115	171979.5	4	0.4444444444444444	171979.5	3	0.3333333333333333	924.0	1	0.1111111111111111	693.0	0	0.0	693.0	0	0.0
info	9	116	173468.5	6	0.6666666666666666	173468.5	7	0.7777777777777777	932.0	1	0.1111111111111111	699.0	0	0.0	699.0	0	0.0
info	9	117	174957.5	2	0.2222222222222222	174957.5	2	0.2222222222222222	940.0	0	0.0	705.0	0	0.0	705.0	0	0.0
info	9	118	176446.5	6	0.6666666666666666	176446.5	6	0.6666666666666666	948.0	0	0.0	711.0	0	0.0	711.0	0	0.0
info	9	119	177935.5	3	0.3333333333333333	177935.5	3	0.3333333333333333	956.0	0	0.0	717.0	0	0.0	717.0	0	0.0
info	9	120	179424.5	7	0.7777777777777777	179424.5	6	0.6666666666666666	964.0	0	0.0	723.0	0	0.0	723.0	0	0.0
info	9	121	180913.5	2	0.2222222222222222	180913.5	3	0.3333333333333333	972.0	0	0.0	729.0	0	0.0	729.0	0	0.0
info	9	122	182402.5	5	0.5555555555555556	182402.5	0	0.0	980.0	8	0.8888888888888888	735.0	0	0.0	735.0	0	0.0
info	9	123	183891.5	4	0.4444444444444444	183891.5	9	1.0	988.0	10	1.1111111111111112	741.0	0	0.0	741.0	0	0.0
info	9	124	185380.5	4	0.4444444444444444	185380.5	0	0.0	996.0	23	2.5555555555555554	747.0	0	0.0	747.0	0	0.0
info	9	125	186869.5	5	0.5555555555555556	186869.5	9	1.0	1004.0	24	2.6666666666666665	753.0	0	0.0	753.0	0	0.0
info	9	126	188358.5	6	0.6666666666666666	188358.5	6	0.6666666666666666	1012.0	18	2.0	759.0	0	0.0	759.0	0	0.0
info	9	127	189847.5	4	0.4444444444444444	189847.5	3	0.3333333333333333	1020.0	9	1.0	765.0	0	0.0	765.0	0	0.0
info	9	128	191336.5	6	0.6666666666666666	191336.5	7	0.7777777777777777	1028.0	1	0.1111111111111111	771.0	0	0.0	771.0	0	0.0
info	9	129	192825.5	3	0.3333333333333333	192825.5	2	0.2222222222222222	1036.0	1	0.1111111111111111	777.0	0	0.0	777.0	0	0.0
info	9	130	194314.5	6	0.6666666666666666	194314.5	7	0.7777777777777777	1044.0	0	0.0	783.0	0	0.0	783.0	0	0.0
info	9	131	195803.5	3	0.3333333333333333	195803.5	2	0.2222222222222222	1052.0	0	0.0	789.0	0	0.0	789.0	0	0.0
info	9	132	197292.5	8	0.8888888888888888	197292.5	9	1.0	1060.0	0	0.0	795.0	0	0.0	795.0	0	0.0
info	9	133	198781.5	1	0.1111111111111111	198781.5	0	0.0	1068.0	1	0.1111111111111111	801.0	0	0.0	801.0	0	0.0
info	9	134	200270.5	8	0.8888888888888888	200270.5	9	1.0	1076.0	7	0.7777777777777777	807.0	0	0.0	807.0	0	0.0
info	9	135	201759.5	1	0.1111111111111111	201759.5	0	0.0	1084.0	14	1.5555555555555554	813.0	0	0.0	813.0	0	0.0
info	9	136	203248.5	7	0.7777777777777777	203248.5	8	0.8888888888888888	1092.0	11	1.222222222222222	819.0	0	0.0	819.0	0	0.0
info	9	137	204737.5	2	0.2222222222222222	204737.5	1	0.1111111111111111	1100.0	23	2.5555555555555554	825.0	0	0.0	825.0	0	0.0
info	9	138	206226.5	5	0.5555555555555556	206226.5	6	0.6666666666666666	1108.0	9	1.0	831.0	0	0.0	831.0	0	0.0
info	9	139	207715.5	3	0.3333333333333333	207715.5	3	0.3333333333333333	1116.0	2	0.2222222222222222	837.0	0	0.0	837.0	0	0.0
info	9	140	209204.5	7	0.7777777777777777	209204.5	1	0.1111111111111111	1124.0	1	0.1111111111111111	843.0	0	0.0	843.0	0	0.0
info	9	141	210693.5	2	0.2222222222222222	210693.5	8	0.8888888888888888	1132.0	0	0.0	849.0	0	0.0	849.0	0	0.0
info	9	142	212182.5	6	0.6666666666666666	212182.5	6	0.6666666666666666	1140.0	0	0.0	855.0	0	0.0	855.0	0	0.0
info	9	143	213671.5	3	0.3333333333333333	213671.5	3	0.3333333333333333	1148.0	0	0.0	861.0	0	0.0	861.0	0	0.0
info	9	144	215160.5	6	0.6666666666666666	215160.5	6	0.6666666666666666	1156.0	0	0.0	867.0	0	0.0	867.0	0	0.0
info	9	145	216649.5	4	0.4444444444444444	216649.5	3	0.3333333333333333	1164.0	1	0.1111111111111111	873.0	0	0.0	873.0	0	0.0
info	9	146	218138.5	6	0.6666666666666666	218138.5	7	0.7777777777777777	1172.0	2	0.2222222222222222	879.0	0	0.0	879.0	0	0.0
info	9	147	219627.5	3	0.3333333333333333	219627.5	2	0.2222222222222222	1180.0	4	0.4444444444444444	885.0	0	0.0	885.0	0	0.0
info	9	148	221116.5	8	0.8888888888888888	221116.5	9	1.0	1188.0	3	0.3333333333333333	891.0	0	0.0	891.0	0	0.0
info	9	149	222605.5	4	0.4444444444444444	222605.5	0	0.0	1196.0	6	0.6666666666666666	897.0	0	0.0	897.0	0	0.0
info	9	150	224094.5	5	0.5555555555555556	224094.5	9	1.0	1204.0	8	0.8888888888888888	903.0	0	0.0	903.0	0	0.0
info	9	151	225583.5	2	0.2222222222222222	225583.5	0	0.0	1212.0	3	0.3333333333333333	909.0	0	0.0	909.0	0	0.0
info	9	152	227072.5	7	0.7777777777777777	227072.5	9	1.0	1220.0	0	0.0	915.0	0	0.0	915.0	0	0.0
info	9	153	228561.5	4	0.4444444444444444	228561.5	0	0.0	1228.0	0	0.0	921.0	0	0.0	921.0	0	0.0
info	9	154	230050.5	5	0.5555555555555556	230050.5	9	1.0	1236.0	0	0.0	927.0	0	0.0	927.0	0	0.0
info	9	155	231539.5	4	0.4444444444444444	231539.5	0	0.0	1244.0	0	0.0	933.0	0	0.0	933.0	0	0.0
info	9	156	233028.5	5	0.5555555555555556	233028.5	9	1.0	1252.0	0	0.0	939.0	0	0.0	939.0	0	0.0
info	9	157	234517.5	4	0.4444444444444444	234517.5	0	0.0	1260.0	0	0.0	945.0	0	0.0	945.0	0	0.0
info	9	158	236006.5	5	0.5555555555555556	236006.5	9	1.0	1268.0	0	0.0	951.0	0	0.0	951.0	0	0.0
info	9	159	237495.5	4	0.4444444444444444	237495.5	0	0.0	1276.0	3	0.3333333333333333	957.0	0	0.0	957.0	0	0.0
info	9	160	238984.5	5	0.5555555555555556	238984.5	9	1.0	1284.0	2	0.2222222222222222	963.0	0	0.0	963.0	0	0.0
info	9	161	240473.5	6	0.6666666666666666	240473.5	5	0.5555555555555556	1292.0	0	0.0	969.0	0	0.0	969.0	0	0.0
info	9	162	241962.5	3	0.3333333333333333	241962.5	4	0.4444444444444444	1300.0	1	0.1111111111111111	975.0	0	0.0	975.0	0	0.0
info	9	163	243451.5	4	0.4444444444444444	243451.5	0	0.0	1308.0	2	0.2222222222222222	981.0	0	0.0	981.0	0	0.0
info	9	164	244940.5	5	0.5555555555555556	244940.5	9	1.0	1316.0	2	0.2222222222222222	987.0	0	0.0	987.0	0	0.0
info	9	165	246429.5	6	0.6666666666666666	246429.5	4	0.4444444444444444	1324.0	1	0.1111111111111111	993.0	0	0.0	993.0	0	0.0
info	9	166	247918.5	4	0.4444444444444444	247918.5	5	0.5555555555555556	1332.0	0	0.0	999.0	0	0.0	999.0	0	0.0
info	9	167	249407.5	6	0.6666666666666666	249407.5	7	0.7777777777777777	1340.0	0	0.0	1005.0	0	0.0	1005.0	0	0.0
info	9	168	250896.5	3	0.3333333333333333	250896.5	2	0.2222222222222222	1348.0	0	0.0	1011.0	0	0.0	1011.0	0	0.0
info	9	169	252385.5	7	0.7777777777777777	252385.5	8	0.8888888888888888	1356.0	0	0.0	1017.0	0	0.0	1017.0	0	0.0
info	9	170	253874.5	3	0.3333333333333333	253874.5	1	0.1111111111111111	1364.0	0	0.0	1023.0	0	0.0	1023.0	0	0.0
info	9	171	255363.5	7	0.7777777777777777	255363.5	9	1.0	1372.0	0	0.0	1029.0	0	0.0	1029.0	0	0.0
info	9	172	256852.5	4	0.4444444444444444	256852.5	0	0.0	1380.0	0	0.0	1035.0	0	0.0	1035.0	0	0.0
info	9	173	258341.5	5	0.5555555555555556	258341.5	9	1.0	1388.0	0	0.0	1041.0	0	0.0	1041.0	0	0.0
info	9	174	259830.5	4	0.4444444444444444	259830.5	0	0.0	1396.0	0	0.0	1047.0	0	0.0	1047.0	0	0.0
info	9	175	261319.5	5	0.5555555555555556	261319.5	9	1.0	1404.0	0	0.0	1053.0	0	0.0	1053.0	0	0.0
info	9	176	262808.5	2	0.2222222222222222	262808.5	0	0.0	1412.0	0	0.0	1059.0	0	0.0	1059.0	0	0.0
info	9	177	264297.5	7	0.7777777777777777	264297.5	9	1.0	1420.0	0	0.0	1065.0	0	0.0	1065.0	0	0.0
info	9	178	265786.5	4	0.4444444444444444	265786.5	0	0.0	1428.0	0	0.0	1071.0	0	0.0	1071.0	0	0.0
info	9	179	267275.5	5	0.5555555555555556	267275.5	9	1.0	1436.0	0	0.0	1077.0	0	0.0	1077.0	0	0.0
info	9	180	268764.5	4	0.4444444444444444	268764.5	0	0.0	1444.0	0	0.0	1083.0	0	0.0	1083.0	0	0.0
info	9	181	270253.5	5	0.5555555555555556	270253.5	9	1.0	1452.0	0	0.0	1089.0	0	0.0	1089.0	0	0.0
info	9	182	271742.5	4	0.4444444444444444	271742.5	0	0.0	1460.0	0	0.0	1095.0	0	0.0	1095.0	0	0.0
info	9	183	273231.5	5	0.5555555555555556	273231.5	9	1.0	1468.0	1	0.1111111111111111	1101.0	0	0.0	1101.0	0	0.0
info	9	184	274720.5	3	0.3333333333333333	274720.5	0	0.0	1476.0	0	0.0	1107.0	0	0.0	1107.0	0	0.0
info	9	185	276209.5	6	0.6666666666666666	276209.5	9	1.0	1484.0	0	0.0	1113.0	0	0.0	1113.0	0	0.0
info	9	186	277698.5	2	0.2222222222222222	277698.5	0	0.0	1492.0	0	0.0	1119.0	0	0.0	1119.0	0	0.0
info	9	187	279187.5	7	0.7777777777777777	279187.5	9	1.0	1500.0	1	0.1111111111111111	1125.0	0	0.0	1125.0	0	0.0
info	9	188	280676.5	2	0.2222222222222222	280676.5	0	0.0	1508.0	0	0.0	1131.0	0	0.0	1131.0	0	0.0
info	9	189	282165.5	7	0.7777777777777777	282165.5	9	1.0	1516.0	0	0.0	1137.0	0	0.0	1137.0	0	0.0
info	9	190	283654.5	5	0.5555555555555556	283654.5	1	0.1111111111111111	1524.0	0	0.0	1143.0	0	0.0	1143.0	0	0.0
info	9	191	285143.5	4	0.4444444444444444	285143.5	8	0.8888888888888888	1532.0	0	0.0	1149.0	0	0.0	1149.0	0	0.0
info	9	192	286632.5	4	0.4444444444444444	286632.5	0	0.0	1540.0	0	0.0	1155.0	0	0.0	1155.0	0	0.0
info	9	193	288121.5	5	0.5555555555555556	288121.5	9	1.0	1548.0	0	0.0	1161.0	0	0.0	1161.0	0	0.0
info	9	194	289610.5	4	0.4444444444444444	289610.5	0	0.0	1556.0	0	0.0	1167.0	0	0.0	1167.0	0	0.0
info	9	195	291099.5	5	0.5555555555555556	291099.5	9	1.0	1564.0	0	0.0	1173.0	0	0.0	1173.0	0	0.0
info	9	196	292588.5	4	0.4444444444444444	292588.5	0	0.0	1572.0	0	0.0	1179.0	0	0.0	1179.0	0	0.0
info	9	197	294077.5	5	0.5555555555555556	294077.5	9	1.0	1580.0	0	0.0	1185.0	0	0.0	1185.0	0	0.0
info	9	198	295566.5	0	0.0	295566.5	0	0.0	1588.0	0	0.0	1191.0	0	0.0	1191.0	0	0.0
info	9	199	297055.5	9	1.0	297055.5	9	1.0	1596.0	0	0.0	1197.0	0	0.0	1197.0	0	0.0
home	9	0	742.0	9	1.0	742.0	9	1.0	1.5	0	0.0	3.0	900	100.0	3.0	900	100.0
home	9	1	2226.0	2	0.2222222222222222	2226.0	0	0.0	4.5	97	10.777777777777777	9.0	0	0.0	9.0	0	0.0
home	9	2	3710.0	7	0.7777777777777777	3710.0	9	1.0	7.5	90	10.0	15.0	0	0.0	15.0	0	0.0
home	9	3	5194.0	6	0.6666666666666666	5194.0	6	0.6666666666666666	10.5	19	2.111111111111111	21.0	0	0.0	21.0	0	0.0
home	9	4	6678.0	3	0.3333333333333333	6678.0	3	0.3333333333333333	13.5	14	1.5555555555555554	27.0	0	0.0	27.0	0	0.0
home	9	5	8162.0	6	0.6666666666666666	8162.0	0	0.0	16.5	28	3.1111111111111107	33.0	0	0.0	33.0	0	0.0
home	9	6	9646.0	3	0.3333333333333333	9646.0	9	1.0	19.5	31	3.444444444444444	39.0	0	0.0	39.0	0	0.0
home	9	7	11130.0	0	0.0	11130.0	0	0.0	22.5	10	1.1111111111111112	45.0	0	0.0	45.0	0	0.0
home	9	8	12614.0	9	1.0	12614.0	9	1.0	25.5	16	1.7777777777777777	51.0	0	0.0	51.0	0	0.0
home	9	9	14098.0	0	0.0	14098.0	0	0.0	28.5	8	0.8888888888888888	57.0	0	0.0	57.0	0	0.0
home	9	10	15582.0	9	1.0	15582.0	9	1.0	31.5	1	0.1111111111111111	63.0	0	0.0	63.0	0	0.0
home	9	11	17066.0	0	0.0	17066.0	0	0.0	34.5	2	0.2222222222222222	69.0	0	0.0	69.0	0	0.0
home	9	12	18550.0	9	1.0	18550.0	9	1.0	37.5	2	0.2222222222222222	75.0	0	0.0	75.0	0	0.0
home	9	13	20034.0	0	0.0	20034.0	0	0.0	40.5	1	0.1111111111111111	81.0	0	0.0	81.0	0	0.0
home	9	14	21518.0	9	1.0	21518.0	9	1.0	43.5	1	0.1111111111111111	87.0	0	0.0	87.0	0	0.0
home	9	15	23002.0	0	0.0	23002.0	0	0.0	46.5	0	0.0	93.0	0	0.0	93.0	0	0.0
home	9	16	24486.0	9	1.0	24486.0	9	1.0	49.5	1	0.1111111111111111	99.0	0	0.0	99.0	0	0.0
home	9	17	25970.0	0	0.0	25970.0	0	0.0	52.5	1	0.1111111111111111	105.0	0	0.0	105.0	0	0.0
home	9	18	27454.0	9	1.0	27454.0	9	1.0	55.5	1	0.1111111111111111	111.0	0	0.0	111.0	0	0.0
home	9	19	28938.0	0	0.0	28938.0	0	0.0	58.5	0	0.0	117.0	0	0.0	117.0	0	0.0
home	9	20	30422.0	9	1.0	30422.0	9	1.0	61.5	0	0.0	123.0	0	0.0	123.0	0	0.0
home	9	21	31906.0	0	0.0	31906.0	0	0.0	64.5	1	0.1111111111111111	129.0	0	0.0	129.0	0	0.0
home	9	22	33390.0	9	1.0	33390.0	9	1.0	67.5	3	0.3333333333333333	135.0	0	0.0	135.0	0	0.0
home	9	23	34874.0	0	0.0	34874.0	0	0.0	70.5	7	0.7777777777777777	141.0	0	0.0	141.0	0	0.0
home	9	24	36358.0	9	1.0	36358.0	9	1.0	73.5	9	1.0	147.0	0	0.0	147.0	0	0.0
home	9	25	37842.0	0	0.0	37842.0	0	0.0	76.5	17	1.8888888888888888	153.0	0	0.0	153.0	0	0.0
home	9	26	39326.0	7	0.7777777777777777	39326.0	7	0.7777777777777777	79.5	11	1.222222222222222	159.0	0	0.0	159.0	0	0.0
home	9	27	40810.0	2	0.2222222222222222	40810.0	2	0.2222222222222222	82.5	12	1.3333333333333333	165.0	0	0.0	165.0	0	0.0
home	9	28	42294.0	7	0.7777777777777777	42294.0	7	0.7777777777777777	85.5	18	2.0	171.0	0	0.0	171.0	0	0.0
home	9	29	43778.0	2	0.2222222222222222	43778.0	2	0.2222222222222222	88.5	28	3.1111111111111107	177.0	0	0.0	177.0	0	0.0
home	9	30	45262.0	8	0.8888888888888888	45262.0	8	0.8888888888888888	91.5	32	3.5555555555555554	183.0	0	0.0	183.0	0	0.0
home	9	31	46746.0	1	0.1111111111111111	46746.0	1	0.1111111111111111	94.5	39	4.333333333333333	189.0	0	0.0	189.0	0	0.0
home	9	32	48230.0	8	0.8888888888888888	48230.0	8	0.8888888888888888	97.5	32	3.5555555555555554	195.0	0	0.0	195.0	0	0.0
home	9	33	49714.0	1	0.1111111111111111	49714.0	1	0.1111111111111111	100.5	40	4.444444444444445	201.0	0	0.0	201.0	0	0.0
home	9	34	51198.0	0	0.0	51198.0	0	0.0	103.5	27	3.0	207.0	0	0.0	207.0	0	0.0
home	9	35	52682.0	9	1.0	52682.0	9	1.0	106.5	32	3.5555555555555554	213.0	0	0.0	213.0	0	0.0
home	9	36	54166.0	0	0.0	54166.0	0	0.0	109.5	20	2.2222222222222223	219.0	0	0.0	219.0	0	0.0
home	9	37	55650.0	9	1.0	55650.0	9	1.0	112.5	21	2.333333333333333	225.0	0	0.0	225.0	0	0.0
home	9	38	57134.0	0	0.0	57134.0	0	0.0	115.5	24	2.6666666666666665	231.0	0	0.0	231.0	0	0.0
home	9	39	58618.0	9	1.0	58618.0	9	1.0	118.5	17	1.8888888888888888	237.0	0	0.0	237.0	0	0.0
home	9	40	60102.0	0	0.0	60102.0	0	0.0	121.5	4	0.4444444444444444	243.0	0	0.0	243.0	0	0.0
home	9	41	61586.0	9	1.0	61586.0	9	1.0	124.5	6	0.6666666666666666	249.0	0	0.0	249.0	0	0.0
home	9	42	63070.0	0	0.0	63070.0	0	0.0	127.5	3	0.3333333333333333	255.0	0	0.0	255.0	0	0.0
home	9	43	64554.0	9	1.0	64554.0	9	1.0	130.5	0	0.0	261.0	0	0.0	261.0	0	0.0
home	9	44	66038.0	0	0.0	66038.0	0	0.0	133.5	0	0.0	267.0	0	0.0	267.0	0	0.0
home	9	45	67522.0	9	1.0	67522.0	9	1.0	136.5	0	0.0	273.0	0	0.0	273.0	0	0.0
home	9	46	69006.0	0	0.0	69006.0	0	0.0	139.5	2	0.2222222222222222	279.0	0	0.0	279.0	0	0.0
home	9	47	70490.0	9	1.0	70490.0	9	1.0	142.5	0	0.0	285.0	0	0.0	285.0	0	0.0
home	9	48	71974.0	6	0.6666666666666666	71974.0	6	0.6666666666666666	145.5	0	0.0	291.0	0	0.0	291.0	0	0.0
home	9	49	73458.0	3	0.3333333333333333	73458.0	3	0.3333333333333333	148.5	0	0.0	297.0	0	0.0	297.0	0	0.0
home	9	50	74942.0	6	0.6666666666666666	74942.0	6	0.6666666666666666	151.5	0	0.0	303.0	0	0.0	303.0	0	0.0
home	9	51	76426.0	3	0.3333333333333333	76426.0	3	0.3333333333333333	154.5	0	0.0	309.0	0	0.0	309.0	0	0.0
home	9	52	77910.0	9	1.0	77910.0	9	1.0	157.5	0	0.0	315.0	0	0.0	315.0	0	0.0
home	9	53	79394.0	0	0.0	79394.0	0	0.0	160.5	0	0.0	321.0	0	0.0	321.0	0	0.0
home	9	54	80878.0	8	0.8888888888888888	80878.0	8	0.8888888888888888	163.5	0	0.0	327.0	0	0.0	327.0	0	0.0
home	9	55	82362.0	1	0.1111111111111111	82362.0	1	0.1111111111111111	166.5	0	0.0	333.0	0	0.0	333.0	0	0.0
home	9	56	83846.0	0	0.0	83846.0	0	0.0	169.5	2	0.2222222222222222	339.0	0	0.0	339.0	0	0.0
home	9	57	85330.0	9	1.0	85330.0	9	1.0	172.5	2	0.2222222222222222	345.0	0	0.0	345.0	0	0.0
home	9	58	86814.0	0	0.0	86814.0	0	0.0	175.5	3	0.3333333333333333	351.0	0	0.0	351.0	0	0.0
home	9	59	88298.0	9	1.0	88298.0	9	1.0	178.5	14	1.5555555555555554	357.0	0	0.0	357.0	0	0.0
home	9	60	89782.0	0	0.0	89782.0	0	0.0	181.5	14	1.5555555555555554	363.0	0	0.0	363.0	0	0.0
home	9	61	91266.0	9	1.0	91266.0	9	1.0	184.5	17	1.8888888888888888	369.0	0	0.0	369.0	0	0.0
home	9	62	92750.0	0	0.0	92750.0	0	0.0	187.5	9	1.0	375.0	0	0.0	375.0	0	0.0
home	9	63	94234.0	9	1.0	94234.0	9	1.0	190.5	16	1.7777777777777777	381.0	0	0.0	381.0	0	0.0
home	9	64	95718.0	0	0.0	95718.0	0	0.0	193.5	16	1.7777777777777777	387.0	0	0.0	387.0	0	0.0
home	9	65	97202.0	9	1.0	97202.0	9	1.0	196.5	14	1.5555555555555554	393.0	0	0.0	393.0	0	0.0
home	9	66	98686.0	0	0.0	98686.0	0	0.0	199.5	20	2.2222222222222223	399.0	0	0.0	399.0	0	0.0
home	9	67	100170.0	8	0.8888888888888888	100170.0	8	0.8888888888888888	202.5	9	1.0	405.0	0	0.0	405.0	0	0.0
home	9	68	101654.0	1	0.1111111111111111	101654.0	1	0.1111111111111111	205.5	5	0.5555555555555556	411.0	0	0.0	411.0	0	0.0
home	9	69	103138.0	6	0.6666666666666666	103138.0	6	0.6666666666666666	208.5	3	0.3333333333333333	417.0	0	0.0	417.0	0	0.0
home	9	70	104622.0	3	0.3333333333333333	104622.0	3	0.3333333333333333	211.5	3	0.3333333333333333	423.0	0	0.0	423.0	0	0.0
home	9	71	106106.0	9	1.0	106106.0	9	1.0	214.5	3	0.3333333333333333	429.0	0	0.0	429.0	0	0.0
home	9	72	107590.0	0	0.0	107590.0	0	0.0	217.5	3	0.3333333333333333	435.0	0	0.0	435.0	0	0.0
home	9	73	109074.0	8	0.8888888888888888	109074.0	7	0.7777777777777777	220.5	1	0.1111111111111111	441.0	0	0.0	441.0	0	0.0
home	9	74	110558.0	1	0.1111111111111111	110558.0	2	0.2222222222222222	223.5	0	0.0	447.0	0	0.0	447.0	0	0.0
home	9	75	112042.0	0	0.0	112042.0	0	0.0	226.5	0	0.0	453.0	0	0.0	453.0	0	0.0
home	9	76	113526.0	9	1.0	113526.0	9	1.0	229.5	0	0.0	459.0	0	0.0	459.0	0	0.0
home	9	77	115010.0	0	0.0	115010.0	0	0.0	232.5	0	0.0	465.0	0	0.0	465.0	0	0.0
home	9	78	116494.0	9	1.0	116494.0	9	1.0	235.5	0	0.0	471.0	0	0.0	471.0	0	0.0
home	9	79	117978.0	0	0.0	117978.0	0	0.0	238.5	0	0.0	477.0	0	0.0	477.0	0	0.0
home	9	80	119462.0	9	1.0	119462.0	9	1.0	241.5	0	0.0	483.0	0	0.0	483.0	0	0.0
home	9	81	120946.0	0	0.0	120946.0	0	0.0	244.5	0	0.0	489.0	0	0.0	489.0	0	0.0
home	9	82	122430.0	9	1.0	122430.0	9	1.0	247.5	0	0.0	495.0	0	0.0	495.0	0	0.0
home	9	83	123914.0	0	0.0	123914.0	0	0.0	250.5	0	0.0	501.0	0	0.0	501.0	0	0.0
home	9	84	125398.0	9	1.0	125398.0	9	1.0	253.5	0	0.0	507.0	0	0.0	507.0	0	0.0
home	9	85	126882.0	0	0.0	126882.0	0	0.0	256.5	0	0.0	513.0	0	0.0	513.0	0	0.0
home	9	86	128366.0	9	1.0	128366.0	9	1.0	259.5	1	0.1111111111111111	519.0	0	0.0	519.0	0	0.0
home	9	87	129850.0	0	0.0	129850.0	0	0.0	262.5	0	0.0	525.0	0	0.0	525.0	0	0.0
home	9	88	131334.0	9	1.0	131334.0	9	1.0	265.5	0	0.0	531.0	0	0.0	531.0	0	0.0
home	9	89	132818.0	0	0.0	132818.0	0	0.0	268.5	0	0.0	537.0	0	0.0	537.0	0	0.0
home	9	90	134302.0	9	1.0	134302.0	9	1.0	271.5	3	0.3333333333333333	543.0	0	0.0	543.0	0	0.0
home	9	91	135786.0	0	0.0	135786.0	0	0.0	274.5	2	0.2222222222222222	549.0	0	0.0	549.0	0	0.0
home	9	92	137270.0	9	1.0	137270.0	9	1.0	277.5	4	0.4444444444444444	555.0	0	0.0	555.0	0	0.0
home	9	93	138754.0	0	0.0	138754.0	0	0.0	280.5	1	0.1111111111111111	561.0	0	0.0	561.0	0	0.0
home	9	94	140238.0	9	1.0	140238.0	9	1.0	283.5	1	0.1111111111111111	567.0	0	0.0	567.0	0	0.0
home	9	95	141722.0	0	0.0	141722.0	0	0.0	286.5	2	0.2222222222222222	573.0	0	0.0	573.0	0	0.0
home	9	96	143206.0	8	0.8888888888888888	143206.0	7	0.7777777777777777	289.5	1	0.1111111111111111	579.0	0	0.0	579.0	0	0.0
home	9	97	144690.0	1	0.1111111111111111	144690.0	2	0.2222222222222222	292.5	0	0.0	585.0	0	0.0	585.0	0	0.0
home	9	98	146174.0	9	1.0	146174.0	9	1.0	295.5	0	0.0	591.0	0	0.0	591.0	0	0.0
home	9	99	147658.0	0	0.0	147658.0	0	0.0	298.5	0	0.0	597.0	0	0.0	597.0	0	0.0
home	9	100	149142.0	9	1.0	149142.0	9	1.0	301.5	0	0.0	603.0	0	0.0	603.0	0	0.0
home	9	101	150626.0	0	0.0	150626.0	0	0.0	304.5	0	0.0	609.0	0	0.0	609.0	0	0.0
home	9	102	152110.0	9	1.0	152110.0	9	1.0	307.5	0	0.0	615.0	0	0.0	615.0	0	0.0
home	9	103	153594.0	0	0.0	153594.0	0	0.0	310.5	0	0.0	621.0	0	0.0	621.0	0	0.0
home	9	104	155078.0	9	1.0	155078.0	9	1.0	313.5	0	0.0	627.0	0	0.0	627.0	0	0.0
home	9	105	156562.0	0	0.0	156562.0	0	0.0	316.5	0	0.0	633.0	0	0.0	633.0	0	0.0
home	9	106	158046.0	7	0.7777777777777777	158046.0	7	0.7777777777777777	319.5	0	0.0	639.0	0	0.0	639.0	0	0.0
home	9	107	159530.0	2	0.2222222222222222	159530.0	2	0.2222222222222222	322.5	0	0.0	645.0	0	0.0	645.0	0	0.0
home	9	108	161014.0	0	0.0	161014.0	0	0.0	325.5	0	0.0	651.0	0	0.0	651.0	0	0.0
home	9	109	162498.0	9	1.0	162498.0	9	1.0	328.5	0	0.0	657.0	0	0.0	657.0	0	0.0
home	9	110	163982.0	6	0.6666666666666666	163982.0	0	0.0	331.5	0	0.0	663.0	0	0.0	663.0	0	0.0
home	9	111	165466.0	3	0.3333333333333333	165466.0	9	1.0	334.5	0	0.0	669.0	0	0.0	669.0	0	0.0
home	9	112	166950.0	7	0.7777777777777777	166950.0	7	0.7777777777777777	337.5	0	0.0	675.0	0	0.0	675.0	0	0.0
home	9	113	168434.0	2	0.2222222222222222	168434.0	2	0.2222222222222222	340.5	0	0.0	681.0	0	0.0	681.0	0	0.0
home	9	114	169918.0	7	0.7777777777777777	169918.0	7	0.7777777777777777	343.5	0	0.0	687.0	0	0.0	687.0	0	0.0
home	9	115	171402.0	2	0.2222222222222222	171402.0	2	0.2222222222222222	346.5	0	0.0	693.0	0	0.0	693.0	0	0.0
home	9	116	172886.0	9	1.0	172886.0	9	1.0	349.5	0	0.0	699.0	0	0.0	699.0	0	0.0
home	9	117	174370.0	0	0.0	174370.0	0	0.0	352.5	0	0.0	705.0	0	0.0	705.0	0	0.0
home	9	118	175854.0	9	1.0	175854.0	9	1.0	355.5	0	0.0	711.0	0	0.0	711.0	0	0.0
home	9	119	177338.0	0	0.0	177338.0	0	0.0	358.5	0	0.0	717.0	0	0.0	717.0	0	0.0
home	9	120	178822.0	9	1.0	178822.0	9	1.0	361.5	0	0.0	723.0	0	0.0	723.0	0	0.0
home	9	121	180306.0	0	0.0	180306.0	0	0.0	364.5	0	0.0	729.0	0	0.0	729.0	0	0.0
home	9	122	181790.0	8	0.8888888888888888	181790.0	8	0.8888888888888888	367.5	0	0.0	735.0	0	0.0	735.0	0	0.0
home	9	123	183274.0	1	0.1111111111111111	183274.0	1	0.1111111111111111	370.5	0	0.0	741.0	0	0.0	741.0	0	0.0
home	9	124	184758.0	7	0.7777777777777777	184758.0	7	0.7777777777777777	373.5	0	0.0	747.0	0	0.0	747.0	0	0.0
home	9	125	186242.0	2	0.2222222222222222	186242.0	2	0.2222222222222222	376.5	0	0.0	753.0	0	0.0	753.0	0	0.0
home	9	126	187726.0	7	0.7777777777777777	187726.0	7	0.7777777777777777	379.5	0	0.0	759.0	0	0.0	759.0	0	0.0
home	9	127	189210.0	2	0.2222222222222222	189210.0	2	0.2222222222222222	382.5	0	0.0	765.0	0	0.0	765.0	0	0.0
home	9	128	190694.0	9	1.0	190694.0	9	1.0	385.5	0	0.0	771.0	0	0.0	771.0	0	0.0
home	9	129	192178.0	0	0.0	192178.0	0	0.0	388.5	0	0.0	777.0	0	0.0	777.0	0	0.0
home	9	130	193662.0	9	1.0	193662.0	9	1.0	391.5	0	0.0	783.0	0	0.0	783.0	0	0.0
home	9	131	195146.0	0	0.0	195146.0	0	0.0	394.5	0	0.0	789.0	0	0.0	789.0	0	0.0
home	9	132	196630.0	9	1.0	196630.0	9	1.0	397.5	0	0.0	795.0	0	0.0	795.0	0	0.0
home	9	133	198114.0	0	0.0	198114.0	0	0.0	400.5	1	0.1111111111111111	801.0	0	0.0	801.0	0	0.0
home	9	134	199598.0	9	1.0	199598.0	9	1.0	403.5	0	0.0	807.0	0	0.0	807.0	0	0.0
home	9	135	201082.0	0	0.0	201082.0	0	0.0	406.5	0	0.0	813.0	0	0.0	813.0	0	0.0
home	9	136	202566.0	9	1.0	202566.0	9	1.0	409.5	1	0.1111111111111111	819.0	0	0.0	819.0	0	0.0
home	9	137	204050.0	0	0.0	204050.0	0	0.0	412.5	0	0.0	825.0	0	0.0	825.0	0	0.0
home	9	138	205534.0	9	1.0	205534.0	9	1.0	415.5	0	0.0	831.0	0	0.0	831.0	0	0.0
home	9	139	207018.0	0	0.0	207018.0	0	0.0	418.5	0	0.0	837.0	0	0.0	837.0	0	0.0
home	9	140	208502.0	8	0.8888888888888888	208502.0	8	0.8888888888888888	421.5	0	0.0	843.0	0	0.0	843.0	0	0.0
home	9	141	209986.0	1	0.1111111111111111	209986.0	1	0.1111111111111111	424.5	0	0.0	849.0	0	0.0	849.0	0	0.0
home	9	142	211470.0	6	0.6666666666666666	211470.0	6	0.6666666666666666	427.5	0	0.0	855.0	0	0.0	855.0	0	0.0
home	9	143	212954.0	3	0.3333333333333333	212954.0	3	0.3333333333333333	430.5	0	0.0	861.0	0	0.0	861.0	0	0.0
home	9	144	214438.0	7	0.7777777777777777	214438.0	6	0.6666666666666666	433.5	0	0.0	867.0	0	0.0	867.0	0	0.0
home	9	145	215922.0	2	0.2222222222222222	215922.0	3	0.3333333333333333	436.5	0	0.0	873.0	0	0.0	873.0	0	0.0
home	9	146	217406.0	9	1.0	217406.0	9	1.0	439.5	0	0.0	879.0	0	0.0	879.0	0	0.0
home	9	147	218890.0	0	0.0	218890.0	0	0.0	442.5	0	0.0	885.0	0	0.0	885.0	0	0.0
home	9	148	220374.0	9	1.0	220374.0	9	1.0	445.5	0	0.0	891.0	0	0.0	891.0	0	0.0
home	9	149	221858.0	0	0.0	221858.0	0	0.0	448.5	0	0.0	897.0	0	0.0	897.0	0	0.0
home	9	150	223342.0	9	1.0	223342.0	9	1.0	451.5	0	0.0	903.0	0	0.0	903.0	0	0.0
home	9	151	224826.0	0	0.0	224826.0	0	0.0	454.5	0	0.0	909.0	0	0.0	909.0	0	0.0
home	9	152	226310.0	9	1.0	226310.0	9	1.0	457.5	0	0.0	915.0	0	0.0	915.0	0	0.0
home	9	153	227794.0	0	0.0	227794.0	0	0.0	460.5	0	0.0	921.0	0	0.0	921.0	0	0.0
home	9	154	229278.0	9	1.0	229278.0	9	1.0	463.5	0	0.0	927.0	0	0.0	927.0	0	0.0
home	9	155	230762.0	0	0.0	230762.0	0	0.0	466.5	0	0.0	933.0	0	0.0	933.0	0	0.0
home	9	156	232246.0	9	1.0	232246.0	9	1.0	469.5	0	0.0	939.0	0	0.0	939.0	0	0.0
home	9	157	233730.0	0	0.0	233730.0	0	0.0	472.5	0	0.0	945.0	0	0.0	945.0	0	0.0
home	9	158	235214.0	9	1.0	235214.0	9	1.0	475.5	0	0.0	951.0	0	0.0	951.0	0	0.0
home	9	159	236698.0	6	0.6666666666666666	236698.0	0	0.0	478.5	0	0.0	957.0	0	0.0	957.0	0	0.0
home	9	160	238182.0	3	0.3333333333333333	238182.0	9	1.0	481.5	0	0.0	963.0	0	0.0	963.0	0	0.0
home	9	161	239666.0	6	0.6666666666666666	239666.0	6	0.6666666666666666	484.5	0	0.0	969.0	0	0.0	969.0	0	0.0
home	9	162	241150.0	3	0.3333333333333333	241150.0	3	0.3333333333333333	487.5	0	0.0	975.0	0	0.0	975.0	0	0.0
home	9	163	242634.0	0	0.0	242634.0	0	0.0	490.5	0	0.0	981.0	0	0.0	981.0	0	0.0
home	9	164	244118.0	9	1.0	244118.0	9	1.0	493.5	0	0.0	987.0	0	0.0	987.0	0	0.0
home	9	165	245602.0	6	0.6666666666666666	245602.0	6	0.6666666666666666	496.5	0	0.0	993.0	0	0.0	993.0	0	0.0
home	9	166	247086.0	3	0.3333333333333333	247086.0	3	0.3333333333333333	499.5	0	0.0	999.0	0	0.0	999.0	0	0.0
home	9	167	248570.0	7	0.7777777777777777	248570.0	7	0.7777777777777777	502.5	0	0.0	1005.0	0	0.0	1005.0	0	0.0
home	9	168	250054.0	2	0.2222222222222222	250054.0	2	0.2222222222222222	505.5	1	0.1111111111111111	1011.0	0	0.0	1011.0	0	0.0
home	9	169	251538.0	9	1.0	251538.0	9	1.0	508.5	0	0.0	1017.0	0	0.0	1017.0	0	0.0
home	9	170	253022.0	0	0.0	253022.0	0	0.0	511.5	0	0.0	1023.0	0	0.0	1023.0	0	0.0
home	9	171	254506.0	9	1.0	254506.0	9	1.0	514.5	0	0.0	1029.0	0	0.0	1029.0	0	0.0
home	9	172	255990.0	0	0.0	255990.0	0	0.0	517.5	0	0.0	1035.0	0	0.0	1035.0	0	0.0
home	9	173	257474.0	9	1.0	257474.0	9	1.0	520.5	0	0.0	1041.0	0	0.0	1041.0	0	0.0
home	9	174	258958.0	0	0.0	258958.0	0	0.0	523.5	0	0.0	1047.0	0	0.0	1047.0	0	0.0
home	9	175	260442.0	9	1.0	260442.0	9	1.0	526.5	0	0.0	1053.0	0	0.0	1053.0	0	0.0
home	9	176	261926.0	0	0.0	261926.0	0	0.0	529.5	0	0.0	1059.0	0	0.0	1059.0	0	0.0
home	9	177	263410.0	9	1.0	263410.0	9	1.0	532.5	0	0.0	1065.0	0	0.0	1065.0	0	0.0
home	9	178	264894.0	0	0.0	264894.0	0	0.0	535.5	0	0.0	1071.0	0	0.0	1071.0	0	0.0
home	9	179	266378.0	9	1.0	266378.0	9	1.0	538.5	0	0.0	1077.0	0	0.0	1077.0	0	0.0
home	9	180	267862.0	0	0.0	267862.0	0	0.0	541.5	0	0.0	1083.0	0	0.0	1083.0	0	0.0
home	9	181	269346.0	9	1.0	269346.0	9	1.0	544.5	0	0.0	1089.0	0	0.0	1089.0	0	0.0
home	9	182	270830.0	0	0.0	270830.0	0	0.0	547.5	0	0.0	1095.0	0	0.0	1095.0	0	0.0
home	9	183	272314.0	9	1.0	272314.0	9	1.0	550.5	0	0.0	1101.0	0	0.0	1101.0	0	0.0
home	9	184	273798.0	0	0.0	273798.0	0	0.0	553.5	0	0.0	1107.0	0	0.0	1107.0	0	0.0
home	9	185	275282.0	9	1.0	275282.0	9	1.0	556.5	0	0.0	1113.0	0	0.0	1113.0	0	0.0
home	9	186	276766.0	0	0.0	276766.0	0	0.0	559.5	0	0.0	1119.0	0	0.0	1119.0	0	0.0
home	9	187	278250.0	9	1.0	278250.0	9	1.0	562.5	0	0.0	1125.0	0	0.0	1125.0	0	0.0
home	9	188	279734.0	0	0.0	279734.0	0	0.0	565.5	0	0.0	1131.0	0	0.0	1131.0	0	0.0
home	9	189	281218.0	9	1.0	281218.0	9	1.0	568.5	0	0.0	1137.0	0	0.0	1137.0	0	0.0
home	9	190	282702.0	1	0.1111111111111111	282702.0	0	0.0	571.5	0	0.0	1143.0	0	0.0	1143.0	0	0.0
home	9	191	284186.0	8	0.8888888888888888	284186.0	9	1.0	574.5	0	0.0	1149.0	0	0.0	1149.0	0	0.0
home	9	192	285670.0	0	0.0	285670.0	0	0.0	577.5	0	0.0	1155.0	0	0.0	1155.0	0	0.0
home	9	193	287154.0	9	1.0	287154.0	9	1.0	580.5	0	0.0	1161.0	0	0.0	1161.0	0	0.0
home	9	194	288638.0	0	0.0	288638.0	0	0.0	583.5	0	0.0	1167.0	0	0.0	1167.0	0	0.0
home	9	195	290122.0	9	1.0	290122.0	9	1.0	586.5	0	0.0	1173.0	0	0.0	1173.0	0	0.0
home	9	196	291606.0	0	0.0	291606.0	0	0.0	589.5	0	0.0	1179.0	0	0.0	1179.0	0	0.0
home	9	197	293090.0	9	1.0	293090.0	9	1.0	592.5	0	0.0	1185.0	0	0.0	1185.0	0	0.0
home	9	198	294574.0	0	0.0	294574.0	0	0.0	595.5	0	0.0	1191.0	0	0.0	1191.0	0	0.0
home	9	199	296058.0	9	1.0	296058.0	9	1.0	598.5	0	0.0	1197.0	0	0.0	1197.0	0	0.0
