'Request type'	'Load'	'Bucket'	'Start time'	'Absolute'	'Percent of requests'	'End time'	'Absolute'	'Percent of requests'	'Residence time'	'Absolute'	'Percent of requests'	'Theor. think time'	'Absolute'	'Percent of requests'	'Actual think time'	'Absolute'	'Percent of requests'
login	14	0	749.0	14	1.36986301369863	749.0	4	0.3913894324853229	9.5	0	0.0	3.0	1022	100.0	3.0	1022	100.0
login	14	1	2247.0	0	0.0	2247.0	7	0.684931506849315	28.5	0	0.0	9.0	0	0.0	9.0	0	0.0
login	14	2	3745.0	14	1.36986301369863	3745.0	3	0.29354207436399216	47.5	0	0.0	15.0	0	0.0	15.0	0	0.0
login	14	3	5243.0	0	0.0	5243.0	6	0.5870841487279843	66.5	0	0.0	21.0	0	0.0	21.0	0	0.0
login	14	4	6741.0	0	0.0	6741.0	5	0.4892367906066536	85.5	0	0.0	27.0	0	0.0	27.0	0	0.0
login	14	5	8239.0	14	1.36986301369863	8239.0	3	0.29354207436399216	104.5	0	0.0	33.0	0	0.0	33.0	0	0.0
login	14	6	9737.0	0	0.0	9737.0	7	0.684931506849315	123.5	0	0.0	39.0	0	0.0	39.0	0	0.0
login	14	7	11235.0	0	0.0	11235.0	7	0.684931506849315	142.5	0	0.0	45.0	0	0.0	45.0	0	0.0
login	14	8	12733.0	14	1.36986301369863	12733.0	0	0.0	161.5	0	0.0	51.0	0	0.0	51.0	0	0.0
login	14	9	14231.0	0	0.0	14231.0	8	0.7827788649706457	180.5	0	0.0	57.0	0	0.0	57.0	0	0.0
login	14	10	15729.0	0	0.0	15729.0	6	0.5870841487279843	199.5	0	0.0	63.0	0	0.0	63.0	0	0.0
login	14	11	17227.0	14	1.36986301369863	17227.0	1	0.09784735812133072	218.5	1	0.09784735812133072	69.0	0	0.0	69.0	0	0.0
login	14	12	18725.0	0	0.0	18725.0	7	0.684931506849315	237.5	0	0.0	75.0	0	0.0	75.0	0	0.0
login	14	13	20223.0	0	0.0	20223.0	6	0.5870841487279843	256.5	0	0.0	81.0	0	0.0	81.0	0	0.0
login	14	14	21721.0	14	1.36986301369863	21721.0	2	0.19569471624266144	275.5	0	0.0	87.0	0	0.0	87.0	0	0.0
login	14	15	23219.0	0	0.0	23219.0	8	0.7827788649706457	294.5	3	0.29354207436399216	93.0	0	0.0	93.0	0	0.0
login	14	16	24717.0	12	1.1741682974559686	24717.0	4	0.3913894324853229	313.5	0	0.0	99.0	0	0.0	99.0	0	0.0
login	14	17	26215.0	2	0.19569471624266144	26215.0	6	0.5870841487279843	332.5	0	0.0	105.0	0	0.0	105.0	0	0.0
login	14	18	27713.0	0	0.0	27713.0	5	0.4892367906066536	351.5	0	0.0	111.0	0	0.0	111.0	0	0.0
login	14	19	29211.0	14	1.36986301369863	29211.0	3	0.29354207436399216	370.5	1	0.09784735812133072	117.0	0	0.0	117.0	0	0.0
login	14	20	30709.0	0	0.0	30709.0	8	0.7827788649706457	389.5	3	0.29354207436399216	123.0	0	0.0	123.0	0	0.0
login	14	21	32207.0	0	0.0	32207.0	6	0.5870841487279843	408.5	2	0.19569471624266144	129.0	0	0.0	129.0	0	0.0
login	14	22	33705.0	14	1.36986301369863	33705.0	0	0.0	427.5	1	0.09784735812133072	135.0	0	0.0	135.0	0	0.0
login	14	23	35203.0	0	0.0	35203.0	8	0.7827788649706457	446.5	0	0.0	141.0	0	0.0	141.0	0	0.0
login	14	24	36701.0	0	0.0	36701.0	6	0.5870841487279843	465.5	1	0.09784735812133072	147.0	0	0.0	147.0	0	0.0
login	14	25	38199.0	14	1.36986301369863	38199.0	3	0.29354207436399216	484.5	3	0.29354207436399216	153.0	0	0.0	153.0	0	0.0
login	14	26	39697.0	0	0.0	39697.0	5	0.4892367906066536	503.5	10	0.9784735812133072	159.0	0	0.0	159.0	0	0.0
login	14	27	41195.0	0	0.0	41195.0	6	0.5870841487279843	522.5	6	0.5870841487279843	165.0	0	0.0	165.0	0	0.0
login	14	28	42693.0	14	1.36986301369863	42693.0	5	0.4892367906066536	541.5	0	0.0	171.0	0	0.0	171.0	0	0.0
login	14	29	44191.0	0	0.0	44191.0	6	0.5870841487279843	560.5	2	0.19569471624266144	177.0	0	0.0	177.0	0	0.0
login	14	30	45689.0	12	1.1741682974559686	45689.0	3	0.29354207436399216	579.5	4	0.3913894324853229	183.0	0	0.0	183.0	0	0.0
login	14	31	47187.0	2	0.19569471624266144	47187.0	4	0.3913894324853229	598.5	8	0.7827788649706457	189.0	0	0.0	189.0	0	0.0
login	14	32	48685.0	0	0.0	48685.0	9	0.8806262230919765	617.5	2	0.19569471624266144	195.0	0	0.0	195.0	0	0.0
login	14	33	50183.0	14	1.36986301369863	50183.0	1	0.09784735812133072	636.5	0	0.0	201.0	0	0.0	201.0	0	0.0
login	14	34	51681.0	0	0.0	51681.0	7	0.684931506849315	655.5	0	0.0	207.0	0	0.0	207.0	0	0.0
login	14	35	53179.0	0	0.0	53179.0	7	0.684931506849315	674.5	0	0.0	213.0	0	0.0	213.0	0	0.0
login	14	36	54677.0	14	1.36986301369863	54677.0	3	0.29354207436399216	693.5	5	0.4892367906066536	219.0	0	0.0	219.0	0	0.0
login	14	37	56175.0	0	0.0	56175.0	5	0.4892367906066536	712.5	15	1.467710371819961	225.0	0	0.0	225.0	0	0.0
login	14	38	57673.0	0	0.0	57673.0	6	0.5870841487279843	731.5	0	0.0	231.0	0	0.0	231.0	0	0.0
login	14	39	59171.0	14	1.36986301369863	59171.0	2	0.19569471624266144	750.5	0	0.0	237.0	0	0.0	237.0	0	0.0
login	14	40	60669.0	0	0.0	60669.0	6	0.5870841487279843	769.5	2	0.19569471624266144	243.0	0	0.0	243.0	0	0.0
login	14	41	62167.0	12	1.1741682974559686	62167.0	6	0.5870841487279843	788.5	5	0.4892367906066536	249.0	0	0.0	249.0	0	0.0
login	14	42	63665.0	2	0.19569471624266144	63665.0	6	0.5870841487279843	807.5	5	0.4892367906066536	255.0	0	0.0	255.0	0	0.0
login	14	43	65163.0	0	0.0	65163.0	5	0.4892367906066536	826.5	2	0.19569471624266144	261.0	0	0.0	261.0	0	0.0
login	14	44	66661.0	13	1.2720156555772992	66661.0	3	0.29354207436399216	845.5	0	0.0	267.0	0	0.0	267.0	0	0.0
login	14	45	68159.0	1	0.09784735812133072	68159.0	6	0.5870841487279843	864.5	0	0.0	273.0	0	0.0	273.0	0	0.0
login	14	46	69657.0	0	0.0	69657.0	4	0.3913894324853229	883.5	12	1.1741682974559686	279.0	0	0.0	279.0	0	0.0
login	14	47	71155.0	0	0.0	71155.0	4	0.3913894324853229	902.5	16	1.5655577299412915	285.0	0	0.0	285.0	0	0.0
login	14	48	72653.0	14	1.36986301369863	72653.0	4	0.3913894324853229	921.5	7	0.684931506849315	291.0	0	0.0	291.0	0	0.0
login	14	49	74151.0	0	0.0	74151.0	6	0.5870841487279843	940.5	0	0.0	297.0	0	0.0	297.0	0	0.0
login	14	50	75649.0	12	1.1741682974559686	75649.0	4	0.3913894324853229	959.5	1	0.09784735812133072	303.0	0	0.0	303.0	0	0.0
login	14	51	77147.0	2	0.19569471624266144	77147.0	3	0.29354207436399216	978.5	14	1.36986301369863	309.0	0	0.0	309.0	0	0.0
login	14	52	78645.0	0	0.0	78645.0	6	0.5870841487279843	997.5	25	2.446183953033268	315.0	0	0.0	315.0	0	0.0
login	14	53	80143.0	12	1.1741682974559686	80143.0	5	0.4892367906066536	1016.5	13	1.2720156555772992	321.0	0	0.0	321.0	0	0.0
login	14	54	81641.0	2	0.19569471624266144	81641.0	6	0.5870841487279843	1035.5	1	0.09784735812133072	327.0	0	0.0	327.0	0	0.0
login	14	55	83139.0	0	0.0	83139.0	5	0.4892367906066536	1054.5	0	0.0	333.0	0	0.0	333.0	0	0.0
login	14	56	84637.0	14	1.36986301369863	84637.0	3	0.29354207436399216	1073.5	8	0.7827788649706457	339.0	0	0.0	339.0	0	0.0
login	14	57	86135.0	0	0.0	86135.0	4	0.3913894324853229	1092.5	19	1.8590998043052838	345.0	0	0.0	345.0	0	0.0
login	14	58	87633.0	0	0.0	87633.0	8	0.7827788649706457	1111.5	9	0.8806262230919765	351.0	0	0.0	351.0	0	0.0
login	14	59	89131.0	14	1.36986301369863	89131.0	2	0.19569471624266144	1130.5	1	0.09784735812133072	357.0	0	0.0	357.0	0	0.0
login	14	60	90629.0	0	0.0	90629.0	6	0.5870841487279843	1149.5	0	0.0	363.0	0	0.0	363.0	0	0.0
login	14	61	92127.0	0	0.0	92127.0	7	0.684931506849315	1168.5	5	0.4892367906066536	369.0	0	0.0	369.0	0	0.0
login	14	62	93625.0	14	1.36986301369863	93625.0	2	0.19569471624266144	1187.5	15	1.467710371819961	375.0	0	0.0	375.0	0	0.0
login	14	63	95123.0	0	0.0	95123.0	5	0.4892367906066536	1206.5	23	2.2504892367906066	381.0	0	0.0	381.0	0	0.0
login	14	64	96621.0	0	0.0	96621.0	7	0.684931506849315	1225.5	4	0.3913894324853229	387.0	0	0.0	387.0	0	0.0
login	14	65	98119.0	14	1.36986301369863	98119.0	2	0.19569471624266144	1244.5	0	0.0	393.0	0	0.0	393.0	0	0.0
login	14	66	99617.0	0	0.0	99617.0	7	0.684931506849315	1263.5	2	0.19569471624266144	399.0	0	0.0	399.0	0	0.0
login	14	67	101115.0	0	0.0	101115.0	6	0.5870841487279843	1282.5	9	0.8806262230919765	405.0	0	0.0	405.0	0	0.0
login	14	68	102613.0	14	1.36986301369863	102613.0	1	0.09784735812133072	1301.5	16	1.5655577299412915	411.0	0	0.0	411.0	0	0.0
login	14	69	104111.0	0	0.0	104111.0	6	0.5870841487279843	1320.5	3	0.29354207436399216	417.0	0	0.0	417.0	0	0.0
login	14	70	105609.0	0	0.0	105609.0	7	0.684931506849315	1339.5	0	0.0	423.0	0	0.0	423.0	0	0.0
login	14	71	107107.0	14	1.36986301369863	107107.0	4	0.3913894324853229	1358.5	0	0.0	429.0	0	0.0	429.0	0	0.0
login	14	72	108605.0	0	0.0	108605.0	4	0.3913894324853229	1377.5	6	0.5870841487279843	435.0	0	0.0	435.0	0	0.0
login	14	73	110103.0	0	0.0	110103.0	6	0.5870841487279843	1396.5	15	1.467710371819961	441.0	0	0.0	441.0	0	0.0
login	14	74	111601.0	14	1.36986301369863	111601.0	5	0.4892367906066536	1415.5	10	0.9784735812133072	447.0	0	0.0	447.0	0	0.0
login	14	75	113099.0	0	0.0	113099.0	6	0.5870841487279843	1434.5	0	0.0	453.0	0	0.0	453.0	0	0.0
login	14	76	114597.0	12	1.1741682974559686	114597.0	3	0.29354207436399216	1453.5	0	0.0	459.0	0	0.0	459.0	0	0.0
login	14	77	116095.0	2	0.19569471624266144	116095.0	6	0.5870841487279843	1472.5	8	0.7827788649706457	465.0	0	0.0	465.0	0	0.0
login	14	78	117593.0	0	0.0	117593.0	6	0.5870841487279843	1491.5	13	1.2720156555772992	471.0	0	0.0	471.0	0	0.0
login	14	79	119091.0	13	1.2720156555772992	119091.0	2	0.19569471624266144	1510.5	15	1.467710371819961	477.0	0	0.0	477.0	0	0.0
login	14	80	120589.0	1	0.09784735812133072	120589.0	6	0.5870841487279843	1529.5	1	0.09784735812133072	483.0	0	0.0	483.0	0	0.0
login	14	81	122087.0	0	0.0	122087.0	8	0.7827788649706457	1548.5	0	0.0	489.0	0	0.0	489.0	0	0.0
login	14	82	123585.0	14	1.36986301369863	123585.0	0	0.0	1567.5	4	0.3913894324853229	495.0	0	0.0	495.0	0	0.0
login	14	83	125083.0	0	0.0	125083.0	7	0.684931506849315	1586.5	13	1.2720156555772992	501.0	0	0.0	501.0	0	0.0
login	14	84	126581.0	0	0.0	126581.0	7	0.684931506849315	1605.5	15	1.467710371819961	507.0	0	0.0	507.0	0	0.0
login	14	85	128079.0	14	1.36986301369863	128079.0	1	0.09784735812133072	1624.5	9	0.8806262230919765	513.0	0	0.0	513.0	0	0.0
login	14	86	129577.0	0	0.0	129577.0	6	0.5870841487279843	1643.5	1	0.09784735812133072	519.0	0	0.0	519.0	0	0.0
login	14	87	131075.0	0	0.0	131075.0	7	0.684931506849315	1662.5	1	0.09784735812133072	525.0	0	0.0	525.0	0	0.0
login	14	88	132573.0	14	1.36986301369863	132573.0	2	0.19569471624266144	1681.5	14	1.36986301369863	531.0	0	0.0	531.0	0	0.0
login	14	89	134071.0	0	0.0	134071.0	6	0.5870841487279843	1700.5	14	1.36986301369863	537.0	0	0.0	537.0	0	0.0
login	14	90	135569.0	0	0.0	135569.0	6	0.5870841487279843	1719.5	5	0.4892367906066536	543.0	0	0.0	543.0	0	0.0
login	14	91	137067.0	14	1.36986301369863	137067.0	2	0.19569471624266144	1738.5	0	0.0	549.0	0	0.0	549.0	0	0.0
login	14	92	138565.0	0	0.0	138565.0	6	0.5870841487279843	1757.5	1	0.09784735812133072	555.0	0	0.0	555.0	0	0.0
login	14	93	140063.0	0	0.0	140063.0	6	0.5870841487279843	1776.5	6	0.5870841487279843	561.0	0	0.0	561.0	0	0.0
login	14	94	141561.0	14	1.36986301369863	141561.0	4	0.3913894324853229	1795.5	13	1.2720156555772992	567.0	0	0.0	567.0	0	0.0
login	14	95	143059.0	0	0.0	143059.0	7	0.684931506849315	1814.5	6	0.5870841487279843	573.0	0	0.0	573.0	0	0.0
login	14	96	144557.0	11	1.076320939334638	144557.0	3	0.29354207436399216	1833.5	1	0.09784735812133072	579.0	0	0.0	579.0	0	0.0
login	14	97	146055.0	3	0.29354207436399216	146055.0	4	0.3913894324853229	1852.5	0	0.0	585.0	0	0.0	585.0	0	0.0
login	14	98	147553.0	0	0.0	147553.0	6	0.5870841487279843	1871.5	2	0.19569471624266144	591.0	0	0.0	591.0	0	0.0
login	14	99	149051.0	13	1.2720156555772992	149051.0	4	0.3913894324853229	1890.5	16	1.5655577299412915	597.0	0	0.0	597.0	0	0.0
login	14	100	150549.0	1	0.09784735812133072	150549.0	3	0.29354207436399216	1909.5	12	1.1741682974559686	603.0	0	0.0	603.0	0	0.0
login	14	101	152047.0	0	0.0	152047.0	10	0.9784735812133072	1928.5	0	0.0	609.0	0	0.0	609.0	0	0.0
login	14	102	153545.0	14	1.36986301369863	153545.0	2	0.19569471624266144	1947.5	0	0.0	615.0	0	0.0	615.0	0	0.0
login	14	103	155043.0	0	0.0	155043.0	6	0.5870841487279843	1966.5	1	0.09784735812133072	621.0	0	0.0	621.0	0	0.0
login	14	104	156541.0	0	0.0	156541.0	6	0.5870841487279843	1985.5	15	1.467710371819961	627.0	0	0.0	627.0	0	0.0
login	14	105	158039.0	14	1.36986301369863	158039.0	1	0.09784735812133072	2004.5	15	1.467710371819961	633.0	0	0.0	633.0	0	0.0
login	14	106	159537.0	0	0.0	159537.0	6	0.5870841487279843	2023.5	9	0.8806262230919765	639.0	0	0.0	639.0	0	0.0
login	14	107	161035.0	0	0.0	161035.0	8	0.7827788649706457	2042.5	1	0.09784735812133072	645.0	0	0.0	645.0	0	0.0
login	14	108	162533.0	14	1.36986301369863	162533.0	0	0.0	2061.5	2	0.19569471624266144	651.0	0	0.0	651.0	0	0.0
login	14	109	164031.0	0	0.0	164031.0	8	0.7827788649706457	2080.5	11	1.076320939334638	657.0	0	0.0	657.0	0	0.0
login	14	110	165529.0	0	0.0	165529.0	6	0.5870841487279843	2099.5	15	1.467710371819961	663.0	0	0.0	663.0	0	0.0
login	14	111	167027.0	14	1.36986301369863	167027.0	4	0.3913894324853229	2118.5	9	0.8806262230919765	669.0	0	0.0	669.0	0	0.0
login	14	112	168525.0	0	0.0	168525.0	10	0.9784735812133072	2137.5	1	0.09784735812133072	675.0	0	0.0	675.0	0	0.0
login	14	113	170023.0	14	1.36986301369863	170023.0	3	0.29354207436399216	2156.5	0	0.0	681.0	0	0.0	681.0	0	0.0
login	14	114	171521.0	0	0.0	171521.0	8	0.7827788649706457	2175.5	3	0.29354207436399216	687.0	0	0.0	687.0	0	0.0
login	14	115	173019.0	14	1.36986301369863	173019.0	3	0.29354207436399216	2194.5	9	0.8806262230919765	693.0	0	0.0	693.0	0	0.0
login	14	116	174517.0	0	0.0	174517.0	7	0.684931506849315	2213.5	8	0.7827788649706457	699.0	0	0.0	699.0	0	0.0
login	14	117	176015.0	0	0.0	176015.0	7	0.684931506849315	2232.5	0	0.0	705.0	0	0.0	705.0	0	0.0
login	14	118	177513.0	14	1.36986301369863	177513.0	2	0.19569471624266144	2251.5	0	0.0	711.0	0	0.0	711.0	0	0.0
login	14	119	179011.0	0	0.0	179011.0	6	0.5870841487279843	2270.5	2	0.19569471624266144	717.0	0	0.0	717.0	0	0.0
login	14	120	180509.0	0	0.0	180509.0	6	0.5870841487279843	2289.5	11	1.076320939334638	723.0	0	0.0	723.0	0	0.0
login	14	121	182007.0	14	1.36986301369863	182007.0	2	0.19569471624266144	2308.5	7	0.684931506849315	729.0	0	0.0	729.0	0	0.0
login	14	122	183505.0	0	0.0	183505.0	9	0.8806262230919765	2327.5	3	0.29354207436399216	735.0	0	0.0	735.0	0	0.0
login	14	123	185003.0	14	1.36986301369863	185003.0	3	0.29354207436399216	2346.5	0	0.0	741.0	0	0.0	741.0	0	0.0
login	14	124	186501.0	0	0.0	186501.0	6	0.5870841487279843	2365.5	1	0.09784735812133072	747.0	0	0.0	747.0	0	0.0
login	14	125	187999.0	0	0.0	187999.0	6	0.5870841487279843	2384.5	7	0.684931506849315	753.0	0	0.0	753.0	0	0.0
login	14	126	189497.0	14	1.36986301369863	189497.0	3	0.29354207436399216	2403.5	8	0.7827788649706457	759.0	0	0.0	759.0	0	0.0
login	14	127	190995.0	0	0.0	190995.0	7	0.684931506849315	2422.5	4	0.3913894324853229	765.0	0	0.0	765.0	0	0.0
login	14	128	192493.0	0	0.0	192493.0	6	0.5870841487279843	2441.5	1	0.09784735812133072	771.0	0	0.0	771.0	0	0.0
login	14	129	193991.0	14	1.36986301369863	193991.0	4	0.3913894324853229	2460.5	0	0.0	777.0	0	0.0	777.0	0	0.0
login	14	130	195489.0	0	0.0	195489.0	5	0.4892367906066536	2479.5	2	0.19569471624266144	783.0	0	0.0	783.0	0	0.0
login	14	131	196987.0	11	1.076320939334638	196987.0	5	0.4892367906066536	2498.5	15	1.467710371819961	789.0	0	0.0	789.0	0	0.0
login	14	132	198485.0	3	0.29354207436399216	198485.0	5	0.4892367906066536	2517.5	7	0.684931506849315	795.0	0	0.0	795.0	0	0.0
login	14	133	199983.0	0	0.0	199983.0	6	0.5870841487279843	2536.5	0	0.0	801.0	0	0.0	801.0	0	0.0
login	14	134	201481.0	14	1.36986301369863	201481.0	4	0.3913894324853229	2555.5	0	0.0	807.0	0	0.0	807.0	0	0.0
login	14	135	202979.0	0	0.0	202979.0	10	0.9784735812133072	2574.5	3	0.29354207436399216	813.0	0	0.0	813.0	0	0.0
login	14	136	204477.0	14	1.36986301369863	204477.0	4	0.3913894324853229	2593.5	15	1.467710371819961	819.0	0	0.0	819.0	0	0.0
login	14	137	205975.0	0	0.0	205975.0	6	0.5870841487279843	2612.5	6	0.5870841487279843	825.0	0	0.0	825.0	0	0.0
login	14	138	207473.0	0	0.0	207473.0	6	0.5870841487279843	2631.5	0	0.0	831.0	0	0.0	831.0	0	0.0
login	14	139	208971.0	14	1.36986301369863	208971.0	2	0.19569471624266144	2650.5	0	0.0	837.0	0	0.0	837.0	0	0.0
login	14	140	210469.0	0	0.0	210469.0	6	0.5870841487279843	2669.5	6	0.5870841487279843	843.0	0	0.0	843.0	0	0.0
login	14	141	211967.0	0	0.0	211967.0	7	0.684931506849315	2688.5	23	2.2504892367906066	849.0	0	0.0	849.0	0	0.0
login	14	142	213465.0	14	1.36986301369863	213465.0	2	0.19569471624266144	2707.5	15	1.467710371819961	855.0	0	0.0	855.0	0	0.0
login	14	143	214963.0	0	0.0	214963.0	8	0.7827788649706457	2726.5	1	0.09784735812133072	861.0	0	0.0	861.0	0	0.0
login	14	144	216461.0	12	1.1741682974559686	216461.0	4	0.3913894324853229	2745.5	1	0.09784735812133072	867.0	0	0.0	867.0	0	0.0
login	14	145	217959.0	2	0.19569471624266144	217959.0	9	0.8806262230919765	2764.5	0	0.0	873.0	0	0.0	873.0	0	0.0
login	14	146	219457.0	7	0.684931506849315	219457.0	5	0.4892367906066536	2783.5	18	1.761252446183953	879.0	0	0.0	879.0	0	0.0
login	14	147	220955.0	7	0.684931506849315	220955.0	5	0.4892367906066536	2802.5	24	2.3483365949119372	885.0	0	0.0	885.0	0	0.0
login	14	148	222453.0	0	0.0	222453.0	9	0.8806262230919765	2821.5	4	0.3913894324853229	891.0	0	0.0	891.0	0	0.0
login	14	149	223951.0	14	1.36986301369863	223951.0	1	0.09784735812133072	2840.5	0	0.0	897.0	0	0.0	897.0	0	0.0
login	14	150	225449.0	0	0.0	225449.0	7	0.684931506849315	2859.5	0	0.0	903.0	0	0.0	903.0	0	0.0
login	14	151	226947.0	0	0.0	226947.0	6	0.5870841487279843	2878.5	7	0.684931506849315	909.0	0	0.0	909.0	0	0.0
login	14	152	228445.0	14	1.36986301369863	228445.0	0	0.0	2897.5	20	1.9569471624266144	915.0	0	0.0	915.0	0	0.0
login	14	153	229943.0	0	0.0	229943.0	8	0.7827788649706457	2916.5	9	0.8806262230919765	921.0	0	0.0	921.0	0	0.0
login	14	154	231441.0	0	0.0	231441.0	6	0.5870841487279843	2935.5	2	0.19569471624266144	927.0	0	0.0	927.0	0	0.0
login	14	155	232939.0	14	1.36986301369863	232939.0	4	0.3913894324853229	2954.5	0	0.0	933.0	0	0.0	933.0	0	0.0
login	14	156	234437.0	0	0.0	234437.0	6	0.5870841487279843	2973.5	5	0.4892367906066536	939.0	0	0.0	939.0	0	0.0
login	14	157	235935.0	12	1.1741682974559686	235935.0	4	0.3913894324853229	2992.5	21	2.054794520547945	945.0	0	0.0	945.0	0	0.0
login	14	158	237433.0	2	0.19569471624266144	237433.0	5	0.4892367906066536	3011.5	14	1.36986301369863	951.0	0	0.0	951.0	0	0.0
login	14	159	238931.0	0	0.0	238931.0	6	0.5870841487279843	3030.5	3	0.29354207436399216	957.0	0	0.0	957.0	0	0.0
login	14	160	240429.0	12	1.1741682974559686	240429.0	3	0.29354207436399216	3049.5	1	0.09784735812133072	963.0	0	0.0	963.0	0	0.0
login	14	161	241927.0	2	0.19569471624266144	241927.0	7	0.684931506849315	3068.5	13	1.2720156555772992	969.0	0	0.0	969.0	0	0.0
login	14	162	243425.0	0	0.0	243425.0	7	0.684931506849315	3087.5	22	2.152641878669276	975.0	0	0.0	975.0	0	0.0
login	14	163	244923.0	14	1.36986301369863	244923.0	4	0.3913894324853229	3106.5	20	1.9569471624266144	981.0	0	0.0	981.0	0	0.0
login	14	164	246421.0	0	0.0	246421.0	5	0.4892367906066536	3125.5	1	0.09784735812133072	987.0	0	0.0	987.0	0	0.0
login	14	165	247919.0	13	1.2720156555772992	247919.0	5	0.4892367906066536	3144.5	0	0.0	993.0	0	0.0	993.0	0	0.0
login	14	166	249417.0	1	0.09784735812133072	249417.0	9	0.8806262230919765	3163.5	4	0.3913894324853229	999.0	0	0.0	999.0	0	0.0
login	14	167	250915.0	14	1.36986301369863	250915.0	5	0.4892367906066536	3182.5	11	1.076320939334638	1005.0	0	0.0	1005.0	0	0.0
login	14	168	252413.0	0	0.0	252413.0	4	0.3913894324853229	3201.5	19	1.8590998043052838	1011.0	0	0.0	1011.0	0	0.0
login	14	169	253911.0	0	0.0	253911.0	8	0.7827788649706457	3220.5	4	0.3913894324853229	1017.0	0	0.0	1017.0	0	0.0
login	14	170	255409.0	14	1.36986301369863	255409.0	2	0.19569471624266144	3239.5	2	0.19569471624266144	1023.0	0	0.0	1023.0	0	0.0
login	14	171	256907.0	0	0.0	256907.0	7	0.684931506849315	3258.5	2	0.19569471624266144	1029.0	0	0.0	1029.0	0	0.0
login	14	172	258405.0	0	0.0	258405.0	6	0.5870841487279843	3277.5	6	0.5870841487279843	1035.0	0	0.0	1035.0	0	0.0
login	14	173	259903.0	14	1.36986301369863	259903.0	2	0.19569471624266144	3296.5	11	1.076320939334638	1041.0	0	0.0	1041.0	0	0.0
login	14	174	261401.0	0	0.0	261401.0	7	0.684931506849315	3315.5	8	0.7827788649706457	1047.0	0	0.0	1047.0	0	0.0
login	14	175	262899.0	0	0.0	262899.0	6	0.5870841487279843	3334.5	1	0.09784735812133072	1053.0	0	0.0	1053.0	0	0.0
login	14	176	264397.0	14	1.36986301369863	264397.0	3	0.29354207436399216	3353.5	1	0.09784735812133072	1059.0	0	0.0	1059.0	0	0.0
login	14	177	265895.0	0	0.0	265895.0	5	0.4892367906066536	3372.5	5	0.4892367906066536	1065.0	0	0.0	1065.0	0	0.0
login	14	178	267393.0	10	0.9784735812133072	267393.0	6	0.5870841487279843	3391.5	10	0.9784735812133072	1071.0	0	0.0	1071.0	0	0.0
login	14	179	268891.0	4	0.3913894324853229	268891.0	3	0.29354207436399216	3410.5	3	0.29354207436399216	1077.0	0	0.0	1077.0	0	0.0
login	14	180	270389.0	0	0.0	270389.0	6	0.5870841487279843	3429.5	1	0.09784735812133072	1083.0	0	0.0	1083.0	0	0.0
login	14	181	271887.0	13	1.2720156555772992	271887.0	5	0.4892367906066536	3448.5	0	0.0	1089.0	0	0.0	1089.0	0	0.0
login	14	182	273385.0	1	0.09784735812133072	273385.0	4	0.3913894324853229	3467.5	4	0.3913894324853229	1095.0	0	0.0	1095.0	0	0.0
login	14	183	274883.0	0	0.0	274883.0	6	0.5870841487279843	3486.5	7	0.684931506849315	1101.0	0	0.0	1101.0	0	0.0
login	14	184	276381.0	12	1.1741682974559686	276381.0	4	0.3913894324853229	3505.5	5	0.4892367906066536	1107.0	0	0.0	1107.0	0	0.0
login	14	185	277879.0	2	0.19569471624266144	277879.0	7	0.684931506849315	3524.5	2	0.19569471624266144	1113.0	0	0.0	1113.0	0	0.0
login	14	186	279377.0	0	0.0	279377.0	7	0.684931506849315	3543.5	2	0.19569471624266144	1119.0	0	0.0	1119.0	0	0.0
login	14	187	280875.0	14	1.36986301369863	280875.0	5	0.4892367906066536	3562.5	1	0.09784735812133072	1125.0	0	0.0	1125.0	0	0.0
login	14	188	282373.0	0	0.0	282373.0	9	0.8806262230919765	3581.5	0	0.0	1131.0	0	0.0	1131.0	0	0.0
login	14	189	283871.0	14	1.36986301369863	283871.0	1	0.09784735812133072	3600.5	3	0.29354207436399216	1137.0	0	0.0	1137.0	0	0.0
login	14	190	285369.0	0	0.0	285369.0	6	0.5870841487279843	3619.5	1	0.09784735812133072	1143.0	0	0.0	1143.0	0	0.0
login	14	191	286867.0	0	0.0	286867.0	7	0.684931506849315	3638.5	0	0.0	1149.0	0	0.0	1149.0	0	0.0
login	14	192	288365.0	14	1.36986301369863	288365.0	4	0.3913894324853229	3657.5	1	0.09784735812133072	1155.0	0	0.0	1155.0	0	0.0
login	14	193	289863.0	0	0.0	289863.0	4	0.3913894324853229	3676.5	1	0.09784735812133072	1161.0	0	0.0	1161.0	0	0.0
login	14	194	291361.0	0	0.0	291361.0	6	0.5870841487279843	3695.5	1	0.09784735812133072	1167.0	0	0.0	1167.0	0	0.0
login	14	195	292859.0	14	1.36986301369863	292859.0	3	0.29354207436399216	3714.5	0	0.0	1173.0	0	0.0	1173.0	0	0.0
login	14	196	294357.0	0	0.0	294357.0	6	0.5870841487279843	3733.5	0	0.0	1179.0	0	0.0	1179.0	0	0.0
login	14	197	295855.0	9	0.8806262230919765	295855.0	5	0.4892367906066536	3752.5	0	0.0	1185.0	0	0.0	1185.0	0	0.0
login	14	198	297353.0	5	0.4892367906066536	297353.0	7	0.684931506849315	3771.5	0	0.0	1191.0	0	0.0	1191.0	0	0.0
login	14	199	298851.0	0	0.0	298851.0	7	0.684931506849315	3790.5	0	0.0	1197.0	0	0.0	1197.0	0	0.0
info	14	0	747.0	8	0.7827788649706457	747.0	0	0.0	8.0	146	14.285714285714285	3.0	1022	100.0	3.0	1022	100.0
info	14	1	2241.0	6	0.5870841487279843	2241.0	14	1.36986301369863	24.0	14	1.36986301369863	9.0	0	0.0	9.0	0	0.0
info	14	2	3735.0	2	0.19569471624266144	3735.0	0	0.0	40.0	0	0.0	15.0	0	0.0	15.0	0	0.0
info	14	3	5229.0	6	0.5870841487279843	5229.0	0	0.0	56.0	0	0.0	21.0	0	0.0	21.0	0	0.0
info	14	4	6723.0	6	0.5870841487279843	6723.0	14	1.36986301369863	72.0	14	1.36986301369863	27.0	0	0.0	27.0	0	0.0
info	14	5	8217.0	4	0.3913894324853229	8217.0	0	0.0	88.0	41	4.011741682974559	33.0	0	0.0	33.0	0	0.0
info	14	6	9711.0	5	0.4892367906066536	9711.0	0	0.0	104.0	47	4.598825831702544	39.0	0	0.0	39.0	0	0.0
info	14	7	11205.0	5	0.4892367906066536	11205.0	14	1.36986301369863	120.0	28	2.73972602739726	45.0	0	0.0	45.0	0	0.0
info	14	8	12699.0	4	0.3913894324853229	12699.0	0	0.0	136.0	2	0.19569471624266144	51.0	0	0.0	51.0	0	0.0
info	14	9	14193.0	8	0.7827788649706457	14193.0	11	1.076320939334638	152.0	0	0.0	57.0	0	0.0	57.0	0	0.0
info	14	10	15687.0	2	0.19569471624266144	15687.0	3	0.29354207436399216	168.0	5	0.4892367906066536	63.0	0	0.0	63.0	0	0.0
info	14	11	17181.0	6	0.5870841487279843	17181.0	0	0.0	184.0	25	2.446183953033268	69.0	0	0.0	69.0	0	0.0
info	14	12	18675.0	7	0.684931506849315	18675.0	11	1.076320939334638	200.0	30	2.935420743639922	75.0	0	0.0	75.0	0	0.0
info	14	13	20169.0	2	0.19569471624266144	20169.0	3	0.29354207436399216	216.0	14	1.36986301369863	81.0	0	0.0	81.0	0	0.0
info	14	14	21663.0	6	0.5870841487279843	21663.0	0	0.0	232.0	2	0.19569471624266144	87.0	0	0.0	87.0	0	0.0
info	14	15	23157.0	7	0.684931506849315	23157.0	14	1.36986301369863	248.0	0	0.0	93.0	0	0.0	93.0	0	0.0
info	14	16	24651.0	1	0.09784735812133072	24651.0	0	0.0	264.0	0	0.0	99.0	0	0.0	99.0	0	0.0
info	14	17	26145.0	6	0.5870841487279843	26145.0	0	0.0	280.0	16	1.5655577299412915	105.0	0	0.0	105.0	0	0.0
info	14	18	27639.0	7	0.684931506849315	27639.0	14	1.36986301369863	296.0	17	1.663405088062622	111.0	0	0.0	111.0	0	0.0
info	14	19	29133.0	4	0.3913894324853229	29133.0	0	0.0	312.0	10	0.9784735812133072	117.0	0	0.0	117.0	0	0.0
info	14	20	30627.0	7	0.684931506849315	30627.0	0	0.0	328.0	4	0.3913894324853229	123.0	0	0.0	123.0	0	0.0
info	14	21	32121.0	3	0.29354207436399216	32121.0	14	1.36986301369863	344.0	0	0.0	129.0	0	0.0	129.0	0	0.0
info	14	22	33615.0	4	0.3913894324853229	33615.0	0	0.0	360.0	0	0.0	135.0	0	0.0	135.0	0	0.0
info	14	23	35109.0	6	0.5870841487279843	35109.0	0	0.0	376.0	1	0.09784735812133072	141.0	0	0.0	141.0	0	0.0
info	14	24	36603.0	4	0.3913894324853229	36603.0	14	1.36986301369863	392.0	11	1.076320939334638	147.0	0	0.0	147.0	0	0.0
info	14	25	38097.0	5	0.4892367906066536	38097.0	0	0.0	408.0	5	0.4892367906066536	153.0	0	0.0	153.0	0	0.0
info	14	26	39591.0	7	0.684931506849315	39591.0	12	1.1741682974559686	424.0	0	0.0	159.0	0	0.0	159.0	0	0.0
info	14	27	41085.0	3	0.29354207436399216	41085.0	2	0.19569471624266144	440.0	1	0.09784735812133072	165.0	0	0.0	165.0	0	0.0
info	14	28	42579.0	6	0.5870841487279843	42579.0	0	0.0	456.0	0	0.0	171.0	0	0.0	171.0	0	0.0
info	14	29	44073.0	7	0.684931506849315	44073.0	14	1.36986301369863	472.0	5	0.4892367906066536	177.0	0	0.0	177.0	0	0.0
info	14	30	45567.0	4	0.3913894324853229	45567.0	0	0.0	488.0	4	0.3913894324853229	183.0	0	0.0	183.0	0	0.0
info	14	31	47061.0	4	0.3913894324853229	47061.0	0	0.0	504.0	7	0.684931506849315	189.0	0	0.0	189.0	0	0.0
info	14	32	48555.0	6	0.5870841487279843	48555.0	14	1.36986301369863	520.0	2	0.19569471624266144	195.0	0	0.0	195.0	0	0.0
info	14	33	50049.0	4	0.3913894324853229	50049.0	0	0.0	536.0	0	0.0	201.0	0	0.0	201.0	0	0.0
info	14	34	51543.0	7	0.684931506849315	51543.0	9	0.8806262230919765	552.0	0	0.0	207.0	0	0.0	207.0	0	0.0
info	14	35	53037.0	3	0.29354207436399216	53037.0	5	0.4892367906066536	568.0	0	0.0	213.0	0	0.0	213.0	0	0.0
info	14	36	54531.0	5	0.4892367906066536	54531.0	0	0.0	584.0	4	0.3913894324853229	219.0	0	0.0	219.0	0	0.0
info	14	37	56025.0	7	0.684931506849315	56025.0	12	1.1741682974559686	600.0	9	0.8806262230919765	225.0	0	0.0	225.0	0	0.0
info	14	38	57519.0	2	0.19569471624266144	57519.0	2	0.19569471624266144	616.0	6	0.5870841487279843	231.0	0	0.0	231.0	0	0.0
info	14	39	59013.0	6	0.5870841487279843	59013.0	0	0.0	632.0	1	0.09784735812133072	237.0	0	0.0	237.0	0	0.0
info	14	40	60507.0	8	0.7827788649706457	60507.0	14	1.36986301369863	648.0	0	0.0	243.0	0	0.0	243.0	0	0.0
info	14	41	62001.0	1	0.09784735812133072	62001.0	0	0.0	664.0	0	0.0	249.0	0	0.0	249.0	0	0.0
info	14	42	63495.0	7	0.684931506849315	63495.0	0	0.0	680.0	2	0.19569471624266144	255.0	0	0.0	255.0	0	0.0
info	14	43	64989.0	6	0.5870841487279843	64989.0	14	1.36986301369863	696.0	3	0.29354207436399216	261.0	0	0.0	261.0	0	0.0
info	14	44	66483.0	1	0.09784735812133072	66483.0	0	0.0	712.0	4	0.3913894324853229	267.0	0	0.0	267.0	0	0.0
info	14	45	67977.0	5	0.4892367906066536	67977.0	0	0.0	728.0	3	0.29354207436399216	273.0	0	0.0	273.0	0	0.0
info	14	46	69471.0	8	0.7827788649706457	69471.0	14	1.36986301369863	744.0	0	0.0	279.0	0	0.0	279.0	0	0.0
info	14	47	70965.0	0	0.0	70965.0	0	0.0	760.0	0	0.0	285.0	0	0.0	285.0	0	0.0
info	14	48	72459.0	6	0.5870841487279843	72459.0	0	0.0	776.0	0	0.0	291.0	0	0.0	291.0	0	0.0
info	14	49	73953.0	8	0.7827788649706457	73953.0	14	1.36986301369863	792.0	7	0.684931506849315	297.0	0	0.0	297.0	0	0.0
info	14	50	75447.0	1	0.09784735812133072	75447.0	0	0.0	808.0	10	0.9784735812133072	303.0	0	0.0	303.0	0	0.0
info	14	51	76941.0	6	0.5870841487279843	76941.0	0	0.0	824.0	2	0.19569471624266144	309.0	0	0.0	309.0	0	0.0
info	14	52	78435.0	7	0.684931506849315	78435.0	14	1.36986301369863	840.0	0	0.0	315.0	0	0.0	315.0	0	0.0
info	14	53	79929.0	1	0.09784735812133072	79929.0	0	0.0	856.0	0	0.0	321.0	0	0.0	321.0	0	0.0
info	14	54	81423.0	6	0.5870841487279843	81423.0	0	0.0	872.0	2	0.19569471624266144	327.0	0	0.0	327.0	0	0.0
info	14	55	82917.0	7	0.684931506849315	82917.0	14	1.36986301369863	888.0	4	0.3913894324853229	333.0	0	0.0	333.0	0	0.0
info	14	56	84411.0	2	0.19569471624266144	84411.0	0	0.0	904.0	13	1.2720156555772992	339.0	0	0.0	339.0	0	0.0
info	14	57	85905.0	6	0.5870841487279843	85905.0	0	0.0	920.0	9	0.8806262230919765	345.0	0	0.0	345.0	0	0.0
info	14	58	87399.0	6	0.5870841487279843	87399.0	14	1.36986301369863	936.0	1	0.09784735812133072	351.0	0	0.0	351.0	0	0.0
info	14	59	88893.0	3	0.29354207436399216	88893.0	0	0.0	952.0	0	0.0	357.0	0	0.0	357.0	0	0.0
info	14	60	90387.0	6	0.5870841487279843	90387.0	0	0.0	968.0	1	0.09784735812133072	363.0	0	0.0	363.0	0	0.0
info	14	61	91881.0	5	0.4892367906066536	91881.0	14	1.36986301369863	984.0	8	0.7827788649706457	369.0	0	0.0	369.0	0	0.0
info	14	62	93375.0	3	0.29354207436399216	93375.0	0	0.0	1000.0	7	0.684931506849315	375.0	0	0.0	375.0	0	0.0
info	14	63	94869.0	6	0.5870841487279843	94869.0	0	0.0	1016.0	9	0.8806262230919765	381.0	0	0.0	381.0	0	0.0
info	14	64	96363.0	5	0.4892367906066536	96363.0	14	1.36986301369863	1032.0	2	0.19569471624266144	387.0	0	0.0	387.0	0	0.0
info	14	65	97857.0	4	0.3913894324853229	97857.0	0	0.0	1048.0	0	0.0	393.0	0	0.0	393.0	0	0.0
info	14	66	99351.0	5	0.4892367906066536	99351.0	0	0.0	1064.0	0	0.0	399.0	0	0.0	399.0	0	0.0
info	14	67	100845.0	5	0.4892367906066536	100845.0	14	1.36986301369863	1080.0	10	0.9784735812133072	405.0	0	0.0	405.0	0	0.0
info	14	68	102339.0	5	0.4892367906066536	102339.0	0	0.0	1096.0	13	1.2720156555772992	411.0	0	0.0	411.0	0	0.0
info	14	69	103833.0	6	0.5870841487279843	103833.0	0	0.0	1112.0	14	1.36986301369863	417.0	0	0.0	417.0	0	0.0
info	14	70	105327.0	3	0.29354207436399216	105327.0	14	1.36986301369863	1128.0	3	0.29354207436399216	423.0	0	0.0	423.0	0	0.0
info	14	71	106821.0	4	0.3913894324853229	106821.0	0	0.0	1144.0	0	0.0	429.0	0	0.0	429.0	0	0.0
info	14	72	108315.0	7	0.684931506849315	108315.0	0	0.0	1160.0	0	0.0	435.0	0	0.0	435.0	0	0.0
info	14	73	109809.0	3	0.29354207436399216	109809.0	14	1.36986301369863	1176.0	3	0.29354207436399216	441.0	0	0.0	441.0	0	0.0
info	14	74	111303.0	6	0.5870841487279843	111303.0	0	0.0	1192.0	17	1.663405088062622	447.0	0	0.0	447.0	0	0.0
info	14	75	112797.0	6	0.5870841487279843	112797.0	12	1.1741682974559686	1208.0	14	1.36986301369863	453.0	0	0.0	453.0	0	0.0
info	14	76	114291.0	3	0.29354207436399216	114291.0	2	0.19569471624266144	1224.0	7	0.684931506849315	459.0	0	0.0	459.0	0	0.0
info	14	77	115785.0	6	0.5870841487279843	115785.0	0	0.0	1240.0	0	0.0	465.0	0	0.0	465.0	0	0.0
info	14	78	117279.0	7	0.684931506849315	117279.0	14	1.36986301369863	1256.0	0	0.0	471.0	0	0.0	471.0	0	0.0
info	14	79	118773.0	1	0.09784735812133072	118773.0	0	0.0	1272.0	3	0.29354207436399216	477.0	0	0.0	477.0	0	0.0
info	14	80	120267.0	7	0.684931506849315	120267.0	0	0.0	1288.0	17	1.663405088062622	483.0	0	0.0	483.0	0	0.0
info	14	81	121761.0	6	0.5870841487279843	121761.0	14	1.36986301369863	1304.0	14	1.36986301369863	489.0	0	0.0	489.0	0	0.0
info	14	82	123255.0	4	0.3913894324853229	123255.0	0	0.0	1320.0	4	0.3913894324853229	495.0	0	0.0	495.0	0	0.0
info	14	83	124749.0	4	0.3913894324853229	124749.0	0	0.0	1336.0	0	0.0	501.0	0	0.0	501.0	0	0.0
info	14	84	126243.0	6	0.5870841487279843	126243.0	14	1.36986301369863	1352.0	0	0.0	507.0	0	0.0	507.0	0	0.0
info	14	85	127737.0	3	0.29354207436399216	127737.0	0	0.0	1368.0	3	0.29354207436399216	513.0	0	0.0	513.0	0	0.0
info	14	86	129231.0	5	0.4892367906066536	129231.0	0	0.0	1384.0	6	0.5870841487279843	519.0	0	0.0	519.0	0	0.0
info	14	87	130725.0	6	0.5870841487279843	130725.0	14	1.36986301369863	1400.0	11	1.076320939334638	525.0	0	0.0	525.0	0	0.0
info	14	88	132219.0	6	0.5870841487279843	132219.0	0	0.0	1416.0	8	0.7827788649706457	531.0	0	0.0	531.0	0	0.0
info	14	89	133713.0	3	0.29354207436399216	133713.0	0	0.0	1432.0	4	0.3913894324853229	537.0	0	0.0	537.0	0	0.0
info	14	90	135207.0	5	0.4892367906066536	135207.0	14	1.36986301369863	1448.0	0	0.0	543.0	0	0.0	543.0	0	0.0
info	14	91	136701.0	6	0.5870841487279843	136701.0	0	0.0	1464.0	0	0.0	549.0	0	0.0	549.0	0	0.0
info	14	92	138195.0	4	0.3913894324853229	138195.0	0	0.0	1480.0	3	0.29354207436399216	555.0	0	0.0	555.0	0	0.0
info	14	93	139689.0	4	0.3913894324853229	139689.0	14	1.36986301369863	1496.0	20	1.9569471624266144	561.0	0	0.0	561.0	0	0.0
info	14	94	141183.0	6	0.5870841487279843	141183.0	0	0.0	1512.0	14	1.36986301369863	567.0	0	0.0	567.0	0	0.0
info	14	95	142677.0	5	0.4892367906066536	142677.0	11	1.076320939334638	1528.0	2	0.19569471624266144	573.0	0	0.0	573.0	0	0.0
info	14	96	144171.0	3	0.29354207436399216	144171.0	3	0.29354207436399216	1544.0	0	0.0	579.0	0	0.0	579.0	0	0.0
info	14	97	145665.0	8	0.7827788649706457	145665.0	0	0.0	1560.0	0	0.0	585.0	0	0.0	585.0	0	0.0
info	14	98	147159.0	6	0.5870841487279843	147159.0	13	1.2720156555772992	1576.0	5	0.4892367906066536	591.0	0	0.0	591.0	0	0.0
info	14	99	148653.0	0	0.0	148653.0	1	0.09784735812133072	1592.0	11	1.076320939334638	597.0	0	0.0	597.0	0	0.0
info	14	100	150147.0	6	0.5870841487279843	150147.0	0	0.0	1608.0	15	1.467710371819961	603.0	0	0.0	603.0	0	0.0
info	14	101	151641.0	8	0.7827788649706457	151641.0	14	1.36986301369863	1624.0	6	0.5870841487279843	609.0	0	0.0	609.0	0	0.0
info	14	102	153135.0	2	0.19569471624266144	153135.0	0	0.0	1640.0	0	0.0	615.0	0	0.0	615.0	0	0.0
info	14	103	154629.0	6	0.5870841487279843	154629.0	0	0.0	1656.0	0	0.0	621.0	0	0.0	621.0	0	0.0
info	14	104	156123.0	6	0.5870841487279843	156123.0	14	1.36986301369863	1672.0	3	0.29354207436399216	627.0	0	0.0	627.0	0	0.0
info	14	105	157617.0	1	0.09784735812133072	157617.0	0	0.0	1688.0	8	0.7827788649706457	633.0	0	0.0	633.0	0	0.0
info	14	106	159111.0	6	0.5870841487279843	159111.0	0	0.0	1704.0	19	1.8590998043052838	639.0	0	0.0	639.0	0	0.0
info	14	107	160605.0	7	0.684931506849315	160605.0	14	1.36986301369863	1720.0	5	0.4892367906066536	645.0	0	0.0	645.0	0	0.0
info	14	108	162099.0	4	0.3913894324853229	162099.0	0	0.0	1736.0	0	0.0	651.0	0	0.0	651.0	0	0.0
info	14	109	163593.0	4	0.3913894324853229	163593.0	0	0.0	1752.0	0	0.0	657.0	0	0.0	657.0	0	0.0
info	14	110	165087.0	6	0.5870841487279843	165087.0	14	1.36986301369863	1768.0	1	0.09784735812133072	663.0	0	0.0	663.0	0	0.0
info	14	111	166581.0	8	0.7827788649706457	166581.0	0	0.0	1784.0	9	0.8806262230919765	669.0	0	0.0	669.0	0	0.0
info	14	112	168075.0	6	0.5870841487279843	168075.0	14	1.36986301369863	1800.0	11	1.076320939334638	675.0	0	0.0	675.0	0	0.0
info	14	113	169569.0	6	0.5870841487279843	169569.0	0	0.0	1816.0	12	1.1741682974559686	681.0	0	0.0	681.0	0	0.0
info	14	114	171063.0	8	0.7827788649706457	171063.0	14	1.36986301369863	1832.0	0	0.0	687.0	0	0.0	687.0	0	0.0
info	14	115	172557.0	2	0.19569471624266144	172557.0	0	0.0	1848.0	0	0.0	693.0	0	0.0	693.0	0	0.0
info	14	116	174051.0	6	0.5870841487279843	174051.0	0	0.0	1864.0	1	0.09784735812133072	699.0	0	0.0	699.0	0	0.0
info	14	117	175545.0	6	0.5870841487279843	175545.0	14	1.36986301369863	1880.0	1	0.09784735812133072	705.0	0	0.0	705.0	0	0.0
info	14	118	177039.0	2	0.19569471624266144	177039.0	0	0.0	1896.0	6	0.5870841487279843	711.0	0	0.0	711.0	0	0.0
info	14	119	178533.0	6	0.5870841487279843	178533.0	0	0.0	1912.0	7	0.684931506849315	717.0	0	0.0	717.0	0	0.0
info	14	120	180027.0	6	0.5870841487279843	180027.0	14	1.36986301369863	1928.0	5	0.4892367906066536	723.0	0	0.0	723.0	0	0.0
info	14	121	181521.0	6	0.5870841487279843	181521.0	0	0.0	1944.0	0	0.0	729.0	0	0.0	729.0	0	0.0
info	14	122	183015.0	7	0.684931506849315	183015.0	13	1.2720156555772992	1960.0	0	0.0	735.0	0	0.0	735.0	0	0.0
info	14	123	184509.0	2	0.19569471624266144	184509.0	1	0.09784735812133072	1976.0	5	0.4892367906066536	741.0	0	0.0	741.0	0	0.0
info	14	124	186003.0	6	0.5870841487279843	186003.0	0	0.0	1992.0	14	1.36986301369863	747.0	0	0.0	747.0	0	0.0
info	14	125	187497.0	7	0.684931506849315	187497.0	14	1.36986301369863	2008.0	9	0.8806262230919765	753.0	0	0.0	753.0	0	0.0
info	14	126	188991.0	2	0.19569471624266144	188991.0	0	0.0	2024.0	3	0.29354207436399216	759.0	0	0.0	759.0	0	0.0
info	14	127	190485.0	8	0.7827788649706457	190485.0	1	0.09784735812133072	2040.0	0	0.0	765.0	0	0.0	765.0	0	0.0
info	14	128	191979.0	4	0.3913894324853229	191979.0	13	1.2720156555772992	2056.0	0	0.0	771.0	0	0.0	771.0	0	0.0
info	14	129	193473.0	6	0.5870841487279843	193473.0	0	0.0	2072.0	2	0.19569471624266144	777.0	0	0.0	777.0	0	0.0
info	14	130	194967.0	6	0.5870841487279843	194967.0	11	1.076320939334638	2088.0	10	0.9784735812133072	783.0	0	0.0	783.0	0	0.0
info	14	131	196461.0	2	0.19569471624266144	196461.0	3	0.29354207436399216	2104.0	14	1.36986301369863	789.0	0	0.0	789.0	0	0.0
info	14	132	197955.0	6	0.5870841487279843	197955.0	0	0.0	2120.0	5	0.4892367906066536	795.0	0	0.0	795.0	0	0.0
info	14	133	199449.0	7	0.684931506849315	199449.0	13	1.2720156555772992	2136.0	0	0.0	801.0	0	0.0	801.0	0	0.0
info	14	134	200943.0	5	0.4892367906066536	200943.0	1	0.09784735812133072	2152.0	0	0.0	807.0	0	0.0	807.0	0	0.0
info	14	135	202437.0	10	0.9784735812133072	202437.0	14	1.36986301369863	2168.0	1	0.09784735812133072	813.0	0	0.0	813.0	0	0.0
info	14	136	203931.0	2	0.19569471624266144	203931.0	0	0.0	2184.0	4	0.3913894324853229	819.0	0	0.0	819.0	0	0.0
info	14	137	205425.0	5	0.4892367906066536	205425.0	0	0.0	2200.0	17	1.663405088062622	825.0	0	0.0	825.0	0	0.0
info	14	138	206919.0	7	0.684931506849315	206919.0	14	1.36986301369863	2216.0	8	0.7827788649706457	831.0	0	0.0	831.0	0	0.0
info	14	139	208413.0	1	0.09784735812133072	208413.0	0	0.0	2232.0	1	0.09784735812133072	837.0	0	0.0	837.0	0	0.0
info	14	140	209907.0	7	0.684931506849315	209907.0	0	0.0	2248.0	0	0.0	843.0	0	0.0	843.0	0	0.0
info	14	141	211401.0	6	0.5870841487279843	211401.0	14	1.36986301369863	2264.0	0	0.0	849.0	0	0.0	849.0	0	0.0
info	14	142	212895.0	5	0.4892367906066536	212895.0	0	0.0	2280.0	6	0.5870841487279843	855.0	0	0.0	855.0	0	0.0
info	14	143	214389.0	7	0.684931506849315	214389.0	11	1.076320939334638	2296.0	6	0.5870841487279843	861.0	0	0.0	861.0	0	0.0
info	14	144	215883.0	3	0.29354207436399216	215883.0	3	0.29354207436399216	2312.0	7	0.684931506849315	867.0	0	0.0	867.0	0	0.0
info	14	145	217377.0	11	1.076320939334638	217377.0	10	0.9784735812133072	2328.0	0	0.0	873.0	0	0.0	873.0	0	0.0
info	14	146	218871.0	2	0.19569471624266144	218871.0	4	0.3913894324853229	2344.0	0	0.0	879.0	0	0.0	879.0	0	0.0
info	14	147	220365.0	6	0.5870841487279843	220365.0	0	0.0	2360.0	0	0.0	885.0	0	0.0	885.0	0	0.0
info	14	148	221859.0	8	0.7827788649706457	221859.0	14	1.36986301369863	2376.0	2	0.19569471624266144	891.0	0	0.0	891.0	0	0.0
info	14	149	223353.0	3	0.29354207436399216	223353.0	0	0.0	2392.0	7	0.684931506849315	897.0	0	0.0	897.0	0	0.0
info	14	150	224847.0	6	0.5870841487279843	224847.0	0	0.0	2408.0	3	0.29354207436399216	903.0	0	0.0	903.0	0	0.0
info	14	151	226341.0	5	0.4892367906066536	226341.0	14	1.36986301369863	2424.0	1	0.09784735812133072	909.0	0	0.0	909.0	0	0.0
info	14	152	227835.0	4	0.3913894324853229	227835.0	0	0.0	2440.0	0	0.0	915.0	0	0.0	915.0	0	0.0
info	14	153	229329.0	4	0.3913894324853229	229329.0	0	0.0	2456.0	0	0.0	921.0	0	0.0	921.0	0	0.0
info	14	154	230823.0	6	0.5870841487279843	230823.0	14	1.36986301369863	2472.0	1	0.09784735812133072	927.0	0	0.0	927.0	0	0.0
info	14	155	232317.0	4	0.3913894324853229	232317.0	0	0.0	2488.0	2	0.19569471624266144	933.0	0	0.0	933.0	0	0.0
info	14	156	233811.0	8	0.7827788649706457	233811.0	11	1.076320939334638	2504.0	3	0.29354207436399216	939.0	0	0.0	939.0	0	0.0
info	14	157	235305.0	2	0.19569471624266144	235305.0	3	0.29354207436399216	2520.0	1	0.09784735812133072	945.0	0	0.0	945.0	0	0.0
info	14	158	236799.0	6	0.5870841487279843	236799.0	0	0.0	2536.0	0	0.0	951.0	0	0.0	951.0	0	0.0
info	14	159	238293.0	6	0.5870841487279843	238293.0	11	1.076320939334638	2552.0	0	0.0	957.0	0	0.0	957.0	0	0.0
info	14	160	239787.0	3	0.29354207436399216	239787.0	3	0.29354207436399216	2568.0	0	0.0	963.0	0	0.0	963.0	0	0.0
info	14	161	241281.0	7	0.684931506849315	241281.0	0	0.0	2584.0	2	0.19569471624266144	969.0	0	0.0	969.0	0	0.0
info	14	162	242775.0	6	0.5870841487279843	242775.0	14	1.36986301369863	2600.0	4	0.3913894324853229	975.0	0	0.0	975.0	0	0.0
info	14	163	244269.0	5	0.4892367906066536	244269.0	0	0.0	2616.0	0	0.0	981.0	0	0.0	981.0	0	0.0
info	14	164	245763.0	6	0.5870841487279843	245763.0	8	0.7827788649706457	2632.0	0	0.0	987.0	0	0.0	987.0	0	0.0
info	14	165	247257.0	4	0.3913894324853229	247257.0	6	0.5870841487279843	2648.0	0	0.0	993.0	0	0.0	993.0	0	0.0
info	14	166	248751.0	10	0.9784735812133072	248751.0	7	0.684931506849315	2664.0	0	0.0	999.0	0	0.0	999.0	0	0.0
info	14	167	250245.0	3	0.29354207436399216	250245.0	7	0.684931506849315	2680.0	2	0.19569471624266144	1005.0	0	0.0	1005.0	0	0.0
info	14	168	251739.0	7	0.684931506849315	251739.0	0	0.0	2696.0	1	0.09784735812133072	1011.0	0	0.0	1011.0	0	0.0
info	14	169	253233.0	5	0.4892367906066536	253233.0	12	1.1741682974559686	2712.0	2	0.19569471624266144	1017.0	0	0.0	1017.0	0	0.0
info	14	170	254727.0	3	0.29354207436399216	254727.0	2	0.19569471624266144	2728.0	0	0.0	1023.0	0	0.0	1023.0	0	0.0
info	14	171	256221.0	7	0.684931506849315	256221.0	0	0.0	2744.0	0	0.0	1029.0	0	0.0	1029.0	0	0.0
info	14	172	257715.0	6	0.5870841487279843	257715.0	14	1.36986301369863	2760.0	0	0.0	1035.0	0	0.0	1035.0	0	0.0
info	14	173	259209.0	1	0.09784735812133072	259209.0	0	0.0	2776.0	2	0.19569471624266144	1041.0	0	0.0	1041.0	0	0.0
info	14	174	260703.0	7	0.684931506849315	260703.0	0	0.0	2792.0	0	0.0	1047.0	0	0.0	1047.0	0	0.0
info	14	175	262197.0	6	0.5870841487279843	262197.0	14	1.36986301369863	2808.0	1	0.09784735812133072	1053.0	0	0.0	1053.0	0	0.0
info	14	176	263691.0	4	0.3913894324853229	263691.0	0	0.0	2824.0	0	0.0	1059.0	0	0.0	1059.0	0	0.0
info	14	177	265185.0	6	0.5870841487279843	265185.0	0	0.0	2840.0	0	0.0	1065.0	0	0.0	1065.0	0	0.0
info	14	178	266679.0	4	0.3913894324853229	266679.0	14	1.36986301369863	2856.0	0	0.0	1071.0	0	0.0	1071.0	0	0.0
info	14	179	268173.0	6	0.5870841487279843	268173.0	0	0.0	2872.0	0	0.0	1077.0	0	0.0	1077.0	0	0.0
info	14	180	269667.0	6	0.5870841487279843	269667.0	10	0.9784735812133072	2888.0	1	0.09784735812133072	1083.0	0	0.0	1083.0	0	0.0
info	14	181	271161.0	2	0.19569471624266144	271161.0	4	0.3913894324853229	2904.0	0	0.0	1089.0	0	0.0	1089.0	0	0.0
info	14	182	272655.0	4	0.3913894324853229	272655.0	0	0.0	2920.0	0	0.0	1095.0	0	0.0	1095.0	0	0.0
info	14	183	274149.0	6	0.5870841487279843	274149.0	0	0.0	2936.0	0	0.0	1101.0	0	0.0	1101.0	0	0.0
info	14	184	275643.0	4	0.3913894324853229	275643.0	14	1.36986301369863	2952.0	0	0.0	1107.0	0	0.0	1107.0	0	0.0
info	14	185	277137.0	7	0.684931506849315	277137.0	0	0.0	2968.0	0	0.0	1113.0	0	0.0	1113.0	0	0.0
info	14	186	278631.0	7	0.684931506849315	278631.0	14	1.36986301369863	2984.0	0	0.0	1119.0	0	0.0	1119.0	0	0.0
info	14	187	280125.0	5	0.4892367906066536	280125.0	0	0.0	3000.0	1	0.09784735812133072	1125.0	0	0.0	1125.0	0	0.0
info	14	188	281619.0	9	0.8806262230919765	281619.0	14	1.36986301369863	3016.0	0	0.0	1131.0	0	0.0	1131.0	0	0.0
info	14	189	283113.0	1	0.09784735812133072	283113.0	0	0.0	3032.0	0	0.0	1137.0	0	0.0	1137.0	0	0.0
info	14	190	284607.0	6	0.5870841487279843	284607.0	0	0.0	3048.0	0	0.0	1143.0	0	0.0	1143.0	0	0.0
info	14	191	286101.0	7	0.684931506849315	286101.0	14	1.36986301369863	3064.0	0	0.0	1149.0	0	0.0	1149.0	0	0.0
info	14	192	287595.0	4	0.3913894324853229	287595.0	0	0.0	3080.0	0	0.0	1155.0	0	0.0	1155.0	0	0.0
info	14	193	289089.0	4	0.3913894324853229	289089.0	0	0.0	3096.0	0	0.0	1161.0	0	0.0	1161.0	0	0.0
info	14	194	290583.0	6	0.5870841487279843	290583.0	14	1.36986301369863	3112.0	1	0.09784735812133072	1167.0	0	0.0	1167.0	0	0.0
info	14	195	292077.0	3	0.29354207436399216	292077.0	0	0.0	3128.0	0	0.0	1173.0	0	0.0	1173.0	0	0.0
info	14	196	293571.0	8	0.7827788649706457	293571.0	0	0.0	3144.0	0	0.0	1179.0	0	0.0	1179.0	0	0.0
info	14	197	295065.0	3	0.29354207436399216	295065.0	14	1.36986301369863	3160.0	0	0.0	1185.0	0	0.0	1185.0	0	0.0
info	14	198	296559.0	7	0.684931506849315	296559.0	1	0.09784735812133072	3176.0	0	0.0	1191.0	0	0.0	1191.0	0	0.0
info	14	199	298053.0	7	0.684931506849315	298053.0	13	1.2720156555772992	3192.0	0	0.0	1197.0	0	0.0	1197.0	0	0.0
home	14	0	742.5	14	1.36986301369863	742.5	14	1.36986301369863	4.0	133	13.013698630136986	3.0	1022	100.0	3.0	1022	100.0
home	14	1	2227.5	0	0.0	2227.5	0	0.0	12.0	26	2.5440313111545985	9.0	0	0.0	9.0	0	0.0
home	14	2	3712.5	0	0.0	3712.5	0	0.0	20.0	24	2.3483365949119372	15.0	0	0.0	15.0	0	0.0
home	14	3	5197.5	14	1.36986301369863	5197.5	14	1.36986301369863	28.0	4	0.3913894324853229	21.0	0	0.0	21.0	0	0.0
home	14	4	6682.5	0	0.0	6682.5	0	0.0	36.0	2	0.19569471624266144	27.0	0	0.0	27.0	0	0.0
home	14	5	8167.5	11	1.076320939334638	8167.5	1	0.09784735812133072	44.0	1	0.09784735812133072	33.0	0	0.0	33.0	0	0.0
home	14	6	9652.5	3	0.29354207436399216	9652.5	13	1.2720156555772992	52.0	0	0.0	39.0	0	0.0	39.0	0	0.0
home	14	7	11137.5	0	0.0	11137.5	0	0.0	60.0	3	0.29354207436399216	45.0	0	0.0	45.0	0	0.0
home	14	8	12622.5	12	1.1741682974559686	12622.5	1	0.09784735812133072	68.0	6	0.5870841487279843	51.0	0	0.0	51.0	0	0.0
home	14	9	14107.5	2	0.19569471624266144	14107.5	13	1.2720156555772992	76.0	11	1.076320939334638	57.0	0	0.0	57.0	0	0.0
home	14	10	15592.5	0	0.0	15592.5	0	0.0	84.0	16	1.5655577299412915	63.0	0	0.0	63.0	0	0.0
home	14	11	17077.5	13	1.2720156555772992	17077.5	8	0.7827788649706457	92.0	56	5.47945205479452	69.0	0	0.0	69.0	0	0.0
home	14	12	18562.5	1	0.09784735812133072	18562.5	6	0.5870841487279843	100.0	107	10.469667318982387	75.0	0	0.0	75.0	0	0.0
home	14	13	20047.5	0	0.0	20047.5	0	0.0	108.0	58	5.6751467710371815	81.0	0	0.0	81.0	0	0.0
home	14	14	21532.5	14	1.36986301369863	21532.5	14	1.36986301369863	116.0	36	3.522504892367906	87.0	0	0.0	87.0	0	0.0
home	14	15	23017.5	0	0.0	23017.5	0	0.0	124.0	32	3.131115459882583	93.0	0	0.0	93.0	0	0.0
home	14	16	24502.5	0	0.0	24502.5	0	0.0	132.0	10	0.9784735812133072	99.0	0	0.0	99.0	0	0.0
home	14	17	25987.5	14	1.36986301369863	25987.5	14	1.36986301369863	140.0	0	0.0	105.0	0	0.0	105.0	0	0.0
home	14	18	27472.5	0	0.0	27472.5	0	0.0	148.0	0	0.0	111.0	0	0.0	111.0	0	0.0
home	14	19	28957.5	9	0.8806262230919765	28957.5	0	0.0	156.0	0	0.0	117.0	0	0.0	117.0	0	0.0
home	14	20	30442.5	5	0.4892367906066536	30442.5	14	1.36986301369863	164.0	0	0.0	123.0	0	0.0	123.0	0	0.0
home	14	21	31927.5	0	0.0	31927.5	0	0.0	172.0	11	1.076320939334638	129.0	0	0.0	129.0	0	0.0
home	14	22	33412.5	0	0.0	33412.5	0	0.0	180.0	51	4.990215264187866	135.0	0	0.0	135.0	0	0.0
home	14	23	34897.5	14	1.36986301369863	34897.5	14	1.36986301369863	188.0	68	6.653620352250488	141.0	0	0.0	141.0	0	0.0
home	14	24	36382.5	0	0.0	36382.5	0	0.0	196.0	90	8.806262230919765	147.0	0	0.0	147.0	0	0.0
home	14	25	37867.5	12	1.1741682974559686	37867.5	12	1.1741682974559686	204.0	90	8.806262230919765	153.0	0	0.0	153.0	0	0.0
home	14	26	39352.5	2	0.19569471624266144	39352.5	2	0.19569471624266144	212.0	52	5.088062622309197	159.0	0	0.0	159.0	0	0.0
home	14	27	40837.5	0	0.0	40837.5	0	0.0	220.0	16	1.5655577299412915	165.0	0	0.0	165.0	0	0.0
home	14	28	42322.5	14	1.36986301369863	42322.5	14	1.36986301369863	228.0	5	0.4892367906066536	171.0	0	0.0	171.0	0	0.0
home	14	29	43807.5	0	0.0	43807.5	0	0.0	236.0	0	0.0	177.0	0	0.0	177.0	0	0.0
home	14	30	45292.5	0	0.0	45292.5	0	0.0	244.0	0	0.0	183.0	0	0.0	183.0	0	0.0
home	14	31	46777.5	14	1.36986301369863	46777.5	14	1.36986301369863	252.0	0	0.0	189.0	0	0.0	189.0	0	0.0
home	14	32	48262.5	0	0.0	48262.5	0	0.0	260.0	0	0.0	195.0	0	0.0	195.0	0	0.0
home	14	33	49747.5	7	0.684931506849315	49747.5	0	0.0	268.0	5	0.4892367906066536	201.0	0	0.0	201.0	0	0.0
home	14	34	51232.5	7	0.684931506849315	51232.5	14	1.36986301369863	276.0	18	1.761252446183953	207.0	0	0.0	207.0	0	0.0
home	14	35	52717.5	0	0.0	52717.5	0	0.0	284.0	31	3.0332681017612524	213.0	0	0.0	213.0	0	0.0
home	14	36	54202.5	12	1.1741682974559686	54202.5	6	0.5870841487279843	292.0	25	2.446183953033268	219.0	0	0.0	219.0	0	0.0
home	14	37	55687.5	2	0.19569471624266144	55687.5	8	0.7827788649706457	300.0	17	1.663405088062622	225.0	0	0.0	225.0	0	0.0
home	14	38	57172.5	0	0.0	57172.5	0	0.0	308.0	5	0.4892367906066536	231.0	0	0.0	231.0	0	0.0
home	14	39	58657.5	12	1.1741682974559686	58657.5	12	1.1741682974559686	316.0	8	0.7827788649706457	237.0	0	0.0	237.0	0	0.0
home	14	40	60142.5	2	0.19569471624266144	60142.5	2	0.19569471624266144	324.0	1	0.09784735812133072	243.0	0	0.0	243.0	0	0.0
home	14	41	61627.5	0	0.0	61627.5	0	0.0	332.0	0	0.0	249.0	0	0.0	249.0	0	0.0
home	14	42	63112.5	14	1.36986301369863	63112.5	14	1.36986301369863	340.0	0	0.0	255.0	0	0.0	255.0	0	0.0
home	14	43	64597.5	0	0.0	64597.5	0	0.0	348.0	0	0.0	261.0	0	0.0	261.0	0	0.0
home	14	44	66082.5	0	0.0	66082.5	0	0.0	356.0	0	0.0	267.0	0	0.0	267.0	0	0.0
home	14	45	67567.5	14	1.36986301369863	67567.5	8	0.7827788649706457	364.0	0	0.0	273.0	0	0.0	273.0	0	0.0
home	14	46	69052.5	0	0.0	69052.5	6	0.5870841487279843	372.0	0	0.0	279.0	0	0.0	279.0	0	0.0
home	14	47	70537.5	0	0.0	70537.5	0	0.0	380.0	0	0.0	285.0	0	0.0	285.0	0	0.0
home	14	48	72022.5	13	1.2720156555772992	72022.5	13	1.2720156555772992	388.0	0	0.0	291.0	0	0.0	291.0	0	0.0
home	14	49	73507.5	1	0.09784735812133072	73507.5	1	0.09784735812133072	396.0	0	0.0	297.0	0	0.0	297.0	0	0.0
home	14	50	74992.5	0	0.0	74992.5	0	0.0	404.0	1	0.09784735812133072	303.0	0	0.0	303.0	0	0.0
home	14	51	76477.5	14	1.36986301369863	76477.5	13	1.2720156555772992	412.0	0	0.0	309.0	0	0.0	309.0	0	0.0
home	14	52	77962.5	0	0.0	77962.5	1	0.09784735812133072	420.0	0	0.0	315.0	0	0.0	315.0	0	0.0
home	14	53	79447.5	0	0.0	79447.5	0	0.0	428.0	0	0.0	321.0	0	0.0	321.0	0	0.0
home	14	54	80932.5	14	1.36986301369863	80932.5	14	1.36986301369863	436.0	0	0.0	327.0	0	0.0	327.0	0	0.0
home	14	55	82417.5	0	0.0	82417.5	0	0.0	444.0	0	0.0	333.0	0	0.0	333.0	0	0.0
home	14	56	83902.5	0	0.0	83902.5	0	0.0	452.0	0	0.0	339.0	0	0.0	339.0	0	0.0
home	14	57	85387.5	14	1.36986301369863	85387.5	14	1.36986301369863	460.0	0	0.0	345.0	0	0.0	345.0	0	0.0
home	14	58	86872.5	0	0.0	86872.5	0	0.0	468.0	0	0.0	351.0	0	0.0	351.0	0	0.0
home	14	59	88357.5	0	0.0	88357.5	0	0.0	476.0	0	0.0	357.0	0	0.0	357.0	0	0.0
home	14	60	89842.5	14	1.36986301369863	89842.5	14	1.36986301369863	484.0	1	0.09784735812133072	363.0	0	0.0	363.0	0	0.0
home	14	61	91327.5	0	0.0	91327.5	0	0.0	492.0	0	0.0	369.0	0	0.0	369.0	0	0.0
home	14	62	92812.5	0	0.0	92812.5	0	0.0	500.0	0	0.0	375.0	0	0.0	375.0	0	0.0
home	14	63	94297.5	14	1.36986301369863	94297.5	14	1.36986301369863	508.0	0	0.0	381.0	0	0.0	381.0	0	0.0
home	14	64	95782.5	0	0.0	95782.5	0	0.0	516.0	0	0.0	387.0	0	0.0	387.0	0	0.0
home	14	65	97267.5	0	0.0	97267.5	0	0.0	524.0	0	0.0	393.0	0	0.0	393.0	0	0.0
home	14	66	98752.5	14	1.36986301369863	98752.5	14	1.36986301369863	532.0	0	0.0	399.0	0	0.0	399.0	0	0.0
home	14	67	100237.5	0	0.0	100237.5	0	0.0	540.0	0	0.0	405.0	0	0.0	405.0	0	0.0
home	14	68	101722.5	0	0.0	101722.5	0	0.0	548.0	0	0.0	411.0	0	0.0	411.0	0	0.0
home	14	69	103207.5	14	1.36986301369863	103207.5	14	1.36986301369863	556.0	0	0.0	417.0	0	0.0	417.0	0	0.0
home	14	70	104692.5	0	0.0	104692.5	0	0.0	564.0	0	0.0	423.0	0	0.0	423.0	0	0.0
home	14	71	106177.5	0	0.0	106177.5	0	0.0	572.0	0	0.0	429.0	0	0.0	429.0	0	0.0
home	14	72	107662.5	14	1.36986301369863	107662.5	14	1.36986301369863	580.0	0	0.0	435.0	0	0.0	435.0	0	0.0
home	14	73	109147.5	0	0.0	109147.5	0	0.0	588.0	0	0.0	441.0	0	0.0	441.0	0	0.0
home	14	74	110632.5	11	1.076320939334638	110632.5	6	0.5870841487279843	596.0	0	0.0	447.0	0	0.0	447.0	0	0.0
home	14	75	112117.5	3	0.29354207436399216	112117.5	8	0.7827788649706457	604.0	1	0.09784735812133072	453.0	0	0.0	453.0	0	0.0
home	14	76	113602.5	0	0.0	113602.5	0	0.0	612.0	0	0.0	459.0	0	0.0	459.0	0	0.0
home	14	77	115087.5	12	1.1741682974559686	115087.5	12	1.1741682974559686	620.0	0	0.0	465.0	0	0.0	465.0	0	0.0
home	14	78	116572.5	2	0.19569471624266144	116572.5	2	0.19569471624266144	628.0	0	0.0	471.0	0	0.0	471.0	0	0.0
home	14	79	118057.5	0	0.0	118057.5	0	0.0	636.0	0	0.0	477.0	0	0.0	477.0	0	0.0
home	14	80	119542.5	14	1.36986301369863	119542.5	14	1.36986301369863	644.0	0	0.0	483.0	0	0.0	483.0	0	0.0
home	14	81	121027.5	0	0.0	121027.5	0	0.0	652.0	0	0.0	489.0	0	0.0	489.0	0	0.0
home	14	82	122512.5	0	0.0	122512.5	0	0.0	660.0	0	0.0	495.0	0	0.0	495.0	0	0.0
home	14	83	123997.5	14	1.36986301369863	123997.5	14	1.36986301369863	668.0	0	0.0	501.0	0	0.0	501.0	0	0.0
home	14	84	125482.5	0	0.0	125482.5	0	0.0	676.0	0	0.0	507.0	0	0.0	507.0	0	0.0
home	14	85	126967.5	0	0.0	126967.5	0	0.0	684.0	0	0.0	513.0	0	0.0	513.0	0	0.0
home	14	86	128452.5	14	1.36986301369863	128452.5	14	1.36986301369863	692.0	0	0.0	519.0	0	0.0	519.0	0	0.0
home	14	87	129937.5	0	0.0	129937.5	0	0.0	700.0	0	0.0	525.0	0	0.0	525.0	0	0.0
home	14	88	131422.5	0	0.0	131422.5	0	0.0	708.0	0	0.0	531.0	0	0.0	531.0	0	0.0
home	14	89	132907.5	14	1.36986301369863	132907.5	14	1.36986301369863	716.0	0	0.0	537.0	0	0.0	537.0	0	0.0
home	14	90	134392.5	0	0.0	134392.5	0	0.0	724.0	0	0.0	543.0	0	0.0	543.0	0	0.0
home	14	91	135877.5	0	0.0	135877.5	0	0.0	732.0	0	0.0	549.0	0	0.0	549.0	0	0.0
home	14	92	137362.5	14	1.36986301369863	137362.5	14	1.36986301369863	740.0	0	0.0	555.0	0	0.0	555.0	0	0.0
home	14	93	138847.5	0	0.0	138847.5	0	0.0	748.0	0	0.0	561.0	0	0.0	561.0	0	0.0
home	14	94	140332.5	0	0.0	140332.5	0	0.0	756.0	0	0.0	567.0	0	0.0	567.0	0	0.0
home	14	95	141817.5	14	1.36986301369863	141817.5	14	1.36986301369863	764.0	0	0.0	573.0	0	0.0	573.0	0	0.0
home	14	96	143302.5	0	0.0	143302.5	0	0.0	772.0	0	0.0	579.0	0	0.0	579.0	0	0.0
home	14	97	144787.5	0	0.0	144787.5	0	0.0	780.0	0	0.0	585.0	0	0.0	585.0	0	0.0
home	14	98	146272.5	14	1.36986301369863	146272.5	14	1.36986301369863	788.0	0	0.0	591.0	0	0.0	591.0	0	0.0
home	14	99	147757.5	0	0.0	147757.5	0	0.0	796.0	0	0.0	597.0	0	0.0	597.0	0	0.0
home	14	100	149242.5	11	1.076320939334638	149242.5	11	1.076320939334638	804.0	0	0.0	603.0	0	0.0	603.0	0	0.0
home	14	101	150727.5	3	0.29354207436399216	150727.5	3	0.29354207436399216	812.0	0	0.0	609.0	0	0.0	609.0	0	0.0
home	14	102	152212.5	0	0.0	152212.5	0	0.0	820.0	0	0.0	615.0	0	0.0	615.0	0	0.0
home	14	103	153697.5	12	1.1741682974559686	153697.5	0	0.0	828.0	0	0.0	621.0	0	0.0	621.0	0	0.0
home	14	104	155182.5	2	0.19569471624266144	155182.5	14	1.36986301369863	836.0	0	0.0	627.0	0	0.0	627.0	0	0.0
home	14	105	156667.5	0	0.0	156667.5	0	0.0	844.0	0	0.0	633.0	0	0.0	633.0	0	0.0
home	14	106	158152.5	12	1.1741682974559686	158152.5	12	1.1741682974559686	852.0	0	0.0	639.0	0	0.0	639.0	0	0.0
home	14	107	159637.5	2	0.19569471624266144	159637.5	2	0.19569471624266144	860.0	0	0.0	645.0	0	0.0	645.0	0	0.0
home	14	108	161122.5	0	0.0	161122.5	0	0.0	868.0	0	0.0	651.0	0	0.0	651.0	0	0.0
home	14	109	162607.5	12	1.1741682974559686	162607.5	12	1.1741682974559686	876.0	0	0.0	657.0	0	0.0	657.0	0	0.0
home	14	110	164092.5	2	0.19569471624266144	164092.5	2	0.19569471624266144	884.0	0	0.0	663.0	0	0.0	663.0	0	0.0
home	14	111	165577.5	14	1.36986301369863	165577.5	14	1.36986301369863	892.0	0	0.0	669.0	0	0.0	669.0	0	0.0
home	14	112	167062.5	0	0.0	167062.5	0	0.0	900.0	0	0.0	675.0	0	0.0	675.0	0	0.0
home	14	113	168547.5	0	0.0	168547.5	0	0.0	908.0	0	0.0	681.0	0	0.0	681.0	0	0.0
home	14	114	170032.5	14	1.36986301369863	170032.5	14	1.36986301369863	916.0	0	0.0	687.0	0	0.0	687.0	0	0.0
home	14	115	171517.5	0	0.0	171517.5	0	0.0	924.0	0	0.0	693.0	0	0.0	693.0	0	0.0
home	14	116	173002.5	12	1.1741682974559686	173002.5	11	1.076320939334638	932.0	0	0.0	699.0	0	0.0	699.0	0	0.0
home	14	117	174487.5	2	0.19569471624266144	174487.5	3	0.29354207436399216	940.0	0	0.0	705.0	0	0.0	705.0	0	0.0
home	14	118	175972.5	0	0.0	175972.5	0	0.0	948.0	0	0.0	711.0	0	0.0	711.0	0	0.0
home	14	119	177457.5	14	1.36986301369863	177457.5	14	1.36986301369863	956.0	0	0.0	717.0	0	0.0	717.0	0	0.0
home	14	120	178942.5	0	0.0	178942.5	0	0.0	964.0	0	0.0	723.0	0	0.0	723.0	0	0.0
home	14	121	180427.5	0	0.0	180427.5	0	0.0	972.0	0	0.0	729.0	0	0.0	729.0	0	0.0
home	14	122	181912.5	14	1.36986301369863	181912.5	14	1.36986301369863	980.0	0	0.0	735.0	0	0.0	735.0	0	0.0
home	14	123	183397.5	0	0.0	183397.5	0	0.0	988.0	0	0.0	741.0	0	0.0	741.0	0	0.0
home	14	124	184882.5	3	0.29354207436399216	184882.5	0	0.0	996.0	0	0.0	747.0	0	0.0	747.0	0	0.0
home	14	125	186367.5	11	1.076320939334638	186367.5	14	1.36986301369863	1004.0	0	0.0	753.0	0	0.0	753.0	0	0.0
home	14	126	187852.5	0	0.0	187852.5	0	0.0	1012.0	0	0.0	759.0	0	0.0	759.0	0	0.0
home	14	127	189337.5	14	1.36986301369863	189337.5	14	1.36986301369863	1020.0	0	0.0	765.0	0	0.0	765.0	0	0.0
home	14	128	190822.5	0	0.0	190822.5	0	0.0	1028.0	0	0.0	771.0	0	0.0	771.0	0	0.0
home	14	129	192307.5	0	0.0	192307.5	0	0.0	1036.0	0	0.0	777.0	0	0.0	777.0	0	0.0
home	14	130	193792.5	14	1.36986301369863	193792.5	14	1.36986301369863	1044.0	0	0.0	783.0	0	0.0	783.0	0	0.0
home	14	131	195277.5	0	0.0	195277.5	0	0.0	1052.0	0	0.0	789.0	0	0.0	789.0	0	0.0
home	14	132	196762.5	0	0.0	196762.5	0	0.0	1060.0	0	0.0	795.0	0	0.0	795.0	0	0.0
home	14	133	198247.5	14	1.36986301369863	198247.5	14	1.36986301369863	1068.0	0	0.0	801.0	0	0.0	801.0	0	0.0
home	14	134	199732.5	0	0.0	199732.5	0	0.0	1076.0	0	0.0	807.0	0	0.0	807.0	0	0.0
home	14	135	201217.5	14	1.36986301369863	201217.5	14	1.36986301369863	1084.0	0	0.0	813.0	0	0.0	813.0	0	0.0
home	14	136	202702.5	0	0.0	202702.5	0	0.0	1092.0	0	0.0	819.0	0	0.0	819.0	0	0.0
home	14	137	204187.5	0	0.0	204187.5	0	0.0	1100.0	0	0.0	825.0	0	0.0	825.0	0	0.0
home	14	138	205672.5	14	1.36986301369863	205672.5	14	1.36986301369863	1108.0	0	0.0	831.0	0	0.0	831.0	0	0.0
home	14	139	207157.5	0	0.0	207157.5	0	0.0	1116.0	0	0.0	837.0	0	0.0	837.0	0	0.0
home	14	140	208642.5	12	1.1741682974559686	208642.5	11	1.076320939334638	1124.0	0	0.0	843.0	0	0.0	843.0	0	0.0
home	14	141	210127.5	2	0.19569471624266144	210127.5	3	0.29354207436399216	1132.0	0	0.0	849.0	0	0.0	849.0	0	0.0
home	14	142	211612.5	0	0.0	211612.5	0	0.0	1140.0	0	0.0	855.0	0	0.0	855.0	0	0.0
home	14	143	213097.5	14	1.36986301369863	213097.5	14	1.36986301369863	1148.0	0	0.0	861.0	0	0.0	861.0	0	0.0
home	14	144	214582.5	0	0.0	214582.5	0	0.0	1156.0	0	0.0	867.0	0	0.0	867.0	0	0.0
home	14	145	216067.5	14	1.36986301369863	216067.5	14	1.36986301369863	1164.0	0	0.0	873.0	0	0.0	873.0	0	0.0
home	14	146	217552.5	0	0.0	217552.5	0	0.0	1172.0	0	0.0	879.0	0	0.0	879.0	0	0.0
home	14	147	219037.5	0	0.0	219037.5	0	0.0	1180.0	0	0.0	885.0	0	0.0	885.0	0	0.0
home	14	148	220522.5	14	1.36986301369863	220522.5	14	1.36986301369863	1188.0	0	0.0	891.0	0	0.0	891.0	0	0.0
home	14	149	222007.5	0	0.0	222007.5	0	0.0	1196.0	0	0.0	897.0	0	0.0	897.0	0	0.0
home	14	150	223492.5	0	0.0	223492.5	0	0.0	1204.0	0	0.0	903.0	0	0.0	903.0	0	0.0
home	14	151	224977.5	14	1.36986301369863	224977.5	14	1.36986301369863	1212.0	0	0.0	909.0	0	0.0	909.0	0	0.0
home	14	152	226462.5	0	0.0	226462.5	0	0.0	1220.0	0	0.0	915.0	0	0.0	915.0	0	0.0
home	14	153	227947.5	12	1.1741682974559686	227947.5	11	1.076320939334638	1228.0	0	0.0	921.0	0	0.0	921.0	0	0.0
home	14	154	229432.5	2	0.19569471624266144	229432.5	3	0.29354207436399216	1236.0	0	0.0	927.0	0	0.0	927.0	0	0.0
home	14	155	230917.5	0	0.0	230917.5	0	0.0	1244.0	0	0.0	933.0	0	0.0	933.0	0	0.0
home	14	156	232402.5	14	1.36986301369863	232402.5	14	1.36986301369863	1252.0	0	0.0	939.0	0	0.0	939.0	0	0.0
home	14	157	233887.5	0	0.0	233887.5	0	0.0	1260.0	0	0.0	945.0	0	0.0	945.0	0	0.0
home	14	158	235372.5	0	0.0	235372.5	0	0.0	1268.0	0	0.0	951.0	0	0.0	951.0	0	0.0
home	14	159	236857.5	14	1.36986301369863	236857.5	14	1.36986301369863	1276.0	0	0.0	957.0	0	0.0	957.0	0	0.0
home	14	160	238342.5	0	0.0	238342.5	0	0.0	1284.0	0	0.0	963.0	0	0.0	963.0	0	0.0
home	14	161	239827.5	12	1.1741682974559686	239827.5	5	0.4892367906066536	1292.0	0	0.0	969.0	0	0.0	969.0	0	0.0
home	14	162	241312.5	2	0.19569471624266144	241312.5	9	0.8806262230919765	1300.0	0	0.0	975.0	0	0.0	975.0	0	0.0
home	14	163	242797.5	0	0.0	242797.5	0	0.0	1308.0	0	0.0	981.0	0	0.0	981.0	0	0.0
home	14	164	244282.5	14	1.36986301369863	244282.5	14	1.36986301369863	1316.0	0	0.0	987.0	0	0.0	987.0	0	0.0
home	14	165	245767.5	0	0.0	245767.5	0	0.0	1324.0	0	0.0	993.0	0	0.0	993.0	0	0.0
home	14	166	247252.5	14	1.36986301369863	247252.5	14	1.36986301369863	1332.0	0	0.0	999.0	0	0.0	999.0	0	0.0
home	14	167	248737.5	0	0.0	248737.5	0	0.0	1340.0	0	0.0	1005.0	0	0.0	1005.0	0	0.0
home	14	168	250222.5	0	0.0	250222.5	0	0.0	1348.0	0	0.0	1011.0	0	0.0	1011.0	0	0.0
home	14	169	251707.5	14	1.36986301369863	251707.5	14	1.36986301369863	1356.0	0	0.0	1017.0	0	0.0	1017.0	0	0.0
home	14	170	253192.5	0	0.0	253192.5	0	0.0	1364.0	0	0.0	1023.0	0	0.0	1023.0	0	0.0
home	14	171	254677.5	0	0.0	254677.5	0	0.0	1372.0	0	0.0	1029.0	0	0.0	1029.0	0	0.0
home	14	172	256162.5	14	1.36986301369863	256162.5	14	1.36986301369863	1380.0	0	0.0	1035.0	0	0.0	1035.0	0	0.0
home	14	173	257647.5	0	0.0	257647.5	0	0.0	1388.0	0	0.0	1041.0	0	0.0	1041.0	0	0.0
home	14	174	259132.5	0	0.0	259132.5	0	0.0	1396.0	0	0.0	1047.0	0	0.0	1047.0	0	0.0
home	14	175	260617.5	14	1.36986301369863	260617.5	14	1.36986301369863	1404.0	0	0.0	1053.0	0	0.0	1053.0	0	0.0
home	14	176	262102.5	0	0.0	262102.5	0	0.0	1412.0	0	0.0	1059.0	0	0.0	1059.0	0	0.0
home	14	177	263587.5	10	0.9784735812133072	263587.5	0	0.0	1420.0	0	0.0	1065.0	0	0.0	1065.0	0	0.0
home	14	178	265072.5	4	0.3913894324853229	265072.5	14	1.36986301369863	1428.0	0	0.0	1071.0	0	0.0	1071.0	0	0.0
home	14	179	266557.5	0	0.0	266557.5	0	0.0	1436.0	0	0.0	1077.0	0	0.0	1077.0	0	0.0
home	14	180	268042.5	12	1.1741682974559686	268042.5	0	0.0	1444.0	0	0.0	1083.0	0	0.0	1083.0	0	0.0
home	14	181	269527.5	2	0.19569471624266144	269527.5	14	1.36986301369863	1452.0	0	0.0	1089.0	0	0.0	1089.0	0	0.0
home	14	182	271012.5	0	0.0	271012.5	0	0.0	1460.0	0	0.0	1095.0	0	0.0	1095.0	0	0.0
home	14	183	272497.5	3	0.29354207436399216	272497.5	0	0.0	1468.0	0	0.0	1101.0	0	0.0	1101.0	0	0.0
home	14	184	273982.5	11	1.076320939334638	273982.5	14	1.36986301369863	1476.0	0	0.0	1107.0	0	0.0	1107.0	0	0.0
home	14	185	275467.5	0	0.0	275467.5	0	0.0	1484.0	0	0.0	1113.0	0	0.0	1113.0	0	0.0
home	14	186	276952.5	14	1.36986301369863	276952.5	14	1.36986301369863	1492.0	0	0.0	1119.0	0	0.0	1119.0	0	0.0
home	14	187	278437.5	0	0.0	278437.5	0	0.0	1500.0	1	0.09784735812133072	1125.0	0	0.0	1125.0	0	0.0
home	14	188	279922.5	14	1.36986301369863	279922.5	14	1.36986301369863	1508.0	0	0.0	1131.0	0	0.0	1131.0	0	0.0
home	14	189	281407.5	0	0.0	281407.5	0	0.0	1516.0	0	0.0	1137.0	0	0.0	1137.0	0	0.0
home	14	190	282892.5	0	0.0	282892.5	0	0.0	1524.0	0	0.0	1143.0	0	0.0	1143.0	0	0.0
home	14	191	284377.5	14	1.36986301369863	284377.5	14	1.36986301369863	1532.0	0	0.0	1149.0	0	0.0	1149.0	0	0.0
home	14	192	285862.5	0	0.0	285862.5	0	0.0	1540.0	0	0.0	1155.0	0	0.0	1155.0	0	0.0
home	14	193	287347.5	0	0.0	287347.5	0	0.0	1548.0	0	0.0	1161.0	0	0.0	1161.0	0	0.0
home	14	194	288832.5	14	1.36986301369863	288832.5	14	1.36986301369863	1556.0	0	0.0	1167.0	0	0.0	1167.0	0	0.0
home	14	195	290317.5	0	0.0	290317.5	0	0.0	1564.0	0	0.0	1173.0	0	0.0	1173.0	0	0.0
home	14	196	291802.5	0	0.0	291802.5	0	0.0	1572.0	0	0.0	1179.0	0	0.0	1179.0	0	0.0
home	14	197	293287.5	14	1.36986301369863	293287.5	14	1.36986301369863	1580.0	0	0.0	1185.0	0	0.0	1185.0	0	0.0
home	14	198	294772.5	1	0.09784735812133072	294772.5	0	0.0	1588.0	0	0.0	1191.0	0	0.0	1191.0	0	0.0
home	14	199	296257.5	13	1.2720156555772992	296257.5	14	1.36986301369863	1596.0	0	0.0	1197.0	0	0.0	1197.0	0	0.0
