'Request type'	'Load'	'Bucket'	'Start time'	'Absolute'	'Percent of requests'	'End time'	'Absolute'	'Percent of requests'	'Residence time'	'Absolute'	'Percent of requests'	'Theor. think time'	'Absolute'	'Percent of requests'	'Actual think time'	'Absolute'	'Percent of requests'
login	6	0	751.0	7	0.5622489959839357	751.0	7	0.5622489959839357	3.0	0	0.0	3.0	1245	100.0	3.0	1245	100.0
login	6	1	2253.0	9	0.7228915662650602	2253.0	7	0.5622489959839357	9.0	0	0.0	9.0	0	0.0	9.0	0	0.0
login	6	2	3755.0	6	0.4819277108433735	3755.0	7	0.5622489959839357	15.0	0	0.0	15.0	0	0.0	15.0	0	0.0
login	6	3	5257.0	9	0.7228915662650602	5257.0	8	0.642570281124498	21.0	0	0.0	21.0	0	0.0	21.0	0	0.0
login	6	4	6759.0	6	0.4819277108433735	6759.0	8	0.642570281124498	27.0	0	0.0	27.0	0	0.0	27.0	0	0.0
login	6	5	8261.0	8	0.642570281124498	8261.0	6	0.4819277108433735	33.0	0	0.0	33.0	0	0.0	33.0	0	0.0
login	6	6	9763.0	7	0.5622489959839357	9763.0	7	0.5622489959839357	39.0	0	0.0	39.0	0	0.0	39.0	0	0.0
login	6	7	11265.0	6	0.4819277108433735	11265.0	6	0.4819277108433735	45.0	0	0.0	45.0	0	0.0	45.0	0	0.0
login	6	8	12767.0	6	0.4819277108433735	12767.0	6	0.4819277108433735	51.0	0	0.0	51.0	0	0.0	51.0	0	0.0
login	6	9	14269.0	5	0.40160642570281124	14269.0	7	0.5622489959839357	57.0	0	0.0	57.0	0	0.0	57.0	0	0.0
login	6	10	15771.0	8	0.642570281124498	15771.0	6	0.4819277108433735	63.0	0	0.0	63.0	0	0.0	63.0	0	0.0
login	6	11	17273.0	8	0.642570281124498	17273.0	8	0.642570281124498	69.0	0	0.0	69.0	0	0.0	69.0	0	0.0
login	6	12	18775.0	7	0.5622489959839357	18775.0	8	0.642570281124498	75.0	0	0.0	75.0	0	0.0	75.0	0	0.0
login	6	13	20277.0	7	0.5622489959839357	20277.0	8	0.642570281124498	81.0	12	0.963855421686747	81.0	0	0.0	81.0	0	0.0
login	6	14	21779.0	7	0.5622489959839357	21779.0	7	0.5622489959839357	87.0	14	1.1244979919678715	87.0	0	0.0	87.0	0	0.0
login	6	15	23281.0	7	0.5622489959839357	23281.0	6	0.4819277108433735	93.0	14	1.1244979919678715	93.0	0	0.0	93.0	0	0.0
login	6	16	24783.0	9	0.7228915662650602	24783.0	9	0.7228915662650602	99.0	8	0.642570281124498	99.0	0	0.0	99.0	0	0.0
login	6	17	26285.0	8	0.642570281124498	26285.0	8	0.642570281124498	105.0	19	1.5261044176706826	105.0	0	0.0	105.0	0	0.0
login	6	18	27787.0	6	0.4819277108433735	27787.0	7	0.5622489959839357	111.0	18	1.4457831325301205	111.0	0	0.0	111.0	0	0.0
login	6	19	29289.0	6	0.4819277108433735	29289.0	6	0.4819277108433735	117.0	23	1.8473895582329316	117.0	0	0.0	117.0	0	0.0
login	6	20	30791.0	8	0.642570281124498	30791.0	6	0.4819277108433735	123.0	22	1.7670682730923695	123.0	0	0.0	123.0	0	0.0
login	6	21	32293.0	6	0.4819277108433735	32293.0	7	0.5622489959839357	129.0	22	1.7670682730923695	129.0	0	0.0	129.0	0	0.0
login	6	22	33795.0	7	0.5622489959839357	33795.0	8	0.642570281124498	135.0	40	3.21285140562249	135.0	0	0.0	135.0	0	0.0
login	6	23	35297.0	7	0.5622489959839357	35297.0	6	0.4819277108433735	141.0	24	1.927710843373494	141.0	0	0.0	141.0	0	0.0
login	6	24	36799.0	8	0.642570281124498	36799.0	8	0.642570281124498	147.0	31	2.4899598393574296	147.0	0	0.0	147.0	0	0.0
login	6	25	38301.0	6	0.4819277108433735	38301.0	7	0.5622489959839357	153.0	19	1.5261044176706826	153.0	0	0.0	153.0	0	0.0
login	6	26	39803.0	8	0.642570281124498	39803.0	8	0.642570281124498	159.0	23	1.8473895582329316	159.0	0	0.0	159.0	0	0.0
login	6	27	41305.0	6	0.4819277108433735	41305.0	6	0.4819277108433735	165.0	18	1.4457831325301205	165.0	0	0.0	165.0	0	0.0
login	6	28	42807.0	7	0.5622489959839357	42807.0	6	0.4819277108433735	171.0	24	1.927710843373494	171.0	0	0.0	171.0	0	0.0
login	6	29	44309.0	6	0.4819277108433735	44309.0	7	0.5622489959839357	177.0	19	1.5261044176706826	177.0	0	0.0	177.0	0	0.0
login	6	30	45811.0	8	0.642570281124498	45811.0	6	0.4819277108433735	183.0	24	1.927710843373494	183.0	0	0.0	183.0	0	0.0
login	6	31	47313.0	7	0.5622489959839357	47313.0	9	0.7228915662650602	189.0	18	1.4457831325301205	189.0	0	0.0	189.0	0	0.0
login	6	32	48815.0	8	0.642570281124498	48815.0	7	0.5622489959839357	195.0	12	0.963855421686747	195.0	0	0.0	195.0	0	0.0
login	6	33	50317.0	7	0.5622489959839357	50317.0	8	0.642570281124498	201.0	8	0.642570281124498	201.0	0	0.0	201.0	0	0.0
login	6	34	51819.0	8	0.642570281124498	51819.0	7	0.5622489959839357	207.0	16	1.285140562248996	207.0	0	0.0	207.0	0	0.0
login	6	35	53321.0	8	0.642570281124498	53321.0	8	0.642570281124498	213.0	18	1.4457831325301205	213.0	0	0.0	213.0	0	0.0
login	6	36	54823.0	8	0.642570281124498	54823.0	8	0.642570281124498	219.0	16	1.285140562248996	219.0	0	0.0	219.0	0	0.0
login	6	37	56325.0	6	0.4819277108433735	56325.0	7	0.5622489959839357	225.0	16	1.285140562248996	225.0	0	0.0	225.0	0	0.0
login	6	38	57827.0	9	0.7228915662650602	57827.0	8	0.642570281124498	231.0	12	0.963855421686747	231.0	0	0.0	231.0	0	0.0
login	6	39	59329.0	8	0.642570281124498	59329.0	8	0.642570281124498	237.0	11	0.8835341365461847	237.0	0	0.0	237.0	0	0.0
login	6	40	60831.0	7	0.5622489959839357	60831.0	8	0.642570281124498	243.0	6	0.4819277108433735	243.0	0	0.0	243.0	0	0.0
login	6	41	62333.0	7	0.5622489959839357	62333.0	6	0.4819277108433735	249.0	6	0.4819277108433735	249.0	0	0.0	249.0	0	0.0
login	6	42	63835.0	8	0.642570281124498	63835.0	9	0.7228915662650602	255.0	7	0.5622489959839357	255.0	0	0.0	255.0	0	0.0
login	6	43	65337.0	8	0.642570281124498	65337.0	7	0.5622489959839357	261.0	7	0.5622489959839357	261.0	0	0.0	261.0	0	0.0
login	6	44	66839.0	7	0.5622489959839357	66839.0	8	0.642570281124498	267.0	10	0.8032128514056225	267.0	0	0.0	267.0	0	0.0
login	6	45	68341.0	8	0.642570281124498	68341.0	7	0.5622489959839357	273.0	17	1.3654618473895583	273.0	0	0.0	273.0	0	0.0
login	6	46	69843.0	7	0.5622489959839357	69843.0	7	0.5622489959839357	279.0	9	0.7228915662650602	279.0	0	0.0	279.0	0	0.0
login	6	47	71345.0	8	0.642570281124498	71345.0	8	0.642570281124498	285.0	12	0.963855421686747	285.0	0	0.0	285.0	0	0.0
login	6	48	72847.0	9	0.7228915662650602	72847.0	8	0.642570281124498	291.0	26	2.0883534136546187	291.0	0	0.0	291.0	0	0.0
login	6	49	74349.0	7	0.5622489959839357	74349.0	8	0.642570281124498	297.0	13	1.0441767068273093	297.0	0	0.0	297.0	0	0.0
login	6	50	75851.0	8	0.642570281124498	75851.0	8	0.642570281124498	303.0	14	1.1244979919678715	303.0	0	0.0	303.0	0	0.0
login	6	51	77353.0	8	0.642570281124498	77353.0	8	0.642570281124498	309.0	12	0.963855421686747	309.0	0	0.0	309.0	0	0.0
login	6	52	78855.0	7	0.5622489959839357	78855.0	8	0.642570281124498	315.0	15	1.2048192771084336	315.0	0	0.0	315.0	0	0.0
login	6	53	80357.0	7	0.5622489959839357	80357.0	6	0.4819277108433735	321.0	10	0.8032128514056225	321.0	0	0.0	321.0	0	0.0
login	6	54	81859.0	6	0.4819277108433735	81859.0	7	0.5622489959839357	327.0	11	0.8835341365461847	327.0	0	0.0	327.0	0	0.0
login	6	55	83361.0	8	0.642570281124498	83361.0	6	0.4819277108433735	333.0	5	0.40160642570281124	333.0	0	0.0	333.0	0	0.0
login	6	56	84863.0	6	0.4819277108433735	84863.0	7	0.5622489959839357	339.0	3	0.24096385542168675	339.0	0	0.0	339.0	0	0.0
login	6	57	86365.0	8	0.642570281124498	86365.0	8	0.642570281124498	345.0	6	0.4819277108433735	345.0	0	0.0	345.0	0	0.0
login	6	58	87867.0	6	0.4819277108433735	87867.0	7	0.5622489959839357	351.0	1	0.08032128514056225	351.0	0	0.0	351.0	0	0.0
login	6	59	89369.0	7	0.5622489959839357	89369.0	6	0.4819277108433735	357.0	5	0.40160642570281124	357.0	0	0.0	357.0	0	0.0
login	6	60	90871.0	7	0.5622489959839357	90871.0	8	0.642570281124498	363.0	5	0.40160642570281124	363.0	0	0.0	363.0	0	0.0
login	6	61	92373.0	7	0.5622489959839357	92373.0	7	0.5622489959839357	369.0	7	0.5622489959839357	369.0	0	0.0	369.0	0	0.0
login	6	62	93875.0	8	0.642570281124498	93875.0	7	0.5622489959839357	375.0	12	0.963855421686747	375.0	0	0.0	375.0	0	0.0
login	6	63	95377.0	7	0.5622489959839357	95377.0	7	0.5622489959839357	381.0	18	1.4457831325301205	381.0	0	0.0	381.0	0	0.0
login	6	64	96879.0	9	0.7228915662650602	96879.0	9	0.7228915662650602	387.0	7	0.5622489959839357	387.0	0	0.0	387.0	0	0.0
login	6	65	98381.0	7	0.5622489959839357	98381.0	7	0.5622489959839357	393.0	13	1.0441767068273093	393.0	0	0.0	393.0	0	0.0
login	6	66	99883.0	7	0.5622489959839357	99883.0	8	0.642570281124498	399.0	8	0.642570281124498	399.0	0	0.0	399.0	0	0.0
login	6	67	101385.0	8	0.642570281124498	101385.0	7	0.5622489959839357	405.0	5	0.40160642570281124	405.0	0	0.0	405.0	0	0.0
login	6	68	102887.0	8	0.642570281124498	102887.0	7	0.5622489959839357	411.0	11	0.8835341365461847	411.0	0	0.0	411.0	0	0.0
login	6	69	104389.0	6	0.4819277108433735	104389.0	8	0.642570281124498	417.0	6	0.4819277108433735	417.0	0	0.0	417.0	0	0.0
login	6	70	105891.0	8	0.642570281124498	105891.0	6	0.4819277108433735	423.0	5	0.40160642570281124	423.0	0	0.0	423.0	0	0.0
login	6	71	107393.0	5	0.40160642570281124	107393.0	6	0.4819277108433735	429.0	8	0.642570281124498	429.0	0	0.0	429.0	0	0.0
login	6	72	108895.0	7	0.5622489959839357	108895.0	7	0.5622489959839357	435.0	3	0.24096385542168675	435.0	0	0.0	435.0	0	0.0
login	6	73	110397.0	6	0.4819277108433735	110397.0	7	0.5622489959839357	441.0	0	0.0	441.0	0	0.0	441.0	0	0.0
login	6	74	111899.0	8	0.642570281124498	111899.0	6	0.4819277108433735	447.0	2	0.1606425702811245	447.0	0	0.0	447.0	0	0.0
login	6	75	113401.0	7	0.5622489959839357	113401.0	6	0.4819277108433735	453.0	1	0.08032128514056225	453.0	0	0.0	453.0	0	0.0
login	6	76	114903.0	7	0.5622489959839357	114903.0	9	0.7228915662650602	459.0	3	0.24096385542168675	459.0	0	0.0	459.0	0	0.0
login	6	77	116405.0	8	0.642570281124498	116405.0	8	0.642570281124498	465.0	5	0.40160642570281124	465.0	0	0.0	465.0	0	0.0
login	6	78	117907.0	6	0.4819277108433735	117907.0	7	0.5622489959839357	471.0	8	0.642570281124498	471.0	0	0.0	471.0	0	0.0
login	6	79	119409.0	7	0.5622489959839357	119409.0	7	0.5622489959839357	477.0	7	0.5622489959839357	477.0	0	0.0	477.0	0	0.0
login	6	80	120911.0	7	0.5622489959839357	120911.0	6	0.4819277108433735	483.0	5	0.40160642570281124	483.0	0	0.0	483.0	0	0.0
login	6	81	122413.0	7	0.5622489959839357	122413.0	8	0.642570281124498	489.0	10	0.8032128514056225	489.0	0	0.0	489.0	0	0.0
login	6	82	123915.0	7	0.5622489959839357	123915.0	7	0.5622489959839357	495.0	5	0.40160642570281124	495.0	0	0.0	495.0	0	0.0
login	6	83	125417.0	8	0.642570281124498	125417.0	7	0.5622489959839357	501.0	8	0.642570281124498	501.0	0	0.0	501.0	0	0.0
login	6	84	126919.0	8	0.642570281124498	126919.0	6	0.4819277108433735	507.0	6	0.4819277108433735	507.0	0	0.0	507.0	0	0.0
login	6	85	128421.0	7	0.5622489959839357	128421.0	7	0.5622489959839357	513.0	3	0.24096385542168675	513.0	0	0.0	513.0	0	0.0
login	6	86	129923.0	6	0.4819277108433735	129923.0	7	0.5622489959839357	519.0	6	0.4819277108433735	519.0	0	0.0	519.0	0	0.0
login	6	87	131425.0	8	0.642570281124498	131425.0	7	0.5622489959839357	525.0	6	0.4819277108433735	525.0	0	0.0	525.0	0	0.0
login	6	88	132927.0	6	0.4819277108433735	132927.0	8	0.642570281124498	531.0	1	0.08032128514056225	531.0	0	0.0	531.0	0	0.0
login	6	89	134429.0	8	0.642570281124498	134429.0	7	0.5622489959839357	537.0	2	0.1606425702811245	537.0	0	0.0	537.0	0	0.0
login	6	90	135931.0	7	0.5622489959839357	135931.0	9	0.7228915662650602	543.0	2	0.1606425702811245	543.0	0	0.0	543.0	0	0.0
login	6	91	137433.0	6	0.4819277108433735	137433.0	6	0.4819277108433735	549.0	1	0.08032128514056225	549.0	0	0.0	549.0	0	0.0
login	6	92	138935.0	6	0.4819277108433735	138935.0	6	0.4819277108433735	555.0	1	0.08032128514056225	555.0	0	0.0	555.0	0	0.0
login	6	93	140437.0	8	0.642570281124498	140437.0	6	0.4819277108433735	561.0	4	0.321285140562249	561.0	0	0.0	561.0	0	0.0
login	6	94	141939.0	8	0.642570281124498	141939.0	10	0.8032128514056225	567.0	3	0.24096385542168675	567.0	0	0.0	567.0	0	0.0
login	6	95	143441.0	8	0.642570281124498	143441.0	7	0.5622489959839357	573.0	6	0.4819277108433735	573.0	0	0.0	573.0	0	0.0
login	6	96	144943.0	7	0.5622489959839357	144943.0	7	0.5622489959839357	579.0	6	0.4819277108433735	579.0	0	0.0	579.0	0	0.0
login	6	97	146445.0	7	0.5622489959839357	146445.0	8	0.642570281124498	585.0	11	0.8835341365461847	585.0	0	0.0	585.0	0	0.0
login	6	98	147947.0	9	0.7228915662650602	147947.0	7	0.5622489959839357	591.0	12	0.963855421686747	591.0	0	0.0	591.0	0	0.0
login	6	99	149449.0	7	0.5622489959839357	149449.0	7	0.5622489959839357	597.0	5	0.40160642570281124	597.0	0	0.0	597.0	0	0.0
login	6	100	150951.0	8	0.642570281124498	150951.0	8	0.642570281124498	603.0	8	0.642570281124498	603.0	0	0.0	603.0	0	0.0
login	6	101	152453.0	7	0.5622489959839357	152453.0	8	0.642570281124498	609.0	8	0.642570281124498	609.0	0	0.0	609.0	0	0.0
login	6	102	153955.0	7	0.5622489959839357	153955.0	7	0.5622489959839357	615.0	4	0.321285140562249	615.0	0	0.0	615.0	0	0.0
login	6	103	155457.0	6	0.4819277108433735	155457.0	7	0.5622489959839357	621.0	3	0.24096385542168675	621.0	0	0.0	621.0	0	0.0
login	6	104	156959.0	9	0.7228915662650602	156959.0	6	0.4819277108433735	627.0	4	0.321285140562249	627.0	0	0.0	627.0	0	0.0
login	6	105	158461.0	8	0.642570281124498	158461.0	7	0.5622489959839357	633.0	1	0.08032128514056225	633.0	0	0.0	633.0	0	0.0
login	6	106	159963.0	7	0.5622489959839357	159963.0	6	0.4819277108433735	639.0	1	0.08032128514056225	639.0	0	0.0	639.0	0	0.0
login	6	107	161465.0	6	0.4819277108433735	161465.0	6	0.4819277108433735	645.0	0	0.0	645.0	0	0.0	645.0	0	0.0
login	6	108	162967.0	1	0.08032128514056225	162967.0	6	0.4819277108433735	651.0	3	0.24096385542168675	651.0	0	0.0	651.0	0	0.0
login	6	109	164469.0	6	0.4819277108433735	164469.0	6	0.4819277108433735	657.0	5	0.40160642570281124	657.0	0	0.0	657.0	0	0.0
login	6	110	165971.0	6	0.4819277108433735	165971.0	6	0.4819277108433735	663.0	5	0.40160642570281124	663.0	0	0.0	663.0	0	0.0
login	6	111	167473.0	6	0.4819277108433735	167473.0	6	0.4819277108433735	669.0	7	0.5622489959839357	669.0	0	0.0	669.0	0	0.0
login	6	112	168975.0	6	0.4819277108433735	168975.0	2	0.1606425702811245	675.0	8	0.642570281124498	675.0	0	0.0	675.0	0	0.0
login	6	113	170477.0	6	0.4819277108433735	170477.0	5	0.40160642570281124	681.0	12	0.963855421686747	681.0	0	0.0	681.0	0	0.0
login	6	114	171979.0	6	0.4819277108433735	171979.0	5	0.40160642570281124	687.0	7	0.5622489959839357	687.0	0	0.0	687.0	0	0.0
login	6	115	173481.0	0	0.0	173481.0	6	0.4819277108433735	693.0	15	1.2048192771084336	693.0	0	0.0	693.0	0	0.0
login	6	116	174983.0	6	0.4819277108433735	174983.0	6	0.4819277108433735	699.0	14	1.1244979919678715	699.0	0	0.0	699.0	0	0.0
login	6	117	176485.0	6	0.4819277108433735	176485.0	3	0.24096385542168675	705.0	7	0.5622489959839357	705.0	0	0.0	705.0	0	0.0
login	6	118	177987.0	6	0.4819277108433735	177987.0	4	0.321285140562249	711.0	7	0.5622489959839357	711.0	0	0.0	711.0	0	0.0
login	6	119	179489.0	6	0.4819277108433735	179489.0	5	0.40160642570281124	717.0	4	0.321285140562249	717.0	0	0.0	717.0	0	0.0
login	6	120	180991.0	0	0.0	180991.0	6	0.4819277108433735	723.0	5	0.40160642570281124	723.0	0	0.0	723.0	0	0.0
login	6	121	182493.0	6	0.4819277108433735	182493.0	6	0.4819277108433735	729.0	5	0.40160642570281124	729.0	0	0.0	729.0	0	0.0
login	6	122	183995.0	6	0.4819277108433735	183995.0	3	0.24096385542168675	735.0	2	0.1606425702811245	735.0	0	0.0	735.0	0	0.0
login	6	123	185497.0	6	0.4819277108433735	185497.0	3	0.24096385542168675	741.0	6	0.4819277108433735	741.0	0	0.0	741.0	0	0.0
login	6	124	186999.0	6	0.4819277108433735	186999.0	6	0.4819277108433735	747.0	3	0.24096385542168675	747.0	0	0.0	747.0	0	0.0
login	6	125	188501.0	0	0.0	188501.0	6	0.4819277108433735	753.0	2	0.1606425702811245	753.0	0	0.0	753.0	0	0.0
login	6	126	190003.0	6	0.4819277108433735	190003.0	6	0.4819277108433735	759.0	4	0.321285140562249	759.0	0	0.0	759.0	0	0.0
login	6	127	191505.0	6	0.4819277108433735	191505.0	6	0.4819277108433735	765.0	3	0.24096385542168675	765.0	0	0.0	765.0	0	0.0
login	6	128	193007.0	6	0.4819277108433735	193007.0	4	0.321285140562249	771.0	9	0.7228915662650602	771.0	0	0.0	771.0	0	0.0
login	6	129	194509.0	6	0.4819277108433735	194509.0	3	0.24096385542168675	777.0	7	0.5622489959839357	777.0	0	0.0	777.0	0	0.0
login	6	130	196011.0	6	0.4819277108433735	196011.0	5	0.40160642570281124	783.0	3	0.24096385542168675	783.0	0	0.0	783.0	0	0.0
login	6	131	197513.0	0	0.0	197513.0	6	0.4819277108433735	789.0	4	0.321285140562249	789.0	0	0.0	789.0	0	0.0
login	6	132	199015.0	6	0.4819277108433735	199015.0	6	0.4819277108433735	795.0	5	0.40160642570281124	795.0	0	0.0	795.0	0	0.0
login	6	133	200517.0	6	0.4819277108433735	200517.0	6	0.4819277108433735	801.0	14	1.1244979919678715	801.0	0	0.0	801.0	0	0.0
login	6	134	202019.0	6	0.4819277108433735	202019.0	3	0.24096385542168675	807.0	6	0.4819277108433735	807.0	0	0.0	807.0	0	0.0
login	6	135	203521.0	6	0.4819277108433735	203521.0	4	0.321285140562249	813.0	5	0.40160642570281124	813.0	0	0.0	813.0	0	0.0
login	6	136	205023.0	6	0.4819277108433735	205023.0	5	0.40160642570281124	819.0	3	0.24096385542168675	819.0	0	0.0	819.0	0	0.0
login	6	137	206525.0	4	0.321285140562249	206525.0	6	0.4819277108433735	825.0	5	0.40160642570281124	825.0	0	0.0	825.0	0	0.0
login	6	138	208027.0	2	0.1606425702811245	208027.0	6	0.4819277108433735	831.0	3	0.24096385542168675	831.0	0	0.0	831.0	0	0.0
login	6	139	209529.0	6	0.4819277108433735	209529.0	6	0.4819277108433735	837.0	3	0.24096385542168675	837.0	0	0.0	837.0	0	0.0
login	6	140	211031.0	6	0.4819277108433735	211031.0	3	0.24096385542168675	843.0	2	0.1606425702811245	843.0	0	0.0	843.0	0	0.0
login	6	141	212533.0	6	0.4819277108433735	212533.0	3	0.24096385542168675	849.0	1	0.08032128514056225	849.0	0	0.0	849.0	0	0.0
login	6	142	214035.0	4	0.321285140562249	214035.0	6	0.4819277108433735	855.0	0	0.0	855.0	0	0.0	855.0	0	0.0
login	6	143	215537.0	2	0.1606425702811245	215537.0	6	0.4819277108433735	861.0	2	0.1606425702811245	861.0	0	0.0	861.0	0	0.0
login	6	144	217039.0	6	0.4819277108433735	217039.0	6	0.4819277108433735	867.0	5	0.40160642570281124	867.0	0	0.0	867.0	0	0.0
login	6	145	218541.0	6	0.4819277108433735	218541.0	6	0.4819277108433735	873.0	7	0.5622489959839357	873.0	0	0.0	873.0	0	0.0
login	6	146	220043.0	6	0.4819277108433735	220043.0	2	0.1606425702811245	879.0	4	0.321285140562249	879.0	0	0.0	879.0	0	0.0
login	6	147	221545.0	6	0.4819277108433735	221545.0	5	0.40160642570281124	885.0	1	0.08032128514056225	885.0	0	0.0	885.0	0	0.0
login	6	148	223047.0	5	0.40160642570281124	223047.0	5	0.40160642570281124	891.0	6	0.4819277108433735	891.0	0	0.0	891.0	0	0.0
login	6	149	224549.0	4	0.321285140562249	224549.0	6	0.4819277108433735	897.0	3	0.24096385542168675	897.0	0	0.0	897.0	0	0.0
login	6	150	226051.0	3	0.24096385542168675	226051.0	6	0.4819277108433735	903.0	4	0.321285140562249	903.0	0	0.0	903.0	0	0.0
login	6	151	227553.0	6	0.4819277108433735	227553.0	6	0.4819277108433735	909.0	6	0.4819277108433735	909.0	0	0.0	909.0	0	0.0
login	6	152	229055.0	6	0.4819277108433735	229055.0	4	0.321285140562249	915.0	5	0.40160642570281124	915.0	0	0.0	915.0	0	0.0
login	6	153	230557.0	6	0.4819277108433735	230557.0	7	0.5622489959839357	921.0	1	0.08032128514056225	921.0	0	0.0	921.0	0	0.0
login	6	154	232059.0	6	0.4819277108433735	232059.0	1	0.08032128514056225	927.0	4	0.321285140562249	927.0	0	0.0	927.0	0	0.0
login	6	155	233561.0	6	0.4819277108433735	233561.0	7	0.5622489959839357	933.0	0	0.0	933.0	0	0.0	933.0	0	0.0
login	6	156	235063.0	0	0.0	235063.0	5	0.40160642570281124	939.0	1	0.08032128514056225	939.0	0	0.0	939.0	0	0.0
login	6	157	236565.0	6	0.4819277108433735	236565.0	6	0.4819277108433735	945.0	0	0.0	945.0	0	0.0	945.0	0	0.0
login	6	158	238067.0	6	0.4819277108433735	238067.0	6	0.4819277108433735	951.0	0	0.0	951.0	0	0.0	951.0	0	0.0
login	6	159	239569.0	6	0.4819277108433735	239569.0	6	0.4819277108433735	957.0	0	0.0	957.0	0	0.0	957.0	0	0.0
login	6	160	241071.0	6	0.4819277108433735	241071.0	5	0.40160642570281124	963.0	2	0.1606425702811245	963.0	0	0.0	963.0	0	0.0
login	6	161	242573.0	6	0.4819277108433735	242573.0	2	0.1606425702811245	969.0	4	0.321285140562249	969.0	0	0.0	969.0	0	0.0
login	6	162	244075.0	6	0.4819277108433735	244075.0	5	0.40160642570281124	975.0	4	0.321285140562249	975.0	0	0.0	975.0	0	0.0
login	6	163	245577.0	0	0.0	245577.0	6	0.4819277108433735	981.0	4	0.321285140562249	981.0	0	0.0	981.0	0	0.0
login	6	164	247079.0	6	0.4819277108433735	247079.0	6	0.4819277108433735	987.0	3	0.24096385542168675	987.0	0	0.0	987.0	0	0.0
login	6	165	248581.0	6	0.4819277108433735	248581.0	6	0.4819277108433735	993.0	6	0.4819277108433735	993.0	0	0.0	993.0	0	0.0
login	6	166	250083.0	6	0.4819277108433735	250083.0	2	0.1606425702811245	999.0	0	0.0	999.0	0	0.0	999.0	0	0.0
login	6	167	251585.0	6	0.4819277108433735	251585.0	5	0.40160642570281124	1005.0	4	0.321285140562249	1005.0	0	0.0	1005.0	0	0.0
login	6	168	253087.0	0	0.0	253087.0	5	0.40160642570281124	1011.0	1	0.08032128514056225	1011.0	0	0.0	1011.0	0	0.0
login	6	169	254589.0	6	0.4819277108433735	254589.0	6	0.4819277108433735	1017.0	2	0.1606425702811245	1017.0	0	0.0	1017.0	0	0.0
login	6	170	256091.0	6	0.4819277108433735	256091.0	6	0.4819277108433735	1023.0	1	0.08032128514056225	1023.0	0	0.0	1023.0	0	0.0
login	6	171	257593.0	6	0.4819277108433735	257593.0	1	0.08032128514056225	1029.0	1	0.08032128514056225	1029.0	0	0.0	1029.0	0	0.0
login	6	172	259095.0	6	0.4819277108433735	259095.0	6	0.4819277108433735	1035.0	3	0.24096385542168675	1035.0	0	0.0	1035.0	0	0.0
login	6	173	260597.0	6	0.4819277108433735	260597.0	6	0.4819277108433735	1041.0	0	0.0	1041.0	0	0.0	1041.0	0	0.0
login	6	174	262099.0	3	0.24096385542168675	262099.0	5	0.40160642570281124	1047.0	0	0.0	1047.0	0	0.0	1047.0	0	0.0
login	6	175	263601.0	3	0.24096385542168675	263601.0	6	0.4819277108433735	1053.0	1	0.08032128514056225	1053.0	0	0.0	1053.0	0	0.0
login	6	176	265103.0	6	0.4819277108433735	265103.0	6	0.4819277108433735	1059.0	3	0.24096385542168675	1059.0	0	0.0	1059.0	0	0.0
login	6	177	266605.0	6	0.4819277108433735	266605.0	4	0.321285140562249	1065.0	1	0.08032128514056225	1065.0	0	0.0	1065.0	0	0.0
login	6	178	268107.0	6	0.4819277108433735	268107.0	4	0.321285140562249	1071.0	0	0.0	1071.0	0	0.0	1071.0	0	0.0
login	6	179	269609.0	6	0.4819277108433735	269609.0	4	0.321285140562249	1077.0	0	0.0	1077.0	0	0.0	1077.0	0	0.0
login	6	180	271111.0	0	0.0	271111.0	6	0.4819277108433735	1083.0	0	0.0	1083.0	0	0.0	1083.0	0	0.0
login	6	181	272613.0	6	0.4819277108433735	272613.0	6	0.4819277108433735	1089.0	0	0.0	1089.0	0	0.0	1089.0	0	0.0
login	6	182	274115.0	6	0.4819277108433735	274115.0	6	0.4819277108433735	1095.0	0	0.0	1095.0	0	0.0	1095.0	0	0.0
login	6	183	275617.0	6	0.4819277108433735	275617.0	4	0.321285140562249	1101.0	0	0.0	1101.0	0	0.0	1101.0	0	0.0
login	6	184	277119.0	6	0.4819277108433735	277119.0	4	0.321285140562249	1107.0	0	0.0	1107.0	0	0.0	1107.0	0	0.0
login	6	185	278621.0	6	0.4819277108433735	278621.0	6	0.4819277108433735	1113.0	0	0.0	1113.0	0	0.0	1113.0	0	0.0
login	6	186	280123.0	6	0.4819277108433735	280123.0	6	0.4819277108433735	1119.0	0	0.0	1119.0	0	0.0	1119.0	0	0.0
login	6	187	281625.0	7	0.5622489959839357	281625.0	5	0.40160642570281124	1125.0	0	0.0	1125.0	0	0.0	1125.0	0	0.0
login	6	188	283127.0	3	0.24096385542168675	283127.0	6	0.4819277108433735	1131.0	0	0.0	1131.0	0	0.0	1131.0	0	0.0
login	6	189	284629.0	6	0.4819277108433735	284629.0	6	0.4819277108433735	1137.0	0	0.0	1137.0	0	0.0	1137.0	0	0.0
login	6	190	286131.0	3	0.24096385542168675	286131.0	6	0.4819277108433735	1143.0	0	0.0	1143.0	0	0.0	1143.0	0	0.0
login	6	191	287633.0	6	0.4819277108433735	287633.0	6	0.4819277108433735	1149.0	0	0.0	1149.0	0	0.0	1149.0	0	0.0
login	6	192	289135.0	6	0.4819277108433735	289135.0	6	0.4819277108433735	1155.0	0	0.0	1155.0	0	0.0	1155.0	0	0.0
login	6	193	290637.0	6	0.4819277108433735	290637.0	6	0.4819277108433735	1161.0	0	0.0	1161.0	0	0.0	1161.0	0	0.0
login	6	194	292139.0	6	0.4819277108433735	292139.0	4	0.321285140562249	1167.0	0	0.0	1167.0	0	0.0	1167.0	0	0.0
login	6	195	293641.0	6	0.4819277108433735	293641.0	3	0.24096385542168675	1173.0	0	0.0	1173.0	0	0.0	1173.0	0	0.0
login	6	196	295143.0	6	0.4819277108433735	295143.0	5	0.40160642570281124	1179.0	0	0.0	1179.0	0	0.0	1179.0	0	0.0
login	6	197	296645.0	0	0.0	296645.0	6	0.4819277108433735	1185.0	0	0.0	1185.0	0	0.0	1185.0	0	0.0
login	6	198	298147.0	6	0.4819277108433735	298147.0	6	0.4819277108433735	1191.0	0	0.0	1191.0	0	0.0	1191.0	0	0.0
login	6	199	299649.0	6	0.4819277108433735	299649.0	6	0.4819277108433735	1197.0	0	0.0	1197.0	0	0.0	1197.0	0	0.0
info	6	0	750.0	8	0.6451612903225806	750.0	8	0.6451612903225806	2.0	381	30.725806451612904	3.0	1240	100.0	3.0	1240	100.0
info	6	1	2250.0	7	0.564516129032258	2250.0	7	0.564516129032258	6.0	525	42.33870967741935	9.0	0	0.0	9.0	0	0.0
info	6	2	3750.0	8	0.6451612903225806	3750.0	8	0.6451612903225806	10.0	72	5.806451612903226	15.0	0	0.0	15.0	0	0.0
info	6	3	5250.0	8	0.6451612903225806	5250.0	8	0.6451612903225806	14.0	37	2.9838709677419355	21.0	0	0.0	21.0	0	0.0
info	6	4	6750.0	7	0.564516129032258	6750.0	7	0.564516129032258	18.0	17	1.3709677419354838	27.0	0	0.0	27.0	0	0.0
info	6	5	8250.0	6	0.4838709677419355	8250.0	6	0.4838709677419355	22.0	8	0.6451612903225806	33.0	0	0.0	33.0	0	0.0
info	6	6	9750.0	6	0.4838709677419355	9750.0	6	0.4838709677419355	26.0	1	0.08064516129032258	39.0	0	0.0	39.0	0	0.0
info	6	7	11250.0	6	0.4838709677419355	11250.0	6	0.4838709677419355	30.0	3	0.24193548387096775	45.0	0	0.0	45.0	0	0.0
info	6	8	12750.0	6	0.4838709677419355	12750.0	6	0.4838709677419355	34.0	2	0.16129032258064516	51.0	0	0.0	51.0	0	0.0
info	6	9	14250.0	7	0.564516129032258	14250.0	7	0.564516129032258	38.0	3	0.24193548387096775	57.0	0	0.0	57.0	0	0.0
info	6	10	15750.0	9	0.7258064516129032	15750.0	9	0.7258064516129032	42.0	3	0.24193548387096775	63.0	0	0.0	63.0	0	0.0
info	6	11	17250.0	7	0.564516129032258	17250.0	7	0.564516129032258	46.0	1	0.08064516129032258	69.0	0	0.0	69.0	0	0.0
info	6	12	18750.0	8	0.6451612903225806	18750.0	8	0.6451612903225806	50.0	4	0.3225806451612903	75.0	0	0.0	75.0	0	0.0
info	6	13	20250.0	6	0.4838709677419355	20250.0	6	0.4838709677419355	54.0	3	0.24193548387096775	81.0	0	0.0	81.0	0	0.0
info	6	14	21750.0	7	0.564516129032258	21750.0	7	0.564516129032258	58.0	18	1.4516129032258065	87.0	0	0.0	87.0	0	0.0
info	6	15	23250.0	8	0.6451612903225806	23250.0	8	0.6451612903225806	62.0	15	1.2096774193548387	93.0	0	0.0	93.0	0	0.0
info	6	16	24750.0	9	0.7258064516129032	24750.0	9	0.7258064516129032	66.0	10	0.8064516129032258	99.0	0	0.0	99.0	0	0.0
info	6	17	26250.0	7	0.564516129032258	26250.0	7	0.564516129032258	70.0	4	0.3225806451612903	105.0	0	0.0	105.0	0	0.0
info	6	18	27750.0	6	0.4838709677419355	27750.0	6	0.4838709677419355	74.0	3	0.24193548387096775	111.0	0	0.0	111.0	0	0.0
info	6	19	29250.0	6	0.4838709677419355	29250.0	6	0.4838709677419355	78.0	2	0.16129032258064516	117.0	0	0.0	117.0	0	0.0
info	6	20	30750.0	8	0.6451612903225806	30750.0	8	0.6451612903225806	82.0	2	0.16129032258064516	123.0	0	0.0	123.0	0	0.0
info	6	21	32250.0	6	0.4838709677419355	32250.0	6	0.4838709677419355	86.0	4	0.3225806451612903	129.0	0	0.0	129.0	0	0.0
info	6	22	33750.0	7	0.564516129032258	33750.0	7	0.564516129032258	90.0	4	0.3225806451612903	135.0	0	0.0	135.0	0	0.0
info	6	23	35250.0	8	0.6451612903225806	35250.0	8	0.6451612903225806	94.0	3	0.24193548387096775	141.0	0	0.0	141.0	0	0.0
info	6	24	36750.0	7	0.564516129032258	36750.0	7	0.564516129032258	98.0	4	0.3225806451612903	147.0	0	0.0	147.0	0	0.0
info	6	25	38250.0	7	0.564516129032258	38250.0	7	0.564516129032258	102.0	2	0.16129032258064516	153.0	0	0.0	153.0	0	0.0
info	6	26	39750.0	7	0.564516129032258	39750.0	7	0.564516129032258	106.0	1	0.08064516129032258	159.0	0	0.0	159.0	0	0.0
info	6	27	41250.0	6	0.4838709677419355	41250.0	6	0.4838709677419355	110.0	2	0.16129032258064516	165.0	0	0.0	165.0	0	0.0
info	6	28	42750.0	7	0.564516129032258	42750.0	7	0.564516129032258	114.0	1	0.08064516129032258	171.0	0	0.0	171.0	0	0.0
info	6	29	44250.0	6	0.4838709677419355	44250.0	6	0.4838709677419355	118.0	0	0.0	177.0	0	0.0	177.0	0	0.0
info	6	30	45750.0	8	0.6451612903225806	45750.0	8	0.6451612903225806	122.0	1	0.08064516129032258	183.0	0	0.0	183.0	0	0.0
info	6	31	47250.0	8	0.6451612903225806	47250.0	8	0.6451612903225806	126.0	0	0.0	189.0	0	0.0	189.0	0	0.0
info	6	32	48750.0	8	0.6451612903225806	48750.0	8	0.6451612903225806	130.0	0	0.0	195.0	0	0.0	195.0	0	0.0
info	6	33	50250.0	7	0.564516129032258	50250.0	7	0.564516129032258	134.0	2	0.16129032258064516	201.0	0	0.0	201.0	0	0.0
info	6	34	51750.0	8	0.6451612903225806	51750.0	8	0.6451612903225806	138.0	0	0.0	207.0	0	0.0	207.0	0	0.0
info	6	35	53250.0	7	0.564516129032258	53250.0	7	0.564516129032258	142.0	0	0.0	213.0	0	0.0	213.0	0	0.0
info	6	36	54750.0	8	0.6451612903225806	54750.0	8	0.6451612903225806	146.0	0	0.0	219.0	0	0.0	219.0	0	0.0
info	6	37	56250.0	7	0.564516129032258	56250.0	7	0.564516129032258	150.0	0	0.0	225.0	0	0.0	225.0	0	0.0
info	6	38	57750.0	9	0.7258064516129032	57750.0	9	0.7258064516129032	154.0	0	0.0	231.0	0	0.0	231.0	0	0.0
info	6	39	59250.0	8	0.6451612903225806	59250.0	8	0.6451612903225806	158.0	1	0.08064516129032258	237.0	0	0.0	237.0	0	0.0
info	6	40	60750.0	6	0.4838709677419355	60750.0	6	0.4838709677419355	162.0	2	0.16129032258064516	243.0	0	0.0	243.0	0	0.0
info	6	41	62250.0	8	0.6451612903225806	62250.0	8	0.6451612903225806	166.0	2	0.16129032258064516	249.0	0	0.0	249.0	0	0.0
info	6	42	63750.0	8	0.6451612903225806	63750.0	8	0.6451612903225806	170.0	0	0.0	255.0	0	0.0	255.0	0	0.0
info	6	43	65250.0	7	0.564516129032258	65250.0	7	0.564516129032258	174.0	1	0.08064516129032258	261.0	0	0.0	261.0	0	0.0
info	6	44	66750.0	8	0.6451612903225806	66750.0	7	0.564516129032258	178.0	3	0.24193548387096775	267.0	0	0.0	267.0	0	0.0
info	6	45	68250.0	7	0.564516129032258	68250.0	8	0.6451612903225806	182.0	3	0.24193548387096775	273.0	0	0.0	273.0	0	0.0
info	6	46	69750.0	8	0.6451612903225806	69750.0	8	0.6451612903225806	186.0	4	0.3225806451612903	279.0	0	0.0	279.0	0	0.0
info	6	47	71250.0	8	0.6451612903225806	71250.0	8	0.6451612903225806	190.0	2	0.16129032258064516	285.0	0	0.0	285.0	0	0.0
info	6	48	72750.0	8	0.6451612903225806	72750.0	8	0.6451612903225806	194.0	2	0.16129032258064516	291.0	0	0.0	291.0	0	0.0
info	6	49	74250.0	7	0.564516129032258	74250.0	7	0.564516129032258	198.0	1	0.08064516129032258	297.0	0	0.0	297.0	0	0.0
info	6	50	75750.0	8	0.6451612903225806	75750.0	8	0.6451612903225806	202.0	2	0.16129032258064516	303.0	0	0.0	303.0	0	0.0
info	6	51	77250.0	9	0.7258064516129032	77250.0	9	0.7258064516129032	206.0	2	0.16129032258064516	309.0	0	0.0	309.0	0	0.0
info	6	52	78750.0	6	0.4838709677419355	78750.0	6	0.4838709677419355	210.0	2	0.16129032258064516	315.0	0	0.0	315.0	0	0.0
info	6	53	80250.0	6	0.4838709677419355	80250.0	6	0.4838709677419355	214.0	1	0.08064516129032258	321.0	0	0.0	321.0	0	0.0
info	6	54	81750.0	7	0.564516129032258	81750.0	7	0.564516129032258	218.0	1	0.08064516129032258	327.0	0	0.0	327.0	0	0.0
info	6	55	83250.0	8	0.6451612903225806	83250.0	8	0.6451612903225806	222.0	1	0.08064516129032258	333.0	0	0.0	333.0	0	0.0
info	6	56	84750.0	6	0.4838709677419355	84750.0	6	0.4838709677419355	226.0	1	0.08064516129032258	339.0	0	0.0	339.0	0	0.0
info	6	57	86250.0	8	0.6451612903225806	86250.0	8	0.6451612903225806	230.0	0	0.0	345.0	0	0.0	345.0	0	0.0
info	6	58	87750.0	6	0.4838709677419355	87750.0	6	0.4838709677419355	234.0	0	0.0	351.0	0	0.0	351.0	0	0.0
info	6	59	89250.0	7	0.564516129032258	89250.0	7	0.564516129032258	238.0	0	0.0	357.0	0	0.0	357.0	0	0.0
info	6	60	90750.0	7	0.564516129032258	90750.0	7	0.564516129032258	242.0	0	0.0	363.0	0	0.0	363.0	0	0.0
info	6	61	92250.0	7	0.564516129032258	92250.0	7	0.564516129032258	246.0	0	0.0	369.0	0	0.0	369.0	0	0.0
info	6	62	93750.0	8	0.6451612903225806	93750.0	8	0.6451612903225806	250.0	0	0.0	375.0	0	0.0	375.0	0	0.0
info	6	63	95250.0	7	0.564516129032258	95250.0	7	0.564516129032258	254.0	0	0.0	381.0	0	0.0	381.0	0	0.0
info	6	64	96750.0	9	0.7258064516129032	96750.0	9	0.7258064516129032	258.0	0	0.0	387.0	0	0.0	387.0	0	0.0
info	6	65	98250.0	8	0.6451612903225806	98250.0	8	0.6451612903225806	262.0	0	0.0	393.0	0	0.0	393.0	0	0.0
info	6	66	99750.0	6	0.4838709677419355	99750.0	6	0.4838709677419355	266.0	0	0.0	399.0	0	0.0	399.0	0	0.0
info	6	67	101250.0	8	0.6451612903225806	101250.0	8	0.6451612903225806	270.0	1	0.08064516129032258	405.0	0	0.0	405.0	0	0.0
info	6	68	102750.0	8	0.6451612903225806	102750.0	8	0.6451612903225806	274.0	0	0.0	411.0	0	0.0	411.0	0	0.0
info	6	69	104250.0	6	0.4838709677419355	104250.0	6	0.4838709677419355	278.0	2	0.16129032258064516	417.0	0	0.0	417.0	0	0.0
info	6	70	105750.0	6	0.4838709677419355	105750.0	6	0.4838709677419355	282.0	2	0.16129032258064516	423.0	0	0.0	423.0	0	0.0
info	6	71	107250.0	6	0.4838709677419355	107250.0	6	0.4838709677419355	286.0	0	0.0	429.0	0	0.0	429.0	0	0.0
info	6	72	108750.0	8	0.6451612903225806	108750.0	8	0.6451612903225806	290.0	1	0.08064516129032258	435.0	0	0.0	435.0	0	0.0
info	6	73	110250.0	6	0.4838709677419355	110250.0	6	0.4838709677419355	294.0	1	0.08064516129032258	441.0	0	0.0	441.0	0	0.0
info	6	74	111750.0	6	0.4838709677419355	111750.0	6	0.4838709677419355	298.0	3	0.24193548387096775	447.0	0	0.0	447.0	0	0.0
info	6	75	113250.0	7	0.564516129032258	113250.0	7	0.564516129032258	302.0	2	0.16129032258064516	453.0	0	0.0	453.0	0	0.0
info	6	76	114750.0	9	0.7258064516129032	114750.0	9	0.7258064516129032	306.0	5	0.4032258064516129	459.0	0	0.0	459.0	0	0.0
info	6	77	116250.0	8	0.6451612903225806	116250.0	8	0.6451612903225806	310.0	3	0.24193548387096775	465.0	0	0.0	465.0	0	0.0
info	6	78	117750.0	6	0.4838709677419355	117750.0	6	0.4838709677419355	314.0	3	0.24193548387096775	471.0	0	0.0	471.0	0	0.0
info	6	79	119250.0	7	0.564516129032258	119250.0	7	0.564516129032258	318.0	0	0.0	477.0	0	0.0	477.0	0	0.0
info	6	80	120750.0	7	0.564516129032258	120750.0	7	0.564516129032258	322.0	0	0.0	483.0	0	0.0	483.0	0	0.0
info	6	81	122250.0	7	0.564516129032258	122250.0	7	0.564516129032258	326.0	1	0.08064516129032258	489.0	0	0.0	489.0	0	0.0
info	6	82	123750.0	7	0.564516129032258	123750.0	7	0.564516129032258	330.0	0	0.0	495.0	0	0.0	495.0	0	0.0
info	6	83	125250.0	7	0.564516129032258	125250.0	7	0.564516129032258	334.0	3	0.24193548387096775	501.0	0	0.0	501.0	0	0.0
info	6	84	126750.0	7	0.564516129032258	126750.0	7	0.564516129032258	338.0	1	0.08064516129032258	507.0	0	0.0	507.0	0	0.0
info	6	85	128250.0	7	0.564516129032258	128250.0	7	0.564516129032258	342.0	0	0.0	513.0	0	0.0	513.0	0	0.0
info	6	86	129750.0	6	0.4838709677419355	129750.0	6	0.4838709677419355	346.0	0	0.0	519.0	0	0.0	519.0	0	0.0
info	6	87	131250.0	7	0.564516129032258	131250.0	7	0.564516129032258	350.0	0	0.0	525.0	0	0.0	525.0	0	0.0
info	6	88	132750.0	9	0.7258064516129032	132750.0	9	0.7258064516129032	354.0	0	0.0	531.0	0	0.0	531.0	0	0.0
info	6	89	134250.0	7	0.564516129032258	134250.0	7	0.564516129032258	358.0	0	0.0	537.0	0	0.0	537.0	0	0.0
info	6	90	135750.0	8	0.6451612903225806	135750.0	8	0.6451612903225806	362.0	0	0.0	543.0	0	0.0	543.0	0	0.0
info	6	91	137250.0	6	0.4838709677419355	137250.0	6	0.4838709677419355	366.0	1	0.08064516129032258	549.0	0	0.0	549.0	0	0.0
info	6	92	138750.0	6	0.4838709677419355	138750.0	6	0.4838709677419355	370.0	1	0.08064516129032258	555.0	0	0.0	555.0	0	0.0
info	6	93	140250.0	7	0.564516129032258	140250.0	7	0.564516129032258	374.0	1	0.08064516129032258	561.0	0	0.0	561.0	0	0.0
info	6	94	141750.0	9	0.7258064516129032	141750.0	9	0.7258064516129032	378.0	2	0.16129032258064516	567.0	0	0.0	567.0	0	0.0
info	6	95	143250.0	8	0.6451612903225806	143250.0	8	0.6451612903225806	382.0	0	0.0	573.0	0	0.0	573.0	0	0.0
info	6	96	144750.0	7	0.564516129032258	144750.0	6	0.4838709677419355	386.0	1	0.08064516129032258	579.0	0	0.0	579.0	0	0.0
info	6	97	146250.0	8	0.6451612903225806	146250.0	9	0.7258064516129032	390.0	1	0.08064516129032258	585.0	0	0.0	585.0	0	0.0
info	6	98	147750.0	7	0.564516129032258	147750.0	7	0.564516129032258	394.0	4	0.3225806451612903	591.0	0	0.0	591.0	0	0.0
info	6	99	149250.0	7	0.564516129032258	149250.0	7	0.564516129032258	398.0	1	0.08064516129032258	597.0	0	0.0	597.0	0	0.0
info	6	100	150750.0	8	0.6451612903225806	150750.0	8	0.6451612903225806	402.0	2	0.16129032258064516	603.0	0	0.0	603.0	0	0.0
info	6	101	152250.0	8	0.6451612903225806	152250.0	8	0.6451612903225806	406.0	3	0.24193548387096775	609.0	0	0.0	609.0	0	0.0
info	6	102	153750.0	6	0.4838709677419355	153750.0	6	0.4838709677419355	410.0	0	0.0	615.0	0	0.0	615.0	0	0.0
info	6	103	155250.0	7	0.564516129032258	155250.0	7	0.564516129032258	414.0	0	0.0	621.0	0	0.0	621.0	0	0.0
info	6	104	156750.0	8	0.6451612903225806	156750.0	8	0.6451612903225806	418.0	2	0.16129032258064516	627.0	0	0.0	627.0	0	0.0
info	6	105	158250.0	5	0.4032258064516129	158250.0	5	0.4032258064516129	422.0	0	0.0	633.0	0	0.0	633.0	0	0.0
info	6	106	159750.0	6	0.4838709677419355	159750.0	6	0.4838709677419355	426.0	1	0.08064516129032258	639.0	0	0.0	639.0	0	0.0
info	6	107	161250.0	6	0.4838709677419355	161250.0	6	0.4838709677419355	430.0	0	0.0	645.0	0	0.0	645.0	0	0.0
info	6	108	162750.0	6	0.4838709677419355	162750.0	6	0.4838709677419355	434.0	1	0.08064516129032258	651.0	0	0.0	651.0	0	0.0
info	6	109	164250.0	6	0.4838709677419355	164250.0	6	0.4838709677419355	438.0	0	0.0	657.0	0	0.0	657.0	0	0.0
info	6	110	165750.0	6	0.4838709677419355	165750.0	6	0.4838709677419355	442.0	0	0.0	663.0	0	0.0	663.0	0	0.0
info	6	111	167250.0	6	0.4838709677419355	167250.0	6	0.4838709677419355	446.0	0	0.0	669.0	0	0.0	669.0	0	0.0
info	6	112	168750.0	3	0.24193548387096775	168750.0	2	0.16129032258064516	450.0	0	0.0	675.0	0	0.0	675.0	0	0.0
info	6	113	170250.0	4	0.3225806451612903	170250.0	4	0.3225806451612903	454.0	0	0.0	681.0	0	0.0	681.0	0	0.0
info	6	114	171750.0	5	0.4032258064516129	171750.0	6	0.4838709677419355	458.0	0	0.0	687.0	0	0.0	687.0	0	0.0
info	6	115	173250.0	6	0.4838709677419355	173250.0	6	0.4838709677419355	462.0	0	0.0	693.0	0	0.0	693.0	0	0.0
info	6	116	174750.0	6	0.4838709677419355	174750.0	6	0.4838709677419355	466.0	0	0.0	699.0	0	0.0	699.0	0	0.0
info	6	117	176250.0	4	0.3225806451612903	176250.0	4	0.3225806451612903	470.0	0	0.0	705.0	0	0.0	705.0	0	0.0
info	6	118	177750.0	3	0.24193548387096775	177750.0	2	0.16129032258064516	474.0	0	0.0	711.0	0	0.0	711.0	0	0.0
info	6	119	179250.0	5	0.4032258064516129	179250.0	6	0.4838709677419355	478.0	0	0.0	717.0	0	0.0	717.0	0	0.0
info	6	120	180750.0	6	0.4838709677419355	180750.0	6	0.4838709677419355	482.0	0	0.0	723.0	0	0.0	723.0	0	0.0
info	6	121	182250.0	6	0.4838709677419355	182250.0	6	0.4838709677419355	486.0	0	0.0	729.0	0	0.0	729.0	0	0.0
info	6	122	183750.0	4	0.3225806451612903	183750.0	4	0.3225806451612903	490.0	0	0.0	735.0	0	0.0	735.0	0	0.0
info	6	123	185250.0	2	0.16129032258064516	185250.0	2	0.16129032258064516	494.0	1	0.08064516129032258	741.0	0	0.0	741.0	0	0.0
info	6	124	186750.0	6	0.4838709677419355	186750.0	6	0.4838709677419355	498.0	2	0.16129032258064516	747.0	0	0.0	747.0	0	0.0
info	6	125	188250.0	6	0.4838709677419355	188250.0	6	0.4838709677419355	502.0	1	0.08064516129032258	753.0	0	0.0	753.0	0	0.0
info	6	126	189750.0	6	0.4838709677419355	189750.0	6	0.4838709677419355	506.0	0	0.0	759.0	0	0.0	759.0	0	0.0
info	6	127	191250.0	6	0.4838709677419355	191250.0	6	0.4838709677419355	510.0	1	0.08064516129032258	765.0	0	0.0	765.0	0	0.0
info	6	128	192750.0	4	0.3225806451612903	192750.0	4	0.3225806451612903	514.0	2	0.16129032258064516	771.0	0	0.0	771.0	0	0.0
info	6	129	194250.0	3	0.24193548387096775	194250.0	2	0.16129032258064516	518.0	1	0.08064516129032258	777.0	0	0.0	777.0	0	0.0
info	6	130	195750.0	5	0.4032258064516129	195750.0	6	0.4838709677419355	522.0	0	0.0	783.0	0	0.0	783.0	0	0.0
info	6	131	197250.0	6	0.4838709677419355	197250.0	6	0.4838709677419355	526.0	0	0.0	789.0	0	0.0	789.0	0	0.0
info	6	132	198750.0	6	0.4838709677419355	198750.0	6	0.4838709677419355	530.0	1	0.08064516129032258	795.0	0	0.0	795.0	0	0.0
info	6	133	200250.0	6	0.4838709677419355	200250.0	6	0.4838709677419355	534.0	0	0.0	801.0	0	0.0	801.0	0	0.0
info	6	134	201750.0	5	0.4032258064516129	201750.0	4	0.3225806451612903	538.0	1	0.08064516129032258	807.0	0	0.0	807.0	0	0.0
info	6	135	203250.0	4	0.3225806451612903	203250.0	5	0.4032258064516129	542.0	0	0.0	813.0	0	0.0	813.0	0	0.0
info	6	136	204750.0	3	0.24193548387096775	204750.0	3	0.24193548387096775	546.0	0	0.0	819.0	0	0.0	819.0	0	0.0
info	6	137	206250.0	6	0.4838709677419355	206250.0	6	0.4838709677419355	550.0	0	0.0	825.0	0	0.0	825.0	0	0.0
info	6	138	207750.0	6	0.4838709677419355	207750.0	6	0.4838709677419355	554.0	0	0.0	831.0	0	0.0	831.0	0	0.0
info	6	139	209250.0	6	0.4838709677419355	209250.0	6	0.4838709677419355	558.0	0	0.0	837.0	0	0.0	837.0	0	0.0
info	6	140	210750.0	6	0.4838709677419355	210750.0	6	0.4838709677419355	562.0	0	0.0	843.0	0	0.0	843.0	0	0.0
info	6	141	212250.0	0	0.0	212250.0	0	0.0	566.0	0	0.0	849.0	0	0.0	849.0	0	0.0
info	6	142	213750.0	6	0.4838709677419355	213750.0	6	0.4838709677419355	570.0	0	0.0	855.0	0	0.0	855.0	0	0.0
info	6	143	215250.0	6	0.4838709677419355	215250.0	6	0.4838709677419355	574.0	1	0.08064516129032258	861.0	0	0.0	861.0	0	0.0
info	6	144	216750.0	6	0.4838709677419355	216750.0	6	0.4838709677419355	578.0	0	0.0	867.0	0	0.0	867.0	0	0.0
info	6	145	218250.0	6	0.4838709677419355	218250.0	6	0.4838709677419355	582.0	0	0.0	873.0	0	0.0	873.0	0	0.0
info	6	146	219750.0	2	0.16129032258064516	219750.0	0	0.0	586.0	0	0.0	879.0	0	0.0	879.0	0	0.0
info	6	147	221250.0	5	0.4032258064516129	221250.0	6	0.4838709677419355	590.0	1	0.08064516129032258	885.0	0	0.0	885.0	0	0.0
info	6	148	222750.0	5	0.4032258064516129	222750.0	6	0.4838709677419355	594.0	1	0.08064516129032258	891.0	0	0.0	891.0	0	0.0
info	6	149	224250.0	6	0.4838709677419355	224250.0	6	0.4838709677419355	598.0	0	0.0	897.0	0	0.0	897.0	0	0.0
info	6	150	225750.0	6	0.4838709677419355	225750.0	6	0.4838709677419355	602.0	1	0.08064516129032258	903.0	0	0.0	903.0	0	0.0
info	6	151	227250.0	6	0.4838709677419355	227250.0	6	0.4838709677419355	606.0	1	0.08064516129032258	909.0	0	0.0	909.0	0	0.0
info	6	152	228750.0	4	0.3225806451612903	228750.0	4	0.3225806451612903	610.0	0	0.0	915.0	0	0.0	915.0	0	0.0
info	6	153	230250.0	7	0.564516129032258	230250.0	7	0.564516129032258	614.0	1	0.08064516129032258	921.0	0	0.0	921.0	0	0.0
info	6	154	231750.0	2	0.16129032258064516	231750.0	1	0.08064516129032258	618.0	0	0.0	927.0	0	0.0	927.0	0	0.0
info	6	155	233250.0	6	0.4838709677419355	233250.0	6	0.4838709677419355	622.0	0	0.0	933.0	0	0.0	933.0	0	0.0
info	6	156	234750.0	5	0.4032258064516129	234750.0	6	0.4838709677419355	626.0	0	0.0	939.0	0	0.0	939.0	0	0.0
info	6	157	236250.0	6	0.4838709677419355	236250.0	6	0.4838709677419355	630.0	1	0.08064516129032258	945.0	0	0.0	945.0	0	0.0
info	6	158	237750.0	6	0.4838709677419355	237750.0	6	0.4838709677419355	634.0	0	0.0	951.0	0	0.0	951.0	0	0.0
info	6	159	239250.0	6	0.4838709677419355	239250.0	6	0.4838709677419355	638.0	0	0.0	957.0	0	0.0	957.0	0	0.0
info	6	160	240750.0	5	0.4032258064516129	240750.0	5	0.4032258064516129	642.0	1	0.08064516129032258	963.0	0	0.0	963.0	0	0.0
info	6	161	242250.0	2	0.16129032258064516	242250.0	1	0.08064516129032258	646.0	0	0.0	969.0	0	0.0	969.0	0	0.0
info	6	162	243750.0	5	0.4032258064516129	243750.0	6	0.4838709677419355	650.0	0	0.0	975.0	0	0.0	975.0	0	0.0
info	6	163	245250.0	6	0.4838709677419355	245250.0	6	0.4838709677419355	654.0	0	0.0	981.0	0	0.0	981.0	0	0.0
info	6	164	246750.0	6	0.4838709677419355	246750.0	6	0.4838709677419355	658.0	1	0.08064516129032258	987.0	0	0.0	987.0	0	0.0
info	6	165	248250.0	6	0.4838709677419355	248250.0	6	0.4838709677419355	662.0	0	0.0	993.0	0	0.0	993.0	0	0.0
info	6	166	249750.0	2	0.16129032258064516	249750.0	1	0.08064516129032258	666.0	0	0.0	999.0	0	0.0	999.0	0	0.0
info	6	167	251250.0	5	0.4032258064516129	251250.0	5	0.4032258064516129	670.0	0	0.0	1005.0	0	0.0	1005.0	0	0.0
info	6	168	252750.0	5	0.4032258064516129	252750.0	6	0.4838709677419355	674.0	0	0.0	1011.0	0	0.0	1011.0	0	0.0
info	6	169	254250.0	6	0.4838709677419355	254250.0	6	0.4838709677419355	678.0	0	0.0	1017.0	0	0.0	1017.0	0	0.0
info	6	170	255750.0	6	0.4838709677419355	255750.0	6	0.4838709677419355	682.0	0	0.0	1023.0	0	0.0	1023.0	0	0.0
info	6	171	257250.0	1	0.08064516129032258	257250.0	0	0.0	686.0	0	0.0	1029.0	0	0.0	1029.0	0	0.0
info	6	172	258750.0	6	0.4838709677419355	258750.0	6	0.4838709677419355	690.0	2	0.16129032258064516	1035.0	0	0.0	1035.0	0	0.0
info	6	173	260250.0	5	0.4032258064516129	260250.0	6	0.4838709677419355	694.0	1	0.08064516129032258	1041.0	0	0.0	1041.0	0	0.0
info	6	174	261750.0	6	0.4838709677419355	261750.0	6	0.4838709677419355	698.0	0	0.0	1047.0	0	0.0	1047.0	0	0.0
info	6	175	263250.0	6	0.4838709677419355	263250.0	6	0.4838709677419355	702.0	0	0.0	1053.0	0	0.0	1053.0	0	0.0
info	6	176	264750.0	6	0.4838709677419355	264750.0	6	0.4838709677419355	706.0	0	0.0	1059.0	0	0.0	1059.0	0	0.0
info	6	177	266250.0	4	0.3225806451612903	266250.0	4	0.3225806451612903	710.0	0	0.0	1065.0	0	0.0	1065.0	0	0.0
info	6	178	267750.0	3	0.24193548387096775	267750.0	2	0.16129032258064516	714.0	0	0.0	1071.0	0	0.0	1071.0	0	0.0
info	6	179	269250.0	5	0.4032258064516129	269250.0	6	0.4838709677419355	718.0	0	0.0	1077.0	0	0.0	1077.0	0	0.0
info	6	180	270750.0	6	0.4838709677419355	270750.0	6	0.4838709677419355	722.0	0	0.0	1083.0	0	0.0	1083.0	0	0.0
info	6	181	272250.0	6	0.4838709677419355	272250.0	6	0.4838709677419355	726.0	0	0.0	1089.0	0	0.0	1089.0	0	0.0
info	6	182	273750.0	6	0.4838709677419355	273750.0	6	0.4838709677419355	730.0	0	0.0	1095.0	0	0.0	1095.0	0	0.0
info	6	183	275250.0	4	0.3225806451612903	275250.0	4	0.3225806451612903	734.0	0	0.0	1101.0	0	0.0	1101.0	0	0.0
info	6	184	276750.0	4	0.3225806451612903	276750.0	3	0.24193548387096775	738.0	0	0.0	1107.0	0	0.0	1107.0	0	0.0
info	6	185	278250.0	6	0.4838709677419355	278250.0	6	0.4838709677419355	742.0	0	0.0	1113.0	0	0.0	1113.0	0	0.0
info	6	186	279750.0	5	0.4032258064516129	279750.0	6	0.4838709677419355	746.0	0	0.0	1119.0	0	0.0	1119.0	0	0.0
info	6	187	281250.0	6	0.4838709677419355	281250.0	6	0.4838709677419355	750.0	0	0.0	1125.0	0	0.0	1125.0	0	0.0
info	6	188	282750.0	6	0.4838709677419355	282750.0	6	0.4838709677419355	754.0	0	0.0	1131.0	0	0.0	1131.0	0	0.0
info	6	189	284250.0	6	0.4838709677419355	284250.0	6	0.4838709677419355	758.0	0	0.0	1137.0	0	0.0	1137.0	0	0.0
info	6	190	285750.0	6	0.4838709677419355	285750.0	6	0.4838709677419355	762.0	0	0.0	1143.0	0	0.0	1143.0	0	0.0
info	6	191	287250.0	6	0.4838709677419355	287250.0	6	0.4838709677419355	766.0	0	0.0	1149.0	0	0.0	1149.0	0	0.0
info	6	192	288750.0	6	0.4838709677419355	288750.0	6	0.4838709677419355	770.0	0	0.0	1155.0	0	0.0	1155.0	0	0.0
info	6	193	290250.0	5	0.4032258064516129	290250.0	5	0.4032258064516129	774.0	0	0.0	1161.0	0	0.0	1161.0	0	0.0
info	6	194	291750.0	5	0.4032258064516129	291750.0	5	0.4032258064516129	778.0	0	0.0	1167.0	0	0.0	1167.0	0	0.0
info	6	195	293250.0	3	0.24193548387096775	293250.0	2	0.16129032258064516	782.0	0	0.0	1173.0	0	0.0	1173.0	0	0.0
info	6	196	294750.0	5	0.4032258064516129	294750.0	6	0.4838709677419355	786.0	0	0.0	1179.0	0	0.0	1179.0	0	0.0
info	6	197	296250.0	6	0.4838709677419355	296250.0	6	0.4838709677419355	790.0	0	0.0	1185.0	0	0.0	1185.0	0	0.0
info	6	198	297750.0	6	0.4838709677419355	297750.0	6	0.4838709677419355	794.0	0	0.0	1191.0	0	0.0	1191.0	0	0.0
info	6	199	299250.0	1	0.08064516129032258	299250.0	1	0.08064516129032258	798.0	0	0.0	1197.0	0	0.0	1197.0	0	0.0
home	6	0	745.5	8	0.645682001614205	745.5	8	0.645682001614205	1.0	0	0.0	3.0	1239	100.0	3.0	1239	100.0
home	6	1	2236.5	7	0.5649717514124294	2236.5	7	0.5649717514124294	3.0	27	2.179176755447942	9.0	0	0.0	9.0	0	0.0
home	6	2	3727.5	8	0.645682001614205	3727.5	7	0.5649717514124294	5.0	511	41.24293785310734	15.0	0	0.0	15.0	0	0.0
home	6	3	5218.5	8	0.645682001614205	5218.5	9	0.7263922518159805	7.0	251	20.25827280064568	21.0	0	0.0	21.0	0	0.0
home	6	4	6709.5	6	0.4842615012106537	6709.5	6	0.4842615012106537	9.0	87	7.021791767554479	27.0	0	0.0	27.0	0	0.0
home	6	5	8200.5	7	0.5649717514124294	8200.5	7	0.5649717514124294	11.0	62	5.004035512510089	33.0	0	0.0	33.0	0	0.0
home	6	6	9691.5	6	0.4842615012106537	9691.5	6	0.4842615012106537	13.0	34	2.744148506860371	39.0	0	0.0	39.0	0	0.0
home	6	7	11182.5	6	0.4842615012106537	11182.5	6	0.4842615012106537	15.0	30	2.4213075060532687	45.0	0	0.0	45.0	0	0.0
home	6	8	12673.5	6	0.4842615012106537	12673.5	6	0.4842615012106537	17.0	29	2.340597255851493	51.0	0	0.0	51.0	0	0.0
home	6	9	14164.5	7	0.5649717514124294	14164.5	7	0.5649717514124294	19.0	20	1.6142050040355125	57.0	0	0.0	57.0	0	0.0
home	6	10	15655.5	8	0.645682001614205	15655.5	7	0.5649717514124294	21.0	16	1.29136400322841	63.0	0	0.0	63.0	0	0.0
home	6	11	17146.5	7	0.5649717514124294	17146.5	8	0.645682001614205	23.0	14	1.1299435028248588	69.0	0	0.0	69.0	0	0.0
home	6	12	18637.5	8	0.645682001614205	18637.5	8	0.645682001614205	25.0	7	0.5649717514124294	75.0	0	0.0	75.0	0	0.0
home	6	13	20128.5	7	0.5649717514124294	20128.5	7	0.5649717514124294	27.0	4	0.3228410008071025	81.0	0	0.0	81.0	0	0.0
home	6	14	21619.5	7	0.5649717514124294	21619.5	7	0.5649717514124294	29.0	4	0.3228410008071025	87.0	0	0.0	87.0	0	0.0
home	6	15	23110.5	8	0.645682001614205	23110.5	8	0.645682001614205	31.0	3	0.24213075060532685	93.0	0	0.0	93.0	0	0.0
home	6	16	24601.5	8	0.645682001614205	24601.5	8	0.645682001614205	33.0	3	0.24213075060532685	99.0	0	0.0	99.0	0	0.0
home	6	17	26092.5	8	0.645682001614205	26092.5	8	0.645682001614205	35.0	3	0.24213075060532685	105.0	0	0.0	105.0	0	0.0
home	6	18	27583.5	6	0.4842615012106537	27583.5	6	0.4842615012106537	37.0	2	0.16142050040355124	111.0	0	0.0	111.0	0	0.0
home	6	19	29074.5	6	0.4842615012106537	29074.5	6	0.4842615012106537	39.0	4	0.3228410008071025	117.0	0	0.0	117.0	0	0.0
home	6	20	30565.5	6	0.4842615012106537	30565.5	6	0.4842615012106537	41.0	1	0.08071025020177562	123.0	0	0.0	123.0	0	0.0
home	6	21	32056.5	8	0.645682001614205	32056.5	8	0.645682001614205	43.0	2	0.16142050040355124	129.0	0	0.0	129.0	0	0.0
home	6	22	33547.5	7	0.5649717514124294	33547.5	7	0.5649717514124294	45.0	1	0.08071025020177562	135.0	0	0.0	135.0	0	0.0
home	6	23	35038.5	7	0.5649717514124294	35038.5	7	0.5649717514124294	47.0	0	0.0	141.0	0	0.0	141.0	0	0.0
home	6	24	36529.5	8	0.645682001614205	36529.5	8	0.645682001614205	49.0	1	0.08071025020177562	147.0	0	0.0	147.0	0	0.0
home	6	25	38020.5	6	0.4842615012106537	38020.5	6	0.4842615012106537	51.0	2	0.16142050040355124	153.0	0	0.0	153.0	0	0.0
home	6	26	39511.5	8	0.645682001614205	39511.5	8	0.645682001614205	53.0	4	0.3228410008071025	159.0	0	0.0	159.0	0	0.0
home	6	27	41002.5	6	0.4842615012106537	41002.5	6	0.4842615012106537	55.0	1	0.08071025020177562	165.0	0	0.0	165.0	0	0.0
home	6	28	42493.5	6	0.4842615012106537	42493.5	6	0.4842615012106537	57.0	6	0.4842615012106537	171.0	0	0.0	171.0	0	0.0
home	6	29	43984.5	7	0.5649717514124294	43984.5	7	0.5649717514124294	59.0	12	0.9685230024213074	177.0	0	0.0	177.0	0	0.0
home	6	30	45475.5	6	0.4842615012106537	45475.5	6	0.4842615012106537	61.0	9	0.7263922518159805	183.0	0	0.0	183.0	0	0.0
home	6	31	46966.5	8	0.645682001614205	46966.5	8	0.645682001614205	63.0	5	0.4035512510088781	189.0	0	0.0	189.0	0	0.0
home	6	32	48457.5	8	0.645682001614205	48457.5	8	0.645682001614205	65.0	5	0.4035512510088781	195.0	0	0.0	195.0	0	0.0
home	6	33	49948.5	8	0.645682001614205	49948.5	8	0.645682001614205	67.0	11	0.8878127522195318	201.0	0	0.0	201.0	0	0.0
home	6	34	51439.5	6	0.4842615012106537	51439.5	6	0.4842615012106537	69.0	14	1.1299435028248588	207.0	0	0.0	207.0	0	0.0
home	6	35	52930.5	9	0.7263922518159805	52930.5	8	0.645682001614205	71.0	5	0.4035512510088781	213.0	0	0.0	213.0	0	0.0
home	6	36	54421.5	7	0.5649717514124294	54421.5	8	0.645682001614205	73.0	10	0.8071025020177562	219.0	0	0.0	219.0	0	0.0
home	6	37	55912.5	8	0.645682001614205	55912.5	8	0.645682001614205	75.0	8	0.645682001614205	225.0	0	0.0	225.0	0	0.0
home	6	38	57403.5	8	0.645682001614205	57403.5	7	0.5649717514124294	77.0	8	0.645682001614205	231.0	0	0.0	231.0	0	0.0
home	6	39	58894.5	8	0.645682001614205	58894.5	9	0.7263922518159805	79.0	7	0.5649717514124294	237.0	0	0.0	237.0	0	0.0
home	6	40	60385.5	8	0.645682001614205	60385.5	8	0.645682001614205	81.0	3	0.24213075060532685	243.0	0	0.0	243.0	0	0.0
home	6	41	61876.5	6	0.4842615012106537	61876.5	6	0.4842615012106537	83.0	2	0.16142050040355124	249.0	0	0.0	249.0	0	0.0
home	6	42	63367.5	7	0.5649717514124294	63367.5	7	0.5649717514124294	85.0	3	0.24213075060532685	255.0	0	0.0	255.0	0	0.0
home	6	43	64858.5	8	0.645682001614205	64858.5	8	0.645682001614205	87.0	2	0.16142050040355124	261.0	0	0.0	261.0	0	0.0
home	6	44	66349.5	8	0.645682001614205	66349.5	8	0.645682001614205	89.0	1	0.08071025020177562	267.0	0	0.0	267.0	0	0.0
home	6	45	67840.5	7	0.5649717514124294	67840.5	7	0.5649717514124294	91.0	1	0.08071025020177562	273.0	0	0.0	273.0	0	0.0
home	6	46	69331.5	8	0.645682001614205	69331.5	8	0.645682001614205	93.0	1	0.08071025020177562	279.0	0	0.0	279.0	0	0.0
home	6	47	70822.5	8	0.645682001614205	70822.5	7	0.5649717514124294	95.0	0	0.0	285.0	0	0.0	285.0	0	0.0
home	6	48	72313.5	7	0.5649717514124294	72313.5	8	0.645682001614205	97.0	0	0.0	291.0	0	0.0	291.0	0	0.0
home	6	49	73804.5	8	0.645682001614205	73804.5	8	0.645682001614205	99.0	0	0.0	297.0	0	0.0	297.0	0	0.0
home	6	50	75295.5	8	0.645682001614205	75295.5	8	0.645682001614205	101.0	0	0.0	303.0	0	0.0	303.0	0	0.0
home	6	51	76786.5	8	0.645682001614205	76786.5	8	0.645682001614205	103.0	0	0.0	309.0	0	0.0	309.0	0	0.0
home	6	52	78277.5	7	0.5649717514124294	78277.5	7	0.5649717514124294	105.0	0	0.0	315.0	0	0.0	315.0	0	0.0
home	6	53	79768.5	8	0.645682001614205	79768.5	8	0.645682001614205	107.0	0	0.0	321.0	0	0.0	321.0	0	0.0
home	6	54	81259.5	6	0.4842615012106537	81259.5	6	0.4842615012106537	109.0	0	0.0	327.0	0	0.0	327.0	0	0.0
home	6	55	82750.5	7	0.5649717514124294	82750.5	7	0.5649717514124294	111.0	0	0.0	333.0	0	0.0	333.0	0	0.0
home	6	56	84241.5	6	0.4842615012106537	84241.5	6	0.4842615012106537	113.0	0	0.0	339.0	0	0.0	339.0	0	0.0
home	6	57	85732.5	7	0.5649717514124294	85732.5	7	0.5649717514124294	115.0	0	0.0	345.0	0	0.0	345.0	0	0.0
home	6	58	87223.5	8	0.645682001614205	87223.5	8	0.645682001614205	117.0	0	0.0	351.0	0	0.0	351.0	0	0.0
home	6	59	88714.5	7	0.5649717514124294	88714.5	7	0.5649717514124294	119.0	0	0.0	357.0	0	0.0	357.0	0	0.0
home	6	60	90205.5	6	0.4842615012106537	90205.5	6	0.4842615012106537	121.0	0	0.0	363.0	0	0.0	363.0	0	0.0
home	6	61	91696.5	8	0.645682001614205	91696.5	8	0.645682001614205	123.0	0	0.0	369.0	0	0.0	369.0	0	0.0
home	6	62	93187.5	6	0.4842615012106537	93187.5	6	0.4842615012106537	125.0	0	0.0	375.0	0	0.0	375.0	0	0.0
home	6	63	94678.5	8	0.645682001614205	94678.5	8	0.645682001614205	127.0	0	0.0	381.0	0	0.0	381.0	0	0.0
home	6	64	96169.5	7	0.5649717514124294	96169.5	7	0.5649717514124294	129.0	0	0.0	387.0	0	0.0	387.0	0	0.0
home	6	65	97660.5	7	0.5649717514124294	97660.5	7	0.5649717514124294	131.0	0	0.0	393.0	0	0.0	393.0	0	0.0
home	6	66	99151.5	9	0.7263922518159805	99151.5	9	0.7263922518159805	133.0	0	0.0	399.0	0	0.0	399.0	0	0.0
home	6	67	100642.5	8	0.645682001614205	100642.5	8	0.645682001614205	135.0	0	0.0	405.0	0	0.0	405.0	0	0.0
home	6	68	102133.5	6	0.4842615012106537	102133.5	6	0.4842615012106537	137.0	0	0.0	411.0	0	0.0	411.0	0	0.0
home	6	69	103624.5	8	0.645682001614205	103624.5	8	0.645682001614205	139.0	0	0.0	417.0	0	0.0	417.0	0	0.0
home	6	70	105115.5	7	0.5649717514124294	105115.5	7	0.5649717514124294	141.0	0	0.0	423.0	0	0.0	423.0	0	0.0
home	6	71	106606.5	7	0.5649717514124294	106606.5	7	0.5649717514124294	143.0	0	0.0	429.0	0	0.0	429.0	0	0.0
home	6	72	108097.5	6	0.4842615012106537	108097.5	6	0.4842615012106537	145.0	0	0.0	435.0	0	0.0	435.0	0	0.0
home	6	73	109588.5	6	0.4842615012106537	109588.5	6	0.4842615012106537	147.0	0	0.0	441.0	0	0.0	441.0	0	0.0
home	6	74	111079.5	6	0.4842615012106537	111079.5	6	0.4842615012106537	149.0	0	0.0	447.0	0	0.0	447.0	0	0.0
home	6	75	112570.5	8	0.645682001614205	112570.5	8	0.645682001614205	151.0	0	0.0	453.0	0	0.0	453.0	0	0.0
home	6	76	114061.5	6	0.4842615012106537	114061.5	6	0.4842615012106537	153.0	0	0.0	459.0	0	0.0	459.0	0	0.0
home	6	77	115552.5	7	0.5649717514124294	115552.5	7	0.5649717514124294	155.0	0	0.0	465.0	0	0.0	465.0	0	0.0
home	6	78	117043.5	9	0.7263922518159805	117043.5	9	0.7263922518159805	157.0	0	0.0	471.0	0	0.0	471.0	0	0.0
home	6	79	118534.5	7	0.5649717514124294	118534.5	7	0.5649717514124294	159.0	0	0.0	477.0	0	0.0	477.0	0	0.0
home	6	80	120025.5	7	0.5649717514124294	120025.5	7	0.5649717514124294	161.0	0	0.0	483.0	0	0.0	483.0	0	0.0
home	6	81	121516.5	7	0.5649717514124294	121516.5	7	0.5649717514124294	163.0	0	0.0	489.0	0	0.0	489.0	0	0.0
home	6	82	123007.5	6	0.4842615012106537	123007.5	6	0.4842615012106537	165.0	0	0.0	495.0	0	0.0	495.0	0	0.0
home	6	83	124498.5	7	0.5649717514124294	124498.5	7	0.5649717514124294	167.0	0	0.0	501.0	0	0.0	501.0	0	0.0
home	6	84	125989.5	8	0.645682001614205	125989.5	8	0.645682001614205	169.0	0	0.0	507.0	0	0.0	507.0	0	0.0
home	6	85	127480.5	7	0.5649717514124294	127480.5	7	0.5649717514124294	171.0	0	0.0	513.0	0	0.0	513.0	0	0.0
home	6	86	128971.5	6	0.4842615012106537	128971.5	6	0.4842615012106537	173.0	0	0.0	519.0	0	0.0	519.0	0	0.0
home	6	87	130462.5	7	0.5649717514124294	130462.5	7	0.5649717514124294	175.0	0	0.0	525.0	0	0.0	525.0	0	0.0
home	6	88	131953.5	7	0.5649717514124294	131953.5	7	0.5649717514124294	177.0	0	0.0	531.0	0	0.0	531.0	0	0.0
home	6	89	133444.5	7	0.5649717514124294	133444.5	7	0.5649717514124294	179.0	1	0.08071025020177562	537.0	0	0.0	537.0	0	0.0
home	6	90	134935.5	6	0.4842615012106537	134935.5	6	0.4842615012106537	181.0	0	0.0	543.0	0	0.0	543.0	0	0.0
home	6	91	136426.5	6	0.4842615012106537	136426.5	6	0.4842615012106537	183.0	0	0.0	549.0	0	0.0	549.0	0	0.0
home	6	92	137917.5	8	0.645682001614205	137917.5	8	0.645682001614205	185.0	0	0.0	555.0	0	0.0	555.0	0	0.0
home	6	93	139408.5	8	0.645682001614205	139408.5	8	0.645682001614205	187.0	0	0.0	561.0	0	0.0	561.0	0	0.0
home	6	94	140899.5	8	0.645682001614205	140899.5	8	0.645682001614205	189.0	0	0.0	567.0	0	0.0	567.0	0	0.0
home	6	95	142390.5	7	0.5649717514124294	142390.5	7	0.5649717514124294	191.0	0	0.0	573.0	0	0.0	573.0	0	0.0
home	6	96	143881.5	7	0.5649717514124294	143881.5	7	0.5649717514124294	193.0	0	0.0	579.0	0	0.0	579.0	0	0.0
home	6	97	145372.5	9	0.7263922518159805	145372.5	9	0.7263922518159805	195.0	0	0.0	585.0	0	0.0	585.0	0	0.0
home	6	98	146863.5	7	0.5649717514124294	146863.5	7	0.5649717514124294	197.0	0	0.0	591.0	0	0.0	591.0	0	0.0
home	6	99	148354.5	7	0.5649717514124294	148354.5	7	0.5649717514124294	199.0	0	0.0	597.0	0	0.0	597.0	0	0.0
home	6	100	149845.5	8	0.645682001614205	149845.5	8	0.645682001614205	201.0	0	0.0	603.0	0	0.0	603.0	0	0.0
home	6	101	151336.5	6	0.4842615012106537	151336.5	6	0.4842615012106537	203.0	0	0.0	609.0	0	0.0	609.0	0	0.0
home	6	102	152827.5	7	0.5649717514124294	152827.5	7	0.5649717514124294	205.0	0	0.0	615.0	0	0.0	615.0	0	0.0
home	6	103	154318.5	7	0.5649717514124294	154318.5	7	0.5649717514124294	207.0	0	0.0	621.0	0	0.0	621.0	0	0.0
home	6	104	155809.5	8	0.645682001614205	155809.5	8	0.645682001614205	209.0	0	0.0	627.0	0	0.0	627.0	0	0.0
home	6	105	157300.5	9	0.7263922518159805	157300.5	9	0.7263922518159805	211.0	0	0.0	633.0	0	0.0	633.0	0	0.0
home	6	106	158791.5	6	0.4842615012106537	158791.5	6	0.4842615012106537	213.0	0	0.0	639.0	0	0.0	639.0	0	0.0
home	6	107	160282.5	7	0.5649717514124294	160282.5	6	0.4842615012106537	215.0	0	0.0	645.0	0	0.0	645.0	0	0.0
home	6	108	161773.5	5	0.4035512510088781	161773.5	5	0.4035512510088781	217.0	0	0.0	651.0	0	0.0	651.0	0	0.0
home	6	109	163264.5	5	0.4035512510088781	163264.5	5	0.4035512510088781	219.0	0	0.0	657.0	0	0.0	657.0	0	0.0
home	6	110	164755.5	2	0.16142050040355124	164755.5	3	0.24213075060532685	221.0	0	0.0	663.0	0	0.0	663.0	0	0.0
home	6	111	166246.5	6	0.4842615012106537	166246.5	6	0.4842615012106537	223.0	0	0.0	669.0	0	0.0	669.0	0	0.0
home	6	112	167737.5	6	0.4842615012106537	167737.5	6	0.4842615012106537	225.0	0	0.0	675.0	0	0.0	675.0	0	0.0
home	6	113	169228.5	6	0.4842615012106537	169228.5	6	0.4842615012106537	227.0	0	0.0	681.0	0	0.0	681.0	0	0.0
home	6	114	170719.5	6	0.4842615012106537	170719.5	6	0.4842615012106537	229.0	0	0.0	687.0	0	0.0	687.0	0	0.0
home	6	115	172210.5	0	0.0	172210.5	0	0.0	231.0	0	0.0	693.0	0	0.0	693.0	0	0.0
home	6	116	173701.5	6	0.4842615012106537	173701.5	6	0.4842615012106537	233.0	0	0.0	699.0	0	0.0	699.0	0	0.0
home	6	117	175192.5	6	0.4842615012106537	175192.5	6	0.4842615012106537	235.0	0	0.0	705.0	0	0.0	705.0	0	0.0
home	6	118	176683.5	6	0.4842615012106537	176683.5	6	0.4842615012106537	237.0	0	0.0	711.0	0	0.0	711.0	0	0.0
home	6	119	178174.5	6	0.4842615012106537	178174.5	6	0.4842615012106537	239.0	0	0.0	717.0	0	0.0	717.0	0	0.0
home	6	120	179665.5	0	0.0	179665.5	0	0.0	241.0	0	0.0	723.0	0	0.0	723.0	0	0.0
home	6	121	181156.5	6	0.4842615012106537	181156.5	6	0.4842615012106537	243.0	0	0.0	729.0	0	0.0	729.0	0	0.0
home	6	122	182647.5	6	0.4842615012106537	182647.5	6	0.4842615012106537	245.0	0	0.0	735.0	0	0.0	735.0	0	0.0
home	6	123	184138.5	6	0.4842615012106537	184138.5	6	0.4842615012106537	247.0	0	0.0	741.0	0	0.0	741.0	0	0.0
home	6	124	185629.5	5	0.4035512510088781	185629.5	5	0.4035512510088781	249.0	0	0.0	747.0	0	0.0	747.0	0	0.0
home	6	125	187120.5	1	0.08071025020177562	187120.5	1	0.08071025020177562	251.0	0	0.0	753.0	0	0.0	753.0	0	0.0
home	6	126	188611.5	6	0.4842615012106537	188611.5	6	0.4842615012106537	253.0	0	0.0	759.0	0	0.0	759.0	0	0.0
home	6	127	190102.5	6	0.4842615012106537	190102.5	6	0.4842615012106537	255.0	0	0.0	765.0	0	0.0	765.0	0	0.0
home	6	128	191593.5	6	0.4842615012106537	191593.5	6	0.4842615012106537	257.0	0	0.0	771.0	0	0.0	771.0	0	0.0
home	6	129	193084.5	6	0.4842615012106537	193084.5	6	0.4842615012106537	259.0	0	0.0	777.0	0	0.0	777.0	0	0.0
home	6	130	194575.5	0	0.0	194575.5	0	0.0	261.0	0	0.0	783.0	0	0.0	783.0	0	0.0
home	6	131	196066.5	6	0.4842615012106537	196066.5	6	0.4842615012106537	263.0	0	0.0	789.0	0	0.0	789.0	0	0.0
home	6	132	197557.5	6	0.4842615012106537	197557.5	6	0.4842615012106537	265.0	0	0.0	795.0	0	0.0	795.0	0	0.0
home	6	133	199048.5	6	0.4842615012106537	199048.5	6	0.4842615012106537	267.0	0	0.0	801.0	0	0.0	801.0	0	0.0
home	6	134	200539.5	6	0.4842615012106537	200539.5	6	0.4842615012106537	269.0	0	0.0	807.0	0	0.0	807.0	0	0.0
home	6	135	202030.5	6	0.4842615012106537	202030.5	6	0.4842615012106537	271.0	0	0.0	813.0	0	0.0	813.0	0	0.0
home	6	136	203521.5	5	0.4035512510088781	203521.5	5	0.4035512510088781	273.0	0	0.0	819.0	0	0.0	819.0	0	0.0
home	6	137	205012.5	4	0.3228410008071025	205012.5	4	0.3228410008071025	275.0	0	0.0	825.0	0	0.0	825.0	0	0.0
home	6	138	206503.5	3	0.24213075060532685	206503.5	3	0.24213075060532685	277.0	1	0.08071025020177562	831.0	0	0.0	831.0	0	0.0
home	6	139	207994.5	6	0.4842615012106537	207994.5	6	0.4842615012106537	279.0	0	0.0	837.0	0	0.0	837.0	0	0.0
home	6	140	209485.5	6	0.4842615012106537	209485.5	6	0.4842615012106537	281.0	0	0.0	843.0	0	0.0	843.0	0	0.0
home	6	141	210976.5	6	0.4842615012106537	210976.5	6	0.4842615012106537	283.0	0	0.0	849.0	0	0.0	849.0	0	0.0
home	6	142	212467.5	3	0.24213075060532685	212467.5	2	0.16142050040355124	285.0	0	0.0	855.0	0	0.0	855.0	0	0.0
home	6	143	213958.5	3	0.24213075060532685	213958.5	4	0.3228410008071025	287.0	0	0.0	861.0	0	0.0	861.0	0	0.0
home	6	144	215449.5	6	0.4842615012106537	215449.5	6	0.4842615012106537	289.0	0	0.0	867.0	0	0.0	867.0	0	0.0
home	6	145	216940.5	6	0.4842615012106537	216940.5	6	0.4842615012106537	291.0	0	0.0	873.0	0	0.0	873.0	0	0.0
home	6	146	218431.5	6	0.4842615012106537	218431.5	6	0.4842615012106537	293.0	0	0.0	879.0	0	0.0	879.0	0	0.0
home	6	147	219922.5	6	0.4842615012106537	219922.5	6	0.4842615012106537	295.0	0	0.0	885.0	0	0.0	885.0	0	0.0
home	6	148	221413.5	0	0.0	221413.5	0	0.0	297.0	0	0.0	891.0	0	0.0	891.0	0	0.0
home	6	149	222904.5	6	0.4842615012106537	222904.5	6	0.4842615012106537	299.0	0	0.0	897.0	0	0.0	897.0	0	0.0
home	6	150	224395.5	6	0.4842615012106537	224395.5	6	0.4842615012106537	301.0	0	0.0	903.0	0	0.0	903.0	0	0.0
home	6	151	225886.5	6	0.4842615012106537	225886.5	6	0.4842615012106537	303.0	0	0.0	909.0	0	0.0	909.0	0	0.0
home	6	152	227377.5	6	0.4842615012106537	227377.5	6	0.4842615012106537	305.0	0	0.0	915.0	0	0.0	915.0	0	0.0
home	6	153	228868.5	6	0.4842615012106537	228868.5	6	0.4842615012106537	307.0	0	0.0	921.0	0	0.0	921.0	0	0.0
home	6	154	230359.5	6	0.4842615012106537	230359.5	6	0.4842615012106537	309.0	0	0.0	927.0	0	0.0	927.0	0	0.0
home	6	155	231850.5	3	0.24213075060532685	231850.5	0	0.0	311.0	1	0.08071025020177562	933.0	0	0.0	933.0	0	0.0
home	6	156	233341.5	3	0.24213075060532685	233341.5	6	0.4842615012106537	313.0	0	0.0	939.0	0	0.0	939.0	0	0.0
home	6	157	234832.5	6	0.4842615012106537	234832.5	6	0.4842615012106537	315.0	0	0.0	945.0	0	0.0	945.0	0	0.0
home	6	158	236323.5	6	0.4842615012106537	236323.5	6	0.4842615012106537	317.0	0	0.0	951.0	0	0.0	951.0	0	0.0
home	6	159	237814.5	6	0.4842615012106537	237814.5	6	0.4842615012106537	319.0	0	0.0	957.0	0	0.0	957.0	0	0.0
home	6	160	239305.5	6	0.4842615012106537	239305.5	6	0.4842615012106537	321.0	0	0.0	963.0	0	0.0	963.0	0	0.0
home	6	161	240796.5	5	0.4035512510088781	240796.5	5	0.4035512510088781	323.0	0	0.0	969.0	0	0.0	969.0	0	0.0
home	6	162	242287.5	1	0.08071025020177562	242287.5	1	0.08071025020177562	325.0	0	0.0	975.0	0	0.0	975.0	0	0.0
home	6	163	243778.5	6	0.4842615012106537	243778.5	6	0.4842615012106537	327.0	0	0.0	981.0	0	0.0	981.0	0	0.0
home	6	164	245269.5	6	0.4842615012106537	245269.5	6	0.4842615012106537	329.0	0	0.0	987.0	0	0.0	987.0	0	0.0
home	6	165	246760.5	6	0.4842615012106537	246760.5	6	0.4842615012106537	331.0	0	0.0	993.0	0	0.0	993.0	0	0.0
home	6	166	248251.5	6	0.4842615012106537	248251.5	6	0.4842615012106537	333.0	0	0.0	999.0	0	0.0	999.0	0	0.0
home	6	167	249742.5	1	0.08071025020177562	249742.5	0	0.0	335.0	0	0.0	1005.0	0	0.0	1005.0	0	0.0
home	6	168	251233.5	5	0.4035512510088781	251233.5	6	0.4842615012106537	337.0	0	0.0	1011.0	0	0.0	1011.0	0	0.0
home	6	169	252724.5	6	0.4842615012106537	252724.5	6	0.4842615012106537	339.0	0	0.0	1017.0	0	0.0	1017.0	0	0.0
home	6	170	254215.5	6	0.4842615012106537	254215.5	6	0.4842615012106537	341.0	0	0.0	1023.0	0	0.0	1023.0	0	0.0
home	6	171	255706.5	6	0.4842615012106537	255706.5	6	0.4842615012106537	343.0	0	0.0	1029.0	0	0.0	1029.0	0	0.0
home	6	172	257197.5	0	0.0	257197.5	0	0.0	345.0	0	0.0	1035.0	0	0.0	1035.0	0	0.0
home	6	173	258688.5	6	0.4842615012106537	258688.5	6	0.4842615012106537	347.0	0	0.0	1041.0	0	0.0	1041.0	0	0.0
home	6	174	260179.5	6	0.4842615012106537	260179.5	6	0.4842615012106537	349.0	0	0.0	1047.0	0	0.0	1047.0	0	0.0
home	6	175	261670.5	6	0.4842615012106537	261670.5	6	0.4842615012106537	351.0	0	0.0	1053.0	0	0.0	1053.0	0	0.0
home	6	176	263161.5	6	0.4842615012106537	263161.5	6	0.4842615012106537	353.0	0	0.0	1059.0	0	0.0	1059.0	0	0.0
home	6	177	264652.5	6	0.4842615012106537	264652.5	6	0.4842615012106537	355.0	0	0.0	1065.0	0	0.0	1065.0	0	0.0
home	6	178	266143.5	3	0.24213075060532685	266143.5	2	0.16142050040355124	357.0	0	0.0	1071.0	0	0.0	1071.0	0	0.0
home	6	179	267634.5	3	0.24213075060532685	267634.5	4	0.3228410008071025	359.0	0	0.0	1077.0	0	0.0	1077.0	0	0.0
home	6	180	269125.5	6	0.4842615012106537	269125.5	6	0.4842615012106537	361.0	0	0.0	1083.0	0	0.0	1083.0	0	0.0
home	6	181	270616.5	6	0.4842615012106537	270616.5	6	0.4842615012106537	363.0	0	0.0	1089.0	0	0.0	1089.0	0	0.0
home	6	182	272107.5	6	0.4842615012106537	272107.5	6	0.4842615012106537	365.0	0	0.0	1095.0	0	0.0	1095.0	0	0.0
home	6	183	273598.5	6	0.4842615012106537	273598.5	6	0.4842615012106537	367.0	0	0.0	1101.0	0	0.0	1101.0	0	0.0
home	6	184	275089.5	3	0.24213075060532685	275089.5	3	0.24213075060532685	369.0	0	0.0	1107.0	0	0.0	1107.0	0	0.0
home	6	185	276580.5	4	0.3228410008071025	276580.5	4	0.3228410008071025	371.0	0	0.0	1113.0	0	0.0	1113.0	0	0.0
home	6	186	278071.5	6	0.4842615012106537	278071.5	6	0.4842615012106537	373.0	0	0.0	1119.0	0	0.0	1119.0	0	0.0
home	6	187	279562.5	6	0.4842615012106537	279562.5	6	0.4842615012106537	375.0	0	0.0	1125.0	0	0.0	1125.0	0	0.0
home	6	188	281053.5	6	0.4842615012106537	281053.5	6	0.4842615012106537	377.0	0	0.0	1131.0	0	0.0	1131.0	0	0.0
home	6	189	282544.5	6	0.4842615012106537	282544.5	6	0.4842615012106537	379.0	0	0.0	1137.0	0	0.0	1137.0	0	0.0
home	6	190	284035.5	6	0.4842615012106537	284035.5	6	0.4842615012106537	381.0	0	0.0	1143.0	0	0.0	1143.0	0	0.0
home	6	191	285526.5	6	0.4842615012106537	285526.5	6	0.4842615012106537	383.0	0	0.0	1149.0	0	0.0	1149.0	0	0.0
home	6	192	287017.5	6	0.4842615012106537	287017.5	6	0.4842615012106537	385.0	0	0.0	1155.0	0	0.0	1155.0	0	0.0
home	6	193	288508.5	3	0.24213075060532685	288508.5	0	0.0	387.0	0	0.0	1161.0	0	0.0	1161.0	0	0.0
home	6	194	289999.5	3	0.24213075060532685	289999.5	6	0.4842615012106537	389.0	0	0.0	1167.0	0	0.0	1167.0	0	0.0
home	6	195	291490.5	6	0.4842615012106537	291490.5	6	0.4842615012106537	391.0	0	0.0	1173.0	0	0.0	1173.0	0	0.0
home	6	196	292981.5	6	0.4842615012106537	292981.5	6	0.4842615012106537	393.0	0	0.0	1179.0	0	0.0	1179.0	0	0.0
home	6	197	294472.5	6	0.4842615012106537	294472.5	6	0.4842615012106537	395.0	0	0.0	1185.0	0	0.0	1185.0	0	0.0
home	6	198	295963.5	6	0.4842615012106537	295963.5	6	0.4842615012106537	397.0	0	0.0	1191.0	0	0.0	1191.0	0	0.0
home	6	199	297454.5	6	0.4842615012106537	297454.5	6	0.4842615012106537	399.0	0	0.0	1197.0	0	0.0	1197.0	0	0.0
