'Request type'	'Load'	'Bucket'	'Start time'	'Absolute'	'Percent of requests'	'End time'	'Absolute'	'Percent of requests'	'Residence time'	'Absolute'	'Percent of requests'	'Theor. think time'	'Absolute'	'Percent of requests'	'Actual think time'	'Absolute'	'Percent of requests'
login	14	0	753.0	14	0.9893992932862191	753.0	8	0.5653710247349824	6.5	0	0.0	3.0	1415	100.0	3.0	1415	100.0
login	14	1	2259.0	0	0.0	2259.0	6	0.42402826855123676	19.5	0	0.0	9.0	0	0.0	9.0	0	0.0
login	14	2	3765.0	14	0.9893992932862191	3765.0	7	0.49469964664310956	32.5	0	0.0	15.0	0	0.0	15.0	0	0.0
login	14	3	5271.0	0	0.0	5271.0	7	0.49469964664310956	45.5	0	0.0	21.0	0	0.0	21.0	0	0.0
login	14	4	6777.0	14	0.9893992932862191	6777.0	4	0.2826855123674912	58.5	0	0.0	27.0	0	0.0	27.0	0	0.0
login	14	5	8283.0	0	0.0	8283.0	10	0.7067137809187279	71.5	0	0.0	33.0	0	0.0	33.0	0	0.0
login	14	6	9789.0	14	0.9893992932862191	9789.0	6	0.42402826855123676	84.5	1	0.0706713780918728	39.0	0	0.0	39.0	0	0.0
login	14	7	11295.0	0	0.0	11295.0	8	0.5653710247349824	97.5	0	0.0	45.0	0	0.0	45.0	0	0.0
login	14	8	12801.0	14	0.9893992932862191	12801.0	6	0.42402826855123676	110.5	0	0.0	51.0	0	0.0	51.0	0	0.0
login	14	9	14307.0	0	0.0	14307.0	8	0.5653710247349824	123.5	0	0.0	57.0	0	0.0	57.0	0	0.0
login	14	10	15813.0	14	0.9893992932862191	15813.0	4	0.2826855123674912	136.5	0	0.0	63.0	0	0.0	63.0	0	0.0
login	14	11	17319.0	0	0.0	17319.0	10	0.7067137809187279	149.5	0	0.0	69.0	0	0.0	69.0	0	0.0
login	14	12	18825.0	14	0.9893992932862191	18825.0	5	0.35335689045936397	162.5	0	0.0	75.0	0	0.0	75.0	0	0.0
login	14	13	20331.0	0	0.0	20331.0	9	0.6360424028268552	175.5	0	0.0	81.0	0	0.0	81.0	0	0.0
login	14	14	21837.0	14	0.9893992932862191	21837.0	7	0.49469964664310956	188.5	2	0.1413427561837456	87.0	0	0.0	87.0	0	0.0
login	14	15	23343.0	1	0.0706713780918728	23343.0	7	0.49469964664310956	201.5	0	0.0	93.0	0	0.0	93.0	0	0.0
login	14	16	24849.0	13	0.9187279151943464	24849.0	8	0.5653710247349824	214.5	1	0.0706713780918728	99.0	0	0.0	99.0	0	0.0
login	14	17	26355.0	12	0.8480565371024735	26355.0	6	0.42402826855123676	227.5	0	0.0	105.0	0	0.0	105.0	0	0.0
login	14	18	27861.0	2	0.1413427561837456	27861.0	9	0.6360424028268552	240.5	0	0.0	111.0	0	0.0	111.0	0	0.0
login	14	19	29367.0	13	0.9187279151943464	29367.0	6	0.42402826855123676	253.5	1	0.0706713780918728	117.0	0	0.0	117.0	0	0.0
login	14	20	30873.0	1	0.0706713780918728	30873.0	7	0.49469964664310956	266.5	2	0.1413427561837456	123.0	0	0.0	123.0	0	0.0
login	14	21	32379.0	14	0.9893992932862191	32379.0	6	0.42402826855123676	279.5	1	0.0706713780918728	129.0	0	0.0	129.0	0	0.0
login	14	22	33885.0	0	0.0	33885.0	8	0.5653710247349824	292.5	8	0.5653710247349824	135.0	0	0.0	135.0	0	0.0
login	14	23	35391.0	14	0.9893992932862191	35391.0	6	0.42402826855123676	305.5	0	0.0	141.0	0	0.0	141.0	0	0.0
login	14	24	36897.0	0	0.0	36897.0	10	0.7067137809187279	318.5	3	0.21201413427561838	147.0	0	0.0	147.0	0	0.0
login	14	25	38403.0	14	0.9893992932862191	38403.0	4	0.2826855123674912	331.5	3	0.21201413427561838	153.0	0	0.0	153.0	0	0.0
login	14	26	39909.0	0	0.0	39909.0	8	0.5653710247349824	344.5	0	0.0	159.0	0	0.0	159.0	0	0.0
login	14	27	41415.0	13	0.9187279151943464	41415.0	6	0.42402826855123676	357.5	0	0.0	165.0	0	0.0	165.0	0	0.0
login	14	28	42921.0	1	0.0706713780918728	42921.0	7	0.49469964664310956	370.5	11	0.7773851590106007	171.0	0	0.0	171.0	0	0.0
login	14	29	44427.0	3	0.21201413427561838	44427.0	7	0.49469964664310956	383.5	7	0.49469964664310956	177.0	0	0.0	177.0	0	0.0
login	14	30	45933.0	11	0.7773851590106007	45933.0	9	0.6360424028268552	396.5	13	0.9187279151943464	183.0	0	0.0	183.0	0	0.0
login	14	31	47439.0	0	0.0	47439.0	5	0.35335689045936397	409.5	6	0.42402826855123676	189.0	0	0.0	189.0	0	0.0
login	14	32	48945.0	14	0.9893992932862191	48945.0	6	0.42402826855123676	422.5	6	0.42402826855123676	195.0	0	0.0	195.0	0	0.0
login	14	33	50451.0	0	0.0	50451.0	8	0.5653710247349824	435.5	2	0.1413427561837456	201.0	0	0.0	201.0	0	0.0
login	14	34	51957.0	14	0.9893992932862191	51957.0	9	0.6360424028268552	448.5	0	0.0	207.0	0	0.0	207.0	0	0.0
login	14	35	53463.0	14	0.9893992932862191	53463.0	5	0.35335689045936397	461.5	5	0.35335689045936397	213.0	0	0.0	213.0	0	0.0
login	14	36	54969.0	0	0.0	54969.0	8	0.5653710247349824	474.5	2	0.1413427561837456	219.0	0	0.0	219.0	0	0.0
login	14	37	56475.0	0	0.0	56475.0	6	0.42402826855123676	487.5	3	0.21201413427561838	225.0	0	0.0	225.0	0	0.0
login	14	38	57981.0	14	0.9893992932862191	57981.0	7	0.49469964664310956	500.5	9	0.6360424028268552	231.0	0	0.0	231.0	0	0.0
login	14	39	59487.0	0	0.0	59487.0	7	0.49469964664310956	513.5	8	0.5653710247349824	237.0	0	0.0	237.0	0	0.0
login	14	40	60993.0	14	0.9893992932862191	60993.0	6	0.42402826855123676	526.5	5	0.35335689045936397	243.0	0	0.0	243.0	0	0.0
login	14	41	62499.0	0	0.0	62499.0	8	0.5653710247349824	539.5	4	0.2826855123674912	249.0	0	0.0	249.0	0	0.0
login	14	42	64005.0	14	0.9893992932862191	64005.0	8	0.5653710247349824	552.5	5	0.35335689045936397	255.0	0	0.0	255.0	0	0.0
login	14	43	65511.0	14	0.9893992932862191	65511.0	6	0.42402826855123676	565.5	6	0.42402826855123676	261.0	0	0.0	261.0	0	0.0
login	14	44	67017.0	0	0.0	67017.0	8	0.5653710247349824	578.5	9	0.6360424028268552	267.0	0	0.0	267.0	0	0.0
login	14	45	68523.0	0	0.0	68523.0	6	0.42402826855123676	591.5	28	1.9787985865724382	273.0	0	0.0	273.0	0	0.0
login	14	46	70029.0	14	0.9893992932862191	70029.0	8	0.5653710247349824	604.5	24	1.696113074204947	279.0	0	0.0	279.0	0	0.0
login	14	47	71535.0	0	0.0	71535.0	6	0.42402826855123676	617.5	16	1.1307420494699647	285.0	0	0.0	285.0	0	0.0
login	14	48	73041.0	14	0.9893992932862191	73041.0	6	0.42402826855123676	630.5	9	0.6360424028268552	291.0	0	0.0	291.0	0	0.0
login	14	49	74547.0	0	0.0	74547.0	8	0.5653710247349824	643.5	4	0.2826855123674912	297.0	0	0.0	297.0	0	0.0
login	14	50	76053.0	14	0.9893992932862191	76053.0	7	0.49469964664310956	656.5	2	0.1413427561837456	303.0	0	0.0	303.0	0	0.0
login	14	51	77559.0	0	0.0	77559.0	7	0.49469964664310956	669.5	10	0.7067137809187279	309.0	0	0.0	309.0	0	0.0
login	14	52	79065.0	14	0.9893992932862191	79065.0	7	0.49469964664310956	682.5	25	1.76678445229682	315.0	0	0.0	315.0	0	0.0
login	14	53	80571.0	0	0.0	80571.0	7	0.49469964664310956	695.5	27	1.9081272084805654	321.0	0	0.0	321.0	0	0.0
login	14	54	82077.0	14	0.9893992932862191	82077.0	8	0.5653710247349824	708.5	30	2.1201413427561837	327.0	0	0.0	327.0	0	0.0
login	14	55	83583.0	6	0.42402826855123676	83583.0	6	0.42402826855123676	721.5	6	0.42402826855123676	333.0	0	0.0	333.0	0	0.0
login	14	56	85089.0	8	0.5653710247349824	85089.0	8	0.5653710247349824	734.5	2	0.1413427561837456	339.0	0	0.0	339.0	0	0.0
login	14	57	86595.0	1	0.0706713780918728	86595.0	6	0.42402826855123676	747.5	0	0.0	345.0	0	0.0	345.0	0	0.0
login	14	58	88101.0	13	0.9187279151943464	88101.0	9	0.6360424028268552	760.5	3	0.21201413427561838	351.0	0	0.0	351.0	0	0.0
login	14	59	89607.0	14	0.9893992932862191	89607.0	5	0.35335689045936397	773.5	10	0.7067137809187279	357.0	0	0.0	357.0	0	0.0
login	14	60	91113.0	0	0.0	91113.0	8	0.5653710247349824	786.5	18	1.2720848056537104	363.0	0	0.0	363.0	0	0.0
login	14	61	92619.0	14	0.9893992932862191	92619.0	6	0.42402826855123676	799.5	12	0.8480565371024735	369.0	0	0.0	369.0	0	0.0
login	14	62	94125.0	0	0.0	94125.0	11	0.7773851590106007	812.5	12	0.8480565371024735	375.0	0	0.0	375.0	0	0.0
login	14	63	95631.0	14	0.9893992932862191	95631.0	4	0.2826855123674912	825.5	6	0.42402826855123676	381.0	0	0.0	381.0	0	0.0
login	14	64	97137.0	0	0.0	97137.0	11	0.7773851590106007	838.5	3	0.21201413427561838	387.0	0	0.0	387.0	0	0.0
login	14	65	98643.0	14	0.9893992932862191	98643.0	3	0.21201413427561838	851.5	1	0.0706713780918728	393.0	0	0.0	393.0	0	0.0
login	14	66	100149.0	0	0.0	100149.0	10	0.7067137809187279	864.5	1	0.0706713780918728	399.0	0	0.0	399.0	0	0.0
login	14	67	101655.0	14	0.9893992932862191	101655.0	3	0.21201413427561838	877.5	7	0.49469964664310956	405.0	0	0.0	405.0	0	0.0
login	14	68	103161.0	0	0.0	103161.0	11	0.7773851590106007	890.5	20	1.4134275618374559	411.0	0	0.0	411.0	0	0.0
login	14	69	104667.0	14	0.9893992932862191	104667.0	7	0.49469964664310956	903.5	15	1.0600706713780919	417.0	0	0.0	417.0	0	0.0
login	14	70	106173.0	0	0.0	106173.0	10	0.7067137809187279	916.5	7	0.49469964664310956	423.0	0	0.0	423.0	0	0.0
login	14	71	107679.0	14	0.9893992932862191	107679.0	5	0.35335689045936397	929.5	6	0.42402826855123676	429.0	0	0.0	429.0	0	0.0
login	14	72	109185.0	0	0.0	109185.0	9	0.6360424028268552	942.5	1	0.0706713780918728	435.0	0	0.0	435.0	0	0.0
login	14	73	110691.0	14	0.9893992932862191	110691.0	5	0.35335689045936397	955.5	2	0.1413427561837456	441.0	0	0.0	441.0	0	0.0
login	14	74	112197.0	0	0.0	112197.0	9	0.6360424028268552	968.5	13	0.9187279151943464	447.0	0	0.0	447.0	0	0.0
login	14	75	113703.0	14	0.9893992932862191	113703.0	6	0.42402826855123676	981.5	7	0.49469964664310956	453.0	0	0.0	453.0	0	0.0
login	14	76	115209.0	0	0.0	115209.0	8	0.5653710247349824	994.5	29	2.049469964664311	459.0	0	0.0	459.0	0	0.0
login	14	77	116715.0	14	0.9893992932862191	116715.0	8	0.5653710247349824	1007.5	25	1.76678445229682	465.0	0	0.0	465.0	0	0.0
login	14	78	118221.0	0	0.0	118221.0	6	0.42402826855123676	1020.5	10	0.7067137809187279	471.0	0	0.0	471.0	0	0.0
login	14	79	119727.0	14	0.9893992932862191	119727.0	8	0.5653710247349824	1033.5	1	0.0706713780918728	477.0	0	0.0	477.0	0	0.0
login	14	80	121233.0	0	0.0	121233.0	6	0.42402826855123676	1046.5	1	0.0706713780918728	483.0	0	0.0	483.0	0	0.0
login	14	81	122739.0	14	0.9893992932862191	122739.0	7	0.49469964664310956	1059.5	6	0.42402826855123676	489.0	0	0.0	489.0	0	0.0
login	14	82	124245.0	11	0.7773851590106007	124245.0	7	0.49469964664310956	1072.5	12	0.8480565371024735	495.0	0	0.0	495.0	0	0.0
login	14	83	125751.0	3	0.21201413427561838	125751.0	8	0.5653710247349824	1085.5	12	0.8480565371024735	501.0	0	0.0	501.0	0	0.0
login	14	84	127257.0	12	0.8480565371024735	127257.0	6	0.42402826855123676	1098.5	15	1.0600706713780919	507.0	0	0.0	507.0	0	0.0
login	14	85	128763.0	2	0.1413427561837456	128763.0	8	0.5653710247349824	1111.5	12	0.8480565371024735	513.0	0	0.0	513.0	0	0.0
login	14	86	130269.0	0	0.0	130269.0	6	0.42402826855123676	1124.5	6	0.42402826855123676	519.0	0	0.0	519.0	0	0.0
login	14	87	131775.0	14	0.9893992932862191	131775.0	7	0.49469964664310956	1137.5	1	0.0706713780918728	525.0	0	0.0	525.0	0	0.0
login	14	88	133281.0	0	0.0	133281.0	7	0.49469964664310956	1150.5	1	0.0706713780918728	531.0	0	0.0	531.0	0	0.0
login	14	89	134787.0	14	0.9893992932862191	134787.0	7	0.49469964664310956	1163.5	7	0.49469964664310956	537.0	0	0.0	537.0	0	0.0
login	14	90	136293.0	0	0.0	136293.0	7	0.49469964664310956	1176.5	10	0.7067137809187279	543.0	0	0.0	543.0	0	0.0
login	14	91	137799.0	14	0.9893992932862191	137799.0	8	0.5653710247349824	1189.5	22	1.5547703180212014	549.0	0	0.0	549.0	0	0.0
login	14	92	139305.0	0	0.0	139305.0	6	0.42402826855123676	1202.5	17	1.2014134275618376	555.0	0	0.0	555.0	0	0.0
login	14	93	140811.0	14	0.9893992932862191	140811.0	8	0.5653710247349824	1215.5	15	1.0600706713780919	561.0	0	0.0	561.0	0	0.0
login	14	94	142317.0	0	0.0	142317.0	6	0.42402826855123676	1228.5	3	0.21201413427561838	567.0	0	0.0	567.0	0	0.0
login	14	95	143823.0	14	0.9893992932862191	143823.0	6	0.42402826855123676	1241.5	4	0.2826855123674912	573.0	0	0.0	573.0	0	0.0
login	14	96	145329.0	0	0.0	145329.0	8	0.5653710247349824	1254.5	2	0.1413427561837456	579.0	0	0.0	579.0	0	0.0
login	14	97	146835.0	14	0.9893992932862191	146835.0	7	0.49469964664310956	1267.5	8	0.5653710247349824	585.0	0	0.0	585.0	0	0.0
login	14	98	148341.0	0	0.0	148341.0	7	0.49469964664310956	1280.5	20	1.4134275618374559	591.0	0	0.0	591.0	0	0.0
login	14	99	149847.0	14	0.9893992932862191	149847.0	7	0.49469964664310956	1293.5	21	1.4840989399293287	597.0	0	0.0	597.0	0	0.0
login	14	100	151353.0	0	0.0	151353.0	7	0.49469964664310956	1306.5	14	0.9893992932862191	603.0	0	0.0	603.0	0	0.0
login	14	101	152859.0	14	0.9893992932862191	152859.0	6	0.42402826855123676	1319.5	16	1.1307420494699647	609.0	0	0.0	609.0	0	0.0
login	14	102	154365.0	0	0.0	154365.0	8	0.5653710247349824	1332.5	8	0.5653710247349824	615.0	0	0.0	615.0	0	0.0
login	14	103	155871.0	14	0.9893992932862191	155871.0	6	0.42402826855123676	1345.5	3	0.21201413427561838	621.0	0	0.0	621.0	0	0.0
login	14	104	157377.0	0	0.0	157377.0	8	0.5653710247349824	1358.5	4	0.2826855123674912	627.0	0	0.0	627.0	0	0.0
login	14	105	158883.0	14	0.9893992932862191	158883.0	6	0.42402826855123676	1371.5	7	0.49469964664310956	633.0	0	0.0	633.0	0	0.0
login	14	106	160389.0	0	0.0	160389.0	8	0.5653710247349824	1384.5	13	0.9187279151943464	639.0	0	0.0	639.0	0	0.0
login	14	107	161895.0	14	0.9893992932862191	161895.0	6	0.42402826855123676	1397.5	7	0.49469964664310956	645.0	0	0.0	645.0	0	0.0
login	14	108	163401.0	0	0.0	163401.0	8	0.5653710247349824	1410.5	11	0.7773851590106007	651.0	0	0.0	651.0	0	0.0
login	14	109	164907.0	14	0.9893992932862191	164907.0	6	0.42402826855123676	1423.5	3	0.21201413427561838	657.0	0	0.0	657.0	0	0.0
login	14	110	166413.0	0	0.0	166413.0	8	0.5653710247349824	1436.5	3	0.21201413427561838	663.0	0	0.0	663.0	0	0.0
login	14	111	167919.0	14	0.9893992932862191	167919.0	4	0.2826855123674912	1449.5	0	0.0	669.0	0	0.0	669.0	0	0.0
login	14	112	169425.0	0	0.0	169425.0	10	0.7067137809187279	1462.5	2	0.1413427561837456	675.0	0	0.0	675.0	0	0.0
login	14	113	170931.0	14	0.9893992932862191	170931.0	4	0.2826855123674912	1475.5	12	0.8480565371024735	681.0	0	0.0	681.0	0	0.0
login	14	114	172437.0	0	0.0	172437.0	10	0.7067137809187279	1488.5	12	0.8480565371024735	687.0	0	0.0	687.0	0	0.0
login	14	115	173943.0	15	1.0600706713780919	173943.0	6	0.42402826855123676	1501.5	17	1.2014134275618376	693.0	0	0.0	693.0	0	0.0
login	14	116	175449.0	0	0.0	175449.0	9	0.6360424028268552	1514.5	4	0.2826855123674912	699.0	0	0.0	699.0	0	0.0
login	14	117	176955.0	14	0.9893992932862191	176955.0	4	0.2826855123674912	1527.5	5	0.35335689045936397	705.0	0	0.0	705.0	0	0.0
login	14	118	178461.0	0	0.0	178461.0	10	0.7067137809187279	1540.5	2	0.1413427561837456	711.0	0	0.0	711.0	0	0.0
login	14	119	179967.0	14	0.9893992932862191	179967.0	6	0.42402826855123676	1553.5	4	0.2826855123674912	717.0	0	0.0	717.0	0	0.0
login	14	120	181473.0	0	0.0	181473.0	8	0.5653710247349824	1566.5	9	0.6360424028268552	723.0	0	0.0	723.0	0	0.0
login	14	121	182979.0	14	0.9893992932862191	182979.0	6	0.42402826855123676	1579.5	8	0.5653710247349824	729.0	0	0.0	729.0	0	0.0
login	14	122	184485.0	0	0.0	184485.0	8	0.5653710247349824	1592.5	12	0.8480565371024735	735.0	0	0.0	735.0	0	0.0
login	14	123	185991.0	14	0.9893992932862191	185991.0	6	0.42402826855123676	1605.5	11	0.7773851590106007	741.0	0	0.0	741.0	0	0.0
login	14	124	187497.0	0	0.0	187497.0	8	0.5653710247349824	1618.5	15	1.0600706713780919	747.0	0	0.0	747.0	0	0.0
login	14	125	189003.0	14	0.9893992932862191	189003.0	8	0.5653710247349824	1631.5	8	0.5653710247349824	753.0	0	0.0	753.0	0	0.0
login	14	126	190509.0	0	0.0	190509.0	6	0.42402826855123676	1644.5	5	0.35335689045936397	759.0	0	0.0	759.0	0	0.0
login	14	127	192015.0	14	0.9893992932862191	192015.0	7	0.49469964664310956	1657.5	4	0.2826855123674912	765.0	0	0.0	765.0	0	0.0
login	14	128	193521.0	11	0.7773851590106007	193521.0	7	0.49469964664310956	1670.5	6	0.42402826855123676	771.0	0	0.0	771.0	0	0.0
login	14	129	195027.0	3	0.21201413427561838	195027.0	9	0.6360424028268552	1683.5	9	0.6360424028268552	777.0	0	0.0	777.0	0	0.0
login	14	130	196533.0	6	0.42402826855123676	196533.0	5	0.35335689045936397	1696.5	24	1.696113074204947	783.0	0	0.0	783.0	0	0.0
login	14	131	198039.0	8	0.5653710247349824	198039.0	8	0.5653710247349824	1709.5	16	1.1307420494699647	789.0	0	0.0	789.0	0	0.0
login	14	132	199545.0	2	0.1413427561837456	199545.0	6	0.42402826855123676	1722.5	23	1.6254416961130742	795.0	0	0.0	795.0	0	0.0
login	14	133	201051.0	12	0.8480565371024735	201051.0	8	0.5653710247349824	1735.5	12	0.8480565371024735	801.0	0	0.0	801.0	0	0.0
login	14	134	202557.0	0	0.0	202557.0	6	0.42402826855123676	1748.5	0	0.0	807.0	0	0.0	807.0	0	0.0
login	14	135	204063.0	14	0.9893992932862191	204063.0	7	0.49469964664310956	1761.5	5	0.35335689045936397	813.0	0	0.0	813.0	0	0.0
login	14	136	205569.0	0	0.0	205569.0	7	0.49469964664310956	1774.5	13	0.9187279151943464	819.0	0	0.0	819.0	0	0.0
login	14	137	207075.0	14	0.9893992932862191	207075.0	7	0.49469964664310956	1787.5	15	1.0600706713780919	825.0	0	0.0	825.0	0	0.0
login	14	138	208581.0	0	0.0	208581.0	7	0.49469964664310956	1800.5	18	1.2720848056537104	831.0	0	0.0	831.0	0	0.0
login	14	139	210087.0	14	0.9893992932862191	210087.0	8	0.5653710247349824	1813.5	23	1.6254416961130742	837.0	0	0.0	837.0	0	0.0
login	14	140	211593.0	0	0.0	211593.0	6	0.42402826855123676	1826.5	10	0.7067137809187279	843.0	0	0.0	843.0	0	0.0
login	14	141	213099.0	14	0.9893992932862191	213099.0	7	0.49469964664310956	1839.5	2	0.1413427561837456	849.0	0	0.0	849.0	0	0.0
login	14	142	214605.0	0	0.0	214605.0	7	0.49469964664310956	1852.5	4	0.2826855123674912	855.0	0	0.0	855.0	0	0.0
login	14	143	216111.0	14	0.9893992932862191	216111.0	6	0.42402826855123676	1865.5	7	0.49469964664310956	861.0	0	0.0	861.0	0	0.0
login	14	144	217617.0	0	0.0	217617.0	8	0.5653710247349824	1878.5	21	1.4840989399293287	867.0	0	0.0	867.0	0	0.0
login	14	145	219123.0	14	0.9893992932862191	219123.0	7	0.49469964664310956	1891.5	34	2.402826855123675	873.0	0	0.0	873.0	0	0.0
login	14	146	220629.0	0	0.0	220629.0	7	0.49469964664310956	1904.5	33	2.3321554770318023	879.0	0	0.0	879.0	0	0.0
login	14	147	222135.0	14	0.9893992932862191	222135.0	8	0.5653710247349824	1917.5	16	1.1307420494699647	885.0	0	0.0	885.0	0	0.0
login	14	148	223641.0	0	0.0	223641.0	6	0.42402826855123676	1930.5	9	0.6360424028268552	891.0	0	0.0	891.0	0	0.0
login	14	149	225147.0	14	0.9893992932862191	225147.0	7	0.49469964664310956	1943.5	6	0.42402826855123676	897.0	0	0.0	897.0	0	0.0
login	14	150	226653.0	1	0.0706713780918728	226653.0	7	0.49469964664310956	1956.5	5	0.35335689045936397	903.0	0	0.0	903.0	0	0.0
login	14	151	228159.0	13	0.9187279151943464	228159.0	8	0.5653710247349824	1969.5	11	0.7773851590106007	909.0	0	0.0	909.0	0	0.0
login	14	152	229665.0	13	0.9187279151943464	229665.0	6	0.42402826855123676	1982.5	18	1.2720848056537104	915.0	0	0.0	915.0	0	0.0
login	14	153	231171.0	1	0.0706713780918728	231171.0	8	0.5653710247349824	1995.5	28	1.9787985865724382	921.0	0	0.0	921.0	0	0.0
login	14	154	232677.0	14	0.9893992932862191	232677.0	6	0.42402826855123676	2008.5	17	1.2014134275618376	927.0	0	0.0	927.0	0	0.0
login	14	155	234183.0	0	0.0	234183.0	8	0.5653710247349824	2021.5	6	0.42402826855123676	933.0	0	0.0	933.0	0	0.0
login	14	156	235689.0	13	0.9187279151943464	235689.0	6	0.42402826855123676	2034.5	2	0.1413427561837456	939.0	0	0.0	939.0	0	0.0
login	14	157	237195.0	1	0.0706713780918728	237195.0	7	0.49469964664310956	2047.5	4	0.2826855123674912	945.0	0	0.0	945.0	0	0.0
login	14	158	238701.0	0	0.0	238701.0	7	0.49469964664310956	2060.5	7	0.49469964664310956	951.0	0	0.0	951.0	0	0.0
login	14	159	240207.0	14	0.9893992932862191	240207.0	7	0.49469964664310956	2073.5	10	0.7067137809187279	957.0	0	0.0	957.0	0	0.0
login	14	160	241713.0	7	0.49469964664310956	241713.0	7	0.49469964664310956	2086.5	14	0.9893992932862191	963.0	0	0.0	963.0	0	0.0
login	14	161	243219.0	7	0.49469964664310956	243219.0	7	0.49469964664310956	2099.5	13	0.9187279151943464	969.0	0	0.0	969.0	0	0.0
login	14	162	244725.0	2	0.1413427561837456	244725.0	7	0.49469964664310956	2112.5	4	0.2826855123674912	975.0	0	0.0	975.0	0	0.0
login	14	163	246231.0	12	0.8480565371024735	246231.0	8	0.5653710247349824	2125.5	3	0.21201413427561838	981.0	0	0.0	981.0	0	0.0
login	14	164	247737.0	0	0.0	247737.0	6	0.42402826855123676	2138.5	0	0.0	987.0	0	0.0	987.0	0	0.0
login	14	165	249243.0	14	0.9893992932862191	249243.0	7	0.49469964664310956	2151.5	1	0.0706713780918728	993.0	0	0.0	993.0	0	0.0
login	14	166	250749.0	0	0.0	250749.0	7	0.49469964664310956	2164.5	3	0.21201413427561838	999.0	0	0.0	999.0	0	0.0
login	14	167	252255.0	14	0.9893992932862191	252255.0	8	0.5653710247349824	2177.5	3	0.21201413427561838	1005.0	0	0.0	1005.0	0	0.0
login	14	168	253761.0	11	0.7773851590106007	253761.0	6	0.42402826855123676	2190.5	6	0.42402826855123676	1011.0	0	0.0	1011.0	0	0.0
login	14	169	255267.0	3	0.21201413427561838	255267.0	11	0.7773851590106007	2203.5	5	0.35335689045936397	1017.0	0	0.0	1017.0	0	0.0
login	14	170	256773.0	14	0.9893992932862191	256773.0	4	0.2826855123674912	2216.5	4	0.2826855123674912	1023.0	0	0.0	1023.0	0	0.0
login	14	171	258279.0	0	0.0	258279.0	11	0.7773851590106007	2229.5	2	0.1413427561837456	1029.0	0	0.0	1029.0	0	0.0
login	14	172	259785.0	14	0.9893992932862191	259785.0	6	0.42402826855123676	2242.5	1	0.0706713780918728	1035.0	0	0.0	1035.0	0	0.0
login	14	173	261291.0	0	0.0	261291.0	10	0.7067137809187279	2255.5	0	0.0	1041.0	0	0.0	1041.0	0	0.0
login	14	174	262797.0	14	0.9893992932862191	262797.0	2	0.1413427561837456	2268.5	1	0.0706713780918728	1047.0	0	0.0	1047.0	0	0.0
login	14	175	264303.0	0	0.0	264303.0	12	0.8480565371024735	2281.5	1	0.0706713780918728	1053.0	0	0.0	1053.0	0	0.0
login	14	176	265809.0	14	0.9893992932862191	265809.0	2	0.1413427561837456	2294.5	4	0.2826855123674912	1059.0	0	0.0	1059.0	0	0.0
login	14	177	267315.0	0	0.0	267315.0	12	0.8480565371024735	2307.5	1	0.0706713780918728	1065.0	0	0.0	1065.0	0	0.0
login	14	178	268821.0	14	0.9893992932862191	268821.0	2	0.1413427561837456	2320.5	0	0.0	1071.0	0	0.0	1071.0	0	0.0
login	14	179	270327.0	0	0.0	270327.0	11	0.7773851590106007	2333.5	0	0.0	1077.0	0	0.0	1077.0	0	0.0
login	14	180	271833.0	14	0.9893992932862191	271833.0	3	0.21201413427561838	2346.5	0	0.0	1083.0	0	0.0	1083.0	0	0.0
login	14	181	273339.0	0	0.0	273339.0	10	0.7067137809187279	2359.5	1	0.0706713780918728	1089.0	0	0.0	1089.0	0	0.0
login	14	182	274845.0	14	0.9893992932862191	274845.0	2	0.1413427561837456	2372.5	1	0.0706713780918728	1095.0	0	0.0	1095.0	0	0.0
login	14	183	276351.0	0	0.0	276351.0	8	0.5653710247349824	2385.5	0	0.0	1101.0	0	0.0	1101.0	0	0.0
login	14	184	277857.0	14	0.9893992932862191	277857.0	6	0.42402826855123676	2398.5	3	0.21201413427561838	1107.0	0	0.0	1107.0	0	0.0
login	14	185	279363.0	0	0.0	279363.0	10	0.7067137809187279	2411.5	0	0.0	1113.0	0	0.0	1113.0	0	0.0
login	14	186	280869.0	14	0.9893992932862191	280869.0	4	0.2826855123674912	2424.5	0	0.0	1119.0	0	0.0	1119.0	0	0.0
login	14	187	282375.0	0	0.0	282375.0	12	0.8480565371024735	2437.5	0	0.0	1125.0	0	0.0	1125.0	0	0.0
login	14	188	283881.0	14	0.9893992932862191	283881.0	3	0.21201413427561838	2450.5	0	0.0	1131.0	0	0.0	1131.0	0	0.0
login	14	189	285387.0	0	0.0	285387.0	13	0.9187279151943464	2463.5	0	0.0	1137.0	0	0.0	1137.0	0	0.0
login	14	190	286893.0	14	0.9893992932862191	286893.0	4	0.2826855123674912	2476.5	1	0.0706713780918728	1143.0	0	0.0	1143.0	0	0.0
login	14	191	288399.0	0	0.0	288399.0	10	0.7067137809187279	2489.5	0	0.0	1149.0	0	0.0	1149.0	0	0.0
login	14	192	289905.0	14	0.9893992932862191	289905.0	2	0.1413427561837456	2502.5	0	0.0	1155.0	0	0.0	1155.0	0	0.0
login	14	193	291411.0	0	0.0	291411.0	12	0.8480565371024735	2515.5	0	0.0	1161.0	0	0.0	1161.0	0	0.0
login	14	194	292917.0	14	0.9893992932862191	292917.0	2	0.1413427561837456	2528.5	0	0.0	1167.0	0	0.0	1167.0	0	0.0
login	14	195	294423.0	0	0.0	294423.0	12	0.8480565371024735	2541.5	0	0.0	1173.0	0	0.0	1173.0	0	0.0
login	14	196	295929.0	14	0.9893992932862191	295929.0	1	0.0706713780918728	2554.5	0	0.0	1179.0	0	0.0	1179.0	0	0.0
login	14	197	297435.0	0	0.0	297435.0	13	0.9187279151943464	2567.5	0	0.0	1185.0	0	0.0	1185.0	0	0.0
login	14	198	298941.0	14	0.9893992932862191	298941.0	2	0.1413427561837456	2580.5	0	0.0	1191.0	0	0.0	1191.0	0	0.0
login	14	199	300447.0	0	0.0	300447.0	12	0.8480565371024735	2593.5	0	0.0	1197.0	0	0.0	1197.0	0	0.0
info	14	0	750.5	13	0.9265858873841768	750.5	13	0.9265858873841768	4.5	184	13.114754098360656	3.0	1403	100.0	3.0	1403	100.0
info	14	1	2251.5	2	0.14255167498218105	2251.5	1	0.07127583749109052	13.5	32	2.2808267997148968	9.0	0	0.0	9.0	0	0.0
info	14	2	3752.5	10	0.7127583749109052	3752.5	1	0.07127583749109052	22.5	35	2.4946543121881684	15.0	0	0.0	15.0	0	0.0
info	14	3	5253.5	3	0.21382751247327159	5253.5	13	0.9265858873841768	31.5	13	0.9265858873841768	21.0	0	0.0	21.0	0	0.0
info	14	4	6754.5	9	0.6414825374198148	6754.5	0	0.0	40.5	12	0.8553100498930863	27.0	0	0.0	27.0	0	0.0
info	14	5	8255.5	5	0.3563791874554526	8255.5	14	0.9978617248752674	49.5	4	0.2851033499643621	33.0	0	0.0	33.0	0	0.0
info	14	6	9756.5	8	0.5702066999287242	9756.5	0	0.0	58.5	10	0.7127583749109052	39.0	0	0.0	39.0	0	0.0
info	14	7	11257.5	6	0.42765502494654317	11257.5	14	0.9978617248752674	67.5	6	0.42765502494654317	45.0	0	0.0	45.0	0	0.0
info	14	8	12758.5	8	0.5702066999287242	12758.5	0	0.0	76.5	28	1.9957234497505347	51.0	0	0.0	51.0	0	0.0
info	14	9	14259.5	6	0.42765502494654317	14259.5	14	0.9978617248752674	85.5	32	2.2808267997148968	57.0	0	0.0	57.0	0	0.0
info	14	10	15760.5	8	0.5702066999287242	15760.5	0	0.0	94.5	33	2.3521026372059874	63.0	0	0.0	63.0	0	0.0
info	14	11	17261.5	6	0.42765502494654317	17261.5	14	0.9978617248752674	103.5	41	2.9223093371347115	69.0	0	0.0	69.0	0	0.0
info	14	12	18762.5	11	0.7840342124019958	18762.5	1	0.07127583749109052	112.5	29	2.066999287241625	75.0	0	0.0	75.0	0	0.0
info	14	13	20263.5	4	0.2851033499643621	20263.5	13	0.9265858873841768	121.5	11	0.7840342124019958	81.0	0	0.0	81.0	0	0.0
info	14	14	21764.5	11	0.7840342124019958	21764.5	11	0.7840342124019958	130.5	5	0.3563791874554526	87.0	0	0.0	87.0	0	0.0
info	14	15	23265.5	3	0.21382751247327159	23265.5	3	0.21382751247327159	139.5	6	0.42765502494654317	93.0	0	0.0	93.0	0	0.0
info	14	16	24766.5	11	0.7840342124019958	24766.5	12	0.8553100498930863	148.5	1	0.07127583749109052	99.0	0	0.0	99.0	0	0.0
info	14	17	26267.5	4	0.2851033499643621	26267.5	2	0.14255167498218105	157.5	2	0.14255167498218105	105.0	0	0.0	105.0	0	0.0
info	14	18	27768.5	12	0.8553100498930863	27768.5	14	0.9978617248752674	166.5	9	0.6414825374198148	111.0	0	0.0	111.0	0	0.0
info	14	19	29269.5	3	0.21382751247327159	29269.5	0	0.0	175.5	14	0.9978617248752674	117.0	0	0.0	117.0	0	0.0
info	14	20	30770.5	11	0.7840342124019958	30770.5	14	0.9978617248752674	184.5	12	0.8553100498930863	123.0	0	0.0	123.0	0	0.0
info	14	21	32271.5	4	0.2851033499643621	32271.5	0	0.0	193.5	12	0.8553100498930863	129.0	0	0.0	129.0	0	0.0
info	14	22	33772.5	10	0.7127583749109052	33772.5	14	0.9978617248752674	202.5	9	0.6414825374198148	135.0	0	0.0	135.0	0	0.0
info	14	23	35273.5	2	0.14255167498218105	35273.5	0	0.0	211.5	10	0.7127583749109052	141.0	0	0.0	141.0	0	0.0
info	14	24	36774.5	12	0.8553100498930863	36774.5	14	0.9978617248752674	220.5	4	0.2851033499643621	147.0	0	0.0	147.0	0	0.0
info	14	25	38275.5	2	0.14255167498218105	38275.5	0	0.0	229.5	4	0.2851033499643621	153.0	0	0.0	153.0	0	0.0
info	14	26	39776.5	11	0.7840342124019958	39776.5	13	0.9265858873841768	238.5	2	0.14255167498218105	159.0	0	0.0	159.0	0	0.0
info	14	27	41277.5	2	0.14255167498218105	41277.5	1	0.07127583749109052	247.5	3	0.21382751247327159	165.0	0	0.0	165.0	0	0.0
info	14	28	42778.5	12	0.8553100498930863	42778.5	12	0.8553100498930863	256.5	2	0.14255167498218105	171.0	0	0.0	171.0	0	0.0
info	14	29	44279.5	1	0.07127583749109052	44279.5	2	0.14255167498218105	265.5	3	0.21382751247327159	177.0	0	0.0	177.0	0	0.0
info	14	30	45780.5	12	0.8553100498930863	45780.5	12	0.8553100498930863	274.5	3	0.21382751247327159	183.0	0	0.0	183.0	0	0.0
info	14	31	47281.5	2	0.14255167498218105	47281.5	2	0.14255167498218105	283.5	3	0.21382751247327159	189.0	0	0.0	189.0	0	0.0
info	14	32	48782.5	11	0.7840342124019958	48782.5	11	0.7840342124019958	292.5	19	1.35424091233072	195.0	0	0.0	195.0	0	0.0
info	14	33	50283.5	3	0.21382751247327159	50283.5	3	0.21382751247327159	301.5	10	0.7127583749109052	201.0	0	0.0	201.0	0	0.0
info	14	34	51784.5	14	0.9978617248752674	51784.5	14	0.9978617248752674	310.5	2	0.14255167498218105	207.0	0	0.0	207.0	0	0.0
info	14	35	53285.5	0	0.0	53285.5	0	0.0	319.5	2	0.14255167498218105	213.0	0	0.0	213.0	0	0.0
info	14	36	54786.5	12	0.8553100498930863	54786.5	0	0.0	328.5	1	0.07127583749109052	219.0	0	0.0	219.0	0	0.0
info	14	37	56287.5	3	0.21382751247327159	56287.5	14	0.9978617248752674	337.5	3	0.21382751247327159	225.0	0	0.0	225.0	0	0.0
info	14	38	57788.5	10	0.7127583749109052	57788.5	0	0.0	346.5	0	0.0	231.0	0	0.0	231.0	0	0.0
info	14	39	59289.5	4	0.2851033499643621	59289.5	14	0.9978617248752674	355.5	0	0.0	237.0	0	0.0	237.0	0	0.0
info	14	40	60790.5	9	0.6414825374198148	60790.5	0	0.0	364.5	3	0.21382751247327159	243.0	0	0.0	243.0	0	0.0
info	14	41	62291.5	4	0.2851033499643621	62291.5	14	0.9978617248752674	373.5	3	0.21382751247327159	249.0	0	0.0	249.0	0	0.0
info	14	42	63792.5	13	0.9265858873841768	63792.5	12	0.8553100498930863	382.5	3	0.21382751247327159	255.0	0	0.0	255.0	0	0.0
info	14	43	65293.5	1	0.07127583749109052	65293.5	2	0.14255167498218105	391.5	6	0.42765502494654317	261.0	0	0.0	261.0	0	0.0
info	14	44	66794.5	10	0.7127583749109052	66794.5	0	0.0	400.5	4	0.2851033499643621	267.0	0	0.0	267.0	0	0.0
info	14	45	68295.5	4	0.2851033499643621	68295.5	14	0.9978617248752674	409.5	7	0.4989308624376337	273.0	0	0.0	273.0	0	0.0
info	14	46	69796.5	9	0.6414825374198148	69796.5	0	0.0	418.5	6	0.42765502494654317	279.0	0	0.0	279.0	0	0.0
info	14	47	71297.5	5	0.3563791874554526	71297.5	14	0.9978617248752674	427.5	2	0.14255167498218105	285.0	0	0.0	285.0	0	0.0
info	14	48	72798.5	8	0.5702066999287242	72798.5	0	0.0	436.5	1	0.07127583749109052	291.0	0	0.0	291.0	0	0.0
info	14	49	74299.5	6	0.42765502494654317	74299.5	14	0.9978617248752674	445.5	0	0.0	297.0	0	0.0	297.0	0	0.0
info	14	50	75800.5	10	0.7127583749109052	75800.5	0	0.0	454.5	1	0.07127583749109052	303.0	0	0.0	303.0	0	0.0
info	14	51	77301.5	5	0.3563791874554526	77301.5	14	0.9978617248752674	463.5	2	0.14255167498218105	309.0	0	0.0	309.0	0	0.0
info	14	52	78802.5	8	0.5702066999287242	78802.5	1	0.07127583749109052	472.5	3	0.21382751247327159	315.0	0	0.0	315.0	0	0.0
info	14	53	80303.5	5	0.3563791874554526	80303.5	13	0.9265858873841768	481.5	8	0.5702066999287242	321.0	0	0.0	321.0	0	0.0
info	14	54	81804.5	11	0.7840342124019958	81804.5	2	0.14255167498218105	490.5	8	0.5702066999287242	327.0	0	0.0	327.0	0	0.0
info	14	55	83305.5	3	0.21382751247327159	83305.5	12	0.8553100498930863	499.5	4	0.2851033499643621	333.0	0	0.0	333.0	0	0.0
info	14	56	84806.5	10	0.7127583749109052	84806.5	0	0.0	508.5	5	0.3563791874554526	339.0	0	0.0	339.0	0	0.0
info	14	57	86307.5	5	0.3563791874554526	86307.5	14	0.9978617248752674	517.5	6	0.42765502494654317	345.0	0	0.0	345.0	0	0.0
info	14	58	87808.5	11	0.7840342124019958	87808.5	12	0.8553100498930863	526.5	5	0.3563791874554526	351.0	0	0.0	351.0	0	0.0
info	14	59	89309.5	3	0.21382751247327159	89309.5	2	0.14255167498218105	535.5	2	0.14255167498218105	357.0	0	0.0	357.0	0	0.0
info	14	60	90810.5	11	0.7840342124019958	90810.5	12	0.8553100498930863	544.5	1	0.07127583749109052	363.0	0	0.0	363.0	0	0.0
info	14	61	92311.5	5	0.3563791874554526	92311.5	2	0.14255167498218105	553.5	0	0.0	369.0	0	0.0	369.0	0	0.0
info	14	62	93812.5	11	0.7840342124019958	93812.5	14	0.9978617248752674	562.5	2	0.14255167498218105	375.0	0	0.0	375.0	0	0.0
info	14	63	95313.5	3	0.21382751247327159	95313.5	0	0.0	571.5	2	0.14255167498218105	381.0	0	0.0	381.0	0	0.0
info	14	64	96814.5	11	0.7840342124019958	96814.5	14	0.9978617248752674	580.5	5	0.3563791874554526	387.0	0	0.0	387.0	0	0.0
info	14	65	98315.5	4	0.2851033499643621	98315.5	0	0.0	589.5	5	0.3563791874554526	393.0	0	0.0	393.0	0	0.0
info	14	66	99816.5	10	0.7127583749109052	99816.5	14	0.9978617248752674	598.5	9	0.6414825374198148	399.0	0	0.0	399.0	0	0.0
info	14	67	101317.5	2	0.14255167498218105	101317.5	0	0.0	607.5	12	0.8553100498930863	405.0	0	0.0	405.0	0	0.0
info	14	68	102818.5	11	0.7840342124019958	102818.5	13	0.9265858873841768	616.5	10	0.7127583749109052	411.0	0	0.0	411.0	0	0.0
info	14	69	104319.5	7	0.4989308624376337	104319.5	1	0.07127583749109052	625.5	7	0.4989308624376337	417.0	0	0.0	417.0	0	0.0
info	14	70	105820.5	8	0.5702066999287242	105820.5	14	0.9978617248752674	634.5	4	0.2851033499643621	423.0	0	0.0	423.0	0	0.0
info	14	71	107321.5	8	0.5702066999287242	107321.5	0	0.0	643.5	0	0.0	429.0	0	0.0	429.0	0	0.0
info	14	72	108822.5	6	0.42765502494654317	108822.5	14	0.9978617248752674	652.5	0	0.0	435.0	0	0.0	435.0	0	0.0
info	14	73	110323.5	6	0.42765502494654317	110323.5	0	0.0	661.5	1	0.07127583749109052	441.0	0	0.0	441.0	0	0.0
info	14	74	111824.5	8	0.5702066999287242	111824.5	14	0.9978617248752674	670.5	6	0.42765502494654317	447.0	0	0.0	447.0	0	0.0
info	14	75	113325.5	7	0.4989308624376337	113325.5	0	0.0	679.5	6	0.42765502494654317	453.0	0	0.0	453.0	0	0.0
info	14	76	114826.5	7	0.4989308624376337	114826.5	14	0.9978617248752674	688.5	12	0.8553100498930863	459.0	0	0.0	459.0	0	0.0
info	14	77	116327.5	9	0.6414825374198148	116327.5	1	0.07127583749109052	697.5	15	1.069137562366358	465.0	0	0.0	465.0	0	0.0
info	14	78	117828.5	5	0.3563791874554526	117828.5	13	0.9265858873841768	706.5	18	1.2829650748396295	471.0	0	0.0	471.0	0	0.0
info	14	79	119329.5	9	0.6414825374198148	119329.5	0	0.0	715.5	19	1.35424091233072	477.0	0	0.0	477.0	0	0.0
info	14	80	120830.5	5	0.3563791874554526	120830.5	14	0.9978617248752674	724.5	6	0.42765502494654317	483.0	0	0.0	483.0	0	0.0
info	14	81	122331.5	11	0.7840342124019958	122331.5	5	0.3563791874554526	733.5	6	0.42765502494654317	489.0	0	0.0	489.0	0	0.0
info	14	82	123832.5	3	0.21382751247327159	123832.5	9	0.6414825374198148	742.5	1	0.07127583749109052	495.0	0	0.0	495.0	0	0.0
info	14	83	125333.5	12	0.8553100498930863	125333.5	0	0.0	751.5	0	0.0	501.0	0	0.0	501.0	0	0.0
info	14	84	126834.5	2	0.14255167498218105	126834.5	14	0.9978617248752674	760.5	4	0.2851033499643621	507.0	0	0.0	507.0	0	0.0
info	14	85	128335.5	8	0.5702066999287242	128335.5	0	0.0	769.5	7	0.4989308624376337	513.0	0	0.0	513.0	0	0.0
info	14	86	129836.5	6	0.42765502494654317	129836.5	14	0.9978617248752674	778.5	10	0.7127583749109052	519.0	0	0.0	519.0	0	0.0
info	14	87	131337.5	8	0.5702066999287242	131337.5	0	0.0	787.5	10	0.7127583749109052	525.0	0	0.0	525.0	0	0.0
info	14	88	132838.5	6	0.42765502494654317	132838.5	14	0.9978617248752674	796.5	12	0.8553100498930863	531.0	0	0.0	531.0	0	0.0
info	14	89	134339.5	7	0.4989308624376337	134339.5	0	0.0	805.5	11	0.7840342124019958	537.0	0	0.0	537.0	0	0.0
info	14	90	135840.5	7	0.4989308624376337	135840.5	14	0.9978617248752674	814.5	11	0.7840342124019958	543.0	0	0.0	543.0	0	0.0
info	14	91	137341.5	8	0.5702066999287242	137341.5	0	0.0	823.5	5	0.3563791874554526	549.0	0	0.0	549.0	0	0.0
info	14	92	138842.5	6	0.42765502494654317	138842.5	14	0.9978617248752674	832.5	5	0.3563791874554526	555.0	0	0.0	555.0	0	0.0
info	14	93	140343.5	8	0.5702066999287242	140343.5	0	0.0	841.5	0	0.0	561.0	0	0.0	561.0	0	0.0
info	14	94	141844.5	6	0.42765502494654317	141844.5	14	0.9978617248752674	850.5	0	0.0	567.0	0	0.0	567.0	0	0.0
info	14	95	143345.5	7	0.4989308624376337	143345.5	0	0.0	859.5	0	0.0	573.0	0	0.0	573.0	0	0.0
info	14	96	144846.5	7	0.4989308624376337	144846.5	14	0.9978617248752674	868.5	4	0.2851033499643621	579.0	0	0.0	579.0	0	0.0
info	14	97	146347.5	8	0.5702066999287242	146347.5	0	0.0	877.5	9	0.6414825374198148	585.0	0	0.0	585.0	0	0.0
info	14	98	147848.5	6	0.42765502494654317	147848.5	14	0.9978617248752674	886.5	9	0.6414825374198148	591.0	0	0.0	591.0	0	0.0
info	14	99	149349.5	8	0.5702066999287242	149349.5	0	0.0	895.5	11	0.7840342124019958	597.0	0	0.0	597.0	0	0.0
info	14	100	150850.5	6	0.42765502494654317	150850.5	14	0.9978617248752674	904.5	18	1.2829650748396295	603.0	0	0.0	603.0	0	0.0
info	14	101	152351.5	7	0.4989308624376337	152351.5	0	0.0	913.5	8	0.5702066999287242	609.0	0	0.0	609.0	0	0.0
info	14	102	153852.5	7	0.4989308624376337	153852.5	14	0.9978617248752674	922.5	4	0.2851033499643621	615.0	0	0.0	615.0	0	0.0
info	14	103	155353.5	7	0.4989308624376337	155353.5	0	0.0	931.5	6	0.42765502494654317	621.0	0	0.0	621.0	0	0.0
info	14	104	156854.5	7	0.4989308624376337	156854.5	14	0.9978617248752674	940.5	3	0.21382751247327159	627.0	0	0.0	627.0	0	0.0
info	14	105	158355.5	7	0.4989308624376337	158355.5	0	0.0	949.5	3	0.21382751247327159	633.0	0	0.0	633.0	0	0.0
info	14	106	159856.5	7	0.4989308624376337	159856.5	14	0.9978617248752674	958.5	4	0.2851033499643621	639.0	0	0.0	639.0	0	0.0
info	14	107	161357.5	6	0.42765502494654317	161357.5	0	0.0	967.5	2	0.14255167498218105	645.0	0	0.0	645.0	0	0.0
info	14	108	162858.5	8	0.5702066999287242	162858.5	14	0.9978617248752674	976.5	7	0.4989308624376337	651.0	0	0.0	651.0	0	0.0
info	14	109	164359.5	6	0.42765502494654317	164359.5	0	0.0	985.5	16	1.1404133998574484	657.0	0	0.0	657.0	0	0.0
info	14	110	165860.5	8	0.5702066999287242	165860.5	14	0.9978617248752674	994.5	12	0.8553100498930863	663.0	0	0.0	663.0	0	0.0
info	14	111	167361.5	5	0.3563791874554526	167361.5	0	0.0	1003.5	9	0.6414825374198148	669.0	0	0.0	669.0	0	0.0
info	14	112	168862.5	9	0.6414825374198148	168862.5	14	0.9978617248752674	1012.5	22	1.5680684248039916	675.0	0	0.0	675.0	0	0.0
info	14	113	170363.5	4	0.2851033499643621	170363.5	0	0.0	1021.5	11	0.7840342124019958	681.0	0	0.0	681.0	0	0.0
info	14	114	171864.5	10	0.7127583749109052	171864.5	14	0.9978617248752674	1030.5	3	0.21382751247327159	687.0	0	0.0	687.0	0	0.0
info	14	115	173365.5	7	0.4989308624376337	173365.5	1	0.07127583749109052	1039.5	3	0.21382751247327159	693.0	0	0.0	693.0	0	0.0
info	14	116	174866.5	8	0.5702066999287242	174866.5	14	0.9978617248752674	1048.5	0	0.0	699.0	0	0.0	699.0	0	0.0
info	14	117	176367.5	6	0.42765502494654317	176367.5	0	0.0	1057.5	3	0.21382751247327159	705.0	0	0.0	705.0	0	0.0
info	14	118	177868.5	8	0.5702066999287242	177868.5	14	0.9978617248752674	1066.5	7	0.4989308624376337	711.0	0	0.0	711.0	0	0.0
info	14	119	179369.5	6	0.42765502494654317	179369.5	0	0.0	1075.5	9	0.6414825374198148	717.0	0	0.0	717.0	0	0.0
info	14	120	180870.5	8	0.5702066999287242	180870.5	14	0.9978617248752674	1084.5	11	0.7840342124019958	723.0	0	0.0	723.0	0	0.0
info	14	121	182371.5	7	0.4989308624376337	182371.5	0	0.0	1093.5	8	0.5702066999287242	729.0	0	0.0	729.0	0	0.0
info	14	122	183872.5	7	0.4989308624376337	183872.5	14	0.9978617248752674	1102.5	8	0.5702066999287242	735.0	0	0.0	735.0	0	0.0
info	14	123	185373.5	6	0.42765502494654317	185373.5	0	0.0	1111.5	10	0.7127583749109052	741.0	0	0.0	741.0	0	0.0
info	14	124	186874.5	8	0.5702066999287242	186874.5	14	0.9978617248752674	1120.5	3	0.21382751247327159	747.0	0	0.0	747.0	0	0.0
info	14	125	188375.5	8	0.5702066999287242	188375.5	0	0.0	1129.5	5	0.3563791874554526	753.0	0	0.0	753.0	0	0.0
info	14	126	189876.5	6	0.42765502494654317	189876.5	14	0.9978617248752674	1138.5	0	0.0	759.0	0	0.0	759.0	0	0.0
info	14	127	191377.5	7	0.4989308624376337	191377.5	0	0.0	1147.5	5	0.3563791874554526	765.0	0	0.0	765.0	0	0.0
info	14	128	192878.5	7	0.4989308624376337	192878.5	14	0.9978617248752674	1156.5	2	0.14255167498218105	771.0	0	0.0	771.0	0	0.0
info	14	129	194379.5	9	0.6414825374198148	194379.5	0	0.0	1165.5	2	0.14255167498218105	777.0	0	0.0	777.0	0	0.0
info	14	130	195880.5	5	0.3563791874554526	195880.5	14	0.9978617248752674	1174.5	10	0.7127583749109052	783.0	0	0.0	783.0	0	0.0
info	14	131	197381.5	8	0.5702066999287242	197381.5	0	0.0	1183.5	5	0.3563791874554526	789.0	0	0.0	789.0	0	0.0
info	14	132	198882.5	6	0.42765502494654317	198882.5	14	0.9978617248752674	1192.5	8	0.5702066999287242	795.0	0	0.0	795.0	0	0.0
info	14	133	200383.5	8	0.5702066999287242	200383.5	0	0.0	1201.5	10	0.7127583749109052	801.0	0	0.0	801.0	0	0.0
info	14	134	201884.5	6	0.42765502494654317	201884.5	14	0.9978617248752674	1210.5	9	0.6414825374198148	807.0	0	0.0	807.0	0	0.0
info	14	135	203385.5	7	0.4989308624376337	203385.5	0	0.0	1219.5	5	0.3563791874554526	813.0	0	0.0	813.0	0	0.0
info	14	136	204886.5	7	0.4989308624376337	204886.5	14	0.9978617248752674	1228.5	11	0.7840342124019958	819.0	0	0.0	819.0	0	0.0
info	14	137	206387.5	7	0.4989308624376337	206387.5	0	0.0	1237.5	2	0.14255167498218105	825.0	0	0.0	825.0	0	0.0
info	14	138	207888.5	7	0.4989308624376337	207888.5	14	0.9978617248752674	1246.5	1	0.07127583749109052	831.0	0	0.0	831.0	0	0.0
info	14	139	209389.5	8	0.5702066999287242	209389.5	0	0.0	1255.5	2	0.14255167498218105	837.0	0	0.0	837.0	0	0.0
info	14	140	210890.5	6	0.42765502494654317	210890.5	14	0.9978617248752674	1264.5	4	0.2851033499643621	843.0	0	0.0	843.0	0	0.0
info	14	141	212391.5	7	0.4989308624376337	212391.5	0	0.0	1273.5	4	0.2851033499643621	849.0	0	0.0	849.0	0	0.0
info	14	142	213892.5	7	0.4989308624376337	213892.5	14	0.9978617248752674	1282.5	9	0.6414825374198148	855.0	0	0.0	855.0	0	0.0
info	14	143	215393.5	6	0.42765502494654317	215393.5	0	0.0	1291.5	7	0.4989308624376337	861.0	0	0.0	861.0	0	0.0
info	14	144	216894.5	8	0.5702066999287242	216894.5	14	0.9978617248752674	1300.5	16	1.1404133998574484	867.0	0	0.0	867.0	0	0.0
info	14	145	218395.5	7	0.4989308624376337	218395.5	0	0.0	1309.5	9	0.6414825374198148	873.0	0	0.0	873.0	0	0.0
info	14	146	219896.5	7	0.4989308624376337	219896.5	14	0.9978617248752674	1318.5	20	1.4255167498218104	879.0	0	0.0	879.0	0	0.0
info	14	147	221397.5	6	0.42765502494654317	221397.5	0	0.0	1327.5	7	0.4989308624376337	885.0	0	0.0	885.0	0	0.0
info	14	148	222898.5	8	0.5702066999287242	222898.5	14	0.9978617248752674	1336.5	1	0.07127583749109052	891.0	0	0.0	891.0	0	0.0
info	14	149	224399.5	7	0.4989308624376337	224399.5	0	0.0	1345.5	0	0.0	897.0	0	0.0	897.0	0	0.0
info	14	150	225900.5	7	0.4989308624376337	225900.5	14	0.9978617248752674	1354.5	1	0.07127583749109052	903.0	0	0.0	903.0	0	0.0
info	14	151	227401.5	8	0.5702066999287242	227401.5	0	0.0	1363.5	5	0.3563791874554526	909.0	0	0.0	909.0	0	0.0
info	14	152	228902.5	6	0.42765502494654317	228902.5	14	0.9978617248752674	1372.5	5	0.3563791874554526	915.0	0	0.0	915.0	0	0.0
info	14	153	230403.5	7	0.4989308624376337	230403.5	0	0.0	1381.5	13	0.9265858873841768	921.0	0	0.0	921.0	0	0.0
info	14	154	231904.5	7	0.4989308624376337	231904.5	14	0.9978617248752674	1390.5	14	0.9978617248752674	927.0	0	0.0	927.0	0	0.0
info	14	155	233405.5	8	0.5702066999287242	233405.5	0	0.0	1399.5	8	0.5702066999287242	933.0	0	0.0	933.0	0	0.0
info	14	156	234906.5	6	0.42765502494654317	234906.5	14	0.9978617248752674	1408.5	4	0.2851033499643621	939.0	0	0.0	939.0	0	0.0
info	14	157	236407.5	7	0.4989308624376337	236407.5	0	0.0	1417.5	7	0.4989308624376337	945.0	0	0.0	945.0	0	0.0
info	14	158	237908.5	7	0.4989308624376337	237908.5	14	0.9978617248752674	1426.5	4	0.2851033499643621	951.0	0	0.0	951.0	0	0.0
info	14	159	239409.5	6	0.42765502494654317	239409.5	0	0.0	1435.5	0	0.0	957.0	0	0.0	957.0	0	0.0
info	14	160	240910.5	8	0.5702066999287242	240910.5	14	0.9978617248752674	1444.5	1	0.07127583749109052	963.0	0	0.0	963.0	0	0.0
info	14	161	242411.5	7	0.4989308624376337	242411.5	0	0.0	1453.5	0	0.0	969.0	0	0.0	969.0	0	0.0
info	14	162	243912.5	7	0.4989308624376337	243912.5	14	0.9978617248752674	1462.5	3	0.21382751247327159	975.0	0	0.0	975.0	0	0.0
info	14	163	245413.5	5	0.3563791874554526	245413.5	0	0.0	1471.5	6	0.42765502494654317	981.0	0	0.0	981.0	0	0.0
info	14	164	246914.5	9	0.6414825374198148	246914.5	14	0.9978617248752674	1480.5	2	0.14255167498218105	987.0	0	0.0	987.0	0	0.0
info	14	165	248415.5	6	0.42765502494654317	248415.5	0	0.0	1489.5	2	0.14255167498218105	993.0	0	0.0	993.0	0	0.0
info	14	166	249916.5	8	0.5702066999287242	249916.5	14	0.9978617248752674	1498.5	6	0.42765502494654317	999.0	0	0.0	999.0	0	0.0
info	14	167	251417.5	6	0.42765502494654317	251417.5	0	0.0	1507.5	2	0.14255167498218105	1005.0	0	0.0	1005.0	0	0.0
info	14	168	252918.5	8	0.5702066999287242	252918.5	14	0.9978617248752674	1516.5	0	0.0	1011.0	0	0.0	1011.0	0	0.0
info	14	169	254419.5	8	0.5702066999287242	254419.5	0	0.0	1525.5	3	0.21382751247327159	1017.0	0	0.0	1017.0	0	0.0
info	14	170	255920.5	6	0.42765502494654317	255920.5	14	0.9978617248752674	1534.5	1	0.07127583749109052	1023.0	0	0.0	1023.0	0	0.0
info	14	171	257421.5	11	0.7840342124019958	257421.5	11	0.7840342124019958	1543.5	1	0.07127583749109052	1029.0	0	0.0	1029.0	0	0.0
info	14	172	258922.5	3	0.21382751247327159	258922.5	3	0.21382751247327159	1552.5	0	0.0	1035.0	0	0.0	1035.0	0	0.0
info	14	173	260423.5	13	0.9265858873841768	260423.5	13	0.9265858873841768	1561.5	1	0.07127583749109052	1041.0	0	0.0	1041.0	0	0.0
info	14	174	261924.5	3	0.21382751247327159	261924.5	1	0.07127583749109052	1570.5	0	0.0	1047.0	0	0.0	1047.0	0	0.0
info	14	175	263425.5	10	0.7127583749109052	263425.5	12	0.8553100498930863	1579.5	1	0.07127583749109052	1053.0	0	0.0	1053.0	0	0.0
info	14	176	264926.5	3	0.21382751247327159	264926.5	2	0.14255167498218105	1588.5	1	0.07127583749109052	1059.0	0	0.0	1059.0	0	0.0
info	14	177	266427.5	10	0.7127583749109052	266427.5	11	0.7840342124019958	1597.5	5	0.3563791874554526	1065.0	0	0.0	1065.0	0	0.0
info	14	178	267928.5	4	0.2851033499643621	267928.5	3	0.21382751247327159	1606.5	3	0.21382751247327159	1071.0	0	0.0	1071.0	0	0.0
info	14	179	269429.5	11	0.7840342124019958	269429.5	9	0.6414825374198148	1615.5	2	0.14255167498218105	1077.0	0	0.0	1077.0	0	0.0
info	14	180	270930.5	2	0.14255167498218105	270930.5	5	0.3563791874554526	1624.5	1	0.07127583749109052	1083.0	0	0.0	1083.0	0	0.0
info	14	181	272431.5	9	0.6414825374198148	272431.5	0	0.0	1633.5	2	0.14255167498218105	1089.0	0	0.0	1089.0	0	0.0
info	14	182	273932.5	5	0.3563791874554526	273932.5	14	0.9978617248752674	1642.5	0	0.0	1095.0	0	0.0	1095.0	0	0.0
info	14	183	275433.5	8	0.5702066999287242	275433.5	0	0.0	1651.5	1	0.07127583749109052	1101.0	0	0.0	1101.0	0	0.0
info	14	184	276934.5	6	0.42765502494654317	276934.5	14	0.9978617248752674	1660.5	1	0.07127583749109052	1107.0	0	0.0	1107.0	0	0.0
info	14	185	278435.5	9	0.6414825374198148	278435.5	0	0.0	1669.5	0	0.0	1113.0	0	0.0	1113.0	0	0.0
info	14	186	279936.5	5	0.3563791874554526	279936.5	14	0.9978617248752674	1678.5	0	0.0	1119.0	0	0.0	1119.0	0	0.0
info	14	187	281437.5	8	0.5702066999287242	281437.5	0	0.0	1687.5	1	0.07127583749109052	1125.0	0	0.0	1125.0	0	0.0
info	14	188	282938.5	6	0.42765502494654317	282938.5	14	0.9978617248752674	1696.5	2	0.14255167498218105	1131.0	0	0.0	1131.0	0	0.0
info	14	189	284439.5	12	0.8553100498930863	284439.5	12	0.8553100498930863	1705.5	2	0.14255167498218105	1137.0	0	0.0	1137.0	0	0.0
info	14	190	285940.5	2	0.14255167498218105	285940.5	2	0.14255167498218105	1714.5	0	0.0	1143.0	0	0.0	1143.0	0	0.0
info	14	191	287441.5	14	0.9978617248752674	287441.5	14	0.9978617248752674	1723.5	2	0.14255167498218105	1149.0	0	0.0	1149.0	0	0.0
info	14	192	288942.5	1	0.07127583749109052	288942.5	0	0.0	1732.5	0	0.0	1155.0	0	0.0	1155.0	0	0.0
info	14	193	290443.5	10	0.7127583749109052	290443.5	11	0.7840342124019958	1741.5	0	0.0	1161.0	0	0.0	1161.0	0	0.0
info	14	194	291944.5	4	0.2851033499643621	291944.5	3	0.21382751247327159	1750.5	0	0.0	1167.0	0	0.0	1167.0	0	0.0
info	14	195	293445.5	8	0.5702066999287242	293445.5	0	0.0	1759.5	0	0.0	1173.0	0	0.0	1173.0	0	0.0
info	14	196	294946.5	6	0.42765502494654317	294946.5	14	0.9978617248752674	1768.5	0	0.0	1179.0	0	0.0	1179.0	0	0.0
info	14	197	296447.5	11	0.7840342124019958	296447.5	11	0.7840342124019958	1777.5	0	0.0	1185.0	0	0.0	1185.0	0	0.0
info	14	198	297948.5	3	0.21382751247327159	297948.5	3	0.21382751247327159	1786.5	1	0.07127583749109052	1191.0	0	0.0	1191.0	0	0.0
info	14	199	299449.5	1	0.07127583749109052	299449.5	2	0.14255167498218105	1795.5	0	0.0	1197.0	0	0.0	1197.0	0	0.0
home	14	0	740.5	14	0.9992862241256246	740.5	14	0.9992862241256246	2.0	8	0.5710206995003569	3.0	1401	100.00000000000001	3.0	1401	100.00000000000001
home	14	1	2221.5	0	0.0	2221.5	0	0.0	6.0	174	12.419700214132764	9.0	0	0.0	9.0	0	0.0
home	14	2	3702.5	14	0.9992862241256246	3702.5	14	0.9992862241256246	10.0	26	1.85581727337616	15.0	0	0.0	15.0	0	0.0
home	14	3	5183.5	0	0.0	5183.5	0	0.0	14.0	18	1.2847965738758031	21.0	0	0.0	21.0	0	0.0
home	14	4	6664.5	14	0.9992862241256246	6664.5	14	0.9992862241256246	18.0	31	2.2127052105638834	27.0	0	0.0	27.0	0	0.0
home	14	5	8145.5	0	0.0	8145.5	0	0.0	22.0	18	1.2847965738758031	33.0	0	0.0	33.0	0	0.0
home	14	6	9626.5	14	0.9992862241256246	9626.5	14	0.9992862241256246	26.0	33	2.355460385438972	39.0	0	0.0	39.0	0	0.0
home	14	7	11107.5	0	0.0	11107.5	0	0.0	30.0	33	2.355460385438972	45.0	0	0.0	45.0	0	0.0
home	14	8	12588.5	14	0.9992862241256246	12588.5	14	0.9992862241256246	34.0	23	1.6416845110635263	51.0	0	0.0	51.0	0	0.0
home	14	9	14069.5	0	0.0	14069.5	0	0.0	38.0	18	1.2847965738758031	57.0	0	0.0	57.0	0	0.0
home	14	10	15550.5	14	0.9992862241256246	15550.5	14	0.9992862241256246	42.0	6	0.4282655246252677	63.0	0	0.0	63.0	0	0.0
home	14	11	17031.5	0	0.0	17031.5	0	0.0	46.0	3	0.21413276231263384	69.0	0	0.0	69.0	0	0.0
home	14	12	18512.5	14	0.9992862241256246	18512.5	14	0.9992862241256246	50.0	3	0.21413276231263384	75.0	0	0.0	75.0	0	0.0
home	14	13	19993.5	0	0.0	19993.5	0	0.0	54.0	1	0.07137758743754462	81.0	0	0.0	81.0	0	0.0
home	14	14	21474.5	14	0.9992862241256246	21474.5	14	0.9992862241256246	58.0	8	0.5710206995003569	87.0	0	0.0	87.0	0	0.0
home	14	15	22955.5	1	0.07137758743754462	22955.5	0	0.0	62.0	8	0.5710206995003569	93.0	0	0.0	93.0	0	0.0
home	14	16	24436.5	13	0.92790863668808	24436.5	14	0.9992862241256246	66.0	4	0.28551034975017847	99.0	0	0.0	99.0	0	0.0
home	14	17	25917.5	0	0.0	25917.5	0	0.0	70.0	12	0.8565310492505354	105.0	0	0.0	105.0	0	0.0
home	14	18	27398.5	14	0.9992862241256246	27398.5	14	0.9992862241256246	74.0	25	1.7844396859386153	111.0	0	0.0	111.0	0	0.0
home	14	19	28879.5	0	0.0	28879.5	0	0.0	78.0	51	3.6402569593147756	117.0	0	0.0	117.0	0	0.0
home	14	20	30360.5	14	0.9992862241256246	30360.5	14	0.9992862241256246	82.0	46	3.2833690221270526	123.0	0	0.0	123.0	0	0.0
home	14	21	31841.5	0	0.0	31841.5	0	0.0	86.0	44	3.1406138472519634	129.0	0	0.0	129.0	0	0.0
home	14	22	33322.5	14	0.9992862241256246	33322.5	14	0.9992862241256246	90.0	61	4.354032833690222	135.0	0	0.0	135.0	0	0.0
home	14	23	34803.5	0	0.0	34803.5	0	0.0	94.0	60	4.282655246252677	141.0	0	0.0	141.0	0	0.0
home	14	24	36284.5	14	0.9992862241256246	36284.5	14	0.9992862241256246	98.0	70	4.996431120628123	147.0	0	0.0	147.0	0	0.0
home	14	25	37765.5	0	0.0	37765.5	0	0.0	102.0	75	5.353319057815846	153.0	0	0.0	153.0	0	0.0
home	14	26	39246.5	14	0.9992862241256246	39246.5	14	0.9992862241256246	106.0	73	5.2105638829407575	159.0	0	0.0	159.0	0	0.0
home	14	27	40727.5	0	0.0	40727.5	0	0.0	110.0	67	4.782298358315489	165.0	0	0.0	165.0	0	0.0
home	14	28	42208.5	14	0.9992862241256246	42208.5	14	0.9992862241256246	114.0	55	3.925767309064954	171.0	0	0.0	171.0	0	0.0
home	14	29	43689.5	0	0.0	43689.5	0	0.0	118.0	50	3.5688793718772307	177.0	0	0.0	177.0	0	0.0
home	14	30	45170.5	14	0.9992862241256246	45170.5	14	0.9992862241256246	122.0	41	2.9264810849393292	183.0	0	0.0	183.0	0	0.0
home	14	31	46651.5	0	0.0	46651.5	0	0.0	126.0	17	1.2134189864382585	189.0	0	0.0	189.0	0	0.0
home	14	32	48132.5	14	0.9992862241256246	48132.5	14	0.9992862241256246	130.0	21	1.498929336188437	195.0	0	0.0	195.0	0	0.0
home	14	33	49613.5	0	0.0	49613.5	0	0.0	134.0	9	0.6423982869379016	201.0	0	0.0	201.0	0	0.0
home	14	34	51094.5	14	0.9992862241256246	51094.5	14	0.9992862241256246	138.0	5	0.3568879371877231	207.0	0	0.0	207.0	0	0.0
home	14	35	52575.5	0	0.0	52575.5	0	0.0	142.0	1	0.07137758743754462	213.0	0	0.0	213.0	0	0.0
home	14	36	54056.5	14	0.9992862241256246	54056.5	14	0.9992862241256246	146.0	0	0.0	219.0	0	0.0	219.0	0	0.0
home	14	37	55537.5	0	0.0	55537.5	0	0.0	150.0	0	0.0	225.0	0	0.0	225.0	0	0.0
home	14	38	57018.5	14	0.9992862241256246	57018.5	14	0.9992862241256246	154.0	2	0.14275517487508924	231.0	0	0.0	231.0	0	0.0
home	14	39	58499.5	0	0.0	58499.5	0	0.0	158.0	9	0.6423982869379016	237.0	0	0.0	237.0	0	0.0
home	14	40	59980.5	14	0.9992862241256246	59980.5	14	0.9992862241256246	162.0	11	0.7851534618129908	243.0	0	0.0	243.0	0	0.0
home	14	41	61461.5	0	0.0	61461.5	0	0.0	166.0	24	1.7130620985010707	249.0	0	0.0	249.0	0	0.0
home	14	42	62942.5	14	0.9992862241256246	62942.5	14	0.9992862241256246	170.0	14	0.9992862241256246	255.0	0	0.0	255.0	0	0.0
home	14	43	64423.5	0	0.0	64423.5	0	0.0	174.0	17	1.2134189864382585	261.0	0	0.0	261.0	0	0.0
home	14	44	65904.5	12	0.8565310492505354	65904.5	12	0.8565310492505354	178.0	19	1.3561741613133478	267.0	0	0.0	267.0	0	0.0
home	14	45	67385.5	2	0.14275517487508924	67385.5	2	0.14275517487508924	182.0	22	1.5703069236259817	273.0	0	0.0	273.0	0	0.0
home	14	46	68866.5	12	0.8565310492505354	68866.5	12	0.8565310492505354	186.0	13	0.92790863668808	279.0	0	0.0	279.0	0	0.0
home	14	47	70347.5	2	0.14275517487508924	70347.5	2	0.14275517487508924	190.0	15	1.0706638115631693	285.0	0	0.0	285.0	0	0.0
home	14	48	71828.5	2	0.14275517487508924	71828.5	0	0.0	194.0	13	0.92790863668808	291.0	0	0.0	291.0	0	0.0
home	14	49	73309.5	12	0.8565310492505354	73309.5	14	0.9992862241256246	198.0	11	0.7851534618129908	297.0	0	0.0	297.0	0	0.0
home	14	50	74790.5	11	0.7851534618129908	74790.5	1	0.07137758743754462	202.0	4	0.28551034975017847	303.0	0	0.0	303.0	0	0.0
home	14	51	76271.5	3	0.21413276231263384	76271.5	13	0.92790863668808	206.0	3	0.21413276231263384	309.0	0	0.0	309.0	0	0.0
home	14	52	77752.5	12	0.8565310492505354	77752.5	7	0.4996431120628123	210.0	3	0.21413276231263384	315.0	0	0.0	315.0	0	0.0
home	14	53	79233.5	2	0.14275517487508924	79233.5	7	0.4996431120628123	214.0	2	0.14275517487508924	321.0	0	0.0	321.0	0	0.0
home	14	54	80714.5	11	0.7851534618129908	80714.5	8	0.5710206995003569	218.0	2	0.14275517487508924	327.0	0	0.0	327.0	0	0.0
home	14	55	82195.5	3	0.21413276231263384	82195.5	6	0.4282655246252677	222.0	1	0.07137758743754462	333.0	0	0.0	333.0	0	0.0
home	14	56	83676.5	11	0.7851534618129908	83676.5	1	0.07137758743754462	226.0	0	0.0	339.0	0	0.0	339.0	0	0.0
home	14	57	85157.5	3	0.21413276231263384	85157.5	13	0.92790863668808	230.0	0	0.0	345.0	0	0.0	345.0	0	0.0
home	14	58	86638.5	13	0.92790863668808	86638.5	13	0.92790863668808	234.0	0	0.0	351.0	0	0.0	351.0	0	0.0
home	14	59	88119.5	1	0.07137758743754462	88119.5	1	0.07137758743754462	238.0	0	0.0	357.0	0	0.0	357.0	0	0.0
home	14	60	89600.5	12	0.8565310492505354	89600.5	12	0.8565310492505354	242.0	0	0.0	363.0	0	0.0	363.0	0	0.0
home	14	61	91081.5	2	0.14275517487508924	91081.5	2	0.14275517487508924	246.0	0	0.0	369.0	0	0.0	369.0	0	0.0
home	14	62	92562.5	14	0.9992862241256246	92562.5	14	0.9992862241256246	250.0	0	0.0	375.0	0	0.0	375.0	0	0.0
home	14	63	94043.5	0	0.0	94043.5	0	0.0	254.0	2	0.14275517487508924	381.0	0	0.0	381.0	0	0.0
home	14	64	95524.5	14	0.9992862241256246	95524.5	14	0.9992862241256246	258.0	0	0.0	387.0	0	0.0	387.0	0	0.0
home	14	65	97005.5	0	0.0	97005.5	0	0.0	262.0	1	0.07137758743754462	393.0	0	0.0	393.0	0	0.0
home	14	66	98486.5	13	0.92790863668808	98486.5	13	0.92790863668808	266.0	1	0.07137758743754462	399.0	0	0.0	399.0	0	0.0
home	14	67	99967.5	1	0.07137758743754462	99967.5	1	0.07137758743754462	270.0	3	0.21413276231263384	405.0	0	0.0	405.0	0	0.0
home	14	68	101448.5	12	0.8565310492505354	101448.5	12	0.8565310492505354	274.0	1	0.07137758743754462	411.0	0	0.0	411.0	0	0.0
home	14	69	102929.5	2	0.14275517487508924	102929.5	2	0.14275517487508924	278.0	3	0.21413276231263384	417.0	0	0.0	417.0	0	0.0
home	14	70	104410.5	14	0.9992862241256246	104410.5	14	0.9992862241256246	282.0	0	0.0	423.0	0	0.0	423.0	0	0.0
home	14	71	105891.5	0	0.0	105891.5	0	0.0	286.0	0	0.0	429.0	0	0.0	429.0	0	0.0
home	14	72	107372.5	14	0.9992862241256246	107372.5	14	0.9992862241256246	290.0	0	0.0	435.0	0	0.0	435.0	0	0.0
home	14	73	108853.5	0	0.0	108853.5	0	0.0	294.0	0	0.0	441.0	0	0.0	441.0	0	0.0
home	14	74	110334.5	14	0.9992862241256246	110334.5	14	0.9992862241256246	298.0	1	0.07137758743754462	447.0	0	0.0	447.0	0	0.0
home	14	75	111815.5	0	0.0	111815.5	0	0.0	302.0	0	0.0	453.0	0	0.0	453.0	0	0.0
home	14	76	113296.5	14	0.9992862241256246	113296.5	14	0.9992862241256246	306.0	0	0.0	459.0	0	0.0	459.0	0	0.0
home	14	77	114777.5	0	0.0	114777.5	0	0.0	310.0	1	0.07137758743754462	465.0	0	0.0	465.0	0	0.0
home	14	78	116258.5	14	0.9992862241256246	116258.5	14	0.9992862241256246	314.0	1	0.07137758743754462	471.0	0	0.0	471.0	0	0.0
home	14	79	117739.5	0	0.0	117739.5	0	0.0	318.0	0	0.0	477.0	0	0.0	477.0	0	0.0
home	14	80	119220.5	14	0.9992862241256246	119220.5	14	0.9992862241256246	322.0	0	0.0	483.0	0	0.0	483.0	0	0.0
home	14	81	120701.5	0	0.0	120701.5	0	0.0	326.0	0	0.0	489.0	0	0.0	489.0	0	0.0
home	14	82	122182.5	14	0.9992862241256246	122182.5	14	0.9992862241256246	330.0	0	0.0	495.0	0	0.0	495.0	0	0.0
home	14	83	123663.5	0	0.0	123663.5	0	0.0	334.0	0	0.0	501.0	0	0.0	501.0	0	0.0
home	14	84	125144.5	14	0.9992862241256246	125144.5	14	0.9992862241256246	338.0	0	0.0	507.0	0	0.0	507.0	0	0.0
home	14	85	126625.5	0	0.0	126625.5	0	0.0	342.0	0	0.0	513.0	0	0.0	513.0	0	0.0
home	14	86	128106.5	14	0.9992862241256246	128106.5	14	0.9992862241256246	346.0	0	0.0	519.0	0	0.0	519.0	0	0.0
home	14	87	129587.5	0	0.0	129587.5	0	0.0	350.0	0	0.0	525.0	0	0.0	525.0	0	0.0
home	14	88	131068.5	14	0.9992862241256246	131068.5	14	0.9992862241256246	354.0	0	0.0	531.0	0	0.0	531.0	0	0.0
home	14	89	132549.5	0	0.0	132549.5	0	0.0	358.0	0	0.0	537.0	0	0.0	537.0	0	0.0
home	14	90	134030.5	14	0.9992862241256246	134030.5	14	0.9992862241256246	362.0	0	0.0	543.0	0	0.0	543.0	0	0.0
home	14	91	135511.5	0	0.0	135511.5	0	0.0	366.0	0	0.0	549.0	0	0.0	549.0	0	0.0
home	14	92	136992.5	14	0.9992862241256246	136992.5	14	0.9992862241256246	370.0	0	0.0	555.0	0	0.0	555.0	0	0.0
home	14	93	138473.5	0	0.0	138473.5	0	0.0	374.0	0	0.0	561.0	0	0.0	561.0	0	0.0
home	14	94	139954.5	14	0.9992862241256246	139954.5	14	0.9992862241256246	378.0	0	0.0	567.0	0	0.0	567.0	0	0.0
home	14	95	141435.5	0	0.0	141435.5	0	0.0	382.0	0	0.0	573.0	0	0.0	573.0	0	0.0
home	14	96	142916.5	14	0.9992862241256246	142916.5	14	0.9992862241256246	386.0	0	0.0	579.0	0	0.0	579.0	0	0.0
home	14	97	144397.5	0	0.0	144397.5	0	0.0	390.0	0	0.0	585.0	0	0.0	585.0	0	0.0
home	14	98	145878.5	14	0.9992862241256246	145878.5	14	0.9992862241256246	394.0	0	0.0	591.0	0	0.0	591.0	0	0.0
home	14	99	147359.5	0	0.0	147359.5	0	0.0	398.0	0	0.0	597.0	0	0.0	597.0	0	0.0
home	14	100	148840.5	14	0.9992862241256246	148840.5	13	0.92790863668808	402.0	0	0.0	603.0	0	0.0	603.0	0	0.0
home	14	101	150321.5	0	0.0	150321.5	1	0.07137758743754462	406.0	0	0.0	609.0	0	0.0	609.0	0	0.0
home	14	102	151802.5	12	0.8565310492505354	151802.5	12	0.8565310492505354	410.0	0	0.0	615.0	0	0.0	615.0	0	0.0
home	14	103	153283.5	2	0.14275517487508924	153283.5	2	0.14275517487508924	414.0	1	0.07137758743754462	621.0	0	0.0	621.0	0	0.0
home	14	104	154764.5	9	0.6423982869379016	154764.5	0	0.0	418.0	0	0.0	627.0	0	0.0	627.0	0	0.0
home	14	105	156245.5	5	0.3568879371877231	156245.5	14	0.9992862241256246	422.0	0	0.0	633.0	0	0.0	633.0	0	0.0
home	14	106	157726.5	0	0.0	157726.5	0	0.0	426.0	0	0.0	639.0	0	0.0	639.0	0	0.0
home	14	107	159207.5	14	0.9992862241256246	159207.5	14	0.9992862241256246	430.0	1	0.07137758743754462	645.0	0	0.0	645.0	0	0.0
home	14	108	160688.5	0	0.0	160688.5	0	0.0	434.0	0	0.0	651.0	0	0.0	651.0	0	0.0
home	14	109	162169.5	14	0.9992862241256246	162169.5	14	0.9992862241256246	438.0	0	0.0	657.0	0	0.0	657.0	0	0.0
home	14	110	163650.5	0	0.0	163650.5	0	0.0	442.0	0	0.0	663.0	0	0.0	663.0	0	0.0
home	14	111	165131.5	14	0.9992862241256246	165131.5	14	0.9992862241256246	446.0	0	0.0	669.0	0	0.0	669.0	0	0.0
home	14	112	166612.5	0	0.0	166612.5	0	0.0	450.0	0	0.0	675.0	0	0.0	675.0	0	0.0
home	14	113	168093.5	14	0.9992862241256246	168093.5	14	0.9992862241256246	454.0	0	0.0	681.0	0	0.0	681.0	0	0.0
home	14	114	169574.5	0	0.0	169574.5	0	0.0	458.0	0	0.0	687.0	0	0.0	687.0	0	0.0
home	14	115	171055.5	15	1.0706638115631693	171055.5	15	1.0706638115631693	462.0	0	0.0	693.0	0	0.0	693.0	0	0.0
home	14	116	172536.5	0	0.0	172536.5	0	0.0	466.0	0	0.0	699.0	0	0.0	699.0	0	0.0
home	14	117	174017.5	14	0.9992862241256246	174017.5	14	0.9992862241256246	470.0	0	0.0	705.0	0	0.0	705.0	0	0.0
home	14	118	175498.5	0	0.0	175498.5	0	0.0	474.0	0	0.0	711.0	0	0.0	711.0	0	0.0
home	14	119	176979.5	14	0.9992862241256246	176979.5	14	0.9992862241256246	478.0	0	0.0	717.0	0	0.0	717.0	0	0.0
home	14	120	178460.5	0	0.0	178460.5	0	0.0	482.0	0	0.0	723.0	0	0.0	723.0	0	0.0
home	14	121	179941.5	14	0.9992862241256246	179941.5	14	0.9992862241256246	486.0	0	0.0	729.0	0	0.0	729.0	0	0.0
home	14	122	181422.5	0	0.0	181422.5	0	0.0	490.0	0	0.0	735.0	0	0.0	735.0	0	0.0
home	14	123	182903.5	14	0.9992862241256246	182903.5	14	0.9992862241256246	494.0	0	0.0	741.0	0	0.0	741.0	0	0.0
home	14	124	184384.5	0	0.0	184384.5	0	0.0	498.0	0	0.0	747.0	0	0.0	747.0	0	0.0
home	14	125	185865.5	14	0.9992862241256246	185865.5	14	0.9992862241256246	502.0	1	0.07137758743754462	753.0	0	0.0	753.0	0	0.0
home	14	126	187346.5	0	0.0	187346.5	0	0.0	506.0	0	0.0	759.0	0	0.0	759.0	0	0.0
home	14	127	188827.5	14	0.9992862241256246	188827.5	14	0.9992862241256246	510.0	0	0.0	765.0	0	0.0	765.0	0	0.0
home	14	128	190308.5	0	0.0	190308.5	0	0.0	514.0	0	0.0	771.0	0	0.0	771.0	0	0.0
home	14	129	191789.5	14	0.9992862241256246	191789.5	14	0.9992862241256246	518.0	0	0.0	777.0	0	0.0	777.0	0	0.0
home	14	130	193270.5	0	0.0	193270.5	0	0.0	522.0	0	0.0	783.0	0	0.0	783.0	0	0.0
home	14	131	194751.5	14	0.9992862241256246	194751.5	14	0.9992862241256246	526.0	0	0.0	789.0	0	0.0	789.0	0	0.0
home	14	132	196232.5	0	0.0	196232.5	0	0.0	530.0	0	0.0	795.0	0	0.0	795.0	0	0.0
home	14	133	197713.5	14	0.9992862241256246	197713.5	14	0.9992862241256246	534.0	0	0.0	801.0	0	0.0	801.0	0	0.0
home	14	134	199194.5	0	0.0	199194.5	0	0.0	538.0	0	0.0	807.0	0	0.0	807.0	0	0.0
home	14	135	200675.5	14	0.9992862241256246	200675.5	14	0.9992862241256246	542.0	0	0.0	813.0	0	0.0	813.0	0	0.0
home	14	136	202156.5	0	0.0	202156.5	0	0.0	546.0	0	0.0	819.0	0	0.0	819.0	0	0.0
home	14	137	203637.5	14	0.9992862241256246	203637.5	14	0.9992862241256246	550.0	0	0.0	825.0	0	0.0	825.0	0	0.0
home	14	138	205118.5	0	0.0	205118.5	0	0.0	554.0	0	0.0	831.0	0	0.0	831.0	0	0.0
home	14	139	206599.5	14	0.9992862241256246	206599.5	14	0.9992862241256246	558.0	0	0.0	837.0	0	0.0	837.0	0	0.0
home	14	140	208080.5	0	0.0	208080.5	0	0.0	562.0	0	0.0	843.0	0	0.0	843.0	0	0.0
home	14	141	209561.5	14	0.9992862241256246	209561.5	14	0.9992862241256246	566.0	0	0.0	849.0	0	0.0	849.0	0	0.0
home	14	142	211042.5	0	0.0	211042.5	0	0.0	570.0	0	0.0	855.0	0	0.0	855.0	0	0.0
home	14	143	212523.5	14	0.9992862241256246	212523.5	14	0.9992862241256246	574.0	0	0.0	861.0	0	0.0	861.0	0	0.0
home	14	144	214004.5	0	0.0	214004.5	0	0.0	578.0	0	0.0	867.0	0	0.0	867.0	0	0.0
home	14	145	215485.5	14	0.9992862241256246	215485.5	14	0.9992862241256246	582.0	0	0.0	873.0	0	0.0	873.0	0	0.0
home	14	146	216966.5	0	0.0	216966.5	0	0.0	586.0	0	0.0	879.0	0	0.0	879.0	0	0.0
home	14	147	218447.5	14	0.9992862241256246	218447.5	14	0.9992862241256246	590.0	0	0.0	885.0	0	0.0	885.0	0	0.0
home	14	148	219928.5	0	0.0	219928.5	0	0.0	594.0	0	0.0	891.0	0	0.0	891.0	0	0.0
home	14	149	221409.5	14	0.9992862241256246	221409.5	14	0.9992862241256246	598.0	0	0.0	897.0	0	0.0	897.0	0	0.0
home	14	150	222890.5	0	0.0	222890.5	0	0.0	602.0	0	0.0	903.0	0	0.0	903.0	0	0.0
home	14	151	224371.5	14	0.9992862241256246	224371.5	14	0.9992862241256246	606.0	0	0.0	909.0	0	0.0	909.0	0	0.0
home	14	152	225852.5	0	0.0	225852.5	0	0.0	610.0	0	0.0	915.0	0	0.0	915.0	0	0.0
home	14	153	227333.5	14	0.9992862241256246	227333.5	14	0.9992862241256246	614.0	0	0.0	921.0	0	0.0	921.0	0	0.0
home	14	154	228814.5	0	0.0	228814.5	0	0.0	618.0	0	0.0	927.0	0	0.0	927.0	0	0.0
home	14	155	230295.5	14	0.9992862241256246	230295.5	14	0.9992862241256246	622.0	0	0.0	933.0	0	0.0	933.0	0	0.0
home	14	156	231776.5	0	0.0	231776.5	0	0.0	626.0	0	0.0	939.0	0	0.0	939.0	0	0.0
home	14	157	233257.5	14	0.9992862241256246	233257.5	14	0.9992862241256246	630.0	0	0.0	945.0	0	0.0	945.0	0	0.0
home	14	158	234738.5	0	0.0	234738.5	0	0.0	634.0	0	0.0	951.0	0	0.0	951.0	0	0.0
home	14	159	236219.5	14	0.9992862241256246	236219.5	14	0.9992862241256246	638.0	0	0.0	957.0	0	0.0	957.0	0	0.0
home	14	160	237700.5	0	0.0	237700.5	0	0.0	642.0	0	0.0	963.0	0	0.0	963.0	0	0.0
home	14	161	239181.5	14	0.9992862241256246	239181.5	14	0.9992862241256246	646.0	0	0.0	969.0	0	0.0	969.0	0	0.0
home	14	162	240662.5	0	0.0	240662.5	0	0.0	650.0	0	0.0	975.0	0	0.0	975.0	0	0.0
home	14	163	242143.5	13	0.92790863668808	242143.5	13	0.92790863668808	654.0	0	0.0	981.0	0	0.0	981.0	0	0.0
home	14	164	243624.5	1	0.07137758743754462	243624.5	1	0.07137758743754462	658.0	0	0.0	987.0	0	0.0	987.0	0	0.0
home	14	165	245105.5	13	0.92790863668808	245105.5	13	0.92790863668808	662.0	0	0.0	993.0	0	0.0	993.0	0	0.0
home	14	166	246586.5	1	0.07137758743754462	246586.5	1	0.07137758743754462	666.0	0	0.0	999.0	0	0.0	999.0	0	0.0
home	14	167	248067.5	12	0.8565310492505354	248067.5	8	0.5710206995003569	670.0	0	0.0	1005.0	0	0.0	1005.0	0	0.0
home	14	168	249548.5	2	0.14275517487508924	249548.5	6	0.4282655246252677	674.0	0	0.0	1011.0	0	0.0	1011.0	0	0.0
home	14	169	251029.5	14	0.9992862241256246	251029.5	14	0.9992862241256246	678.0	0	0.0	1017.0	0	0.0	1017.0	0	0.0
home	14	170	252510.5	0	0.0	252510.5	0	0.0	682.0	0	0.0	1023.0	0	0.0	1023.0	0	0.0
home	14	171	253991.5	14	0.9992862241256246	253991.5	14	0.9992862241256246	686.0	0	0.0	1029.0	0	0.0	1029.0	0	0.0
home	14	172	255472.5	0	0.0	255472.5	0	0.0	690.0	0	0.0	1035.0	0	0.0	1035.0	0	0.0
home	14	173	256953.5	14	0.9992862241256246	256953.5	14	0.9992862241256246	694.0	0	0.0	1041.0	0	0.0	1041.0	0	0.0
home	14	174	258434.5	0	0.0	258434.5	0	0.0	698.0	0	0.0	1047.0	0	0.0	1047.0	0	0.0
home	14	175	259915.5	14	0.9992862241256246	259915.5	14	0.9992862241256246	702.0	0	0.0	1053.0	0	0.0	1053.0	0	0.0
home	14	176	261396.5	0	0.0	261396.5	0	0.0	706.0	0	0.0	1059.0	0	0.0	1059.0	0	0.0
home	14	177	262877.5	14	0.9992862241256246	262877.5	14	0.9992862241256246	710.0	0	0.0	1065.0	0	0.0	1065.0	0	0.0
home	14	178	264358.5	0	0.0	264358.5	0	0.0	714.0	0	0.0	1071.0	0	0.0	1071.0	0	0.0
home	14	179	265839.5	14	0.9992862241256246	265839.5	14	0.9992862241256246	718.0	1	0.07137758743754462	1077.0	0	0.0	1077.0	0	0.0
home	14	180	267320.5	0	0.0	267320.5	0	0.0	722.0	0	0.0	1083.0	0	0.0	1083.0	0	0.0
home	14	181	268801.5	14	0.9992862241256246	268801.5	14	0.9992862241256246	726.0	0	0.0	1089.0	0	0.0	1089.0	0	0.0
home	14	182	270282.5	0	0.0	270282.5	0	0.0	730.0	0	0.0	1095.0	0	0.0	1095.0	0	0.0
home	14	183	271763.5	14	0.9992862241256246	271763.5	14	0.9992862241256246	734.0	0	0.0	1101.0	0	0.0	1101.0	0	0.0
home	14	184	273244.5	0	0.0	273244.5	0	0.0	738.0	0	0.0	1107.0	0	0.0	1107.0	0	0.0
home	14	185	274725.5	12	0.8565310492505354	274725.5	11	0.7851534618129908	742.0	0	0.0	1113.0	0	0.0	1113.0	0	0.0
home	14	186	276206.5	2	0.14275517487508924	276206.5	3	0.21413276231263384	746.0	0	0.0	1119.0	0	0.0	1119.0	0	0.0
home	14	187	277687.5	2	0.14275517487508924	277687.5	0	0.0	750.0	0	0.0	1125.0	0	0.0	1125.0	0	0.0
home	14	188	279168.5	12	0.8565310492505354	279168.5	14	0.9992862241256246	754.0	0	0.0	1131.0	0	0.0	1131.0	0	0.0
home	14	189	280649.5	13	0.92790863668808	280649.5	12	0.8565310492505354	758.0	0	0.0	1137.0	0	0.0	1137.0	0	0.0
home	14	190	282130.5	1	0.07137758743754462	282130.5	2	0.14275517487508924	762.0	0	0.0	1143.0	0	0.0	1143.0	0	0.0
home	14	191	283611.5	14	0.9992862241256246	283611.5	14	0.9992862241256246	766.0	0	0.0	1149.0	0	0.0	1149.0	0	0.0
home	14	192	285092.5	0	0.0	285092.5	0	0.0	770.0	0	0.0	1155.0	0	0.0	1155.0	0	0.0
home	14	193	286573.5	14	0.9992862241256246	286573.5	14	0.9992862241256246	774.0	0	0.0	1161.0	0	0.0	1161.0	0	0.0
home	14	194	288054.5	0	0.0	288054.5	0	0.0	778.0	0	0.0	1167.0	0	0.0	1167.0	0	0.0
home	14	195	289535.5	14	0.9992862241256246	289535.5	14	0.9992862241256246	782.0	0	0.0	1173.0	0	0.0	1173.0	0	0.0
home	14	196	291016.5	0	0.0	291016.5	0	0.0	786.0	0	0.0	1179.0	0	0.0	1179.0	0	0.0
home	14	197	292497.5	14	0.9992862241256246	292497.5	14	0.9992862241256246	790.0	0	0.0	1185.0	0	0.0	1185.0	0	0.0
home	14	198	293978.5	0	0.0	293978.5	0	0.0	794.0	0	0.0	1191.0	0	0.0	1191.0	0	0.0
home	14	199	295459.5	14	0.9992862241256246	295459.5	14	0.9992862241256246	798.0	0	0.0	1197.0	0	0.0	1197.0	0	0.0
