'Request type'	'Load'	'Bucket'	'Start time'	'Absolute'	'Percent of requests'	'End time'	'Absolute'	'Percent of requests'	'Residence time'	'Absolute'	'Percent of requests'	'Theor. think time'	'Absolute'	'Percent of requests'	'Actual think time'	'Absolute'	'Percent of requests'
login	4	0	750.0	4	0.4136504653567735	750.0	4	0.4136504653567735	2.0	0	0.0	3.0	967	100.0	3.0	967	100.0
login	4	1	2250.0	5	0.5170630816959669	2250.0	4	0.4136504653567735	6.0	0	0.0	9.0	0	0.0	9.0	0	0.0
login	4	2	3750.0	6	0.6204756980351602	3750.0	6	0.6204756980351602	10.0	0	0.0	15.0	0	0.0	15.0	0	0.0
login	4	3	5250.0	5	0.5170630816959669	5250.0	6	0.6204756980351602	14.0	0	0.0	21.0	0	0.0	21.0	0	0.0
login	4	4	6750.0	4	0.4136504653567735	6750.0	4	0.4136504653567735	18.0	0	0.0	27.0	0	0.0	27.0	0	0.0
login	4	5	8250.0	6	0.6204756980351602	8250.0	5	0.5170630816959669	22.0	0	0.0	33.0	0	0.0	33.0	0	0.0
login	4	6	9750.0	4	0.4136504653567735	9750.0	5	0.5170630816959669	26.0	0	0.0	39.0	0	0.0	39.0	0	0.0
login	4	7	11250.0	5	0.5170630816959669	11250.0	4	0.4136504653567735	30.0	0	0.0	45.0	0	0.0	45.0	0	0.0
login	4	8	12750.0	6	0.6204756980351602	12750.0	6	0.6204756980351602	34.0	0	0.0	51.0	0	0.0	51.0	0	0.0
login	4	9	14250.0	5	0.5170630816959669	14250.0	5	0.5170630816959669	38.0	0	0.0	57.0	0	0.0	57.0	0	0.0
login	4	10	15750.0	4	0.4136504653567735	15750.0	5	0.5170630816959669	42.0	0	0.0	63.0	0	0.0	63.0	0	0.0
login	4	11	17250.0	5	0.5170630816959669	17250.0	4	0.4136504653567735	46.0	0	0.0	69.0	0	0.0	69.0	0	0.0
login	4	12	18750.0	5	0.5170630816959669	18750.0	6	0.6204756980351602	50.0	0	0.0	75.0	0	0.0	75.0	0	0.0
login	4	13	20250.0	6	0.6204756980351602	20250.0	5	0.5170630816959669	54.0	0	0.0	81.0	0	0.0	81.0	0	0.0
login	4	14	21750.0	5	0.5170630816959669	21750.0	5	0.5170630816959669	58.0	0	0.0	87.0	0	0.0	87.0	0	0.0
login	4	15	23250.0	5	0.5170630816959669	23250.0	6	0.6204756980351602	62.0	0	0.0	93.0	0	0.0	93.0	0	0.0
login	4	16	24750.0	4	0.4136504653567735	24750.0	4	0.4136504653567735	66.0	0	0.0	99.0	0	0.0	99.0	0	0.0
login	4	17	26250.0	4	0.4136504653567735	26250.0	4	0.4136504653567735	70.0	0	0.0	105.0	0	0.0	105.0	0	0.0
login	4	18	27750.0	5	0.5170630816959669	27750.0	4	0.4136504653567735	74.0	0	0.0	111.0	0	0.0	111.0	0	0.0
login	4	19	29250.0	7	0.7238883143743536	29250.0	6	0.6204756980351602	78.0	2	0.20682523267838676	117.0	0	0.0	117.0	0	0.0
login	4	20	30750.0	4	0.4136504653567735	30750.0	5	0.5170630816959669	82.0	11	1.1375387797311272	123.0	0	0.0	123.0	0	0.0
login	4	21	32250.0	4	0.4136504653567735	32250.0	5	0.5170630816959669	86.0	9	0.9307135470527405	129.0	0	0.0	129.0	0	0.0
login	4	22	33750.0	5	0.5170630816959669	33750.0	5	0.5170630816959669	90.0	14	1.4477766287487073	135.0	0	0.0	135.0	0	0.0
login	4	23	35250.0	4	0.4136504653567735	35250.0	4	0.4136504653567735	94.0	7	0.7238883143743536	141.0	0	0.0	141.0	0	0.0
login	4	24	36750.0	6	0.6204756980351602	36750.0	5	0.5170630816959669	98.0	11	1.1375387797311272	147.0	0	0.0	147.0	0	0.0
login	4	25	38250.0	6	0.6204756980351602	38250.0	6	0.6204756980351602	102.0	7	0.7238883143743536	153.0	0	0.0	153.0	0	0.0
login	4	26	39750.0	4	0.4136504653567735	39750.0	5	0.5170630816959669	106.0	10	1.0341261633919339	159.0	0	0.0	159.0	0	0.0
login	4	27	41250.0	4	0.4136504653567735	41250.0	4	0.4136504653567735	110.0	10	1.0341261633919339	165.0	0	0.0	165.0	0	0.0
login	4	28	42750.0	6	0.6204756980351602	42750.0	5	0.5170630816959669	114.0	12	1.2409513960703205	171.0	0	0.0	171.0	0	0.0
login	4	29	44250.0	6	0.6204756980351602	44250.0	5	0.5170630816959669	118.0	12	1.2409513960703205	177.0	0	0.0	177.0	0	0.0
login	4	30	45750.0	4	0.4136504653567735	45750.0	6	0.6204756980351602	122.0	24	2.481902792140641	183.0	0	0.0	183.0	0	0.0
login	4	31	47250.0	4	0.4136504653567735	47250.0	4	0.4136504653567735	126.0	23	2.378490175801448	189.0	0	0.0	189.0	0	0.0
login	4	32	48750.0	6	0.6204756980351602	48750.0	5	0.5170630816959669	130.0	23	2.378490175801448	195.0	0	0.0	195.0	0	0.0
login	4	33	50250.0	6	0.6204756980351602	50250.0	6	0.6204756980351602	134.0	19	1.9648397104446742	201.0	0	0.0	201.0	0	0.0
login	4	34	51750.0	4	0.4136504653567735	51750.0	5	0.5170630816959669	138.0	25	2.5853154084798344	207.0	0	0.0	207.0	0	0.0
login	4	35	53250.0	5	0.5170630816959669	53250.0	5	0.5170630816959669	142.0	16	1.654601861427094	213.0	0	0.0	213.0	0	0.0
login	4	36	54750.0	5	0.5170630816959669	54750.0	5	0.5170630816959669	146.0	22	2.2750775594622543	219.0	0	0.0	219.0	0	0.0
login	4	37	56250.0	4	0.4136504653567735	56250.0	4	0.4136504653567735	150.0	26	2.688728024819028	225.0	0	0.0	225.0	0	0.0
login	4	38	57750.0	5	0.5170630816959669	57750.0	4	0.4136504653567735	154.0	16	1.654601861427094	231.0	0	0.0	231.0	0	0.0
login	4	39	59250.0	7	0.7238883143743536	59250.0	6	0.6204756980351602	158.0	18	1.861427094105481	237.0	0	0.0	237.0	0	0.0
login	4	40	60750.0	4	0.4136504653567735	60750.0	6	0.6204756980351602	162.0	19	1.9648397104446742	243.0	0	0.0	243.0	0	0.0
login	4	41	62250.0	4	0.4136504653567735	62250.0	4	0.4136504653567735	166.0	15	1.5511892450879008	249.0	0	0.0	249.0	0	0.0
login	4	42	63750.0	5	0.5170630816959669	63750.0	5	0.5170630816959669	170.0	16	1.654601861427094	255.0	0	0.0	255.0	0	0.0
login	4	43	65250.0	5	0.5170630816959669	65250.0	5	0.5170630816959669	174.0	15	1.5511892450879008	261.0	0	0.0	261.0	0	0.0
login	4	44	66750.0	4	0.4136504653567735	66750.0	4	0.4136504653567735	178.0	15	1.5511892450879008	267.0	0	0.0	267.0	0	0.0
login	4	45	68250.0	4	0.4136504653567735	68250.0	4	0.4136504653567735	182.0	19	1.9648397104446742	273.0	0	0.0	273.0	0	0.0
login	4	46	69750.0	5	0.5170630816959669	69750.0	4	0.4136504653567735	186.0	19	1.9648397104446742	279.0	0	0.0	279.0	0	0.0
login	4	47	71250.0	5	0.5170630816959669	71250.0	5	0.5170630816959669	190.0	17	1.7580144777662874	285.0	0	0.0	285.0	0	0.0
login	4	48	72750.0	6	0.6204756980351602	72750.0	6	0.6204756980351602	194.0	20	2.0682523267838677	291.0	0	0.0	291.0	0	0.0
login	4	49	74250.0	4	0.4136504653567735	74250.0	5	0.5170630816959669	198.0	20	2.0682523267838677	297.0	0	0.0	297.0	0	0.0
login	4	50	75750.0	5	0.5170630816959669	75750.0	4	0.4136504653567735	202.0	26	2.688728024819028	303.0	0	0.0	303.0	0	0.0
login	4	51	77250.0	5	0.5170630816959669	77250.0	5	0.5170630816959669	206.0	10	1.0341261633919339	309.0	0	0.0	309.0	0	0.0
login	4	52	78750.0	6	0.6204756980351602	78750.0	5	0.5170630816959669	210.0	21	2.171664943123061	315.0	0	0.0	315.0	0	0.0
login	4	53	80250.0	4	0.4136504653567735	80250.0	6	0.6204756980351602	214.0	14	1.4477766287487073	321.0	0	0.0	321.0	0	0.0
login	4	54	81750.0	4	0.4136504653567735	81750.0	4	0.4136504653567735	218.0	12	1.2409513960703205	327.0	0	0.0	327.0	0	0.0
login	4	55	83250.0	4	0.4136504653567735	83250.0	4	0.4136504653567735	222.0	11	1.1375387797311272	333.0	0	0.0	333.0	0	0.0
login	4	56	84750.0	6	0.6204756980351602	84750.0	4	0.4136504653567735	226.0	13	1.344364012409514	339.0	0	0.0	339.0	0	0.0
login	4	57	86250.0	4	0.4136504653567735	86250.0	6	0.6204756980351602	230.0	12	1.2409513960703205	345.0	0	0.0	345.0	0	0.0
login	4	58	87750.0	6	0.6204756980351602	87750.0	5	0.5170630816959669	234.0	9	0.9307135470527405	351.0	0	0.0	351.0	0	0.0
login	4	59	89250.0	4	0.4136504653567735	89250.0	5	0.5170630816959669	238.0	8	0.827300930713547	357.0	0	0.0	357.0	0	0.0
login	4	60	90750.0	4	0.4136504653567735	90750.0	4	0.4136504653567735	242.0	7	0.7238883143743536	363.0	0	0.0	363.0	0	0.0
login	4	61	92250.0	6	0.6204756980351602	92250.0	4	0.4136504653567735	246.0	6	0.6204756980351602	369.0	0	0.0	369.0	0	0.0
login	4	62	93750.0	5	0.5170630816959669	93750.0	4	0.4136504653567735	250.0	5	0.5170630816959669	375.0	0	0.0	375.0	0	0.0
login	4	63	95250.0	5	0.5170630816959669	95250.0	6	0.6204756980351602	254.0	9	0.9307135470527405	381.0	0	0.0	381.0	0	0.0
login	4	64	96750.0	4	0.4136504653567735	96750.0	5	0.5170630816959669	258.0	5	0.5170630816959669	387.0	0	0.0	387.0	0	0.0
login	4	65	98250.0	4	0.4136504653567735	98250.0	5	0.5170630816959669	262.0	7	0.7238883143743536	393.0	0	0.0	393.0	0	0.0
login	4	66	99750.0	5	0.5170630816959669	99750.0	4	0.4136504653567735	266.0	10	1.0341261633919339	399.0	0	0.0	399.0	0	0.0
login	4	67	101250.0	4	0.4136504653567735	101250.0	5	0.5170630816959669	270.0	16	1.654601861427094	405.0	0	0.0	405.0	0	0.0
login	4	68	102750.0	4	0.4136504653567735	102750.0	4	0.4136504653567735	274.0	4	0.4136504653567735	411.0	0	0.0	411.0	0	0.0
login	4	69	104250.0	6	0.6204756980351602	104250.0	4	0.4136504653567735	278.0	8	0.827300930713547	417.0	0	0.0	417.0	0	0.0
login	4	70	105750.0	4	0.4136504653567735	105750.0	6	0.6204756980351602	282.0	9	0.9307135470527405	423.0	0	0.0	423.0	0	0.0
login	4	71	107250.0	5	0.5170630816959669	107250.0	4	0.4136504653567735	286.0	12	1.2409513960703205	429.0	0	0.0	429.0	0	0.0
login	4	72	108750.0	5	0.5170630816959669	108750.0	6	0.6204756980351602	290.0	21	2.171664943123061	435.0	0	0.0	435.0	0	0.0
login	4	73	110250.0	4	0.4136504653567735	110250.0	4	0.4136504653567735	294.0	13	1.344364012409514	441.0	0	0.0	441.0	0	0.0
login	4	74	111750.0	6	0.6204756980351602	111750.0	4	0.4136504653567735	298.0	9	0.9307135470527405	447.0	0	0.0	447.0	0	0.0
login	4	75	113250.0	4	0.4136504653567735	113250.0	4	0.4136504653567735	302.0	14	1.4477766287487073	453.0	0	0.0	453.0	0	0.0
login	4	76	114750.0	5	0.5170630816959669	114750.0	6	0.6204756980351602	306.0	11	1.1375387797311272	459.0	0	0.0	459.0	0	0.0
login	4	77	116250.0	5	0.5170630816959669	116250.0	6	0.6204756980351602	310.0	14	1.4477766287487073	465.0	0	0.0	465.0	0	0.0
login	4	78	117750.0	4	0.4136504653567735	117750.0	4	0.4136504653567735	314.0	10	1.0341261633919339	471.0	0	0.0	471.0	0	0.0
login	4	79	119250.0	5	0.5170630816959669	119250.0	5	0.5170630816959669	318.0	8	0.827300930713547	477.0	0	0.0	477.0	0	0.0
login	4	80	120750.0	6	0.6204756980351602	120750.0	5	0.5170630816959669	322.0	6	0.6204756980351602	483.0	0	0.0	483.0	0	0.0
login	4	81	122250.0	5	0.5170630816959669	122250.0	6	0.6204756980351602	326.0	7	0.7238883143743536	489.0	0	0.0	489.0	0	0.0
login	4	82	123750.0	4	0.4136504653567735	123750.0	4	0.4136504653567735	330.0	6	0.6204756980351602	495.0	0	0.0	495.0	0	0.0
login	4	83	125250.0	6	0.6204756980351602	125250.0	5	0.5170630816959669	334.0	7	0.7238883143743536	501.0	0	0.0	501.0	0	0.0
login	4	84	126750.0	4	0.4136504653567735	126750.0	5	0.5170630816959669	338.0	2	0.20682523267838676	507.0	0	0.0	507.0	0	0.0
login	4	85	128250.0	5	0.5170630816959669	128250.0	4	0.4136504653567735	342.0	2	0.20682523267838676	513.0	0	0.0	513.0	0	0.0
login	4	86	129750.0	6	0.6204756980351602	129750.0	4	0.4136504653567735	346.0	3	0.3102378490175801	519.0	0	0.0	519.0	0	0.0
login	4	87	131250.0	5	0.5170630816959669	131250.0	5	0.5170630816959669	350.0	4	0.4136504653567735	525.0	0	0.0	525.0	0	0.0
login	4	88	132750.0	4	0.4136504653567735	132750.0	4	0.4136504653567735	354.0	3	0.3102378490175801	531.0	0	0.0	531.0	0	0.0
login	4	89	134250.0	4	0.4136504653567735	134250.0	6	0.6204756980351602	358.0	5	0.5170630816959669	537.0	0	0.0	537.0	0	0.0
login	4	90	135750.0	5	0.5170630816959669	135750.0	3	0.3102378490175801	362.0	4	0.4136504653567735	543.0	0	0.0	543.0	0	0.0
login	4	91	137250.0	4	0.4136504653567735	137250.0	6	0.6204756980351602	366.0	3	0.3102378490175801	549.0	0	0.0	549.0	0	0.0
login	4	92	138750.0	4	0.4136504653567735	138750.0	5	0.5170630816959669	370.0	2	0.20682523267838676	555.0	0	0.0	555.0	0	0.0
login	4	93	140250.0	5	0.5170630816959669	140250.0	4	0.4136504653567735	374.0	3	0.3102378490175801	561.0	0	0.0	561.0	0	0.0
login	4	94	141750.0	4	0.4136504653567735	141750.0	5	0.5170630816959669	378.0	7	0.7238883143743536	567.0	0	0.0	567.0	0	0.0
login	4	95	143250.0	4	0.4136504653567735	143250.0	4	0.4136504653567735	382.0	4	0.4136504653567735	573.0	0	0.0	573.0	0	0.0
login	4	96	144750.0	5	0.5170630816959669	144750.0	4	0.4136504653567735	386.0	8	0.827300930713547	579.0	0	0.0	579.0	0	0.0
login	4	97	146250.0	5	0.5170630816959669	146250.0	5	0.5170630816959669	390.0	6	0.6204756980351602	585.0	0	0.0	585.0	0	0.0
login	4	98	147750.0	6	0.6204756980351602	147750.0	7	0.7238883143743536	394.0	2	0.20682523267838676	591.0	0	0.0	591.0	0	0.0
login	4	99	149250.0	4	0.4136504653567735	149250.0	4	0.4136504653567735	398.0	7	0.7238883143743536	597.0	0	0.0	597.0	0	0.0
login	4	100	150750.0	5	0.5170630816959669	150750.0	4	0.4136504653567735	402.0	4	0.4136504653567735	603.0	0	0.0	603.0	0	0.0
login	4	101	152250.0	7	0.7238883143743536	152250.0	6	0.6204756980351602	406.0	5	0.5170630816959669	609.0	0	0.0	609.0	0	0.0
login	4	102	153750.0	4	0.4136504653567735	153750.0	6	0.6204756980351602	410.0	1	0.10341261633919338	615.0	0	0.0	615.0	0	0.0
login	4	103	155250.0	4	0.4136504653567735	155250.0	4	0.4136504653567735	414.0	4	0.4136504653567735	621.0	0	0.0	621.0	0	0.0
login	4	104	156750.0	6	0.6204756980351602	156750.0	5	0.5170630816959669	418.0	3	0.3102378490175801	627.0	0	0.0	627.0	0	0.0
login	4	105	158250.0	6	0.6204756980351602	158250.0	6	0.6204756980351602	422.0	5	0.5170630816959669	633.0	0	0.0	633.0	0	0.0
login	4	106	159750.0	4	0.4136504653567735	159750.0	5	0.5170630816959669	426.0	4	0.4136504653567735	639.0	0	0.0	639.0	0	0.0
login	4	107	161250.0	4	0.4136504653567735	161250.0	4	0.4136504653567735	430.0	1	0.10341261633919338	645.0	0	0.0	645.0	0	0.0
login	4	108	162750.0	6	0.6204756980351602	162750.0	6	0.6204756980351602	434.0	0	0.0	651.0	0	0.0	651.0	0	0.0
login	4	109	164250.0	6	0.6204756980351602	164250.0	6	0.6204756980351602	438.0	1	0.10341261633919338	657.0	0	0.0	657.0	0	0.0
login	4	110	165750.0	4	0.4136504653567735	165750.0	4	0.4136504653567735	442.0	1	0.10341261633919338	663.0	0	0.0	663.0	0	0.0
login	4	111	167250.0	6	0.6204756980351602	167250.0	4	0.4136504653567735	446.0	1	0.10341261633919338	669.0	0	0.0	669.0	0	0.0
login	4	112	168750.0	6	0.6204756980351602	168750.0	6	0.6204756980351602	450.0	0	0.0	675.0	0	0.0	675.0	0	0.0
login	4	113	170250.0	4	0.4136504653567735	170250.0	6	0.6204756980351602	454.0	1	0.10341261633919338	681.0	0	0.0	681.0	0	0.0
login	4	114	171750.0	4	0.4136504653567735	171750.0	4	0.4136504653567735	458.0	0	0.0	687.0	0	0.0	687.0	0	0.0
login	4	115	173250.0	4	0.4136504653567735	173250.0	4	0.4136504653567735	462.0	0	0.0	693.0	0	0.0	693.0	0	0.0
login	4	116	174750.0	5	0.5170630816959669	174750.0	4	0.4136504653567735	466.0	0	0.0	699.0	0	0.0	699.0	0	0.0
login	4	117	176250.0	5	0.5170630816959669	176250.0	5	0.5170630816959669	470.0	1	0.10341261633919338	705.0	0	0.0	705.0	0	0.0
login	4	118	177750.0	6	0.6204756980351602	177750.0	4	0.4136504653567735	474.0	2	0.20682523267838676	711.0	0	0.0	711.0	0	0.0
login	4	119	179250.0	4	0.4136504653567735	179250.0	5	0.5170630816959669	478.0	1	0.10341261633919338	717.0	0	0.0	717.0	0	0.0
login	4	120	180750.0	4	0.4136504653567735	180750.0	4	0.4136504653567735	482.0	1	0.10341261633919338	723.0	0	0.0	723.0	0	0.0
login	4	121	182250.0	4	0.4136504653567735	182250.0	6	0.6204756980351602	486.0	1	0.10341261633919338	729.0	0	0.0	729.0	0	0.0
login	4	122	183750.0	5	0.5170630816959669	183750.0	4	0.4136504653567735	490.0	1	0.10341261633919338	735.0	0	0.0	735.0	0	0.0
login	4	123	185250.0	5	0.5170630816959669	185250.0	5	0.5170630816959669	494.0	1	0.10341261633919338	741.0	0	0.0	741.0	0	0.0
login	4	124	186750.0	4	0.4136504653567735	186750.0	5	0.5170630816959669	498.0	0	0.0	747.0	0	0.0	747.0	0	0.0
login	4	125	188250.0	4	0.4136504653567735	188250.0	4	0.4136504653567735	502.0	0	0.0	753.0	0	0.0	753.0	0	0.0
login	4	126	189750.0	7	0.7238883143743536	189750.0	5	0.5170630816959669	506.0	0	0.0	759.0	0	0.0	759.0	0	0.0
login	4	127	191250.0	5	0.5170630816959669	191250.0	6	0.6204756980351602	510.0	1	0.10341261633919338	765.0	0	0.0	765.0	0	0.0
login	4	128	192750.0	4	0.4136504653567735	192750.0	5	0.5170630816959669	514.0	1	0.10341261633919338	771.0	0	0.0	771.0	0	0.0
login	4	129	194250.0	5	0.5170630816959669	194250.0	4	0.4136504653567735	518.0	0	0.0	777.0	0	0.0	777.0	0	0.0
login	4	130	195750.0	6	0.6204756980351602	195750.0	5	0.5170630816959669	522.0	0	0.0	783.0	0	0.0	783.0	0	0.0
login	4	131	197250.0	5	0.5170630816959669	197250.0	6	0.6204756980351602	526.0	0	0.0	789.0	0	0.0	789.0	0	0.0
login	4	132	198750.0	4	0.4136504653567735	198750.0	5	0.5170630816959669	530.0	1	0.10341261633919338	795.0	0	0.0	795.0	0	0.0
login	4	133	200250.0	5	0.5170630816959669	200250.0	4	0.4136504653567735	534.0	1	0.10341261633919338	801.0	0	0.0	801.0	0	0.0
login	4	134	201750.0	5	0.5170630816959669	201750.0	6	0.6204756980351602	538.0	0	0.0	807.0	0	0.0	807.0	0	0.0
login	4	135	203250.0	4	0.4136504653567735	203250.0	4	0.4136504653567735	542.0	0	0.0	813.0	0	0.0	813.0	0	0.0
login	4	136	204750.0	4	0.4136504653567735	204750.0	4	0.4136504653567735	546.0	0	0.0	819.0	0	0.0	819.0	0	0.0
login	4	137	206250.0	4	0.4136504653567735	206250.0	4	0.4136504653567735	550.0	0	0.0	825.0	0	0.0	825.0	0	0.0
login	4	138	207750.0	6	0.6204756980351602	207750.0	5	0.5170630816959669	554.0	0	0.0	831.0	0	0.0	831.0	0	0.0
login	4	139	209250.0	4	0.4136504653567735	209250.0	5	0.5170630816959669	558.0	0	0.0	837.0	0	0.0	837.0	0	0.0
login	4	140	210750.0	4	0.4136504653567735	210750.0	4	0.4136504653567735	562.0	2	0.20682523267838676	843.0	0	0.0	843.0	0	0.0
login	4	141	212250.0	6	0.6204756980351602	212250.0	5	0.5170630816959669	566.0	0	0.0	849.0	0	0.0	849.0	0	0.0
login	4	142	213750.0	6	0.6204756980351602	213750.0	5	0.5170630816959669	570.0	0	0.0	855.0	0	0.0	855.0	0	0.0
login	4	143	215250.0	4	0.4136504653567735	215250.0	5	0.5170630816959669	574.0	0	0.0	861.0	0	0.0	861.0	0	0.0
login	4	144	216750.0	4	0.4136504653567735	216750.0	5	0.5170630816959669	578.0	1	0.10341261633919338	867.0	0	0.0	867.0	0	0.0
login	4	145	218250.0	4	0.4136504653567735	218250.0	4	0.4136504653567735	582.0	0	0.0	873.0	0	0.0	873.0	0	0.0
login	4	146	219750.0	7	0.7238883143743536	219750.0	4	0.4136504653567735	586.0	0	0.0	879.0	0	0.0	879.0	0	0.0
login	4	147	221250.0	5	0.5170630816959669	221250.0	6	0.6204756980351602	590.0	0	0.0	885.0	0	0.0	885.0	0	0.0
login	4	148	222750.0	4	0.4136504653567735	222750.0	6	0.6204756980351602	594.0	1	0.10341261633919338	891.0	0	0.0	891.0	0	0.0
login	4	149	224250.0	4	0.4136504653567735	224250.0	4	0.4136504653567735	598.0	0	0.0	897.0	0	0.0	897.0	0	0.0
login	4	150	225750.0	4	0.4136504653567735	225750.0	4	0.4136504653567735	602.0	0	0.0	903.0	0	0.0	903.0	0	0.0
login	4	151	227250.0	6	0.6204756980351602	227250.0	6	0.6204756980351602	606.0	1	0.10341261633919338	909.0	0	0.0	909.0	0	0.0
login	4	152	228750.0	6	0.6204756980351602	228750.0	4	0.4136504653567735	610.0	0	0.0	915.0	0	0.0	915.0	0	0.0
login	4	153	230250.0	4	0.4136504653567735	230250.0	6	0.6204756980351602	614.0	0	0.0	921.0	0	0.0	921.0	0	0.0
login	4	154	231750.0	4	0.4136504653567735	231750.0	4	0.4136504653567735	618.0	0	0.0	927.0	0	0.0	927.0	0	0.0
login	4	155	233250.0	5	0.5170630816959669	233250.0	4	0.4136504653567735	622.0	0	0.0	933.0	0	0.0	933.0	0	0.0
login	4	156	234750.0	5	0.5170630816959669	234750.0	6	0.6204756980351602	626.0	0	0.0	939.0	0	0.0	939.0	0	0.0
login	4	157	236250.0	4	0.4136504653567735	236250.0	4	0.4136504653567735	630.0	0	0.0	945.0	0	0.0	945.0	0	0.0
login	4	158	237750.0	5	0.5170630816959669	237750.0	4	0.4136504653567735	634.0	0	0.0	951.0	0	0.0	951.0	0	0.0
login	4	159	239250.0	5	0.5170630816959669	239250.0	4	0.4136504653567735	638.0	0	0.0	957.0	0	0.0	957.0	0	0.0
login	4	160	240750.0	6	0.6204756980351602	240750.0	5	0.5170630816959669	642.0	0	0.0	963.0	0	0.0	963.0	0	0.0
login	4	161	242250.0	4	0.4136504653567735	242250.0	7	0.7238883143743536	646.0	0	0.0	969.0	0	0.0	969.0	0	0.0
login	4	162	243750.0	4	0.4136504653567735	243750.0	4	0.4136504653567735	650.0	0	0.0	975.0	0	0.0	975.0	0	0.0
login	4	163	245250.0	5	0.5170630816959669	245250.0	5	0.5170630816959669	654.0	0	0.0	981.0	0	0.0	981.0	0	0.0
login	4	164	246750.0	7	0.7238883143743536	246750.0	4	0.4136504653567735	658.0	0	0.0	987.0	0	0.0	987.0	0	0.0
login	4	165	248250.0	4	0.4136504653567735	248250.0	7	0.7238883143743536	662.0	0	0.0	993.0	0	0.0	993.0	0	0.0
login	4	166	249750.0	4	0.4136504653567735	249750.0	4	0.4136504653567735	666.0	0	0.0	999.0	0	0.0	999.0	0	0.0
login	4	167	251250.0	5	0.5170630816959669	251250.0	5	0.5170630816959669	670.0	0	0.0	1005.0	0	0.0	1005.0	0	0.0
login	4	168	252750.0	6	0.6204756980351602	252750.0	5	0.5170630816959669	674.0	0	0.0	1011.0	0	0.0	1011.0	0	0.0
login	4	169	254250.0	5	0.5170630816959669	254250.0	6	0.6204756980351602	678.0	0	0.0	1017.0	0	0.0	1017.0	0	0.0
login	4	170	255750.0	5	0.5170630816959669	255750.0	4	0.4136504653567735	682.0	0	0.0	1023.0	0	0.0	1023.0	0	0.0
login	4	171	257250.0	5	0.5170630816959669	257250.0	6	0.6204756980351602	686.0	1	0.10341261633919338	1029.0	0	0.0	1029.0	0	0.0
login	4	172	258750.0	6	0.6204756980351602	258750.0	4	0.4136504653567735	690.0	0	0.0	1035.0	0	0.0	1035.0	0	0.0
login	4	173	260250.0	4	0.4136504653567735	260250.0	6	0.6204756980351602	694.0	0	0.0	1041.0	0	0.0	1041.0	0	0.0
login	4	174	261750.0	4	0.4136504653567735	261750.0	4	0.4136504653567735	698.0	0	0.0	1047.0	0	0.0	1047.0	0	0.0
login	4	175	263250.0	5	0.5170630816959669	263250.0	4	0.4136504653567735	702.0	1	0.10341261633919338	1053.0	0	0.0	1053.0	0	0.0
login	4	176	264750.0	5	0.5170630816959669	264750.0	6	0.6204756980351602	706.0	0	0.0	1059.0	0	0.0	1059.0	0	0.0
login	4	177	266250.0	6	0.6204756980351602	266250.0	5	0.5170630816959669	710.0	0	0.0	1065.0	0	0.0	1065.0	0	0.0
login	4	178	267750.0	4	0.4136504653567735	267750.0	5	0.5170630816959669	714.0	0	0.0	1071.0	0	0.0	1071.0	0	0.0
login	4	179	269250.0	5	0.5170630816959669	269250.0	4	0.4136504653567735	718.0	0	0.0	1077.0	0	0.0	1077.0	0	0.0
login	4	180	270750.0	7	0.7238883143743536	270750.0	6	0.6204756980351602	722.0	0	0.0	1083.0	0	0.0	1083.0	0	0.0
login	4	181	272250.0	4	0.4136504653567735	272250.0	5	0.5170630816959669	726.0	0	0.0	1089.0	0	0.0	1089.0	0	0.0
login	4	182	273750.0	4	0.4136504653567735	273750.0	5	0.5170630816959669	730.0	0	0.0	1095.0	0	0.0	1095.0	0	0.0
login	4	183	275250.0	4	0.4136504653567735	275250.0	4	0.4136504653567735	734.0	0	0.0	1101.0	0	0.0	1101.0	0	0.0
login	4	184	276750.0	4	0.4136504653567735	276750.0	4	0.4136504653567735	738.0	0	0.0	1107.0	0	0.0	1107.0	0	0.0
login	4	185	278250.0	6	0.6204756980351602	278250.0	5	0.5170630816959669	742.0	0	0.0	1113.0	0	0.0	1113.0	0	0.0
login	4	186	279750.0	6	0.6204756980351602	279750.0	5	0.5170630816959669	746.0	0	0.0	1119.0	0	0.0	1119.0	0	0.0
login	4	187	281250.0	4	0.4136504653567735	281250.0	6	0.6204756980351602	750.0	0	0.0	1125.0	0	0.0	1125.0	0	0.0
login	4	188	282750.0	6	0.6204756980351602	282750.0	6	0.6204756980351602	754.0	0	0.0	1131.0	0	0.0	1131.0	0	0.0
login	4	189	284250.0	4	0.4136504653567735	284250.0	4	0.4136504653567735	758.0	0	0.0	1137.0	0	0.0	1137.0	0	0.0
login	4	190	285750.0	4	0.4136504653567735	285750.0	4	0.4136504653567735	762.0	0	0.0	1143.0	0	0.0	1143.0	0	0.0
login	4	191	287250.0	5	0.5170630816959669	287250.0	4	0.4136504653567735	766.0	0	0.0	1149.0	0	0.0	1149.0	0	0.0
login	4	192	288750.0	5	0.5170630816959669	288750.0	6	0.6204756980351602	770.0	0	0.0	1155.0	0	0.0	1155.0	0	0.0
login	4	193	290250.0	4	0.4136504653567735	290250.0	4	0.4136504653567735	774.0	0	0.0	1161.0	0	0.0	1161.0	0	0.0
login	4	194	291750.0	5	0.5170630816959669	291750.0	4	0.4136504653567735	778.0	0	0.0	1167.0	0	0.0	1167.0	0	0.0
login	4	195	293250.0	5	0.5170630816959669	293250.0	6	0.6204756980351602	782.0	0	0.0	1173.0	0	0.0	1173.0	0	0.0
login	4	196	294750.0	6	0.6204756980351602	294750.0	5	0.5170630816959669	786.0	0	0.0	1179.0	0	0.0	1179.0	0	0.0
login	4	197	296250.0	4	0.4136504653567735	296250.0	5	0.5170630816959669	790.0	0	0.0	1185.0	0	0.0	1185.0	0	0.0
login	4	198	297750.0	5	0.5170630816959669	297750.0	4	0.4136504653567735	794.0	0	0.0	1191.0	0	0.0	1191.0	0	0.0
login	4	199	299250.0	4	0.4136504653567735	299250.0	5	0.5170630816959669	798.0	0	0.0	1197.0	0	0.0	1197.0	0	0.0
info	4	0	747.0	5	0.5175983436853002	747.0	5	0.5175983436853002	0.5	0	0.0	3.0	966	100.0	3.0	966	100.0
info	4	1	2241.0	7	0.7246376811594203	2241.0	7	0.7246376811594203	1.5	0	0.0	9.0	0	0.0	9.0	0	0.0
info	4	2	3735.0	4	0.4140786749482402	3735.0	4	0.4140786749482402	2.5	15	1.5527950310559007	15.0	0	0.0	15.0	0	0.0
info	4	3	5229.0	4	0.4140786749482402	5229.0	4	0.4140786749482402	3.5	182	18.84057971014493	21.0	0	0.0	21.0	0	0.0
info	4	4	6723.0	6	0.6211180124223603	6723.0	6	0.6211180124223603	4.5	367	37.99171842650104	27.0	0	0.0	27.0	0	0.0
info	4	5	8217.0	4	0.4140786749482402	8217.0	4	0.4140786749482402	5.5	182	18.84057971014493	33.0	0	0.0	33.0	0	0.0
info	4	6	9711.0	5	0.5175983436853002	9711.0	5	0.5175983436853002	6.5	55	5.693581780538302	39.0	0	0.0	39.0	0	0.0
info	4	7	11205.0	6	0.6211180124223603	11205.0	6	0.6211180124223603	7.5	46	4.761904761904762	45.0	0	0.0	45.0	0	0.0
info	4	8	12699.0	5	0.5175983436853002	12699.0	5	0.5175983436853002	8.5	22	2.277432712215321	51.0	0	0.0	51.0	0	0.0
info	4	9	14193.0	4	0.4140786749482402	14193.0	4	0.4140786749482402	9.5	7	0.7246376811594203	57.0	0	0.0	57.0	0	0.0
info	4	10	15687.0	5	0.5175983436853002	15687.0	5	0.5175983436853002	10.5	7	0.7246376811594203	63.0	0	0.0	63.0	0	0.0
info	4	11	17181.0	5	0.5175983436853002	17181.0	5	0.5175983436853002	11.5	9	0.9316770186335405	69.0	0	0.0	69.0	0	0.0
info	4	12	18675.0	6	0.6211180124223603	18675.0	6	0.6211180124223603	12.5	4	0.4140786749482402	75.0	0	0.0	75.0	0	0.0
info	4	13	20169.0	5	0.5175983436853002	20169.0	5	0.5175983436853002	13.5	8	0.8281573498964804	81.0	0	0.0	81.0	0	0.0
info	4	14	21663.0	5	0.5175983436853002	21663.0	5	0.5175983436853002	14.5	3	0.31055900621118016	87.0	0	0.0	87.0	0	0.0
info	4	15	23157.0	4	0.4140786749482402	23157.0	4	0.4140786749482402	15.5	2	0.2070393374741201	93.0	0	0.0	93.0	0	0.0
info	4	16	24651.0	4	0.4140786749482402	24651.0	4	0.4140786749482402	16.5	3	0.31055900621118016	99.0	0	0.0	99.0	0	0.0
info	4	17	26145.0	5	0.5175983436853002	26145.0	5	0.5175983436853002	17.5	3	0.31055900621118016	105.0	0	0.0	105.0	0	0.0
info	4	18	27639.0	6	0.6211180124223603	27639.0	6	0.6211180124223603	18.5	1	0.10351966873706005	111.0	0	0.0	111.0	0	0.0
info	4	19	29133.0	5	0.5175983436853002	29133.0	5	0.5175983436853002	19.5	0	0.0	117.0	0	0.0	117.0	0	0.0
info	4	20	30627.0	4	0.4140786749482402	30627.0	4	0.4140786749482402	20.5	2	0.2070393374741201	123.0	0	0.0	123.0	0	0.0
info	4	21	32121.0	5	0.5175983436853002	32121.0	5	0.5175983436853002	21.5	1	0.10351966873706005	129.0	0	0.0	129.0	0	0.0
info	4	22	33615.0	4	0.4140786749482402	33615.0	4	0.4140786749482402	22.5	0	0.0	135.0	0	0.0	135.0	0	0.0
info	4	23	35109.0	6	0.6211180124223603	35109.0	6	0.6211180124223603	23.5	0	0.0	141.0	0	0.0	141.0	0	0.0
info	4	24	36603.0	5	0.5175983436853002	36603.0	5	0.5175983436853002	24.5	0	0.0	147.0	0	0.0	147.0	0	0.0
info	4	25	38097.0	5	0.5175983436853002	38097.0	5	0.5175983436853002	25.5	1	0.10351966873706005	153.0	0	0.0	153.0	0	0.0
info	4	26	39591.0	4	0.4140786749482402	39591.0	4	0.4140786749482402	26.5	1	0.10351966873706005	159.0	0	0.0	159.0	0	0.0
info	4	27	41085.0	5	0.5175983436853002	41085.0	5	0.5175983436853002	27.5	0	0.0	165.0	0	0.0	165.0	0	0.0
info	4	28	42579.0	6	0.6211180124223603	42579.0	5	0.5175983436853002	28.5	0	0.0	171.0	0	0.0	171.0	0	0.0
info	4	29	44073.0	5	0.5175983436853002	44073.0	6	0.6211180124223603	29.5	1	0.10351966873706005	177.0	0	0.0	177.0	0	0.0
info	4	30	45567.0	4	0.4140786749482402	45567.0	4	0.4140786749482402	30.5	2	0.2070393374741201	183.0	0	0.0	183.0	0	0.0
info	4	31	47061.0	5	0.5175983436853002	47061.0	5	0.5175983436853002	31.5	2	0.2070393374741201	189.0	0	0.0	189.0	0	0.0
info	4	32	48555.0	5	0.5175983436853002	48555.0	5	0.5175983436853002	32.5	2	0.2070393374741201	195.0	0	0.0	195.0	0	0.0
info	4	33	50049.0	6	0.6211180124223603	50049.0	6	0.6211180124223603	33.5	0	0.0	201.0	0	0.0	201.0	0	0.0
info	4	34	51543.0	4	0.4140786749482402	51543.0	4	0.4140786749482402	34.5	0	0.0	207.0	0	0.0	207.0	0	0.0
info	4	35	53037.0	6	0.6211180124223603	53037.0	6	0.6211180124223603	35.5	4	0.4140786749482402	213.0	0	0.0	213.0	0	0.0
info	4	36	54531.0	4	0.4140786749482402	54531.0	4	0.4140786749482402	36.5	0	0.0	219.0	0	0.0	219.0	0	0.0
info	4	37	56025.0	4	0.4140786749482402	56025.0	4	0.4140786749482402	37.5	1	0.10351966873706005	225.0	0	0.0	225.0	0	0.0
info	4	38	57519.0	7	0.7246376811594203	57519.0	7	0.7246376811594203	38.5	0	0.0	231.0	0	0.0	231.0	0	0.0
info	4	39	59013.0	5	0.5175983436853002	59013.0	4	0.4140786749482402	39.5	0	0.0	237.0	0	0.0	237.0	0	0.0
info	4	40	60507.0	4	0.4140786749482402	60507.0	5	0.5175983436853002	40.5	0	0.0	243.0	0	0.0	243.0	0	0.0
info	4	41	62001.0	4	0.4140786749482402	62001.0	4	0.4140786749482402	41.5	1	0.10351966873706005	249.0	0	0.0	249.0	0	0.0
info	4	42	63495.0	6	0.6211180124223603	63495.0	6	0.6211180124223603	42.5	2	0.2070393374741201	255.0	0	0.0	255.0	0	0.0
info	4	43	64989.0	4	0.4140786749482402	64989.0	4	0.4140786749482402	43.5	0	0.0	261.0	0	0.0	261.0	0	0.0
info	4	44	66483.0	4	0.4140786749482402	66483.0	4	0.4140786749482402	44.5	1	0.10351966873706005	267.0	0	0.0	267.0	0	0.0
info	4	45	67977.0	4	0.4140786749482402	67977.0	4	0.4140786749482402	45.5	1	0.10351966873706005	273.0	0	0.0	273.0	0	0.0
info	4	46	69471.0	5	0.5175983436853002	69471.0	5	0.5175983436853002	46.5	1	0.10351966873706005	279.0	0	0.0	279.0	0	0.0
info	4	47	70965.0	6	0.6211180124223603	70965.0	6	0.6211180124223603	47.5	1	0.10351966873706005	285.0	0	0.0	285.0	0	0.0
info	4	48	72459.0	5	0.5175983436853002	72459.0	5	0.5175983436853002	48.5	0	0.0	291.0	0	0.0	291.0	0	0.0
info	4	49	73953.0	4	0.4140786749482402	73953.0	4	0.4140786749482402	49.5	0	0.0	297.0	0	0.0	297.0	0	0.0
info	4	50	75447.0	4	0.4140786749482402	75447.0	4	0.4140786749482402	50.5	0	0.0	303.0	0	0.0	303.0	0	0.0
info	4	51	76941.0	7	0.7246376811594203	76941.0	7	0.7246376811594203	51.5	1	0.10351966873706005	309.0	0	0.0	309.0	0	0.0
info	4	52	78435.0	5	0.5175983436853002	78435.0	5	0.5175983436853002	52.5	1	0.10351966873706005	315.0	0	0.0	315.0	0	0.0
info	4	53	79929.0	4	0.4140786749482402	79929.0	4	0.4140786749482402	53.5	2	0.2070393374741201	321.0	0	0.0	321.0	0	0.0
info	4	54	81423.0	4	0.4140786749482402	81423.0	4	0.4140786749482402	54.5	0	0.0	327.0	0	0.0	327.0	0	0.0
info	4	55	82917.0	4	0.4140786749482402	82917.0	4	0.4140786749482402	55.5	0	0.0	333.0	0	0.0	333.0	0	0.0
info	4	56	84411.0	5	0.5175983436853002	84411.0	5	0.5175983436853002	56.5	2	0.2070393374741201	339.0	0	0.0	339.0	0	0.0
info	4	57	85905.0	5	0.5175983436853002	85905.0	5	0.5175983436853002	57.5	2	0.2070393374741201	345.0	0	0.0	345.0	0	0.0
info	4	58	87399.0	6	0.6211180124223603	87399.0	6	0.6211180124223603	58.5	1	0.10351966873706005	351.0	0	0.0	351.0	0	0.0
info	4	59	88893.0	4	0.4140786749482402	88893.0	4	0.4140786749482402	59.5	4	0.4140786749482402	357.0	0	0.0	357.0	0	0.0
info	4	60	90387.0	4	0.4140786749482402	90387.0	4	0.4140786749482402	60.5	5	0.5175983436853002	363.0	0	0.0	363.0	0	0.0
info	4	61	91881.0	6	0.6211180124223603	91881.0	6	0.6211180124223603	61.5	3	0.31055900621118016	369.0	0	0.0	369.0	0	0.0
info	4	62	93375.0	4	0.4140786749482402	93375.0	4	0.4140786749482402	62.5	2	0.2070393374741201	375.0	0	0.0	375.0	0	0.0
info	4	63	94869.0	5	0.5175983436853002	94869.0	5	0.5175983436853002	63.5	0	0.0	381.0	0	0.0	381.0	0	0.0
info	4	64	96363.0	5	0.5175983436853002	96363.0	5	0.5175983436853002	64.5	2	0.2070393374741201	387.0	0	0.0	387.0	0	0.0
info	4	65	97857.0	4	0.4140786749482402	97857.0	4	0.4140786749482402	65.5	1	0.10351966873706005	393.0	0	0.0	393.0	0	0.0
info	4	66	99351.0	5	0.5175983436853002	99351.0	5	0.5175983436853002	66.5	0	0.0	399.0	0	0.0	399.0	0	0.0
info	4	67	100845.0	4	0.4140786749482402	100845.0	4	0.4140786749482402	67.5	0	0.0	405.0	0	0.0	405.0	0	0.0
info	4	68	102339.0	4	0.4140786749482402	102339.0	4	0.4140786749482402	68.5	0	0.0	411.0	0	0.0	411.0	0	0.0
info	4	69	103833.0	5	0.5175983436853002	103833.0	5	0.5175983436853002	69.5	0	0.0	417.0	0	0.0	417.0	0	0.0
info	4	70	105327.0	5	0.5175983436853002	105327.0	5	0.5175983436853002	70.5	0	0.0	423.0	0	0.0	423.0	0	0.0
info	4	71	106821.0	4	0.4140786749482402	106821.0	4	0.4140786749482402	71.5	0	0.0	429.0	0	0.0	429.0	0	0.0
info	4	72	108315.0	6	0.6211180124223603	108315.0	6	0.6211180124223603	72.5	0	0.0	435.0	0	0.0	435.0	0	0.0
info	4	73	109809.0	4	0.4140786749482402	109809.0	4	0.4140786749482402	73.5	0	0.0	441.0	0	0.0	441.0	0	0.0
info	4	74	111303.0	4	0.4140786749482402	111303.0	4	0.4140786749482402	74.5	0	0.0	447.0	0	0.0	447.0	0	0.0
info	4	75	112797.0	4	0.4140786749482402	112797.0	4	0.4140786749482402	75.5	0	0.0	453.0	0	0.0	453.0	0	0.0
info	4	76	114291.0	6	0.6211180124223603	114291.0	6	0.6211180124223603	76.5	0	0.0	459.0	0	0.0	459.0	0	0.0
info	4	77	115785.0	6	0.6211180124223603	115785.0	6	0.6211180124223603	77.5	0	0.0	465.0	0	0.0	465.0	0	0.0
info	4	78	117279.0	4	0.4140786749482402	117279.0	4	0.4140786749482402	78.5	0	0.0	471.0	0	0.0	471.0	0	0.0
info	4	79	118773.0	5	0.5175983436853002	118773.0	5	0.5175983436853002	79.5	0	0.0	477.0	0	0.0	477.0	0	0.0
info	4	80	120267.0	5	0.5175983436853002	120267.0	5	0.5175983436853002	80.5	0	0.0	483.0	0	0.0	483.0	0	0.0
info	4	81	121761.0	6	0.6211180124223603	121761.0	6	0.6211180124223603	81.5	0	0.0	489.0	0	0.0	489.0	0	0.0
info	4	82	123255.0	4	0.4140786749482402	123255.0	4	0.4140786749482402	82.5	0	0.0	495.0	0	0.0	495.0	0	0.0
info	4	83	124749.0	5	0.5175983436853002	124749.0	5	0.5175983436853002	83.5	0	0.0	501.0	0	0.0	501.0	0	0.0
info	4	84	126243.0	5	0.5175983436853002	126243.0	5	0.5175983436853002	84.5	0	0.0	507.0	0	0.0	507.0	0	0.0
info	4	85	127737.0	4	0.4140786749482402	127737.0	4	0.4140786749482402	85.5	0	0.0	513.0	0	0.0	513.0	0	0.0
info	4	86	129231.0	4	0.4140786749482402	129231.0	4	0.4140786749482402	86.5	0	0.0	519.0	0	0.0	519.0	0	0.0
info	4	87	130725.0	5	0.5175983436853002	130725.0	5	0.5175983436853002	87.5	0	0.0	525.0	0	0.0	525.0	0	0.0
info	4	88	132219.0	4	0.4140786749482402	132219.0	4	0.4140786749482402	88.5	0	0.0	531.0	0	0.0	531.0	0	0.0
info	4	89	133713.0	6	0.6211180124223603	133713.0	6	0.6211180124223603	89.5	0	0.0	537.0	0	0.0	537.0	0	0.0
info	4	90	135207.0	3	0.31055900621118016	135207.0	3	0.31055900621118016	90.5	0	0.0	543.0	0	0.0	543.0	0	0.0
info	4	91	136701.0	6	0.6211180124223603	136701.0	6	0.6211180124223603	91.5	0	0.0	549.0	0	0.0	549.0	0	0.0
info	4	92	138195.0	5	0.5175983436853002	138195.0	5	0.5175983436853002	92.5	0	0.0	555.0	0	0.0	555.0	0	0.0
info	4	93	139689.0	4	0.4140786749482402	139689.0	4	0.4140786749482402	93.5	0	0.0	561.0	0	0.0	561.0	0	0.0
info	4	94	141183.0	5	0.5175983436853002	141183.0	5	0.5175983436853002	94.5	0	0.0	567.0	0	0.0	567.0	0	0.0
info	4	95	142677.0	4	0.4140786749482402	142677.0	4	0.4140786749482402	95.5	0	0.0	573.0	0	0.0	573.0	0	0.0
info	4	96	144171.0	4	0.4140786749482402	144171.0	4	0.4140786749482402	96.5	0	0.0	579.0	0	0.0	579.0	0	0.0
info	4	97	145665.0	5	0.5175983436853002	145665.0	5	0.5175983436853002	97.5	0	0.0	585.0	0	0.0	585.0	0	0.0
info	4	98	147159.0	6	0.6211180124223603	147159.0	6	0.6211180124223603	98.5	0	0.0	591.0	0	0.0	591.0	0	0.0
info	4	99	148653.0	5	0.5175983436853002	148653.0	5	0.5175983436853002	99.5	0	0.0	597.0	0	0.0	597.0	0	0.0
info	4	100	150147.0	4	0.4140786749482402	150147.0	4	0.4140786749482402	100.5	0	0.0	603.0	0	0.0	603.0	0	0.0
info	4	101	151641.0	6	0.6211180124223603	151641.0	6	0.6211180124223603	101.5	0	0.0	609.0	0	0.0	609.0	0	0.0
info	4	102	153135.0	6	0.6211180124223603	153135.0	6	0.6211180124223603	102.5	0	0.0	615.0	0	0.0	615.0	0	0.0
info	4	103	154629.0	4	0.4140786749482402	154629.0	4	0.4140786749482402	103.5	0	0.0	621.0	0	0.0	621.0	0	0.0
info	4	104	156123.0	4	0.4140786749482402	156123.0	4	0.4140786749482402	104.5	0	0.0	627.0	0	0.0	627.0	0	0.0
info	4	105	157617.0	6	0.6211180124223603	157617.0	6	0.6211180124223603	105.5	0	0.0	633.0	0	0.0	633.0	0	0.0
info	4	106	159111.0	5	0.5175983436853002	159111.0	5	0.5175983436853002	106.5	0	0.0	639.0	0	0.0	639.0	0	0.0
info	4	107	160605.0	5	0.5175983436853002	160605.0	5	0.5175983436853002	107.5	0	0.0	645.0	0	0.0	645.0	0	0.0
info	4	108	162099.0	5	0.5175983436853002	162099.0	5	0.5175983436853002	108.5	0	0.0	651.0	0	0.0	651.0	0	0.0
info	4	109	163593.0	6	0.6211180124223603	163593.0	6	0.6211180124223603	109.5	0	0.0	657.0	0	0.0	657.0	0	0.0
info	4	110	165087.0	5	0.5175983436853002	165087.0	5	0.5175983436853002	110.5	0	0.0	663.0	0	0.0	663.0	0	0.0
info	4	111	166581.0	4	0.4140786749482402	166581.0	4	0.4140786749482402	111.5	0	0.0	669.0	0	0.0	669.0	0	0.0
info	4	112	168075.0	6	0.6211180124223603	168075.0	6	0.6211180124223603	112.5	0	0.0	675.0	0	0.0	675.0	0	0.0
info	4	113	169569.0	5	0.5175983436853002	169569.0	4	0.4140786749482402	113.5	0	0.0	681.0	0	0.0	681.0	0	0.0
info	4	114	171063.0	5	0.5175983436853002	171063.0	6	0.6211180124223603	114.5	0	0.0	687.0	0	0.0	687.0	0	0.0
info	4	115	172557.0	4	0.4140786749482402	172557.0	4	0.4140786749482402	115.5	0	0.0	693.0	0	0.0	693.0	0	0.0
info	4	116	174051.0	4	0.4140786749482402	174051.0	4	0.4140786749482402	116.5	0	0.0	699.0	0	0.0	699.0	0	0.0
info	4	117	175545.0	4	0.4140786749482402	175545.0	4	0.4140786749482402	117.5	0	0.0	705.0	0	0.0	705.0	0	0.0
info	4	118	177039.0	4	0.4140786749482402	177039.0	4	0.4140786749482402	118.5	0	0.0	711.0	0	0.0	711.0	0	0.0
info	4	119	178533.0	4	0.4140786749482402	178533.0	4	0.4140786749482402	119.5	0	0.0	717.0	0	0.0	717.0	0	0.0
info	4	120	180027.0	6	0.6211180124223603	180027.0	6	0.6211180124223603	120.5	0	0.0	723.0	0	0.0	723.0	0	0.0
info	4	121	181521.0	4	0.4140786749482402	181521.0	4	0.4140786749482402	121.5	0	0.0	729.0	0	0.0	729.0	0	0.0
info	4	122	183015.0	4	0.4140786749482402	183015.0	4	0.4140786749482402	122.5	0	0.0	735.0	0	0.0	735.0	0	0.0
info	4	123	184509.0	5	0.5175983436853002	184509.0	5	0.5175983436853002	123.5	0	0.0	741.0	0	0.0	741.0	0	0.0
info	4	124	186003.0	6	0.6211180124223603	186003.0	6	0.6211180124223603	124.5	0	0.0	747.0	0	0.0	747.0	0	0.0
info	4	125	187497.0	5	0.5175983436853002	187497.0	5	0.5175983436853002	125.5	0	0.0	753.0	0	0.0	753.0	0	0.0
info	4	126	188991.0	4	0.4140786749482402	188991.0	4	0.4140786749482402	126.5	0	0.0	759.0	0	0.0	759.0	0	0.0
info	4	127	190485.0	6	0.6211180124223603	190485.0	6	0.6211180124223603	127.5	0	0.0	765.0	0	0.0	765.0	0	0.0
info	4	128	191979.0	6	0.6211180124223603	191979.0	6	0.6211180124223603	128.5	0	0.0	771.0	0	0.0	771.0	0	0.0
info	4	129	193473.0	4	0.4140786749482402	193473.0	4	0.4140786749482402	129.5	0	0.0	777.0	0	0.0	777.0	0	0.0
info	4	130	194967.0	4	0.4140786749482402	194967.0	4	0.4140786749482402	130.5	0	0.0	783.0	0	0.0	783.0	0	0.0
info	4	131	196461.0	5	0.5175983436853002	196461.0	5	0.5175983436853002	131.5	0	0.0	789.0	0	0.0	789.0	0	0.0
info	4	132	197955.0	5	0.5175983436853002	197955.0	5	0.5175983436853002	132.5	0	0.0	795.0	0	0.0	795.0	0	0.0
info	4	133	199449.0	4	0.4140786749482402	199449.0	4	0.4140786749482402	133.5	0	0.0	801.0	0	0.0	801.0	0	0.0
info	4	134	200943.0	6	0.6211180124223603	200943.0	6	0.6211180124223603	134.5	0	0.0	807.0	0	0.0	807.0	0	0.0
info	4	135	202437.0	4	0.4140786749482402	202437.0	4	0.4140786749482402	135.5	0	0.0	813.0	0	0.0	813.0	0	0.0
info	4	136	203931.0	4	0.4140786749482402	203931.0	4	0.4140786749482402	136.5	0	0.0	819.0	0	0.0	819.0	0	0.0
info	4	137	205425.0	6	0.6211180124223603	205425.0	6	0.6211180124223603	137.5	0	0.0	825.0	0	0.0	825.0	0	0.0
info	4	138	206919.0	4	0.4140786749482402	206919.0	4	0.4140786749482402	138.5	0	0.0	831.0	0	0.0	831.0	0	0.0
info	4	139	208413.0	5	0.5175983436853002	208413.0	5	0.5175983436853002	139.5	0	0.0	837.0	0	0.0	837.0	0	0.0
info	4	140	209907.0	5	0.5175983436853002	209907.0	5	0.5175983436853002	140.5	0	0.0	843.0	0	0.0	843.0	0	0.0
info	4	141	211401.0	4	0.4140786749482402	211401.0	4	0.4140786749482402	141.5	0	0.0	849.0	0	0.0	849.0	0	0.0
info	4	142	212895.0	5	0.5175983436853002	212895.0	4	0.4140786749482402	142.5	0	0.0	855.0	0	0.0	855.0	0	0.0
info	4	143	214389.0	5	0.5175983436853002	214389.0	6	0.6211180124223603	143.5	0	0.0	861.0	0	0.0	861.0	0	0.0
info	4	144	215883.0	5	0.5175983436853002	215883.0	4	0.4140786749482402	144.5	0	0.0	867.0	0	0.0	867.0	0	0.0
info	4	145	217377.0	5	0.5175983436853002	217377.0	6	0.6211180124223603	145.5	0	0.0	873.0	0	0.0	873.0	0	0.0
info	4	146	218871.0	4	0.4140786749482402	218871.0	4	0.4140786749482402	146.5	0	0.0	879.0	0	0.0	879.0	0	0.0
info	4	147	220365.0	4	0.4140786749482402	220365.0	4	0.4140786749482402	147.5	0	0.0	885.0	0	0.0	885.0	0	0.0
info	4	148	221859.0	5	0.5175983436853002	221859.0	5	0.5175983436853002	148.5	0	0.0	891.0	0	0.0	891.0	0	0.0
info	4	149	223353.0	5	0.5175983436853002	223353.0	5	0.5175983436853002	149.5	0	0.0	897.0	0	0.0	897.0	0	0.0
info	4	150	224847.0	6	0.6211180124223603	224847.0	6	0.6211180124223603	150.5	0	0.0	903.0	0	0.0	903.0	0	0.0
info	4	151	226341.0	4	0.4140786749482402	226341.0	4	0.4140786749482402	151.5	0	0.0	909.0	0	0.0	909.0	0	0.0
info	4	152	227835.0	4	0.4140786749482402	227835.0	4	0.4140786749482402	152.5	0	0.0	915.0	0	0.0	915.0	0	0.0
info	4	153	229329.0	6	0.6211180124223603	229329.0	6	0.6211180124223603	153.5	0	0.0	921.0	0	0.0	921.0	0	0.0
info	4	154	230823.0	4	0.4140786749482402	230823.0	4	0.4140786749482402	154.5	0	0.0	927.0	0	0.0	927.0	0	0.0
info	4	155	232317.0	6	0.6211180124223603	232317.0	6	0.6211180124223603	155.5	0	0.0	933.0	0	0.0	933.0	0	0.0
info	4	156	233811.0	4	0.4140786749482402	233811.0	4	0.4140786749482402	156.5	0	0.0	939.0	0	0.0	939.0	0	0.0
info	4	157	235305.0	6	0.6211180124223603	235305.0	6	0.6211180124223603	157.5	0	0.0	945.0	0	0.0	945.0	0	0.0
info	4	158	236799.0	4	0.4140786749482402	236799.0	4	0.4140786749482402	158.5	0	0.0	951.0	0	0.0	951.0	0	0.0
info	4	159	238293.0	4	0.4140786749482402	238293.0	4	0.4140786749482402	159.5	0	0.0	957.0	0	0.0	957.0	0	0.0
info	4	160	239787.0	4	0.4140786749482402	239787.0	4	0.4140786749482402	160.5	0	0.0	963.0	0	0.0	963.0	0	0.0
info	4	161	241281.0	5	0.5175983436853002	241281.0	5	0.5175983436853002	161.5	0	0.0	969.0	0	0.0	969.0	0	0.0
info	4	162	242775.0	6	0.6211180124223603	242775.0	6	0.6211180124223603	162.5	0	0.0	975.0	0	0.0	975.0	0	0.0
info	4	163	244269.0	5	0.5175983436853002	244269.0	5	0.5175983436853002	163.5	0	0.0	981.0	0	0.0	981.0	0	0.0
info	4	164	245763.0	4	0.4140786749482402	245763.0	4	0.4140786749482402	164.5	0	0.0	987.0	0	0.0	987.0	0	0.0
info	4	165	247257.0	5	0.5175983436853002	247257.0	5	0.5175983436853002	165.5	0	0.0	993.0	0	0.0	993.0	0	0.0
info	4	166	248751.0	5	0.5175983436853002	248751.0	5	0.5175983436853002	166.5	0	0.0	999.0	0	0.0	999.0	0	0.0
info	4	167	250245.0	6	0.6211180124223603	250245.0	6	0.6211180124223603	167.5	0	0.0	1005.0	0	0.0	1005.0	0	0.0
info	4	168	251739.0	5	0.5175983436853002	251739.0	5	0.5175983436853002	168.5	0	0.0	1011.0	0	0.0	1011.0	0	0.0
info	4	169	253233.0	5	0.5175983436853002	253233.0	5	0.5175983436853002	169.5	0	0.0	1017.0	0	0.0	1017.0	0	0.0
info	4	170	254727.0	6	0.6211180124223603	254727.0	6	0.6211180124223603	170.5	0	0.0	1023.0	0	0.0	1023.0	0	0.0
info	4	171	256221.0	4	0.4140786749482402	256221.0	4	0.4140786749482402	171.5	0	0.0	1029.0	0	0.0	1029.0	0	0.0
info	4	172	257715.0	5	0.5175983436853002	257715.0	5	0.5175983436853002	172.5	0	0.0	1035.0	0	0.0	1035.0	0	0.0
info	4	173	259209.0	5	0.5175983436853002	259209.0	5	0.5175983436853002	173.5	0	0.0	1041.0	0	0.0	1041.0	0	0.0
info	4	174	260703.0	5	0.5175983436853002	260703.0	5	0.5175983436853002	174.5	0	0.0	1047.0	0	0.0	1047.0	0	0.0
info	4	175	262197.0	5	0.5175983436853002	262197.0	5	0.5175983436853002	175.5	0	0.0	1053.0	0	0.0	1053.0	0	0.0
info	4	176	263691.0	4	0.4140786749482402	263691.0	4	0.4140786749482402	176.5	0	0.0	1059.0	0	0.0	1059.0	0	0.0
info	4	177	265185.0	4	0.4140786749482402	265185.0	4	0.4140786749482402	177.5	0	0.0	1065.0	0	0.0	1065.0	0	0.0
info	4	178	266679.0	6	0.6211180124223603	266679.0	6	0.6211180124223603	178.5	0	0.0	1071.0	0	0.0	1071.0	0	0.0
info	4	179	268173.0	6	0.6211180124223603	268173.0	6	0.6211180124223603	179.5	0	0.0	1077.0	0	0.0	1077.0	0	0.0
info	4	180	269667.0	4	0.4140786749482402	269667.0	4	0.4140786749482402	180.5	0	0.0	1083.0	0	0.0	1083.0	0	0.0
info	4	181	271161.0	4	0.4140786749482402	271161.0	4	0.4140786749482402	181.5	0	0.0	1089.0	0	0.0	1089.0	0	0.0
info	4	182	272655.0	4	0.4140786749482402	272655.0	4	0.4140786749482402	182.5	0	0.0	1095.0	0	0.0	1095.0	0	0.0
info	4	183	274149.0	5	0.5175983436853002	274149.0	5	0.5175983436853002	183.5	0	0.0	1101.0	0	0.0	1101.0	0	0.0
info	4	184	275643.0	5	0.5175983436853002	275643.0	5	0.5175983436853002	184.5	0	0.0	1107.0	0	0.0	1107.0	0	0.0
info	4	185	277137.0	6	0.6211180124223603	277137.0	6	0.6211180124223603	185.5	0	0.0	1113.0	0	0.0	1113.0	0	0.0
info	4	186	278631.0	4	0.4140786749482402	278631.0	4	0.4140786749482402	186.5	0	0.0	1119.0	0	0.0	1119.0	0	0.0
info	4	187	280125.0	6	0.6211180124223603	280125.0	6	0.6211180124223603	187.5	0	0.0	1125.0	0	0.0	1125.0	0	0.0
info	4	188	281619.0	4	0.4140786749482402	281619.0	4	0.4140786749482402	188.5	0	0.0	1131.0	0	0.0	1131.0	0	0.0
info	4	189	283113.0	4	0.4140786749482402	283113.0	4	0.4140786749482402	189.5	0	0.0	1137.0	0	0.0	1137.0	0	0.0
info	4	190	284607.0	5	0.5175983436853002	284607.0	5	0.5175983436853002	190.5	0	0.0	1143.0	0	0.0	1143.0	0	0.0
info	4	191	286101.0	5	0.5175983436853002	286101.0	5	0.5175983436853002	191.5	0	0.0	1149.0	0	0.0	1149.0	0	0.0
info	4	192	287595.0	6	0.6211180124223603	287595.0	6	0.6211180124223603	192.5	0	0.0	1155.0	0	0.0	1155.0	0	0.0
info	4	193	289089.0	4	0.4140786749482402	289089.0	4	0.4140786749482402	193.5	0	0.0	1161.0	0	0.0	1161.0	0	0.0
info	4	194	290583.0	6	0.6211180124223603	290583.0	6	0.6211180124223603	194.5	0	0.0	1167.0	0	0.0	1167.0	0	0.0
info	4	195	292077.0	4	0.4140786749482402	292077.0	4	0.4140786749482402	195.5	0	0.0	1173.0	0	0.0	1173.0	0	0.0
info	4	196	293571.0	4	0.4140786749482402	293571.0	4	0.4140786749482402	196.5	0	0.0	1179.0	0	0.0	1179.0	0	0.0
info	4	197	295065.0	5	0.5175983436853002	295065.0	5	0.5175983436853002	197.5	0	0.0	1185.0	0	0.0	1185.0	0	0.0
info	4	198	296559.0	6	0.6211180124223603	296559.0	6	0.6211180124223603	198.5	0	0.0	1191.0	0	0.0	1191.0	0	0.0
info	4	199	298053.0	5	0.5175983436853002	298053.0	5	0.5175983436853002	199.5	0	0.0	1197.0	0	0.0	1197.0	0	0.0
home	4	0	747.0	5	0.5175983436853002	747.0	5	0.5175983436853002	0.5	0	0.0	3.0	966	100.0	3.0	966	100.0
home	4	1	2241.0	7	0.7246376811594203	2241.0	7	0.7246376811594203	1.5	0	0.0	9.0	0	0.0	9.0	0	0.0
home	4	2	3735.0	4	0.4140786749482402	3735.0	4	0.4140786749482402	2.5	0	0.0	15.0	0	0.0	15.0	0	0.0
home	4	3	5229.0	4	0.4140786749482402	5229.0	4	0.4140786749482402	3.5	9	0.9316770186335405	21.0	0	0.0	21.0	0	0.0
home	4	4	6723.0	6	0.6211180124223603	6723.0	6	0.6211180124223603	4.5	66	6.832298136645963	27.0	0	0.0	27.0	0	0.0
home	4	5	8217.0	4	0.4140786749482402	8217.0	4	0.4140786749482402	5.5	221	22.87784679089027	33.0	0	0.0	33.0	0	0.0
home	4	6	9711.0	5	0.5175983436853002	9711.0	5	0.5175983436853002	6.5	273	28.260869565217394	39.0	0	0.0	39.0	0	0.0
home	4	7	11205.0	6	0.6211180124223603	11205.0	6	0.6211180124223603	7.5	114	11.801242236024846	45.0	0	0.0	45.0	0	0.0
home	4	8	12699.0	5	0.5175983436853002	12699.0	5	0.5175983436853002	8.5	53	5.486542443064183	51.0	0	0.0	51.0	0	0.0
home	4	9	14193.0	4	0.4140786749482402	14193.0	4	0.4140786749482402	9.5	28	2.898550724637681	57.0	0	0.0	57.0	0	0.0
home	4	10	15687.0	5	0.5175983436853002	15687.0	5	0.5175983436853002	10.5	29	3.0020703933747415	63.0	0	0.0	63.0	0	0.0
home	4	11	17181.0	5	0.5175983436853002	17181.0	5	0.5175983436853002	11.5	16	1.6563146997929608	69.0	0	0.0	69.0	0	0.0
home	4	12	18675.0	6	0.6211180124223603	18675.0	6	0.6211180124223603	12.5	7	0.7246376811594203	75.0	0	0.0	75.0	0	0.0
home	4	13	20169.0	5	0.5175983436853002	20169.0	5	0.5175983436853002	13.5	4	0.4140786749482402	81.0	0	0.0	81.0	0	0.0
home	4	14	21663.0	5	0.5175983436853002	21663.0	5	0.5175983436853002	14.5	17	1.7598343685300208	87.0	0	0.0	87.0	0	0.0
home	4	15	23157.0	4	0.4140786749482402	23157.0	4	0.4140786749482402	15.5	12	1.2422360248447206	93.0	0	0.0	93.0	0	0.0
home	4	16	24651.0	4	0.4140786749482402	24651.0	4	0.4140786749482402	16.5	7	0.7246376811594203	99.0	0	0.0	99.0	0	0.0
home	4	17	26145.0	5	0.5175983436853002	26145.0	5	0.5175983436853002	17.5	13	1.3457556935817807	105.0	0	0.0	105.0	0	0.0
home	4	18	27639.0	6	0.6211180124223603	27639.0	6	0.6211180124223603	18.5	5	0.5175983436853002	111.0	0	0.0	111.0	0	0.0
home	4	19	29133.0	5	0.5175983436853002	29133.0	5	0.5175983436853002	19.5	6	0.6211180124223603	117.0	0	0.0	117.0	0	0.0
home	4	20	30627.0	4	0.4140786749482402	30627.0	4	0.4140786749482402	20.5	1	0.10351966873706005	123.0	0	0.0	123.0	0	0.0
home	4	21	32121.0	5	0.5175983436853002	32121.0	5	0.5175983436853002	21.5	1	0.10351966873706005	129.0	0	0.0	129.0	0	0.0
home	4	22	33615.0	4	0.4140786749482402	33615.0	4	0.4140786749482402	22.5	5	0.5175983436853002	135.0	0	0.0	135.0	0	0.0
home	4	23	35109.0	6	0.6211180124223603	35109.0	6	0.6211180124223603	23.5	6	0.6211180124223603	141.0	0	0.0	141.0	0	0.0
home	4	24	36603.0	6	0.6211180124223603	36603.0	6	0.6211180124223603	24.5	1	0.10351966873706005	147.0	0	0.0	147.0	0	0.0
home	4	25	38097.0	4	0.4140786749482402	38097.0	4	0.4140786749482402	25.5	2	0.2070393374741201	153.0	0	0.0	153.0	0	0.0
home	4	26	39591.0	4	0.4140786749482402	39591.0	4	0.4140786749482402	26.5	8	0.8281573498964804	159.0	0	0.0	159.0	0	0.0
home	4	27	41085.0	5	0.5175983436853002	41085.0	5	0.5175983436853002	27.5	0	0.0	165.0	0	0.0	165.0	0	0.0
home	4	28	42579.0	6	0.6211180124223603	42579.0	6	0.6211180124223603	28.5	0	0.0	171.0	0	0.0	171.0	0	0.0
home	4	29	44073.0	5	0.5175983436853002	44073.0	5	0.5175983436853002	29.5	1	0.10351966873706005	177.0	0	0.0	177.0	0	0.0
home	4	30	45567.0	4	0.4140786749482402	45567.0	4	0.4140786749482402	30.5	2	0.2070393374741201	183.0	0	0.0	183.0	0	0.0
home	4	31	47061.0	5	0.5175983436853002	47061.0	5	0.5175983436853002	31.5	0	0.0	189.0	0	0.0	189.0	0	0.0
home	4	32	48555.0	5	0.5175983436853002	48555.0	5	0.5175983436853002	32.5	0	0.0	195.0	0	0.0	195.0	0	0.0
home	4	33	50049.0	6	0.6211180124223603	50049.0	6	0.6211180124223603	33.5	1	0.10351966873706005	201.0	0	0.0	201.0	0	0.0
home	4	34	51543.0	4	0.4140786749482402	51543.0	4	0.4140786749482402	34.5	2	0.2070393374741201	207.0	0	0.0	207.0	0	0.0
home	4	35	53037.0	6	0.6211180124223603	53037.0	6	0.6211180124223603	35.5	1	0.10351966873706005	213.0	0	0.0	213.0	0	0.0
home	4	36	54531.0	4	0.4140786749482402	54531.0	4	0.4140786749482402	36.5	0	0.0	219.0	0	0.0	219.0	0	0.0
home	4	37	56025.0	4	0.4140786749482402	56025.0	4	0.4140786749482402	37.5	0	0.0	225.0	0	0.0	225.0	0	0.0
home	4	38	57519.0	7	0.7246376811594203	57519.0	7	0.7246376811594203	38.5	0	0.0	231.0	0	0.0	231.0	0	0.0
home	4	39	59013.0	5	0.5175983436853002	59013.0	5	0.5175983436853002	39.5	0	0.0	237.0	0	0.0	237.0	0	0.0
home	4	40	60507.0	4	0.4140786749482402	60507.0	4	0.4140786749482402	40.5	0	0.0	243.0	0	0.0	243.0	0	0.0
home	4	41	62001.0	4	0.4140786749482402	62001.0	4	0.4140786749482402	41.5	0	0.0	249.0	0	0.0	249.0	0	0.0
home	4	42	63495.0	6	0.6211180124223603	63495.0	6	0.6211180124223603	42.5	0	0.0	255.0	0	0.0	255.0	0	0.0
home	4	43	64989.0	4	0.4140786749482402	64989.0	4	0.4140786749482402	43.5	0	0.0	261.0	0	0.0	261.0	0	0.0
home	4	44	66483.0	4	0.4140786749482402	66483.0	4	0.4140786749482402	44.5	1	0.10351966873706005	267.0	0	0.0	267.0	0	0.0
home	4	45	67977.0	4	0.4140786749482402	67977.0	4	0.4140786749482402	45.5	1	0.10351966873706005	273.0	0	0.0	273.0	0	0.0
home	4	46	69471.0	5	0.5175983436853002	69471.0	5	0.5175983436853002	46.5	1	0.10351966873706005	279.0	0	0.0	279.0	0	0.0
home	4	47	70965.0	6	0.6211180124223603	70965.0	6	0.6211180124223603	47.5	0	0.0	285.0	0	0.0	285.0	0	0.0
home	4	48	72459.0	5	0.5175983436853002	72459.0	5	0.5175983436853002	48.5	1	0.10351966873706005	291.0	0	0.0	291.0	0	0.0
home	4	49	73953.0	4	0.4140786749482402	73953.0	4	0.4140786749482402	49.5	0	0.0	297.0	0	0.0	297.0	0	0.0
home	4	50	75447.0	4	0.4140786749482402	75447.0	4	0.4140786749482402	50.5	0	0.0	303.0	0	0.0	303.0	0	0.0
home	4	51	76941.0	7	0.7246376811594203	76941.0	7	0.7246376811594203	51.5	0	0.0	309.0	0	0.0	309.0	0	0.0
home	4	52	78435.0	5	0.5175983436853002	78435.0	5	0.5175983436853002	52.5	0	0.0	315.0	0	0.0	315.0	0	0.0
home	4	53	79929.0	4	0.4140786749482402	79929.0	4	0.4140786749482402	53.5	1	0.10351966873706005	321.0	0	0.0	321.0	0	0.0
home	4	54	81423.0	4	0.4140786749482402	81423.0	4	0.4140786749482402	54.5	1	0.10351966873706005	327.0	0	0.0	327.0	0	0.0
home	4	55	82917.0	4	0.4140786749482402	82917.0	4	0.4140786749482402	55.5	1	0.10351966873706005	333.0	0	0.0	333.0	0	0.0
home	4	56	84411.0	5	0.5175983436853002	84411.0	5	0.5175983436853002	56.5	5	0.5175983436853002	339.0	0	0.0	339.0	0	0.0
home	4	57	85905.0	5	0.5175983436853002	85905.0	5	0.5175983436853002	57.5	1	0.10351966873706005	345.0	0	0.0	345.0	0	0.0
home	4	58	87399.0	6	0.6211180124223603	87399.0	6	0.6211180124223603	58.5	6	0.6211180124223603	351.0	0	0.0	351.0	0	0.0
home	4	59	88893.0	4	0.4140786749482402	88893.0	4	0.4140786749482402	59.5	2	0.2070393374741201	357.0	0	0.0	357.0	0	0.0
home	4	60	90387.0	4	0.4140786749482402	90387.0	4	0.4140786749482402	60.5	5	0.5175983436853002	363.0	0	0.0	363.0	0	0.0
home	4	61	91881.0	6	0.6211180124223603	91881.0	6	0.6211180124223603	61.5	5	0.5175983436853002	369.0	0	0.0	369.0	0	0.0
home	4	62	93375.0	4	0.4140786749482402	93375.0	4	0.4140786749482402	62.5	8	0.8281573498964804	375.0	0	0.0	375.0	0	0.0
home	4	63	94869.0	5	0.5175983436853002	94869.0	5	0.5175983436853002	63.5	3	0.31055900621118016	381.0	0	0.0	381.0	0	0.0
home	4	64	96363.0	5	0.5175983436853002	96363.0	5	0.5175983436853002	64.5	1	0.10351966873706005	387.0	0	0.0	387.0	0	0.0
home	4	65	97857.0	4	0.4140786749482402	97857.0	4	0.4140786749482402	65.5	5	0.5175983436853002	393.0	0	0.0	393.0	0	0.0
home	4	66	99351.0	5	0.5175983436853002	99351.0	5	0.5175983436853002	66.5	0	0.0	399.0	0	0.0	399.0	0	0.0
home	4	67	100845.0	4	0.4140786749482402	100845.0	4	0.4140786749482402	67.5	1	0.10351966873706005	405.0	0	0.0	405.0	0	0.0
home	4	68	102339.0	4	0.4140786749482402	102339.0	4	0.4140786749482402	68.5	1	0.10351966873706005	411.0	0	0.0	411.0	0	0.0
home	4	69	103833.0	5	0.5175983436853002	103833.0	5	0.5175983436853002	69.5	0	0.0	417.0	0	0.0	417.0	0	0.0
home	4	70	105327.0	5	0.5175983436853002	105327.0	5	0.5175983436853002	70.5	2	0.2070393374741201	423.0	0	0.0	423.0	0	0.0
home	4	71	106821.0	4	0.4140786749482402	106821.0	4	0.4140786749482402	71.5	2	0.2070393374741201	429.0	0	0.0	429.0	0	0.0
home	4	72	108315.0	6	0.6211180124223603	108315.0	6	0.6211180124223603	72.5	1	0.10351966873706005	435.0	0	0.0	435.0	0	0.0
home	4	73	109809.0	4	0.4140786749482402	109809.0	4	0.4140786749482402	73.5	0	0.0	441.0	0	0.0	441.0	0	0.0
home	4	74	111303.0	4	0.4140786749482402	111303.0	4	0.4140786749482402	74.5	0	0.0	447.0	0	0.0	447.0	0	0.0
home	4	75	112797.0	5	0.5175983436853002	112797.0	4	0.4140786749482402	75.5	0	0.0	453.0	0	0.0	453.0	0	0.0
home	4	76	114291.0	5	0.5175983436853002	114291.0	6	0.6211180124223603	76.5	0	0.0	459.0	0	0.0	459.0	0	0.0
home	4	77	115785.0	6	0.6211180124223603	115785.0	6	0.6211180124223603	77.5	0	0.0	465.0	0	0.0	465.0	0	0.0
home	4	78	117279.0	4	0.4140786749482402	117279.0	4	0.4140786749482402	78.5	0	0.0	471.0	0	0.0	471.0	0	0.0
home	4	79	118773.0	5	0.5175983436853002	118773.0	5	0.5175983436853002	79.5	0	0.0	477.0	0	0.0	477.0	0	0.0
home	4	80	120267.0	5	0.5175983436853002	120267.0	5	0.5175983436853002	80.5	0	0.0	483.0	0	0.0	483.0	0	0.0
home	4	81	121761.0	6	0.6211180124223603	121761.0	6	0.6211180124223603	81.5	0	0.0	489.0	0	0.0	489.0	0	0.0
home	4	82	123255.0	4	0.4140786749482402	123255.0	4	0.4140786749482402	82.5	0	0.0	495.0	0	0.0	495.0	0	0.0
home	4	83	124749.0	6	0.6211180124223603	124749.0	5	0.5175983436853002	83.5	0	0.0	501.0	0	0.0	501.0	0	0.0
home	4	84	126243.0	4	0.4140786749482402	126243.0	5	0.5175983436853002	84.5	0	0.0	507.0	0	0.0	507.0	0	0.0
home	4	85	127737.0	4	0.4140786749482402	127737.0	4	0.4140786749482402	85.5	0	0.0	513.0	0	0.0	513.0	0	0.0
home	4	86	129231.0	4	0.4140786749482402	129231.0	4	0.4140786749482402	86.5	0	0.0	519.0	0	0.0	519.0	0	0.0
home	4	87	130725.0	5	0.5175983436853002	130725.0	5	0.5175983436853002	87.5	0	0.0	525.0	0	0.0	525.0	0	0.0
home	4	88	132219.0	4	0.4140786749482402	132219.0	4	0.4140786749482402	88.5	0	0.0	531.0	0	0.0	531.0	0	0.0
home	4	89	133713.0	6	0.6211180124223603	133713.0	6	0.6211180124223603	89.5	0	0.0	537.0	0	0.0	537.0	0	0.0
home	4	90	135207.0	3	0.31055900621118016	135207.0	3	0.31055900621118016	90.5	0	0.0	543.0	0	0.0	543.0	0	0.0
home	4	91	136701.0	6	0.6211180124223603	136701.0	6	0.6211180124223603	91.5	0	0.0	549.0	0	0.0	549.0	0	0.0
home	4	92	138195.0	5	0.5175983436853002	138195.0	5	0.5175983436853002	92.5	0	0.0	555.0	0	0.0	555.0	0	0.0
home	4	93	139689.0	4	0.4140786749482402	139689.0	4	0.4140786749482402	93.5	0	0.0	561.0	0	0.0	561.0	0	0.0
home	4	94	141183.0	5	0.5175983436853002	141183.0	5	0.5175983436853002	94.5	0	0.0	567.0	0	0.0	567.0	0	0.0
home	4	95	142677.0	4	0.4140786749482402	142677.0	4	0.4140786749482402	95.5	0	0.0	573.0	0	0.0	573.0	0	0.0
home	4	96	144171.0	4	0.4140786749482402	144171.0	4	0.4140786749482402	96.5	0	0.0	579.0	0	0.0	579.0	0	0.0
home	4	97	145665.0	5	0.5175983436853002	145665.0	5	0.5175983436853002	97.5	0	0.0	585.0	0	0.0	585.0	0	0.0
home	4	98	147159.0	6	0.6211180124223603	147159.0	6	0.6211180124223603	98.5	0	0.0	591.0	0	0.0	591.0	0	0.0
home	4	99	148653.0	5	0.5175983436853002	148653.0	5	0.5175983436853002	99.5	0	0.0	597.0	0	0.0	597.0	0	0.0
home	4	100	150147.0	4	0.4140786749482402	150147.0	4	0.4140786749482402	100.5	0	0.0	603.0	0	0.0	603.0	0	0.0
home	4	101	151641.0	6	0.6211180124223603	151641.0	6	0.6211180124223603	101.5	0	0.0	609.0	0	0.0	609.0	0	0.0
home	4	102	153135.0	6	0.6211180124223603	153135.0	6	0.6211180124223603	102.5	0	0.0	615.0	0	0.0	615.0	0	0.0
home	4	103	154629.0	4	0.4140786749482402	154629.0	4	0.4140786749482402	103.5	0	0.0	621.0	0	0.0	621.0	0	0.0
home	4	104	156123.0	4	0.4140786749482402	156123.0	4	0.4140786749482402	104.5	0	0.0	627.0	0	0.0	627.0	0	0.0
home	4	105	157617.0	6	0.6211180124223603	157617.0	6	0.6211180124223603	105.5	0	0.0	633.0	0	0.0	633.0	0	0.0
home	4	106	159111.0	5	0.5175983436853002	159111.0	5	0.5175983436853002	106.5	0	0.0	639.0	0	0.0	639.0	0	0.0
home	4	107	160605.0	5	0.5175983436853002	160605.0	5	0.5175983436853002	107.5	0	0.0	645.0	0	0.0	645.0	0	0.0
home	4	108	162099.0	5	0.5175983436853002	162099.0	5	0.5175983436853002	108.5	0	0.0	651.0	0	0.0	651.0	0	0.0
home	4	109	163593.0	6	0.6211180124223603	163593.0	6	0.6211180124223603	109.5	0	0.0	657.0	0	0.0	657.0	0	0.0
home	4	110	165087.0	5	0.5175983436853002	165087.0	5	0.5175983436853002	110.5	0	0.0	663.0	0	0.0	663.0	0	0.0
home	4	111	166581.0	4	0.4140786749482402	166581.0	4	0.4140786749482402	111.5	0	0.0	669.0	0	0.0	669.0	0	0.0
home	4	112	168075.0	6	0.6211180124223603	168075.0	6	0.6211180124223603	112.5	0	0.0	675.0	0	0.0	675.0	0	0.0
home	4	113	169569.0	5	0.5175983436853002	169569.0	4	0.4140786749482402	113.5	0	0.0	681.0	0	0.0	681.0	0	0.0
home	4	114	171063.0	5	0.5175983436853002	171063.0	6	0.6211180124223603	114.5	0	0.0	687.0	0	0.0	687.0	0	0.0
home	4	115	172557.0	4	0.4140786749482402	172557.0	4	0.4140786749482402	115.5	0	0.0	693.0	0	0.0	693.0	0	0.0
home	4	116	174051.0	4	0.4140786749482402	174051.0	4	0.4140786749482402	116.5	0	0.0	699.0	0	0.0	699.0	0	0.0
home	4	117	175545.0	4	0.4140786749482402	175545.0	4	0.4140786749482402	117.5	0	0.0	705.0	0	0.0	705.0	0	0.0
home	4	118	177039.0	4	0.4140786749482402	177039.0	4	0.4140786749482402	118.5	0	0.0	711.0	0	0.0	711.0	0	0.0
home	4	119	178533.0	4	0.4140786749482402	178533.0	4	0.4140786749482402	119.5	0	0.0	717.0	0	0.0	717.0	0	0.0
home	4	120	180027.0	6	0.6211180124223603	180027.0	6	0.6211180124223603	120.5	0	0.0	723.0	0	0.0	723.0	0	0.0
home	4	121	181521.0	4	0.4140786749482402	181521.0	4	0.4140786749482402	121.5	0	0.0	729.0	0	0.0	729.0	0	0.0
home	4	122	183015.0	4	0.4140786749482402	183015.0	4	0.4140786749482402	122.5	0	0.0	735.0	0	0.0	735.0	0	0.0
home	4	123	184509.0	5	0.5175983436853002	184509.0	5	0.5175983436853002	123.5	0	0.0	741.0	0	0.0	741.0	0	0.0
home	4	124	186003.0	7	0.7246376811594203	186003.0	6	0.6211180124223603	124.5	0	0.0	747.0	0	0.0	747.0	0	0.0
home	4	125	187497.0	4	0.4140786749482402	187497.0	5	0.5175983436853002	125.5	0	0.0	753.0	0	0.0	753.0	0	0.0
home	4	126	188991.0	4	0.4140786749482402	188991.0	4	0.4140786749482402	126.5	0	0.0	759.0	0	0.0	759.0	0	0.0
home	4	127	190485.0	6	0.6211180124223603	190485.0	6	0.6211180124223603	127.5	0	0.0	765.0	0	0.0	765.0	0	0.0
home	4	128	191979.0	6	0.6211180124223603	191979.0	6	0.6211180124223603	128.5	0	0.0	771.0	0	0.0	771.0	0	0.0
home	4	129	193473.0	4	0.4140786749482402	193473.0	4	0.4140786749482402	129.5	0	0.0	777.0	0	0.0	777.0	0	0.0
home	4	130	194967.0	4	0.4140786749482402	194967.0	4	0.4140786749482402	130.5	0	0.0	783.0	0	0.0	783.0	0	0.0
home	4	131	196461.0	5	0.5175983436853002	196461.0	5	0.5175983436853002	131.5	0	0.0	789.0	0	0.0	789.0	0	0.0
home	4	132	197955.0	5	0.5175983436853002	197955.0	5	0.5175983436853002	132.5	0	0.0	795.0	0	0.0	795.0	0	0.0
home	4	133	199449.0	4	0.4140786749482402	199449.0	4	0.4140786749482402	133.5	0	0.0	801.0	0	0.0	801.0	0	0.0
home	4	134	200943.0	6	0.6211180124223603	200943.0	6	0.6211180124223603	134.5	0	0.0	807.0	0	0.0	807.0	0	0.0
home	4	135	202437.0	4	0.4140786749482402	202437.0	3	0.31055900621118016	135.5	0	0.0	813.0	0	0.0	813.0	0	0.0
home	4	136	203931.0	4	0.4140786749482402	203931.0	5	0.5175983436853002	136.5	0	0.0	819.0	0	0.0	819.0	0	0.0
home	4	137	205425.0	6	0.6211180124223603	205425.0	6	0.6211180124223603	137.5	0	0.0	825.0	0	0.0	825.0	0	0.0
home	4	138	206919.0	4	0.4140786749482402	206919.0	4	0.4140786749482402	138.5	0	0.0	831.0	0	0.0	831.0	0	0.0
home	4	139	208413.0	5	0.5175983436853002	208413.0	5	0.5175983436853002	139.5	0	0.0	837.0	0	0.0	837.0	0	0.0
home	4	140	209907.0	5	0.5175983436853002	209907.0	5	0.5175983436853002	140.5	0	0.0	843.0	0	0.0	843.0	0	0.0
home	4	141	211401.0	4	0.4140786749482402	211401.0	4	0.4140786749482402	141.5	0	0.0	849.0	0	0.0	849.0	0	0.0
home	4	142	212895.0	5	0.5175983436853002	212895.0	5	0.5175983436853002	142.5	0	0.0	855.0	0	0.0	855.0	0	0.0
home	4	143	214389.0	5	0.5175983436853002	214389.0	5	0.5175983436853002	143.5	0	0.0	861.0	0	0.0	861.0	0	0.0
home	4	144	215883.0	5	0.5175983436853002	215883.0	5	0.5175983436853002	144.5	0	0.0	867.0	0	0.0	867.0	0	0.0
home	4	145	217377.0	5	0.5175983436853002	217377.0	5	0.5175983436853002	145.5	0	0.0	873.0	0	0.0	873.0	0	0.0
home	4	146	218871.0	4	0.4140786749482402	218871.0	4	0.4140786749482402	146.5	0	0.0	879.0	0	0.0	879.0	0	0.0
home	4	147	220365.0	4	0.4140786749482402	220365.0	4	0.4140786749482402	147.5	0	0.0	885.0	0	0.0	885.0	0	0.0
home	4	148	221859.0	5	0.5175983436853002	221859.0	5	0.5175983436853002	148.5	0	0.0	891.0	0	0.0	891.0	0	0.0
home	4	149	223353.0	5	0.5175983436853002	223353.0	5	0.5175983436853002	149.5	0	0.0	897.0	0	0.0	897.0	0	0.0
home	4	150	224847.0	6	0.6211180124223603	224847.0	6	0.6211180124223603	150.5	0	0.0	903.0	0	0.0	903.0	0	0.0
home	4	151	226341.0	4	0.4140786749482402	226341.0	4	0.4140786749482402	151.5	0	0.0	909.0	0	0.0	909.0	0	0.0
home	4	152	227835.0	4	0.4140786749482402	227835.0	4	0.4140786749482402	152.5	0	0.0	915.0	0	0.0	915.0	0	0.0
home	4	153	229329.0	6	0.6211180124223603	229329.0	5	0.5175983436853002	153.5	0	0.0	921.0	0	0.0	921.0	0	0.0
home	4	154	230823.0	4	0.4140786749482402	230823.0	5	0.5175983436853002	154.5	0	0.0	927.0	0	0.0	927.0	0	0.0
home	4	155	232317.0	6	0.6211180124223603	232317.0	6	0.6211180124223603	155.5	0	0.0	933.0	0	0.0	933.0	0	0.0
home	4	156	233811.0	4	0.4140786749482402	233811.0	4	0.4140786749482402	156.5	0	0.0	939.0	0	0.0	939.0	0	0.0
home	4	157	235305.0	6	0.6211180124223603	235305.0	6	0.6211180124223603	157.5	0	0.0	945.0	0	0.0	945.0	0	0.0
home	4	158	236799.0	4	0.4140786749482402	236799.0	4	0.4140786749482402	158.5	0	0.0	951.0	0	0.0	951.0	0	0.0
home	4	159	238293.0	4	0.4140786749482402	238293.0	4	0.4140786749482402	159.5	0	0.0	957.0	0	0.0	957.0	0	0.0
home	4	160	239787.0	4	0.4140786749482402	239787.0	4	0.4140786749482402	160.5	0	0.0	963.0	0	0.0	963.0	0	0.0
home	4	161	241281.0	5	0.5175983436853002	241281.0	5	0.5175983436853002	161.5	0	0.0	969.0	0	0.0	969.0	0	0.0
home	4	162	242775.0	6	0.6211180124223603	242775.0	6	0.6211180124223603	162.5	0	0.0	975.0	0	0.0	975.0	0	0.0
home	4	163	244269.0	5	0.5175983436853002	244269.0	5	0.5175983436853002	163.5	0	0.0	981.0	0	0.0	981.0	0	0.0
home	4	164	245763.0	4	0.4140786749482402	245763.0	4	0.4140786749482402	164.5	0	0.0	987.0	0	0.0	987.0	0	0.0
home	4	165	247257.0	5	0.5175983436853002	247257.0	5	0.5175983436853002	165.5	0	0.0	993.0	0	0.0	993.0	0	0.0
home	4	166	248751.0	5	0.5175983436853002	248751.0	5	0.5175983436853002	166.5	0	0.0	999.0	0	0.0	999.0	0	0.0
home	4	167	250245.0	6	0.6211180124223603	250245.0	6	0.6211180124223603	167.5	0	0.0	1005.0	0	0.0	1005.0	0	0.0
home	4	168	251739.0	5	0.5175983436853002	251739.0	5	0.5175983436853002	168.5	0	0.0	1011.0	0	0.0	1011.0	0	0.0
home	4	169	253233.0	5	0.5175983436853002	253233.0	5	0.5175983436853002	169.5	0	0.0	1017.0	0	0.0	1017.0	0	0.0
home	4	170	254727.0	6	0.6211180124223603	254727.0	6	0.6211180124223603	170.5	0	0.0	1023.0	0	0.0	1023.0	0	0.0
home	4	171	256221.0	4	0.4140786749482402	256221.0	4	0.4140786749482402	171.5	0	0.0	1029.0	0	0.0	1029.0	0	0.0
home	4	172	257715.0	5	0.5175983436853002	257715.0	5	0.5175983436853002	172.5	0	0.0	1035.0	0	0.0	1035.0	0	0.0
home	4	173	259209.0	5	0.5175983436853002	259209.0	5	0.5175983436853002	173.5	0	0.0	1041.0	0	0.0	1041.0	0	0.0
home	4	174	260703.0	5	0.5175983436853002	260703.0	5	0.5175983436853002	174.5	0	0.0	1047.0	0	0.0	1047.0	0	0.0
home	4	175	262197.0	5	0.5175983436853002	262197.0	5	0.5175983436853002	175.5	0	0.0	1053.0	0	0.0	1053.0	0	0.0
home	4	176	263691.0	4	0.4140786749482402	263691.0	4	0.4140786749482402	176.5	0	0.0	1059.0	0	0.0	1059.0	0	0.0
home	4	177	265185.0	4	0.4140786749482402	265185.0	4	0.4140786749482402	177.5	0	0.0	1065.0	0	0.0	1065.0	0	0.0
home	4	178	266679.0	6	0.6211180124223603	266679.0	6	0.6211180124223603	178.5	0	0.0	1071.0	0	0.0	1071.0	0	0.0
home	4	179	268173.0	6	0.6211180124223603	268173.0	6	0.6211180124223603	179.5	0	0.0	1077.0	0	0.0	1077.0	0	0.0
home	4	180	269667.0	4	0.4140786749482402	269667.0	4	0.4140786749482402	180.5	0	0.0	1083.0	0	0.0	1083.0	0	0.0
home	4	181	271161.0	4	0.4140786749482402	271161.0	4	0.4140786749482402	181.5	0	0.0	1089.0	0	0.0	1089.0	0	0.0
home	4	182	272655.0	4	0.4140786749482402	272655.0	4	0.4140786749482402	182.5	0	0.0	1095.0	0	0.0	1095.0	0	0.0
home	4	183	274149.0	5	0.5175983436853002	274149.0	5	0.5175983436853002	183.5	0	0.0	1101.0	0	0.0	1101.0	0	0.0
home	4	184	275643.0	5	0.5175983436853002	275643.0	5	0.5175983436853002	184.5	0	0.0	1107.0	0	0.0	1107.0	0	0.0
home	4	185	277137.0	6	0.6211180124223603	277137.0	6	0.6211180124223603	185.5	0	0.0	1113.0	0	0.0	1113.0	0	0.0
home	4	186	278631.0	4	0.4140786749482402	278631.0	4	0.4140786749482402	186.5	0	0.0	1119.0	0	0.0	1119.0	0	0.0
home	4	187	280125.0	6	0.6211180124223603	280125.0	6	0.6211180124223603	187.5	0	0.0	1125.0	0	0.0	1125.0	0	0.0
home	4	188	281619.0	4	0.4140786749482402	281619.0	4	0.4140786749482402	188.5	0	0.0	1131.0	0	0.0	1131.0	0	0.0
home	4	189	283113.0	4	0.4140786749482402	283113.0	4	0.4140786749482402	189.5	0	0.0	1137.0	0	0.0	1137.0	0	0.0
home	4	190	284607.0	5	0.5175983436853002	284607.0	5	0.5175983436853002	190.5	0	0.0	1143.0	0	0.0	1143.0	0	0.0
home	4	191	286101.0	5	0.5175983436853002	286101.0	5	0.5175983436853002	191.5	0	0.0	1149.0	0	0.0	1149.0	0	0.0
home	4	192	287595.0	6	0.6211180124223603	287595.0	6	0.6211180124223603	192.5	0	0.0	1155.0	0	0.0	1155.0	0	0.0
home	4	193	289089.0	4	0.4140786749482402	289089.0	4	0.4140786749482402	193.5	0	0.0	1161.0	0	0.0	1161.0	0	0.0
home	4	194	290583.0	6	0.6211180124223603	290583.0	6	0.6211180124223603	194.5	0	0.0	1167.0	0	0.0	1167.0	0	0.0
home	4	195	292077.0	4	0.4140786749482402	292077.0	4	0.4140786749482402	195.5	0	0.0	1173.0	0	0.0	1173.0	0	0.0
home	4	196	293571.0	4	0.4140786749482402	293571.0	4	0.4140786749482402	196.5	0	0.0	1179.0	0	0.0	1179.0	0	0.0
home	4	197	295065.0	5	0.5175983436853002	295065.0	5	0.5175983436853002	197.5	0	0.0	1185.0	0	0.0	1185.0	0	0.0
home	4	198	296559.0	6	0.6211180124223603	296559.0	6	0.6211180124223603	198.5	0	0.0	1191.0	0	0.0	1191.0	0	0.0
home	4	199	298053.0	5	0.5175983436853002	298053.0	5	0.5175983436853002	199.5	0	0.0	1197.0	0	0.0	1197.0	0	0.0
