'Request type'	'Load'	'Bucket'	'Start time'	'Absolute'	'Percent of requests'	'End time'	'Absolute'	'Percent of requests'	'Residence time'	'Absolute'	'Percent of requests'	'Theor. think time'	'Absolute'	'Percent of requests'	'Actual think time'	'Absolute'	'Percent of requests'
login	15	0	755.0	15	1.0302197802197803	755.0	6	0.4120879120879121	6.5	0	0.0	3.0	1456	100.00000000000001	3.0	1456	100.00000000000001
login	15	1	2265.0	0	0.0	2265.0	9	0.6181318681318682	19.5	0	0.0	9.0	0	0.0	9.0	0	0.0
login	15	2	3775.0	15	1.0302197802197803	3775.0	6	0.4120879120879121	32.5	0	0.0	15.0	0	0.0	15.0	0	0.0
login	15	3	5285.0	0	0.0	5285.0	9	0.6181318681318682	45.5	0	0.0	21.0	0	0.0	21.0	0	0.0
login	15	4	6795.0	15	1.0302197802197803	6795.0	8	0.5494505494505495	58.5	0	0.0	27.0	0	0.0	27.0	0	0.0
login	15	5	8305.0	0	0.0	8305.0	7	0.48076923076923084	71.5	0	0.0	33.0	0	0.0	33.0	0	0.0
login	15	6	9815.0	15	1.0302197802197803	9815.0	7	0.48076923076923084	84.5	0	0.0	39.0	0	0.0	39.0	0	0.0
login	15	7	11325.0	0	0.0	11325.0	8	0.5494505494505495	97.5	0	0.0	45.0	0	0.0	45.0	0	0.0
login	15	8	12835.0	15	1.0302197802197803	12835.0	4	0.27472527472527475	110.5	0	0.0	51.0	0	0.0	51.0	0	0.0
login	15	9	14345.0	0	0.0	14345.0	11	0.7554945054945056	123.5	0	0.0	57.0	0	0.0	57.0	0	0.0
login	15	10	15855.0	15	1.0302197802197803	15855.0	4	0.27472527472527475	136.5	1	0.06868131868131869	63.0	0	0.0	63.0	0	0.0
login	15	11	17365.0	0	0.0	17365.0	10	0.6868131868131868	149.5	0	0.0	69.0	0	0.0	69.0	0	0.0
login	15	12	18875.0	15	1.0302197802197803	18875.0	2	0.13736263736263737	162.5	1	0.06868131868131869	75.0	0	0.0	75.0	0	0.0
login	15	13	20385.0	0	0.0	20385.0	8	0.5494505494505495	175.5	0	0.0	81.0	0	0.0	81.0	0	0.0
login	15	14	21895.0	15	1.0302197802197803	21895.0	6	0.4120879120879121	188.5	1	0.06868131868131869	87.0	0	0.0	87.0	0	0.0
login	15	15	23405.0	0	0.0	23405.0	8	0.5494505494505495	201.5	1	0.06868131868131869	93.0	0	0.0	93.0	0	0.0
login	15	16	24915.0	12	0.8241758241758242	24915.0	7	0.48076923076923084	214.5	1	0.06868131868131869	99.0	0	0.0	99.0	0	0.0
login	15	17	26425.0	3	0.20604395604395606	26425.0	8	0.5494505494505495	227.5	0	0.0	105.0	0	0.0	105.0	0	0.0
login	15	18	27935.0	0	0.0	27935.0	7	0.48076923076923084	240.5	0	0.0	111.0	0	0.0	111.0	0	0.0
login	15	19	29445.0	15	1.0302197802197803	29445.0	7	0.48076923076923084	253.5	0	0.0	117.0	0	0.0	117.0	0	0.0
login	15	20	30955.0	0	0.0	30955.0	8	0.5494505494505495	266.5	3	0.20604395604395606	123.0	0	0.0	123.0	0	0.0
login	15	21	32465.0	15	1.0302197802197803	32465.0	6	0.4120879120879121	279.5	3	0.20604395604395606	129.0	0	0.0	129.0	0	0.0
login	15	22	33975.0	0	0.0	33975.0	9	0.6181318681318682	292.5	7	0.48076923076923084	135.0	0	0.0	135.0	0	0.0
login	15	23	35485.0	15	1.0302197802197803	35485.0	2	0.13736263736263737	305.5	3	0.20604395604395606	141.0	0	0.0	141.0	0	0.0
login	15	24	36995.0	0	0.0	36995.0	10	0.6868131868131868	318.5	1	0.06868131868131869	147.0	0	0.0	147.0	0	0.0
login	15	25	38505.0	15	1.0302197802197803	38505.0	5	0.3434065934065934	331.5	3	0.20604395604395606	153.0	0	0.0	153.0	0	0.0
login	15	26	40015.0	0	0.0	40015.0	12	0.8241758241758242	344.5	1	0.06868131868131869	159.0	0	0.0	159.0	0	0.0
login	15	27	41525.0	15	1.0302197802197803	41525.0	6	0.4120879120879121	357.5	3	0.20604395604395606	165.0	0	0.0	165.0	0	0.0
login	15	28	43035.0	0	0.0	43035.0	10	0.6868131868131868	370.5	9	0.6181318681318682	171.0	0	0.0	171.0	0	0.0
login	15	29	44545.0	15	1.0302197802197803	44545.0	6	0.4120879120879121	383.5	5	0.3434065934065934	177.0	0	0.0	177.0	0	0.0
login	15	30	46055.0	0	0.0	46055.0	9	0.6181318681318682	396.5	8	0.5494505494505495	183.0	0	0.0	183.0	0	0.0
login	15	31	47565.0	15	1.0302197802197803	47565.0	5	0.3434065934065934	409.5	3	0.20604395604395606	189.0	0	0.0	189.0	0	0.0
login	15	32	49075.0	0	0.0	49075.0	10	0.6868131868131868	422.5	5	0.3434065934065934	195.0	0	0.0	195.0	0	0.0
login	15	33	50585.0	15	1.0302197802197803	50585.0	4	0.27472527472527475	435.5	1	0.06868131868131869	201.0	0	0.0	201.0	0	0.0
login	15	34	52095.0	0	0.0	52095.0	11	0.7554945054945056	448.5	0	0.0	207.0	0	0.0	207.0	0	0.0
login	15	35	53605.0	15	1.0302197802197803	53605.0	4	0.27472527472527475	461.5	1	0.06868131868131869	213.0	0	0.0	213.0	0	0.0
login	15	36	55115.0	0	0.0	55115.0	11	0.7554945054945056	474.5	2	0.13736263736263737	219.0	0	0.0	219.0	0	0.0
login	15	37	56625.0	15	1.0302197802197803	56625.0	2	0.13736263736263737	487.5	6	0.4120879120879121	225.0	0	0.0	225.0	0	0.0
login	15	38	58135.0	0	0.0	58135.0	11	0.7554945054945056	500.5	5	0.3434065934065934	231.0	0	0.0	231.0	0	0.0
login	15	39	59645.0	15	1.0302197802197803	59645.0	4	0.27472527472527475	513.5	7	0.48076923076923084	237.0	0	0.0	237.0	0	0.0
login	15	40	61155.0	0	0.0	61155.0	9	0.6181318681318682	526.5	4	0.27472527472527475	243.0	0	0.0	243.0	0	0.0
login	15	41	62665.0	15	1.0302197802197803	62665.0	5	0.3434065934065934	539.5	4	0.27472527472527475	249.0	0	0.0	249.0	0	0.0
login	15	42	64175.0	0	0.0	64175.0	11	0.7554945054945056	552.5	0	0.0	255.0	0	0.0	255.0	0	0.0
login	15	43	65685.0	15	1.0302197802197803	65685.0	4	0.27472527472527475	565.5	8	0.5494505494505495	261.0	0	0.0	261.0	0	0.0
login	15	44	67195.0	0	0.0	67195.0	11	0.7554945054945056	578.5	12	0.8241758241758242	267.0	0	0.0	267.0	0	0.0
login	15	45	68705.0	15	1.0302197802197803	68705.0	3	0.20604395604395606	591.5	19	1.304945054945055	273.0	0	0.0	273.0	0	0.0
login	15	46	70215.0	0	0.0	70215.0	8	0.5494505494505495	604.5	19	1.304945054945055	279.0	0	0.0	279.0	0	0.0
login	15	47	71725.0	13	0.8928571428571429	71725.0	7	0.48076923076923084	617.5	20	1.3736263736263736	285.0	0	0.0	285.0	0	0.0
login	15	48	73235.0	2	0.13736263736263737	73235.0	10	0.6868131868131868	630.5	16	1.098901098901099	291.0	0	0.0	291.0	0	0.0
login	15	49	74745.0	14	0.9615384615384617	74745.0	5	0.3434065934065934	643.5	3	0.20604395604395606	297.0	0	0.0	297.0	0	0.0
login	15	50	76255.0	1	0.06868131868131869	76255.0	11	0.7554945054945056	656.5	6	0.4120879120879121	303.0	0	0.0	303.0	0	0.0
login	15	51	77765.0	15	1.0302197802197803	77765.0	4	0.27472527472527475	669.5	14	0.9615384615384617	309.0	0	0.0	309.0	0	0.0
login	15	52	79275.0	0	0.0	79275.0	10	0.6868131868131868	682.5	16	1.098901098901099	315.0	0	0.0	315.0	0	0.0
login	15	53	80785.0	0	0.0	80785.0	5	0.3434065934065934	695.5	29	1.991758241758242	321.0	0	0.0	321.0	0	0.0
login	15	54	82295.0	15	1.0302197802197803	82295.0	7	0.48076923076923084	708.5	22	1.5109890109890112	327.0	0	0.0	327.0	0	0.0
login	15	55	83805.0	0	0.0	83805.0	8	0.5494505494505495	721.5	16	1.098901098901099	333.0	0	0.0	333.0	0	0.0
login	15	56	85315.0	15	1.0302197802197803	85315.0	8	0.5494505494505495	734.5	4	0.27472527472527475	339.0	0	0.0	339.0	0	0.0
login	15	57	86825.0	0	0.0	86825.0	7	0.48076923076923084	747.5	1	0.06868131868131869	345.0	0	0.0	345.0	0	0.0
login	15	58	88335.0	15	1.0302197802197803	88335.0	6	0.4120879120879121	760.5	5	0.3434065934065934	351.0	0	0.0	351.0	0	0.0
login	15	59	89845.0	0	0.0	89845.0	9	0.6181318681318682	773.5	8	0.5494505494505495	357.0	0	0.0	357.0	0	0.0
login	15	60	91355.0	15	1.0302197802197803	91355.0	8	0.5494505494505495	786.5	22	1.5109890109890112	363.0	0	0.0	363.0	0	0.0
login	15	61	92865.0	0	0.0	92865.0	7	0.48076923076923084	799.5	18	1.2362637362637363	369.0	0	0.0	369.0	0	0.0
login	15	62	94375.0	15	1.0302197802197803	94375.0	7	0.48076923076923084	812.5	6	0.4120879120879121	375.0	0	0.0	375.0	0	0.0
login	15	63	95885.0	0	0.0	95885.0	8	0.5494505494505495	825.5	3	0.20604395604395606	381.0	0	0.0	381.0	0	0.0
login	15	64	97395.0	15	1.0302197802197803	97395.0	4	0.27472527472527475	838.5	0	0.0	387.0	0	0.0	387.0	0	0.0
login	15	65	98905.0	0	0.0	98905.0	11	0.7554945054945056	851.5	1	0.06868131868131869	393.0	0	0.0	393.0	0	0.0
login	15	66	100415.0	15	1.0302197802197803	100415.0	4	0.27472527472527475	864.5	6	0.4120879120879121	399.0	0	0.0	399.0	0	0.0
login	15	67	101925.0	0	0.0	101925.0	11	0.7554945054945056	877.5	11	0.7554945054945056	405.0	0	0.0	405.0	0	0.0
login	15	68	103435.0	15	1.0302197802197803	103435.0	2	0.13736263736263737	890.5	14	0.9615384615384617	411.0	0	0.0	411.0	0	0.0
login	15	69	104945.0	0	0.0	104945.0	13	0.8928571428571429	903.5	12	0.8241758241758242	417.0	0	0.0	417.0	0	0.0
login	15	70	106455.0	15	1.0302197802197803	106455.0	4	0.27472527472527475	916.5	9	0.6181318681318682	423.0	0	0.0	423.0	0	0.0
login	15	71	107965.0	0	0.0	107965.0	10	0.6868131868131868	929.5	2	0.13736263736263737	429.0	0	0.0	429.0	0	0.0
login	15	72	109475.0	15	1.0302197802197803	109475.0	1	0.06868131868131869	942.5	2	0.13736263736263737	435.0	0	0.0	435.0	0	0.0
login	15	73	110985.0	0	0.0	110985.0	12	0.8241758241758242	955.5	4	0.27472527472527475	441.0	0	0.0	441.0	0	0.0
login	15	74	112495.0	15	1.0302197802197803	112495.0	4	0.27472527472527475	968.5	9	0.6181318681318682	447.0	0	0.0	447.0	0	0.0
login	15	75	114005.0	0	0.0	114005.0	7	0.48076923076923084	981.5	14	0.9615384615384617	453.0	0	0.0	453.0	0	0.0
login	15	76	115515.0	13	0.8928571428571429	115515.0	7	0.48076923076923084	994.5	15	1.0302197802197803	459.0	0	0.0	459.0	0	0.0
login	15	77	117025.0	2	0.13736263736263737	117025.0	9	0.6181318681318682	1007.5	14	0.9615384615384617	465.0	0	0.0	465.0	0	0.0
login	15	78	118535.0	0	0.0	118535.0	6	0.4120879120879121	1020.5	12	0.8241758241758242	471.0	0	0.0	471.0	0	0.0
login	15	79	120045.0	15	1.0302197802197803	120045.0	6	0.4120879120879121	1033.5	6	0.4120879120879121	477.0	0	0.0	477.0	0	0.0
login	15	80	121555.0	0	0.0	121555.0	9	0.6181318681318682	1046.5	2	0.13736263736263737	483.0	0	0.0	483.0	0	0.0
login	15	81	123065.0	15	1.0302197802197803	123065.0	5	0.3434065934065934	1059.5	5	0.3434065934065934	489.0	0	0.0	489.0	0	0.0
login	15	82	124575.0	0	0.0	124575.0	10	0.6868131868131868	1072.5	13	0.8928571428571429	495.0	0	0.0	495.0	0	0.0
login	15	83	126085.0	15	1.0302197802197803	126085.0	4	0.27472527472527475	1085.5	15	1.0302197802197803	501.0	0	0.0	501.0	0	0.0
login	15	84	127595.0	0	0.0	127595.0	11	0.7554945054945056	1098.5	15	1.0302197802197803	507.0	0	0.0	507.0	0	0.0
login	15	85	129105.0	15	1.0302197802197803	129105.0	2	0.13736263736263737	1111.5	13	0.8928571428571429	513.0	0	0.0	513.0	0	0.0
login	15	86	130615.0	0	0.0	130615.0	12	0.8241758241758242	1124.5	7	0.48076923076923084	519.0	0	0.0	519.0	0	0.0
login	15	87	132125.0	15	1.0302197802197803	132125.0	5	0.3434065934065934	1137.5	3	0.20604395604395606	525.0	0	0.0	525.0	0	0.0
login	15	88	133635.0	0	0.0	133635.0	10	0.6868131868131868	1150.5	0	0.0	531.0	0	0.0	531.0	0	0.0
login	15	89	135145.0	15	1.0302197802197803	135145.0	5	0.3434065934065934	1163.5	9	0.6181318681318682	537.0	0	0.0	537.0	0	0.0
login	15	90	136655.0	0	0.0	136655.0	10	0.6868131868131868	1176.5	8	0.5494505494505495	543.0	0	0.0	543.0	0	0.0
login	15	91	138165.0	15	1.0302197802197803	138165.0	2	0.13736263736263737	1189.5	9	0.6181318681318682	549.0	0	0.0	549.0	0	0.0
login	15	92	139675.0	0	0.0	139675.0	12	0.8241758241758242	1202.5	16	1.098901098901099	555.0	0	0.0	555.0	0	0.0
login	15	93	141185.0	15	1.0302197802197803	141185.0	3	0.20604395604395606	1215.5	14	0.9615384615384617	561.0	0	0.0	561.0	0	0.0
login	15	94	142695.0	0	0.0	142695.0	11	0.7554945054945056	1228.5	4	0.27472527472527475	567.0	0	0.0	567.0	0	0.0
login	15	95	144205.0	15	1.0302197802197803	144205.0	4	0.27472527472527475	1241.5	2	0.13736263736263737	573.0	0	0.0	573.0	0	0.0
login	15	96	145715.0	0	0.0	145715.0	9	0.6181318681318682	1254.5	6	0.4120879120879121	579.0	0	0.0	579.0	0	0.0
login	15	97	147225.0	15	1.0302197802197803	147225.0	5	0.3434065934065934	1267.5	8	0.5494505494505495	585.0	0	0.0	585.0	0	0.0
login	15	98	148735.0	0	0.0	148735.0	12	0.8241758241758242	1280.5	13	0.8928571428571429	591.0	0	0.0	591.0	0	0.0
login	15	99	150245.0	15	1.0302197802197803	150245.0	3	0.20604395604395606	1293.5	22	1.5109890109890112	597.0	0	0.0	597.0	0	0.0
login	15	100	151755.0	0	0.0	151755.0	11	0.7554945054945056	1306.5	13	0.8928571428571429	603.0	0	0.0	603.0	0	0.0
login	15	101	153265.0	15	1.0302197802197803	153265.0	4	0.27472527472527475	1319.5	10	0.6868131868131868	609.0	0	0.0	609.0	0	0.0
login	15	102	154775.0	0	0.0	154775.0	9	0.6181318681318682	1332.5	2	0.13736263736263737	615.0	0	0.0	615.0	0	0.0
login	15	103	156285.0	13	0.8928571428571429	156285.0	6	0.4120879120879121	1345.5	1	0.06868131868131869	621.0	0	0.0	621.0	0	0.0
login	15	104	157795.0	2	0.13736263736263737	157795.0	9	0.6181318681318682	1358.5	4	0.27472527472527475	627.0	0	0.0	627.0	0	0.0
login	15	105	159305.0	13	0.8928571428571429	159305.0	6	0.4120879120879121	1371.5	10	0.6868131868131868	633.0	0	0.0	633.0	0	0.0
login	15	106	160815.0	2	0.13736263736263737	160815.0	10	0.6868131868131868	1384.5	14	0.9615384615384617	639.0	0	0.0	639.0	0	0.0
login	15	107	162325.0	12	0.8241758241758242	162325.0	5	0.3434065934065934	1397.5	18	1.2362637362637363	645.0	0	0.0	645.0	0	0.0
login	15	108	163835.0	3	0.20604395604395606	163835.0	9	0.6181318681318682	1410.5	12	0.8241758241758242	651.0	0	0.0	651.0	0	0.0
login	15	109	165345.0	15	1.0302197802197803	165345.0	7	0.48076923076923084	1423.5	5	0.3434065934065934	657.0	0	0.0	657.0	0	0.0
login	15	110	166855.0	0	0.0	166855.0	7	0.48076923076923084	1436.5	1	0.06868131868131869	663.0	0	0.0	663.0	0	0.0
login	15	111	168365.0	12	0.8241758241758242	168365.0	7	0.48076923076923084	1449.5	2	0.13736263736263737	669.0	0	0.0	669.0	0	0.0
login	15	112	169875.0	3	0.20604395604395606	169875.0	9	0.6181318681318682	1462.5	5	0.3434065934065934	675.0	0	0.0	675.0	0	0.0
login	15	113	171385.0	15	1.0302197802197803	171385.0	8	0.5494505494505495	1475.5	8	0.5494505494505495	681.0	0	0.0	681.0	0	0.0
login	15	114	172895.0	0	0.0	172895.0	9	0.6181318681318682	1488.5	13	0.8928571428571429	687.0	0	0.0	687.0	0	0.0
login	15	115	174405.0	15	1.0302197802197803	174405.0	5	0.3434065934065934	1501.5	15	1.0302197802197803	693.0	0	0.0	693.0	0	0.0
login	15	116	175915.0	1	0.06868131868131869	175915.0	12	0.8241758241758242	1514.5	7	0.48076923076923084	699.0	0	0.0	699.0	0	0.0
login	15	117	177425.0	15	1.0302197802197803	177425.0	4	0.27472527472527475	1527.5	4	0.27472527472527475	705.0	0	0.0	705.0	0	0.0
login	15	118	178935.0	0	0.0	178935.0	12	0.8241758241758242	1540.5	1	0.06868131868131869	711.0	0	0.0	711.0	0	0.0
login	15	119	180445.0	15	1.0302197802197803	180445.0	3	0.20604395604395606	1553.5	4	0.27472527472527475	717.0	0	0.0	717.0	0	0.0
login	15	120	181955.0	0	0.0	181955.0	11	0.7554945054945056	1566.5	6	0.4120879120879121	723.0	0	0.0	723.0	0	0.0
login	15	121	183465.0	15	1.0302197802197803	183465.0	3	0.20604395604395606	1579.5	14	0.9615384615384617	729.0	0	0.0	729.0	0	0.0
login	15	122	184975.0	0	0.0	184975.0	10	0.6868131868131868	1592.5	10	0.6868131868131868	735.0	0	0.0	735.0	0	0.0
login	15	123	186485.0	7	0.48076923076923084	186485.0	5	0.3434065934065934	1605.5	15	1.0302197802197803	741.0	0	0.0	741.0	0	0.0
login	15	124	187995.0	8	0.5494505494505495	187995.0	8	0.5494505494505495	1618.5	11	0.7554945054945056	747.0	0	0.0	747.0	0	0.0
login	15	125	189505.0	13	0.8928571428571429	189505.0	7	0.48076923076923084	1631.5	9	0.6181318681318682	753.0	0	0.0	753.0	0	0.0
login	15	126	191015.0	2	0.13736263736263737	191015.0	8	0.5494505494505495	1644.5	5	0.3434065934065934	759.0	0	0.0	759.0	0	0.0
login	15	127	192525.0	13	0.8928571428571429	192525.0	7	0.48076923076923084	1657.5	3	0.20604395604395606	765.0	0	0.0	765.0	0	0.0
login	15	128	194035.0	2	0.13736263736263737	194035.0	8	0.5494505494505495	1670.5	5	0.3434065934065934	771.0	0	0.0	771.0	0	0.0
login	15	129	195545.0	2	0.13736263736263737	195545.0	7	0.48076923076923084	1683.5	13	0.8928571428571429	777.0	0	0.0	777.0	0	0.0
login	15	130	197055.0	13	0.8928571428571429	197055.0	8	0.5494505494505495	1696.5	21	1.4423076923076925	783.0	0	0.0	783.0	0	0.0
login	15	131	198565.0	0	0.0	198565.0	7	0.48076923076923084	1709.5	18	1.2362637362637363	789.0	0	0.0	789.0	0	0.0
login	15	132	200075.0	15	1.0302197802197803	200075.0	7	0.48076923076923084	1722.5	9	0.6181318681318682	795.0	0	0.0	795.0	0	0.0
login	15	133	201585.0	0	0.0	201585.0	8	0.5494505494505495	1735.5	3	0.20604395604395606	801.0	0	0.0	801.0	0	0.0
login	15	134	203095.0	15	1.0302197802197803	203095.0	6	0.4120879120879121	1748.5	2	0.13736263736263737	807.0	0	0.0	807.0	0	0.0
login	15	135	204605.0	0	0.0	204605.0	9	0.6181318681318682	1761.5	5	0.3434065934065934	813.0	0	0.0	813.0	0	0.0
login	15	136	206115.0	15	1.0302197802197803	206115.0	4	0.27472527472527475	1774.5	13	0.8928571428571429	819.0	0	0.0	819.0	0	0.0
login	15	137	207625.0	0	0.0	207625.0	11	0.7554945054945056	1787.5	22	1.5109890109890112	825.0	0	0.0	825.0	0	0.0
login	15	138	209135.0	15	1.0302197802197803	209135.0	4	0.27472527472527475	1800.5	19	1.304945054945055	831.0	0	0.0	831.0	0	0.0
login	15	139	210645.0	0	0.0	210645.0	11	0.7554945054945056	1813.5	20	1.3736263736263736	837.0	0	0.0	837.0	0	0.0
login	15	140	212155.0	15	1.0302197802197803	212155.0	4	0.27472527472527475	1826.5	8	0.5494505494505495	843.0	0	0.0	843.0	0	0.0
login	15	141	213665.0	0	0.0	213665.0	10	0.6868131868131868	1839.5	1	0.06868131868131869	849.0	0	0.0	849.0	0	0.0
login	15	142	215175.0	15	1.0302197802197803	215175.0	3	0.20604395604395606	1852.5	3	0.20604395604395606	855.0	0	0.0	855.0	0	0.0
login	15	143	216685.0	0	0.0	216685.0	10	0.6868131868131868	1865.5	6	0.4120879120879121	861.0	0	0.0	861.0	0	0.0
login	15	144	218195.0	15	1.0302197802197803	218195.0	3	0.20604395604395606	1878.5	24	1.6483516483516485	867.0	0	0.0	867.0	0	0.0
login	15	145	219705.0	0	0.0	219705.0	12	0.8241758241758242	1891.5	33	2.266483516483517	873.0	0	0.0	873.0	0	0.0
login	15	146	221215.0	15	1.0302197802197803	221215.0	5	0.3434065934065934	1904.5	27	1.8543956043956045	879.0	0	0.0	879.0	0	0.0
login	15	147	222725.0	0	0.0	222725.0	10	0.6868131868131868	1917.5	11	0.7554945054945056	885.0	0	0.0	885.0	0	0.0
login	15	148	224235.0	15	1.0302197802197803	224235.0	4	0.27472527472527475	1930.5	6	0.4120879120879121	891.0	0	0.0	891.0	0	0.0
login	15	149	225745.0	0	0.0	225745.0	10	0.6868131868131868	1943.5	2	0.13736263736263737	897.0	0	0.0	897.0	0	0.0
login	15	150	227255.0	14	0.9615384615384617	227255.0	4	0.27472527472527475	1956.5	4	0.27472527472527475	903.0	0	0.0	903.0	0	0.0
login	15	151	228765.0	1	0.06868131868131869	228765.0	9	0.6181318681318682	1969.5	19	1.304945054945055	909.0	0	0.0	909.0	0	0.0
login	15	152	230275.0	12	0.8241758241758242	230275.0	6	0.4120879120879121	1982.5	18	1.2362637362637363	915.0	0	0.0	915.0	0	0.0
login	15	153	231785.0	3	0.20604395604395606	231785.0	11	0.7554945054945056	1995.5	16	1.098901098901099	921.0	0	0.0	921.0	0	0.0
login	15	154	233295.0	15	1.0302197802197803	233295.0	5	0.3434065934065934	2008.5	21	1.4423076923076925	927.0	0	0.0	927.0	0	0.0
login	15	155	234805.0	0	0.0	234805.0	11	0.7554945054945056	2021.5	10	0.6868131868131868	933.0	0	0.0	933.0	0	0.0
login	15	156	236315.0	15	1.0302197802197803	236315.0	3	0.20604395604395606	2034.5	2	0.13736263736263737	939.0	0	0.0	939.0	0	0.0
login	15	157	237825.0	0	0.0	237825.0	12	0.8241758241758242	2047.5	2	0.13736263736263737	945.0	0	0.0	945.0	0	0.0
login	15	158	239335.0	15	1.0302197802197803	239335.0	3	0.20604395604395606	2060.5	7	0.48076923076923084	951.0	0	0.0	951.0	0	0.0
login	15	159	240845.0	0	0.0	240845.0	11	0.7554945054945056	2073.5	5	0.3434065934065934	957.0	0	0.0	957.0	0	0.0
login	15	160	242355.0	15	1.0302197802197803	242355.0	4	0.27472527472527475	2086.5	23	1.5796703296703298	963.0	0	0.0	963.0	0	0.0
login	15	161	243865.0	0	0.0	243865.0	11	0.7554945054945056	2099.5	23	1.5796703296703298	969.0	0	0.0	969.0	0	0.0
login	15	162	245375.0	12	0.8241758241758242	245375.0	4	0.27472527472527475	2112.5	12	0.8241758241758242	975.0	0	0.0	975.0	0	0.0
login	15	163	246885.0	3	0.20604395604395606	246885.0	9	0.6181318681318682	2125.5	5	0.3434065934065934	981.0	0	0.0	981.0	0	0.0
login	15	164	248395.0	14	0.9615384615384617	248395.0	6	0.4120879120879121	2138.5	2	0.13736263736263737	987.0	0	0.0	987.0	0	0.0
login	15	165	249905.0	1	0.06868131868131869	249905.0	8	0.5494505494505495	2151.5	5	0.3434065934065934	993.0	0	0.0	993.0	0	0.0
login	15	166	251415.0	0	0.0	251415.0	7	0.48076923076923084	2164.5	9	0.6181318681318682	999.0	0	0.0	999.0	0	0.0
login	15	167	252925.0	15	1.0302197802197803	252925.0	7	0.48076923076923084	2177.5	11	0.7554945054945056	1005.0	0	0.0	1005.0	0	0.0
login	15	168	254435.0	0	0.0	254435.0	8	0.5494505494505495	2190.5	9	0.6181318681318682	1011.0	0	0.0	1011.0	0	0.0
login	15	169	255945.0	15	1.0302197802197803	255945.0	4	0.27472527472527475	2203.5	11	0.7554945054945056	1017.0	0	0.0	1017.0	0	0.0
login	15	170	257455.0	0	0.0	257455.0	11	0.7554945054945056	2216.5	9	0.6181318681318682	1023.0	0	0.0	1023.0	0	0.0
login	15	171	258965.0	15	1.0302197802197803	258965.0	6	0.4120879120879121	2229.5	3	0.20604395604395606	1029.0	0	0.0	1029.0	0	0.0
login	15	172	260475.0	0	0.0	260475.0	9	0.6181318681318682	2242.5	2	0.13736263736263737	1035.0	0	0.0	1035.0	0	0.0
login	15	173	261985.0	15	1.0302197802197803	261985.0	6	0.4120879120879121	2255.5	5	0.3434065934065934	1041.0	0	0.0	1041.0	0	0.0
login	15	174	263495.0	0	0.0	263495.0	9	0.6181318681318682	2268.5	7	0.48076923076923084	1047.0	0	0.0	1047.0	0	0.0
login	15	175	265005.0	15	1.0302197802197803	265005.0	5	0.3434065934065934	2281.5	6	0.4120879120879121	1053.0	0	0.0	1053.0	0	0.0
login	15	176	266515.0	0	0.0	266515.0	10	0.6868131868131868	2294.5	11	0.7554945054945056	1059.0	0	0.0	1059.0	0	0.0
login	15	177	268025.0	15	1.0302197802197803	268025.0	4	0.27472527472527475	2307.5	7	0.48076923076923084	1065.0	0	0.0	1065.0	0	0.0
login	15	178	269535.0	0	0.0	269535.0	11	0.7554945054945056	2320.5	5	0.3434065934065934	1071.0	0	0.0	1071.0	0	0.0
login	15	179	271045.0	15	1.0302197802197803	271045.0	7	0.48076923076923084	2333.5	2	0.13736263736263737	1077.0	0	0.0	1077.0	0	0.0
login	15	180	272555.0	12	0.8241758241758242	272555.0	8	0.5494505494505495	2346.5	0	0.0	1083.0	0	0.0	1083.0	0	0.0
login	15	181	274065.0	3	0.20604395604395606	274065.0	8	0.5494505494505495	2359.5	2	0.13736263736263737	1089.0	0	0.0	1089.0	0	0.0
login	15	182	275575.0	4	0.27472527472527475	275575.0	7	0.48076923076923084	2372.5	2	0.13736263736263737	1095.0	0	0.0	1095.0	0	0.0
login	15	183	277085.0	11	0.7554945054945056	277085.0	8	0.5494505494505495	2385.5	4	0.27472527472527475	1101.0	0	0.0	1101.0	0	0.0
login	15	184	278595.0	0	0.0	278595.0	7	0.48076923076923084	2398.5	2	0.13736263736263737	1107.0	0	0.0	1107.0	0	0.0
login	15	185	280105.0	15	1.0302197802197803	280105.0	6	0.4120879120879121	2411.5	3	0.20604395604395606	1113.0	0	0.0	1113.0	0	0.0
login	15	186	281615.0	0	0.0	281615.0	9	0.6181318681318682	2424.5	1	0.06868131868131869	1119.0	0	0.0	1119.0	0	0.0
login	15	187	283125.0	15	1.0302197802197803	283125.0	4	0.27472527472527475	2437.5	1	0.06868131868131869	1125.0	0	0.0	1125.0	0	0.0
login	15	188	284635.0	0	0.0	284635.0	11	0.7554945054945056	2450.5	1	0.06868131868131869	1131.0	0	0.0	1131.0	0	0.0
login	15	189	286145.0	15	1.0302197802197803	286145.0	2	0.13736263736263737	2463.5	2	0.13736263736263737	1137.0	0	0.0	1137.0	0	0.0
login	15	190	287655.0	0	0.0	287655.0	10	0.6868131868131868	2476.5	1	0.06868131868131869	1143.0	0	0.0	1143.0	0	0.0
login	15	191	289165.0	15	1.0302197802197803	289165.0	3	0.20604395604395606	2489.5	1	0.06868131868131869	1149.0	0	0.0	1149.0	0	0.0
login	15	192	290675.0	0	0.0	290675.0	8	0.5494505494505495	2502.5	0	0.0	1155.0	0	0.0	1155.0	0	0.0
login	15	193	292185.0	12	0.8241758241758242	292185.0	7	0.48076923076923084	2515.5	0	0.0	1161.0	0	0.0	1161.0	0	0.0
login	15	194	293695.0	3	0.20604395604395606	293695.0	8	0.5494505494505495	2528.5	0	0.0	1167.0	0	0.0	1167.0	0	0.0
login	15	195	295205.0	0	0.0	295205.0	7	0.48076923076923084	2541.5	0	0.0	1173.0	0	0.0	1173.0	0	0.0
login	15	196	296715.0	15	1.0302197802197803	296715.0	6	0.4120879120879121	2554.5	0	0.0	1179.0	0	0.0	1179.0	0	0.0
login	15	197	298225.0	0	0.0	298225.0	9	0.6181318681318682	2567.5	1	0.06868131868131869	1185.0	0	0.0	1185.0	0	0.0
login	15	198	299735.0	15	1.0302197802197803	299735.0	4	0.27472527472527475	2580.5	0	0.0	1191.0	0	0.0	1191.0	0	0.0
login	15	199	301245.0	0	0.0	301245.0	11	0.7554945054945056	2593.5	0	0.0	1197.0	0	0.0	1197.0	0	0.0
info	15	0	752.5	12	0.8321775312066574	752.5	12	0.8321775312066574	5.0	201	13.938973647711512	3.0	1442	100.0	3.0	1442	100.0
info	15	1	2257.5	4	0.27739251040221913	2257.5	3	0.20804438280166435	15.0	31	2.1497919556171983	9.0	0	0.0	9.0	0	0.0
info	15	2	3762.5	11	0.7628294036061026	3762.5	12	0.8321775312066574	25.0	27	1.872399445214979	15.0	0	0.0	15.0	0	0.0
info	15	3	5267.5	7	0.4854368932038835	5267.5	3	0.20804438280166435	35.0	12	0.8321775312066574	21.0	0	0.0	21.0	0	0.0
info	15	4	6772.5	9	0.624133148404993	6772.5	12	0.8321775312066574	45.0	7	0.4854368932038835	27.0	0	0.0	27.0	0	0.0
info	15	5	8277.5	4	0.27739251040221913	8277.5	3	0.20804438280166435	55.0	10	0.6934812760055478	33.0	0	0.0	33.0	0	0.0
info	15	6	9782.5	10	0.6934812760055478	9782.5	11	0.7628294036061026	65.0	7	0.4854368932038835	39.0	0	0.0	39.0	0	0.0
info	15	7	11287.5	3	0.20804438280166435	11287.5	4	0.27739251040221913	75.0	19	1.3176144244105408	45.0	0	0.0	45.0	0	0.0
info	15	8	12792.5	9	0.624133148404993	12792.5	0	0.0	85.0	25	1.7337031900138695	51.0	0	0.0	51.0	0	0.0
info	15	9	14297.5	6	0.4160887656033287	14297.5	15	1.0402219140083218	95.0	30	2.0804438280166435	57.0	0	0.0	57.0	0	0.0
info	15	10	15802.5	9	0.624133148404993	15802.5	0	0.0	105.0	30	2.0804438280166435	63.0	0	0.0	63.0	0	0.0
info	15	11	17307.5	6	0.4160887656033287	17307.5	15	1.0402219140083218	115.0	26	1.8030513176144243	69.0	0	0.0	69.0	0	0.0
info	15	12	18812.5	7	0.4854368932038835	18812.5	0	0.0	125.0	9	0.624133148404993	75.0	0	0.0	75.0	0	0.0
info	15	13	20317.5	8	0.5547850208044383	20317.5	15	1.0402219140083218	135.0	11	0.7628294036061026	81.0	0	0.0	81.0	0	0.0
info	15	14	21822.5	4	0.27739251040221913	21822.5	0	0.0	145.0	2	0.13869625520110956	87.0	0	0.0	87.0	0	0.0
info	15	15	23327.5	9	0.624133148404993	23327.5	13	0.9015256588072121	155.0	2	0.13869625520110956	93.0	0	0.0	93.0	0	0.0
info	15	16	24832.5	6	0.4160887656033287	24832.5	2	0.13869625520110956	165.0	10	0.6934812760055478	99.0	0	0.0	99.0	0	0.0
info	15	17	26337.5	8	0.5547850208044383	26337.5	12	0.8321775312066574	175.0	15	1.0402219140083218	105.0	0	0.0	105.0	0	0.0
info	15	18	27842.5	5	0.3467406380027739	27842.5	3	0.20804438280166435	185.0	18	1.248266296809986	111.0	0	0.0	111.0	0	0.0
info	15	19	29347.5	8	0.5547850208044383	29347.5	0	0.0	195.0	15	1.0402219140083218	117.0	0	0.0	117.0	0	0.0
info	15	20	30852.5	6	0.4160887656033287	30852.5	15	1.0402219140083218	205.0	22	1.5256588072122053	123.0	0	0.0	123.0	0	0.0
info	15	21	32357.5	8	0.5547850208044383	32357.5	0	0.0	215.0	10	0.6934812760055478	129.0	0	0.0	129.0	0	0.0
info	15	22	33862.5	6	0.4160887656033287	33862.5	15	1.0402219140083218	225.0	8	0.5547850208044383	135.0	0	0.0	135.0	0	0.0
info	15	23	35367.5	7	0.4854368932038835	35367.5	0	0.0	235.0	2	0.13869625520110956	141.0	0	0.0	141.0	0	0.0
info	15	24	36872.5	8	0.5547850208044383	36872.5	15	1.0402219140083218	245.0	0	0.0	147.0	0	0.0	147.0	0	0.0
info	15	25	38377.5	8	0.5547850208044383	38377.5	0	0.0	255.0	1	0.06934812760055478	153.0	0	0.0	153.0	0	0.0
info	15	26	39882.5	7	0.4854368932038835	39882.5	15	1.0402219140083218	265.0	6	0.4160887656033287	159.0	0	0.0	159.0	0	0.0
info	15	27	41387.5	8	0.5547850208044383	41387.5	0	0.0	275.0	8	0.5547850208044383	165.0	0	0.0	165.0	0	0.0
info	15	28	42892.5	7	0.4854368932038835	42892.5	15	1.0402219140083218	285.0	14	0.970873786407767	171.0	0	0.0	171.0	0	0.0
info	15	29	44397.5	10	0.6934812760055478	44397.5	1	0.06934812760055478	295.0	4	0.27739251040221913	177.0	0	0.0	177.0	0	0.0
info	15	30	45902.5	5	0.3467406380027739	45902.5	14	0.970873786407767	305.0	9	0.624133148404993	183.0	0	0.0	183.0	0	0.0
info	15	31	47407.5	8	0.5547850208044383	47407.5	0	0.0	315.0	11	0.7628294036061026	189.0	0	0.0	189.0	0	0.0
info	15	32	48912.5	7	0.4854368932038835	48912.5	15	1.0402219140083218	325.0	6	0.4160887656033287	195.0	0	0.0	195.0	0	0.0
info	15	33	50417.5	8	0.5547850208044383	50417.5	0	0.0	335.0	4	0.27739251040221913	201.0	0	0.0	201.0	0	0.0
info	15	34	51922.5	7	0.4854368932038835	51922.5	15	1.0402219140083218	345.0	0	0.0	207.0	0	0.0	207.0	0	0.0
info	15	35	53427.5	8	0.5547850208044383	53427.5	0	0.0	355.0	0	0.0	213.0	0	0.0	213.0	0	0.0
info	15	36	54932.5	7	0.4854368932038835	54932.5	15	1.0402219140083218	365.0	6	0.4160887656033287	219.0	0	0.0	219.0	0	0.0
info	15	37	56437.5	7	0.4854368932038835	56437.5	0	0.0	375.0	6	0.4160887656033287	225.0	0	0.0	225.0	0	0.0
info	15	38	57942.5	8	0.5547850208044383	57942.5	15	1.0402219140083218	385.0	8	0.5547850208044383	231.0	0	0.0	231.0	0	0.0
info	15	39	59447.5	6	0.4160887656033287	59447.5	0	0.0	395.0	11	0.7628294036061026	237.0	0	0.0	237.0	0	0.0
info	15	40	60952.5	9	0.624133148404993	60952.5	15	1.0402219140083218	405.0	13	0.9015256588072121	243.0	0	0.0	243.0	0	0.0
info	15	41	62457.5	6	0.4160887656033287	62457.5	0	0.0	415.0	7	0.4854368932038835	249.0	0	0.0	249.0	0	0.0
info	15	42	63962.5	9	0.624133148404993	63962.5	15	1.0402219140083218	425.0	3	0.20804438280166435	255.0	0	0.0	255.0	0	0.0
info	15	43	65467.5	6	0.4160887656033287	65467.5	0	0.0	435.0	1	0.06934812760055478	261.0	0	0.0	261.0	0	0.0
info	15	44	66972.5	9	0.624133148404993	66972.5	15	1.0402219140083218	445.0	0	0.0	267.0	0	0.0	267.0	0	0.0
info	15	45	68477.5	5	0.3467406380027739	68477.5	0	0.0	455.0	1	0.06934812760055478	273.0	0	0.0	273.0	0	0.0
info	15	46	69982.5	10	0.6934812760055478	69982.5	15	1.0402219140083218	465.0	1	0.06934812760055478	279.0	0	0.0	279.0	0	0.0
info	15	47	71487.5	3	0.20804438280166435	71487.5	0	0.0	475.0	5	0.3467406380027739	285.0	0	0.0	285.0	0	0.0
info	15	48	72992.5	12	0.8321775312066574	72992.5	15	1.0402219140083218	485.0	5	0.3467406380027739	291.0	0	0.0	291.0	0	0.0
info	15	49	74497.5	4	0.27739251040221913	74497.5	0	0.0	495.0	6	0.4160887656033287	297.0	0	0.0	297.0	0	0.0
info	15	50	76002.5	11	0.7628294036061026	76002.5	15	1.0402219140083218	505.0	4	0.27739251040221913	303.0	0	0.0	303.0	0	0.0
info	15	51	77507.5	4	0.27739251040221913	77507.5	0	0.0	515.0	2	0.13869625520110956	309.0	0	0.0	309.0	0	0.0
info	15	52	79012.5	7	0.4854368932038835	79012.5	0	0.0	525.0	4	0.27739251040221913	315.0	0	0.0	315.0	0	0.0
info	15	53	80517.5	5	0.3467406380027739	80517.5	15	1.0402219140083218	535.0	4	0.27739251040221913	321.0	0	0.0	321.0	0	0.0
info	15	54	82022.5	10	0.6934812760055478	82022.5	0	0.0	545.0	1	0.06934812760055478	327.0	0	0.0	327.0	0	0.0
info	15	55	83527.5	4	0.27739251040221913	83527.5	15	1.0402219140083218	555.0	0	0.0	333.0	0	0.0	333.0	0	0.0
info	15	56	85032.5	11	0.7628294036061026	85032.5	0	0.0	565.0	2	0.13869625520110956	339.0	0	0.0	339.0	0	0.0
info	15	57	86537.5	4	0.27739251040221913	86537.5	15	1.0402219140083218	575.0	4	0.27739251040221913	345.0	0	0.0	345.0	0	0.0
info	15	58	88042.5	9	0.624133148404993	88042.5	0	0.0	585.0	4	0.27739251040221913	351.0	0	0.0	351.0	0	0.0
info	15	59	89547.5	6	0.4160887656033287	89547.5	15	1.0402219140083218	595.0	10	0.6934812760055478	357.0	0	0.0	357.0	0	0.0
info	15	60	91052.5	10	0.6934812760055478	91052.5	0	0.0	605.0	12	0.8321775312066574	363.0	0	0.0	363.0	0	0.0
info	15	61	92557.5	5	0.3467406380027739	92557.5	15	1.0402219140083218	615.0	12	0.8321775312066574	369.0	0	0.0	369.0	0	0.0
info	15	62	94062.5	8	0.5547850208044383	94062.5	0	0.0	625.0	7	0.4854368932038835	375.0	0	0.0	375.0	0	0.0
info	15	63	95567.5	7	0.4854368932038835	95567.5	15	1.0402219140083218	635.0	3	0.20804438280166435	381.0	0	0.0	381.0	0	0.0
info	15	64	97072.5	8	0.5547850208044383	97072.5	0	0.0	645.0	1	0.06934812760055478	387.0	0	0.0	387.0	0	0.0
info	15	65	98577.5	7	0.4854368932038835	98577.5	15	1.0402219140083218	655.0	0	0.0	393.0	0	0.0	393.0	0	0.0
info	15	66	100082.5	8	0.5547850208044383	100082.5	0	0.0	665.0	3	0.20804438280166435	399.0	0	0.0	399.0	0	0.0
info	15	67	101587.5	7	0.4854368932038835	101587.5	15	1.0402219140083218	675.0	7	0.4854368932038835	405.0	0	0.0	405.0	0	0.0
info	15	68	103092.5	8	0.5547850208044383	103092.5	0	0.0	685.0	6	0.4160887656033287	411.0	0	0.0	411.0	0	0.0
info	15	69	104597.5	7	0.4854368932038835	104597.5	15	1.0402219140083218	695.0	18	1.248266296809986	417.0	0	0.0	417.0	0	0.0
info	15	70	106102.5	7	0.4854368932038835	106102.5	0	0.0	705.0	10	0.6934812760055478	423.0	0	0.0	423.0	0	0.0
info	15	71	107607.5	8	0.5547850208044383	107607.5	15	1.0402219140083218	715.0	15	1.0402219140083218	429.0	0	0.0	429.0	0	0.0
info	15	72	109112.5	4	0.27739251040221913	109112.5	0	0.0	725.0	6	0.4160887656033287	435.0	0	0.0	435.0	0	0.0
info	15	73	110617.5	11	0.7628294036061026	110617.5	15	1.0402219140083218	735.0	3	0.20804438280166435	441.0	0	0.0	441.0	0	0.0
info	15	74	112122.5	2	0.13869625520110956	112122.5	0	0.0	745.0	1	0.06934812760055478	447.0	0	0.0	447.0	0	0.0
info	15	75	113627.5	11	0.7628294036061026	113627.5	13	0.9015256588072121	755.0	2	0.13869625520110956	453.0	0	0.0	453.0	0	0.0
info	15	76	115132.5	4	0.27739251040221913	115132.5	2	0.13869625520110956	765.0	4	0.27739251040221913	459.0	0	0.0	459.0	0	0.0
info	15	77	116637.5	10	0.6934812760055478	116637.5	11	0.7628294036061026	775.0	11	0.7628294036061026	465.0	0	0.0	465.0	0	0.0
info	15	78	118142.5	3	0.20804438280166435	118142.5	4	0.27739251040221913	785.0	13	0.9015256588072121	471.0	0	0.0	471.0	0	0.0
info	15	79	119647.5	8	0.5547850208044383	119647.5	0	0.0	795.0	15	1.0402219140083218	477.0	0	0.0	477.0	0	0.0
info	15	80	121152.5	7	0.4854368932038835	121152.5	15	1.0402219140083218	805.0	13	0.9015256588072121	483.0	0	0.0	483.0	0	0.0
info	15	81	122657.5	8	0.5547850208044383	122657.5	1	0.06934812760055478	815.0	9	0.624133148404993	489.0	0	0.0	489.0	0	0.0
info	15	82	124162.5	7	0.4854368932038835	124162.5	14	0.970873786407767	825.0	6	0.4160887656033287	495.0	0	0.0	495.0	0	0.0
info	15	83	125667.5	7	0.4854368932038835	125667.5	0	0.0	835.0	5	0.3467406380027739	501.0	0	0.0	501.0	0	0.0
info	15	84	127172.5	8	0.5547850208044383	127172.5	15	1.0402219140083218	845.0	1	0.06934812760055478	507.0	0	0.0	507.0	0	0.0
info	15	85	128677.5	6	0.4160887656033287	128677.5	0	0.0	855.0	3	0.20804438280166435	513.0	0	0.0	513.0	0	0.0
info	15	86	130182.5	9	0.624133148404993	130182.5	15	1.0402219140083218	865.0	3	0.20804438280166435	519.0	0	0.0	519.0	0	0.0
info	15	87	131687.5	7	0.4854368932038835	131687.5	0	0.0	875.0	9	0.624133148404993	525.0	0	0.0	525.0	0	0.0
info	15	88	133192.5	8	0.5547850208044383	133192.5	15	1.0402219140083218	885.0	10	0.6934812760055478	531.0	0	0.0	531.0	0	0.0
info	15	89	134697.5	6	0.4160887656033287	134697.5	0	0.0	895.0	8	0.5547850208044383	537.0	0	0.0	537.0	0	0.0
info	15	90	136202.5	9	0.624133148404993	136202.5	15	1.0402219140083218	905.0	15	1.0402219140083218	543.0	0	0.0	543.0	0	0.0
info	15	91	137707.5	5	0.3467406380027739	137707.5	0	0.0	915.0	11	0.7628294036061026	549.0	0	0.0	549.0	0	0.0
info	15	92	139212.5	10	0.6934812760055478	139212.5	15	1.0402219140083218	925.0	7	0.4854368932038835	555.0	0	0.0	555.0	0	0.0
info	15	93	140717.5	4	0.27739251040221913	140717.5	0	0.0	935.0	3	0.20804438280166435	561.0	0	0.0	561.0	0	0.0
info	15	94	142222.5	11	0.7628294036061026	142222.5	15	1.0402219140083218	945.0	2	0.13869625520110956	567.0	0	0.0	567.0	0	0.0
info	15	95	143727.5	2	0.13869625520110956	143727.5	0	0.0	955.0	3	0.20804438280166435	573.0	0	0.0	573.0	0	0.0
info	15	96	145232.5	12	0.8321775312066574	145232.5	14	0.970873786407767	965.0	3	0.20804438280166435	579.0	0	0.0	579.0	0	0.0
info	15	97	146737.5	3	0.20804438280166435	146737.5	1	0.06934812760055478	975.0	7	0.4854368932038835	585.0	0	0.0	585.0	0	0.0
info	15	98	148242.5	13	0.9015256588072121	148242.5	15	1.0402219140083218	985.0	16	1.1095700416088765	591.0	0	0.0	591.0	0	0.0
info	15	99	149747.5	0	0.0	149747.5	0	0.0	995.0	10	0.6934812760055478	597.0	0	0.0	597.0	0	0.0
info	15	100	151252.5	13	0.9015256588072121	151252.5	12	0.8321775312066574	1005.0	11	0.7628294036061026	603.0	0	0.0	603.0	0	0.0
info	15	101	152757.5	3	0.20804438280166435	152757.5	3	0.20804438280166435	1015.0	12	0.8321775312066574	609.0	0	0.0	609.0	0	0.0
info	15	102	154262.5	11	0.7628294036061026	154262.5	12	0.8321775312066574	1025.0	12	0.8321775312066574	615.0	0	0.0	615.0	0	0.0
info	15	103	155767.5	3	0.20804438280166435	155767.5	3	0.20804438280166435	1035.0	1	0.06934812760055478	621.0	0	0.0	621.0	0	0.0
info	15	104	157272.5	12	0.8321775312066574	157272.5	12	0.8321775312066574	1045.0	0	0.0	627.0	0	0.0	627.0	0	0.0
info	15	105	158777.5	3	0.20804438280166435	158777.5	3	0.20804438280166435	1055.0	1	0.06934812760055478	633.0	0	0.0	633.0	0	0.0
info	15	106	160282.5	11	0.7628294036061026	160282.5	0	0.0	1065.0	4	0.27739251040221913	639.0	0	0.0	639.0	0	0.0
info	15	107	161787.5	5	0.3467406380027739	161787.5	15	1.0402219140083218	1075.0	9	0.624133148404993	645.0	0	0.0	645.0	0	0.0
info	15	108	163292.5	12	0.8321775312066574	163292.5	13	0.9015256588072121	1085.0	16	1.1095700416088765	651.0	0	0.0	651.0	0	0.0
info	15	109	164797.5	4	0.27739251040221913	164797.5	2	0.13869625520110956	1095.0	15	1.0402219140083218	657.0	0	0.0	657.0	0	0.0
info	15	110	166302.5	10	0.6934812760055478	166302.5	12	0.8321775312066574	1105.0	10	0.6934812760055478	663.0	0	0.0	663.0	0	0.0
info	15	111	167807.5	5	0.3467406380027739	167807.5	3	0.20804438280166435	1115.0	3	0.20804438280166435	669.0	0	0.0	669.0	0	0.0
info	15	112	169312.5	11	0.7628294036061026	169312.5	13	0.9015256588072121	1125.0	6	0.4160887656033287	675.0	0	0.0	675.0	0	0.0
info	15	113	170817.5	5	0.3467406380027739	170817.5	3	0.20804438280166435	1135.0	3	0.20804438280166435	681.0	0	0.0	681.0	0	0.0
info	15	114	172322.5	11	0.7628294036061026	172322.5	13	0.9015256588072121	1145.0	0	0.0	687.0	0	0.0	687.0	0	0.0
info	15	115	173827.5	5	0.3467406380027739	173827.5	2	0.13869625520110956	1155.0	1	0.06934812760055478	693.0	0	0.0	693.0	0	0.0
info	15	116	175332.5	12	0.8321775312066574	175332.5	15	1.0402219140083218	1165.0	5	0.3467406380027739	699.0	0	0.0	699.0	0	0.0
info	15	117	176837.5	4	0.27739251040221913	176837.5	0	0.0	1175.0	7	0.4854368932038835	705.0	0	0.0	705.0	0	0.0
info	15	118	178342.5	11	0.7628294036061026	178342.5	15	1.0402219140083218	1185.0	12	0.8321775312066574	711.0	0	0.0	711.0	0	0.0
info	15	119	179847.5	4	0.27739251040221913	179847.5	0	0.0	1195.0	13	0.9015256588072121	717.0	0	0.0	717.0	0	0.0
info	15	120	181352.5	9	0.624133148404993	181352.5	13	0.9015256588072121	1205.0	14	0.970873786407767	723.0	0	0.0	723.0	0	0.0
info	15	121	182857.5	3	0.20804438280166435	182857.5	2	0.13869625520110956	1215.0	11	0.7628294036061026	729.0	0	0.0	729.0	0	0.0
info	15	122	184362.5	10	0.6934812760055478	184362.5	0	0.0	1225.0	4	0.27739251040221913	735.0	0	0.0	735.0	0	0.0
info	15	123	185867.5	4	0.27739251040221913	185867.5	15	1.0402219140083218	1235.0	4	0.27739251040221913	741.0	0	0.0	741.0	0	0.0
info	15	124	187372.5	9	0.624133148404993	187372.5	0	0.0	1245.0	1	0.06934812760055478	747.0	0	0.0	747.0	0	0.0
info	15	125	188877.5	6	0.4160887656033287	188877.5	15	1.0402219140083218	1255.0	0	0.0	753.0	0	0.0	753.0	0	0.0
info	15	126	190382.5	10	0.6934812760055478	190382.5	0	0.0	1265.0	3	0.20804438280166435	759.0	0	0.0	759.0	0	0.0
info	15	127	191887.5	5	0.3467406380027739	191887.5	15	1.0402219140083218	1275.0	13	0.9015256588072121	765.0	0	0.0	765.0	0	0.0
info	15	128	193392.5	9	0.624133148404993	193392.5	0	0.0	1285.0	10	0.6934812760055478	771.0	0	0.0	771.0	0	0.0
info	15	129	194897.5	6	0.4160887656033287	194897.5	15	1.0402219140083218	1295.0	16	1.1095700416088765	777.0	0	0.0	777.0	0	0.0
info	15	130	196402.5	8	0.5547850208044383	196402.5	0	0.0	1305.0	21	1.4563106796116505	783.0	0	0.0	783.0	0	0.0
info	15	131	197907.5	7	0.4854368932038835	197907.5	15	1.0402219140083218	1315.0	12	0.8321775312066574	789.0	0	0.0	789.0	0	0.0
info	15	132	199412.5	7	0.4854368932038835	199412.5	0	0.0	1325.0	7	0.4854368932038835	795.0	0	0.0	795.0	0	0.0
info	15	133	200917.5	8	0.5547850208044383	200917.5	15	1.0402219140083218	1335.0	8	0.5547850208044383	801.0	0	0.0	801.0	0	0.0
info	15	134	202422.5	6	0.4160887656033287	202422.5	0	0.0	1345.0	0	0.0	807.0	0	0.0	807.0	0	0.0
info	15	135	203927.5	9	0.624133148404993	203927.5	15	1.0402219140083218	1355.0	2	0.13869625520110956	813.0	0	0.0	813.0	0	0.0
info	15	136	205432.5	5	0.3467406380027739	205432.5	0	0.0	1365.0	3	0.20804438280166435	819.0	0	0.0	819.0	0	0.0
info	15	137	206937.5	10	0.6934812760055478	206937.5	15	1.0402219140083218	1375.0	7	0.4854368932038835	825.0	0	0.0	825.0	0	0.0
info	15	138	208442.5	4	0.27739251040221913	208442.5	0	0.0	1385.0	5	0.3467406380027739	831.0	0	0.0	831.0	0	0.0
info	15	139	209947.5	11	0.7628294036061026	209947.5	15	1.0402219140083218	1395.0	12	0.8321775312066574	837.0	0	0.0	837.0	0	0.0
info	15	140	211452.5	4	0.27739251040221913	211452.5	0	0.0	1405.0	6	0.4160887656033287	843.0	0	0.0	843.0	0	0.0
info	15	141	212957.5	11	0.7628294036061026	212957.5	15	1.0402219140083218	1415.0	8	0.5547850208044383	849.0	0	0.0	849.0	0	0.0
info	15	142	214462.5	2	0.13869625520110956	214462.5	0	0.0	1425.0	5	0.3467406380027739	855.0	0	0.0	855.0	0	0.0
info	15	143	215967.5	11	0.7628294036061026	215967.5	13	0.9015256588072121	1435.0	5	0.3467406380027739	861.0	0	0.0	861.0	0	0.0
info	15	144	217472.5	6	0.4160887656033287	217472.5	2	0.13869625520110956	1445.0	0	0.0	867.0	0	0.0	867.0	0	0.0
info	15	145	218977.5	9	0.624133148404993	218977.5	12	0.8321775312066574	1455.0	2	0.13869625520110956	873.0	0	0.0	873.0	0	0.0
info	15	146	220482.5	5	0.3467406380027739	220482.5	3	0.20804438280166435	1465.0	2	0.13869625520110956	879.0	0	0.0	879.0	0	0.0
info	15	147	221987.5	11	0.7628294036061026	221987.5	14	0.970873786407767	1475.0	10	0.6934812760055478	885.0	0	0.0	885.0	0	0.0
info	15	148	223492.5	2	0.13869625520110956	223492.5	1	0.06934812760055478	1485.0	8	0.5547850208044383	891.0	0	0.0	891.0	0	0.0
info	15	149	224997.5	11	0.7628294036061026	224997.5	0	0.0	1495.0	8	0.5547850208044383	897.0	0	0.0	897.0	0	0.0
info	15	150	226502.5	3	0.20804438280166435	226502.5	15	1.0402219140083218	1505.0	11	0.7628294036061026	903.0	0	0.0	903.0	0	0.0
info	15	151	228007.5	12	0.8321775312066574	228007.5	1	0.06934812760055478	1515.0	11	0.7628294036061026	909.0	0	0.0	909.0	0	0.0
info	15	152	229512.5	4	0.27739251040221913	229512.5	14	0.970873786407767	1525.0	2	0.13869625520110956	915.0	0	0.0	915.0	0	0.0
info	15	153	231017.5	11	0.7628294036061026	231017.5	12	0.8321775312066574	1535.0	2	0.13869625520110956	921.0	0	0.0	921.0	0	0.0
info	15	154	232522.5	4	0.27739251040221913	232522.5	3	0.20804438280166435	1545.0	0	0.0	927.0	0	0.0	927.0	0	0.0
info	15	155	234027.5	11	0.7628294036061026	234027.5	12	0.8321775312066574	1555.0	0	0.0	933.0	0	0.0	933.0	0	0.0
info	15	156	235532.5	4	0.27739251040221913	235532.5	3	0.20804438280166435	1565.0	3	0.20804438280166435	939.0	0	0.0	939.0	0	0.0
info	15	157	237037.5	11	0.7628294036061026	237037.5	12	0.8321775312066574	1575.0	6	0.4160887656033287	945.0	0	0.0	945.0	0	0.0
info	15	158	238542.5	3	0.20804438280166435	238542.5	3	0.20804438280166435	1585.0	6	0.4160887656033287	951.0	0	0.0	951.0	0	0.0
info	15	159	240047.5	11	0.7628294036061026	240047.5	0	0.0	1595.0	8	0.5547850208044383	957.0	0	0.0	957.0	0	0.0
info	15	160	241552.5	4	0.27739251040221913	241552.5	15	1.0402219140083218	1605.0	5	0.3467406380027739	963.0	0	0.0	963.0	0	0.0
info	15	161	243057.5	11	0.7628294036061026	243057.5	0	0.0	1615.0	1	0.06934812760055478	969.0	0	0.0	969.0	0	0.0
info	15	162	244562.5	4	0.27739251040221913	244562.5	15	1.0402219140083218	1625.0	0	0.0	975.0	0	0.0	975.0	0	0.0
info	15	163	246067.5	9	0.624133148404993	246067.5	0	0.0	1635.0	2	0.13869625520110956	981.0	0	0.0	981.0	0	0.0
info	15	164	247572.5	6	0.4160887656033287	247572.5	15	1.0402219140083218	1645.0	1	0.06934812760055478	987.0	0	0.0	987.0	0	0.0
info	15	165	249077.5	9	0.624133148404993	249077.5	0	0.0	1655.0	1	0.06934812760055478	993.0	0	0.0	993.0	0	0.0
info	15	166	250582.5	6	0.4160887656033287	250582.5	15	1.0402219140083218	1665.0	2	0.13869625520110956	999.0	0	0.0	999.0	0	0.0
info	15	167	252087.5	7	0.4854368932038835	252087.5	0	0.0	1675.0	1	0.06934812760055478	1005.0	0	0.0	1005.0	0	0.0
info	15	168	253592.5	8	0.5547850208044383	253592.5	15	1.0402219140083218	1685.0	4	0.27739251040221913	1011.0	0	0.0	1011.0	0	0.0
info	15	169	255097.5	4	0.27739251040221913	255097.5	0	0.0	1695.0	2	0.13869625520110956	1017.0	0	0.0	1017.0	0	0.0
info	15	170	256602.5	11	0.7628294036061026	256602.5	15	1.0402219140083218	1705.0	2	0.13869625520110956	1023.0	0	0.0	1023.0	0	0.0
info	15	171	258107.5	6	0.4160887656033287	258107.5	0	0.0	1715.0	0	0.0	1029.0	0	0.0	1029.0	0	0.0
info	15	172	259612.5	9	0.624133148404993	259612.5	15	1.0402219140083218	1725.0	0	0.0	1035.0	0	0.0	1035.0	0	0.0
info	15	173	261117.5	6	0.4160887656033287	261117.5	0	0.0	1735.0	0	0.0	1041.0	0	0.0	1041.0	0	0.0
info	15	174	262622.5	9	0.624133148404993	262622.5	15	1.0402219140083218	1745.0	1	0.06934812760055478	1047.0	0	0.0	1047.0	0	0.0
info	15	175	264127.5	5	0.3467406380027739	264127.5	0	0.0	1755.0	1	0.06934812760055478	1053.0	0	0.0	1053.0	0	0.0
info	15	176	265632.5	10	0.6934812760055478	265632.5	15	1.0402219140083218	1765.0	0	0.0	1059.0	0	0.0	1059.0	0	0.0
info	15	177	267137.5	4	0.27739251040221913	267137.5	0	0.0	1775.0	0	0.0	1065.0	0	0.0	1065.0	0	0.0
info	15	178	268642.5	11	0.7628294036061026	268642.5	15	1.0402219140083218	1785.0	0	0.0	1071.0	0	0.0	1071.0	0	0.0
info	15	179	270147.5	7	0.4854368932038835	270147.5	0	0.0	1795.0	1	0.06934812760055478	1077.0	0	0.0	1077.0	0	0.0
info	15	180	271652.5	8	0.5547850208044383	271652.5	15	1.0402219140083218	1805.0	2	0.13869625520110956	1083.0	0	0.0	1083.0	0	0.0
info	15	181	273157.5	8	0.5547850208044383	273157.5	0	0.0	1815.0	1	0.06934812760055478	1089.0	0	0.0	1089.0	0	0.0
info	15	182	274662.5	7	0.4854368932038835	274662.5	15	1.0402219140083218	1825.0	1	0.06934812760055478	1095.0	0	0.0	1095.0	0	0.0
info	15	183	276167.5	8	0.5547850208044383	276167.5	0	0.0	1835.0	1	0.06934812760055478	1101.0	0	0.0	1101.0	0	0.0
info	15	184	277672.5	7	0.4854368932038835	277672.5	15	1.0402219140083218	1845.0	1	0.06934812760055478	1107.0	0	0.0	1107.0	0	0.0
info	15	185	279177.5	5	0.3467406380027739	279177.5	0	0.0	1855.0	0	0.0	1113.0	0	0.0	1113.0	0	0.0
info	15	186	280682.5	10	0.6934812760055478	280682.5	15	1.0402219140083218	1865.0	0	0.0	1119.0	0	0.0	1119.0	0	0.0
info	15	187	282187.5	4	0.27739251040221913	282187.5	0	0.0	1875.0	1	0.06934812760055478	1125.0	0	0.0	1125.0	0	0.0
info	15	188	283692.5	11	0.7628294036061026	283692.5	15	1.0402219140083218	1885.0	0	0.0	1131.0	0	0.0	1131.0	0	0.0
info	15	189	285197.5	1	0.06934812760055478	285197.5	0	0.0	1895.0	0	0.0	1137.0	0	0.0	1137.0	0	0.0
info	15	190	286702.5	11	0.7628294036061026	286702.5	1	0.06934812760055478	1905.0	0	0.0	1143.0	0	0.0	1143.0	0	0.0
info	15	191	288207.5	3	0.20804438280166435	288207.5	14	0.970873786407767	1915.0	0	0.0	1149.0	0	0.0	1149.0	0	0.0
info	15	192	289712.5	8	0.5547850208044383	289712.5	0	0.0	1925.0	0	0.0	1155.0	0	0.0	1155.0	0	0.0
info	15	193	291217.5	7	0.4854368932038835	291217.5	15	1.0402219140083218	1935.0	0	0.0	1161.0	0	0.0	1161.0	0	0.0
info	15	194	292722.5	7	0.4854368932038835	292722.5	0	0.0	1945.0	0	0.0	1167.0	0	0.0	1167.0	0	0.0
info	15	195	294227.5	8	0.5547850208044383	294227.5	15	1.0402219140083218	1955.0	0	0.0	1173.0	0	0.0	1173.0	0	0.0
info	15	196	295732.5	6	0.4160887656033287	295732.5	0	0.0	1965.0	0	0.0	1179.0	0	0.0	1179.0	0	0.0
info	15	197	297237.5	9	0.624133148404993	297237.5	15	1.0402219140083218	1975.0	1	0.06934812760055478	1185.0	0	0.0	1185.0	0	0.0
info	15	198	298742.5	1	0.06934812760055478	298742.5	0	0.0	1985.0	0	0.0	1191.0	0	0.0	1191.0	0	0.0
info	15	199	300247.5	0	0.0	300247.5	1	0.06934812760055478	1995.0	0	0.0	1197.0	0	0.0	1197.0	0	0.0
home	15	0	742.0	15	1.040943789035392	742.0	15	1.040943789035392	4.0	194	13.462873004857737	3.0	1441	100.0	3.0	1441	100.0
home	15	1	2226.0	0	0.0	2226.0	0	0.0	12.0	47	3.2616238723108952	9.0	0	0.0	9.0	0	0.0
home	15	2	3710.0	15	1.040943789035392	3710.0	15	1.040943789035392	20.0	26	1.8043025676613462	15.0	0	0.0	15.0	0	0.0
home	15	3	5194.0	2	0.13879250520471895	5194.0	0	0.0	28.0	51	3.539208882720333	21.0	0	0.0	21.0	0	0.0
home	15	4	6678.0	13	0.9021512838306731	6678.0	15	1.040943789035392	36.0	48	3.3310201249132545	27.0	0	0.0	27.0	0	0.0
home	15	5	8162.0	0	0.0	8162.0	0	0.0	44.0	11	0.7633587786259542	33.0	0	0.0	33.0	0	0.0
home	15	6	9646.0	15	1.040943789035392	9646.0	15	1.040943789035392	52.0	5	0.3469812630117974	39.0	0	0.0	39.0	0	0.0
home	15	7	11130.0	0	0.0	11130.0	0	0.0	60.0	11	0.7633587786259542	45.0	0	0.0	45.0	0	0.0
home	15	8	12614.0	15	1.040943789035392	12614.0	15	1.040943789035392	68.0	5	0.3469812630117974	51.0	0	0.0	51.0	0	0.0
home	15	9	14098.0	0	0.0	14098.0	0	0.0	76.0	23	1.596113809854268	57.0	0	0.0	57.0	0	0.0
home	15	10	15582.0	15	1.040943789035392	15582.0	15	1.040943789035392	84.0	95	6.59264399722415	63.0	0	0.0	63.0	0	0.0
home	15	11	17066.0	0	0.0	17066.0	0	0.0	92.0	106	7.356002775850104	69.0	0	0.0	69.0	0	0.0
home	15	12	18550.0	1	0.06939625260235947	18550.0	0	0.0	100.0	115	7.980569049271339	75.0	0	0.0	75.0	0	0.0
home	15	13	20034.0	14	0.9715475364330326	20034.0	15	1.040943789035392	108.0	95	6.59264399722415	81.0	0	0.0	81.0	0	0.0
home	15	14	21518.0	0	0.0	21518.0	0	0.0	116.0	61	4.233171408743928	87.0	0	0.0	87.0	0	0.0
home	15	15	23002.0	15	1.040943789035392	23002.0	15	1.040943789035392	124.0	58	4.02498265093685	93.0	0	0.0	93.0	0	0.0
home	15	16	24486.0	0	0.0	24486.0	0	0.0	132.0	44	3.053435114503817	99.0	0	0.0	99.0	0	0.0
home	15	17	25970.0	15	1.040943789035392	25970.0	15	1.040943789035392	140.0	19	1.31852879944483	105.0	0	0.0	105.0	0	0.0
home	15	18	27454.0	0	0.0	27454.0	0	0.0	148.0	8	0.5551700208188758	111.0	0	0.0	111.0	0	0.0
home	15	19	28938.0	15	1.040943789035392	28938.0	15	1.040943789035392	156.0	2	0.13879250520471895	117.0	0	0.0	117.0	0	0.0
home	15	20	30422.0	0	0.0	30422.0	0	0.0	164.0	20	1.3879250520471895	123.0	0	0.0	123.0	0	0.0
home	15	21	31906.0	13	0.9021512838306731	31906.0	13	0.9021512838306731	172.0	29	2.012491325468425	129.0	0	0.0	129.0	0	0.0
home	15	22	33390.0	2	0.13879250520471895	33390.0	2	0.13879250520471895	180.0	43	2.9840388619014573	135.0	0	0.0	135.0	0	0.0
home	15	23	34874.0	12	0.8327550312283136	34874.0	10	0.6939625260235948	188.0	96	6.662040249826509	141.0	0	0.0	141.0	0	0.0
home	15	24	36358.0	3	0.2081887578070784	36358.0	5	0.3469812630117974	196.0	77	5.34351145038168	147.0	0	0.0	147.0	0	0.0
home	15	25	37842.0	12	0.8327550312283136	37842.0	12	0.8327550312283136	204.0	51	3.539208882720333	153.0	0	0.0	153.0	0	0.0
home	15	26	39326.0	3	0.2081887578070784	39326.0	3	0.2081887578070784	212.0	21	1.457321304649549	159.0	0	0.0	159.0	0	0.0
home	15	27	40810.0	12	0.8327550312283136	40810.0	9	0.6245662734212353	220.0	23	1.596113809854268	165.0	0	0.0	165.0	0	0.0
home	15	28	42294.0	3	0.2081887578070784	42294.0	6	0.4163775156141568	228.0	12	0.8327550312283136	171.0	0	0.0	171.0	0	0.0
home	15	29	43778.0	13	0.9021512838306731	43778.0	13	0.9021512838306731	236.0	3	0.2081887578070784	177.0	0	0.0	177.0	0	0.0
home	15	30	45262.0	2	0.13879250520471895	45262.0	2	0.13879250520471895	244.0	0	0.0	183.0	0	0.0	183.0	0	0.0
home	15	31	46746.0	12	0.8327550312283136	46746.0	0	0.0	252.0	0	0.0	189.0	0	0.0	189.0	0	0.0
home	15	32	48230.0	3	0.2081887578070784	48230.0	15	1.040943789035392	260.0	7	0.4857737682165163	195.0	0	0.0	195.0	0	0.0
home	15	33	49714.0	0	0.0	49714.0	0	0.0	268.0	6	0.4163775156141568	201.0	0	0.0	201.0	0	0.0
home	15	34	51198.0	15	1.040943789035392	51198.0	15	1.040943789035392	276.0	8	0.5551700208188758	207.0	0	0.0	207.0	0	0.0
home	15	35	52682.0	0	0.0	52682.0	0	0.0	284.0	5	0.3469812630117974	213.0	0	0.0	213.0	0	0.0
home	15	36	54166.0	15	1.040943789035392	54166.0	15	1.040943789035392	292.0	5	0.3469812630117974	219.0	0	0.0	219.0	0	0.0
home	15	37	55650.0	0	0.0	55650.0	0	0.0	300.0	0	0.0	225.0	0	0.0	225.0	0	0.0
home	15	38	57134.0	15	1.040943789035392	57134.0	15	1.040943789035392	308.0	1	0.06939625260235947	231.0	0	0.0	231.0	0	0.0
home	15	39	58618.0	1	0.06939625260235947	58618.0	0	0.0	316.0	2	0.13879250520471895	237.0	0	0.0	237.0	0	0.0
home	15	40	60102.0	14	0.9715475364330326	60102.0	15	1.040943789035392	324.0	0	0.0	243.0	0	0.0	243.0	0	0.0
home	15	41	61586.0	0	0.0	61586.0	0	0.0	332.0	0	0.0	249.0	0	0.0	249.0	0	0.0
home	15	42	63070.0	15	1.040943789035392	63070.0	15	1.040943789035392	340.0	0	0.0	255.0	0	0.0	255.0	0	0.0
home	15	43	64554.0	0	0.0	64554.0	0	0.0	348.0	0	0.0	261.0	0	0.0	261.0	0	0.0
home	15	44	66038.0	15	1.040943789035392	66038.0	15	1.040943789035392	356.0	0	0.0	267.0	0	0.0	267.0	0	0.0
home	15	45	67522.0	0	0.0	67522.0	0	0.0	364.0	0	0.0	273.0	0	0.0	273.0	0	0.0
home	15	46	69006.0	15	1.040943789035392	69006.0	15	1.040943789035392	372.0	0	0.0	279.0	0	0.0	279.0	0	0.0
home	15	47	70490.0	0	0.0	70490.0	0	0.0	380.0	0	0.0	285.0	0	0.0	285.0	0	0.0
home	15	48	71974.0	15	1.040943789035392	71974.0	15	1.040943789035392	388.0	1	0.06939625260235947	291.0	0	0.0	291.0	0	0.0
home	15	49	73458.0	0	0.0	73458.0	0	0.0	396.0	0	0.0	297.0	0	0.0	297.0	0	0.0
home	15	50	74942.0	15	1.040943789035392	74942.0	15	1.040943789035392	404.0	1	0.06939625260235947	303.0	0	0.0	303.0	0	0.0
home	15	51	76426.0	0	0.0	76426.0	0	0.0	412.0	1	0.06939625260235947	309.0	0	0.0	309.0	0	0.0
home	15	52	77910.0	0	0.0	77910.0	0	0.0	420.0	0	0.0	315.0	0	0.0	315.0	0	0.0
home	15	53	79394.0	15	1.040943789035392	79394.0	15	1.040943789035392	428.0	0	0.0	321.0	0	0.0	321.0	0	0.0
home	15	54	80878.0	0	0.0	80878.0	0	0.0	436.0	0	0.0	327.0	0	0.0	327.0	0	0.0
home	15	55	82362.0	15	1.040943789035392	82362.0	15	1.040943789035392	444.0	0	0.0	333.0	0	0.0	333.0	0	0.0
home	15	56	83846.0	0	0.0	83846.0	0	0.0	452.0	0	0.0	339.0	0	0.0	339.0	0	0.0
home	15	57	85330.0	15	1.040943789035392	85330.0	15	1.040943789035392	460.0	0	0.0	345.0	0	0.0	345.0	0	0.0
home	15	58	86814.0	0	0.0	86814.0	0	0.0	468.0	0	0.0	351.0	0	0.0	351.0	0	0.0
home	15	59	88298.0	15	1.040943789035392	88298.0	15	1.040943789035392	476.0	0	0.0	357.0	0	0.0	357.0	0	0.0
home	15	60	89782.0	0	0.0	89782.0	0	0.0	484.0	0	0.0	363.0	0	0.0	363.0	0	0.0
home	15	61	91266.0	15	1.040943789035392	91266.0	15	1.040943789035392	492.0	0	0.0	369.0	0	0.0	369.0	0	0.0
home	15	62	92750.0	0	0.0	92750.0	0	0.0	500.0	1	0.06939625260235947	375.0	0	0.0	375.0	0	0.0
home	15	63	94234.0	15	1.040943789035392	94234.0	15	1.040943789035392	508.0	0	0.0	381.0	0	0.0	381.0	0	0.0
home	15	64	95718.0	0	0.0	95718.0	0	0.0	516.0	0	0.0	387.0	0	0.0	387.0	0	0.0
home	15	65	97202.0	15	1.040943789035392	97202.0	15	1.040943789035392	524.0	0	0.0	393.0	0	0.0	393.0	0	0.0
home	15	66	98686.0	0	0.0	98686.0	0	0.0	532.0	0	0.0	399.0	0	0.0	399.0	0	0.0
home	15	67	100170.0	15	1.040943789035392	100170.0	15	1.040943789035392	540.0	0	0.0	405.0	0	0.0	405.0	0	0.0
home	15	68	101654.0	0	0.0	101654.0	0	0.0	548.0	0	0.0	411.0	0	0.0	411.0	0	0.0
home	15	69	103138.0	15	1.040943789035392	103138.0	15	1.040943789035392	556.0	0	0.0	417.0	0	0.0	417.0	0	0.0
home	15	70	104622.0	0	0.0	104622.0	0	0.0	564.0	0	0.0	423.0	0	0.0	423.0	0	0.0
home	15	71	106106.0	13	0.9021512838306731	106106.0	4	0.2775850104094379	572.0	0	0.0	429.0	0	0.0	429.0	0	0.0
home	15	72	107590.0	2	0.13879250520471895	107590.0	11	0.7633587786259542	580.0	0	0.0	435.0	0	0.0	435.0	0	0.0
home	15	73	109074.0	10	0.6939625260235948	109074.0	0	0.0	588.0	0	0.0	441.0	0	0.0	441.0	0	0.0
home	15	74	110558.0	5	0.3469812630117974	110558.0	15	1.040943789035392	596.0	0	0.0	447.0	0	0.0	447.0	0	0.0
home	15	75	112042.0	0	0.0	112042.0	0	0.0	604.0	0	0.0	453.0	0	0.0	453.0	0	0.0
home	15	76	113526.0	15	1.040943789035392	113526.0	15	1.040943789035392	612.0	0	0.0	459.0	0	0.0	459.0	0	0.0
home	15	77	115010.0	0	0.0	115010.0	0	0.0	620.0	0	0.0	465.0	0	0.0	465.0	0	0.0
home	15	78	116494.0	15	1.040943789035392	116494.0	15	1.040943789035392	628.0	0	0.0	471.0	0	0.0	471.0	0	0.0
home	15	79	117978.0	0	0.0	117978.0	0	0.0	636.0	0	0.0	477.0	0	0.0	477.0	0	0.0
home	15	80	119462.0	15	1.040943789035392	119462.0	15	1.040943789035392	644.0	0	0.0	483.0	0	0.0	483.0	0	0.0
home	15	81	120946.0	1	0.06939625260235947	120946.0	0	0.0	652.0	0	0.0	489.0	0	0.0	489.0	0	0.0
home	15	82	122430.0	12	0.8327550312283136	122430.0	13	0.9021512838306731	660.0	0	0.0	495.0	0	0.0	495.0	0	0.0
home	15	83	123914.0	2	0.13879250520471895	123914.0	2	0.13879250520471895	668.0	0	0.0	501.0	0	0.0	501.0	0	0.0
home	15	84	125398.0	14	0.9715475364330326	125398.0	13	0.9021512838306731	676.0	0	0.0	507.0	0	0.0	507.0	0	0.0
home	15	85	126882.0	1	0.06939625260235947	126882.0	2	0.13879250520471895	684.0	0	0.0	513.0	0	0.0	513.0	0	0.0
home	15	86	128366.0	12	0.8327550312283136	128366.0	12	0.8327550312283136	692.0	0	0.0	519.0	0	0.0	519.0	0	0.0
home	15	87	129850.0	3	0.2081887578070784	129850.0	3	0.2081887578070784	700.0	0	0.0	525.0	0	0.0	525.0	0	0.0
home	15	88	131334.0	2	0.13879250520471895	131334.0	0	0.0	708.0	1	0.06939625260235947	531.0	0	0.0	531.0	0	0.0
home	15	89	132818.0	13	0.9021512838306731	132818.0	15	1.040943789035392	716.0	0	0.0	537.0	0	0.0	537.0	0	0.0
home	15	90	134302.0	0	0.0	134302.0	0	0.0	724.0	0	0.0	543.0	0	0.0	543.0	0	0.0
home	15	91	135786.0	15	1.040943789035392	135786.0	15	1.040943789035392	732.0	0	0.0	549.0	0	0.0	549.0	0	0.0
home	15	92	137270.0	0	0.0	137270.0	0	0.0	740.0	0	0.0	555.0	0	0.0	555.0	0	0.0
home	15	93	138754.0	15	1.040943789035392	138754.0	15	1.040943789035392	748.0	0	0.0	561.0	0	0.0	561.0	0	0.0
home	15	94	140238.0	0	0.0	140238.0	0	0.0	756.0	0	0.0	567.0	0	0.0	567.0	0	0.0
home	15	95	141722.0	15	1.040943789035392	141722.0	15	1.040943789035392	764.0	0	0.0	573.0	0	0.0	573.0	0	0.0
home	15	96	143206.0	0	0.0	143206.0	0	0.0	772.0	0	0.0	579.0	0	0.0	579.0	0	0.0
home	15	97	144690.0	15	1.040943789035392	144690.0	15	1.040943789035392	780.0	0	0.0	585.0	0	0.0	585.0	0	0.0
home	15	98	146174.0	0	0.0	146174.0	0	0.0	788.0	0	0.0	591.0	0	0.0	591.0	0	0.0
home	15	99	147658.0	15	1.040943789035392	147658.0	15	1.040943789035392	796.0	0	0.0	597.0	0	0.0	597.0	0	0.0
home	15	100	149142.0	0	0.0	149142.0	0	0.0	804.0	0	0.0	603.0	0	0.0	603.0	0	0.0
home	15	101	150626.0	15	1.040943789035392	150626.0	15	1.040943789035392	812.0	0	0.0	609.0	0	0.0	609.0	0	0.0
home	15	102	152110.0	0	0.0	152110.0	0	0.0	820.0	0	0.0	615.0	0	0.0	615.0	0	0.0
home	15	103	153594.0	15	1.040943789035392	153594.0	15	1.040943789035392	828.0	1	0.06939625260235947	621.0	0	0.0	621.0	0	0.0
home	15	104	155078.0	0	0.0	155078.0	0	0.0	836.0	0	0.0	627.0	0	0.0	627.0	0	0.0
home	15	105	156562.0	15	1.040943789035392	156562.0	15	1.040943789035392	844.0	0	0.0	633.0	0	0.0	633.0	0	0.0
home	15	106	158046.0	0	0.0	158046.0	0	0.0	852.0	0	0.0	639.0	0	0.0	639.0	0	0.0
home	15	107	159530.0	15	1.040943789035392	159530.0	15	1.040943789035392	860.0	0	0.0	645.0	0	0.0	645.0	0	0.0
home	15	108	161014.0	0	0.0	161014.0	0	0.0	868.0	0	0.0	651.0	0	0.0	651.0	0	0.0
home	15	109	162498.0	15	1.040943789035392	162498.0	15	1.040943789035392	876.0	0	0.0	657.0	0	0.0	657.0	0	0.0
home	15	110	163982.0	0	0.0	163982.0	0	0.0	884.0	0	0.0	663.0	0	0.0	663.0	0	0.0
home	15	111	165466.0	12	0.8327550312283136	165466.0	12	0.8327550312283136	892.0	0	0.0	669.0	0	0.0	669.0	0	0.0
home	15	112	166950.0	3	0.2081887578070784	166950.0	3	0.2081887578070784	900.0	0	0.0	675.0	0	0.0	675.0	0	0.0
home	15	113	168434.0	15	1.040943789035392	168434.0	14	0.9715475364330326	908.0	0	0.0	681.0	0	0.0	681.0	0	0.0
home	15	114	169918.0	1	0.06939625260235947	169918.0	1	0.06939625260235947	916.0	0	0.0	687.0	0	0.0	687.0	0	0.0
home	15	115	171402.0	14	0.9715475364330326	171402.0	15	1.040943789035392	924.0	0	0.0	693.0	0	0.0	693.0	0	0.0
home	15	116	172886.0	1	0.06939625260235947	172886.0	1	0.06939625260235947	932.0	0	0.0	699.0	0	0.0	699.0	0	0.0
home	15	117	174370.0	15	1.040943789035392	174370.0	15	1.040943789035392	940.0	0	0.0	705.0	0	0.0	705.0	0	0.0
home	15	118	175854.0	0	0.0	175854.0	0	0.0	948.0	0	0.0	711.0	0	0.0	711.0	0	0.0
home	15	119	177338.0	15	1.040943789035392	177338.0	15	1.040943789035392	956.0	0	0.0	717.0	0	0.0	717.0	0	0.0
home	15	120	178822.0	0	0.0	178822.0	0	0.0	964.0	0	0.0	723.0	0	0.0	723.0	0	0.0
home	15	121	180306.0	13	0.9021512838306731	180306.0	13	0.9021512838306731	972.0	0	0.0	729.0	0	0.0	729.0	0	0.0
home	15	122	181790.0	2	0.13879250520471895	181790.0	2	0.13879250520471895	980.0	0	0.0	735.0	0	0.0	735.0	0	0.0
home	15	123	183274.0	0	0.0	183274.0	0	0.0	988.0	0	0.0	741.0	0	0.0	741.0	0	0.0
home	15	124	184758.0	15	1.040943789035392	184758.0	15	1.040943789035392	996.0	0	0.0	747.0	0	0.0	747.0	0	0.0
home	15	125	186242.0	0	0.0	186242.0	0	0.0	1004.0	0	0.0	753.0	0	0.0	753.0	0	0.0
home	15	126	187726.0	15	1.040943789035392	187726.0	15	1.040943789035392	1012.0	0	0.0	759.0	0	0.0	759.0	0	0.0
home	15	127	189210.0	0	0.0	189210.0	0	0.0	1020.0	0	0.0	765.0	0	0.0	765.0	0	0.0
home	15	128	190694.0	15	1.040943789035392	190694.0	15	1.040943789035392	1028.0	0	0.0	771.0	0	0.0	771.0	0	0.0
home	15	129	192178.0	0	0.0	192178.0	0	0.0	1036.0	0	0.0	777.0	0	0.0	777.0	0	0.0
home	15	130	193662.0	15	1.040943789035392	193662.0	15	1.040943789035392	1044.0	0	0.0	783.0	0	0.0	783.0	0	0.0
home	15	131	195146.0	0	0.0	195146.0	0	0.0	1052.0	0	0.0	789.0	0	0.0	789.0	0	0.0
home	15	132	196630.0	15	1.040943789035392	196630.0	15	1.040943789035392	1060.0	0	0.0	795.0	0	0.0	795.0	0	0.0
home	15	133	198114.0	0	0.0	198114.0	0	0.0	1068.0	0	0.0	801.0	0	0.0	801.0	0	0.0
home	15	134	199598.0	15	1.040943789035392	199598.0	15	1.040943789035392	1076.0	0	0.0	807.0	0	0.0	807.0	0	0.0
home	15	135	201082.0	0	0.0	201082.0	0	0.0	1084.0	0	0.0	813.0	0	0.0	813.0	0	0.0
home	15	136	202566.0	15	1.040943789035392	202566.0	15	1.040943789035392	1092.0	0	0.0	819.0	0	0.0	819.0	0	0.0
home	15	137	204050.0	0	0.0	204050.0	0	0.0	1100.0	0	0.0	825.0	0	0.0	825.0	0	0.0
home	15	138	205534.0	13	0.9021512838306731	205534.0	13	0.9021512838306731	1108.0	0	0.0	831.0	0	0.0	831.0	0	0.0
home	15	139	207018.0	2	0.13879250520471895	207018.0	2	0.13879250520471895	1116.0	0	0.0	837.0	0	0.0	837.0	0	0.0
home	15	140	208502.0	12	0.8327550312283136	208502.0	7	0.4857737682165163	1124.0	0	0.0	843.0	0	0.0	843.0	0	0.0
home	15	141	209986.0	3	0.2081887578070784	209986.0	8	0.5551700208188758	1132.0	0	0.0	849.0	0	0.0	849.0	0	0.0
home	15	142	211470.0	3	0.2081887578070784	211470.0	0	0.0	1140.0	0	0.0	855.0	0	0.0	855.0	0	0.0
home	15	143	212954.0	12	0.8327550312283136	212954.0	15	1.040943789035392	1148.0	0	0.0	861.0	0	0.0	861.0	0	0.0
home	15	144	214438.0	0	0.0	214438.0	0	0.0	1156.0	0	0.0	867.0	0	0.0	867.0	0	0.0
home	15	145	215922.0	15	1.040943789035392	215922.0	15	1.040943789035392	1164.0	0	0.0	873.0	0	0.0	873.0	0	0.0
home	15	146	217406.0	0	0.0	217406.0	0	0.0	1172.0	0	0.0	879.0	0	0.0	879.0	0	0.0
home	15	147	218890.0	15	1.040943789035392	218890.0	15	1.040943789035392	1180.0	0	0.0	885.0	0	0.0	885.0	0	0.0
home	15	148	220374.0	0	0.0	220374.0	0	0.0	1188.0	0	0.0	891.0	0	0.0	891.0	0	0.0
home	15	149	221858.0	15	1.040943789035392	221858.0	15	1.040943789035392	1196.0	0	0.0	897.0	0	0.0	897.0	0	0.0
home	15	150	223342.0	0	0.0	223342.0	0	0.0	1204.0	0	0.0	903.0	0	0.0	903.0	0	0.0
home	15	151	224826.0	15	1.040943789035392	224826.0	15	1.040943789035392	1212.0	0	0.0	909.0	0	0.0	909.0	0	0.0
home	15	152	226310.0	0	0.0	226310.0	0	0.0	1220.0	0	0.0	915.0	0	0.0	915.0	0	0.0
home	15	153	227794.0	15	1.040943789035392	227794.0	15	1.040943789035392	1228.0	0	0.0	921.0	0	0.0	921.0	0	0.0
home	15	154	229278.0	0	0.0	229278.0	0	0.0	1236.0	0	0.0	927.0	0	0.0	927.0	0	0.0
home	15	155	230762.0	15	1.040943789035392	230762.0	15	1.040943789035392	1244.0	0	0.0	933.0	0	0.0	933.0	0	0.0
home	15	156	232246.0	0	0.0	232246.0	0	0.0	1252.0	0	0.0	939.0	0	0.0	939.0	0	0.0
home	15	157	233730.0	15	1.040943789035392	233730.0	15	1.040943789035392	1260.0	0	0.0	945.0	0	0.0	945.0	0	0.0
home	15	158	235214.0	0	0.0	235214.0	0	0.0	1268.0	0	0.0	951.0	0	0.0	951.0	0	0.0
home	15	159	236698.0	15	1.040943789035392	236698.0	15	1.040943789035392	1276.0	0	0.0	957.0	0	0.0	957.0	0	0.0
home	15	160	238182.0	0	0.0	238182.0	0	0.0	1284.0	0	0.0	963.0	0	0.0	963.0	0	0.0
home	15	161	239666.0	15	1.040943789035392	239666.0	15	1.040943789035392	1292.0	0	0.0	969.0	0	0.0	969.0	0	0.0
home	15	162	241150.0	0	0.0	241150.0	0	0.0	1300.0	0	0.0	975.0	0	0.0	975.0	0	0.0
home	15	163	242634.0	15	1.040943789035392	242634.0	15	1.040943789035392	1308.0	0	0.0	981.0	0	0.0	981.0	0	0.0
home	15	164	244118.0	0	0.0	244118.0	0	0.0	1316.0	0	0.0	987.0	0	0.0	987.0	0	0.0
home	15	165	245602.0	15	1.040943789035392	245602.0	15	1.040943789035392	1324.0	0	0.0	993.0	0	0.0	993.0	0	0.0
home	15	166	247086.0	0	0.0	247086.0	0	0.0	1332.0	0	0.0	999.0	0	0.0	999.0	0	0.0
home	15	167	248570.0	5	0.3469812630117974	248570.0	0	0.0	1340.0	0	0.0	1005.0	0	0.0	1005.0	0	0.0
home	15	168	250054.0	10	0.6939625260235948	250054.0	15	1.040943789035392	1348.0	0	0.0	1011.0	0	0.0	1011.0	0	0.0
home	15	169	251538.0	0	0.0	251538.0	0	0.0	1356.0	0	0.0	1017.0	0	0.0	1017.0	0	0.0
home	15	170	253022.0	15	1.040943789035392	253022.0	15	1.040943789035392	1364.0	0	0.0	1023.0	0	0.0	1023.0	0	0.0
home	15	171	254506.0	0	0.0	254506.0	0	0.0	1372.0	0	0.0	1029.0	0	0.0	1029.0	0	0.0
home	15	172	255990.0	15	1.040943789035392	255990.0	15	1.040943789035392	1380.0	1	0.06939625260235947	1035.0	0	0.0	1035.0	0	0.0
home	15	173	257474.0	0	0.0	257474.0	0	0.0	1388.0	0	0.0	1041.0	0	0.0	1041.0	0	0.0
home	15	174	258958.0	15	1.040943789035392	258958.0	15	1.040943789035392	1396.0	0	0.0	1047.0	0	0.0	1047.0	0	0.0
home	15	175	260442.0	0	0.0	260442.0	0	0.0	1404.0	0	0.0	1053.0	0	0.0	1053.0	0	0.0
home	15	176	261926.0	15	1.040943789035392	261926.0	15	1.040943789035392	1412.0	0	0.0	1059.0	0	0.0	1059.0	0	0.0
home	15	177	263410.0	0	0.0	263410.0	0	0.0	1420.0	0	0.0	1065.0	0	0.0	1065.0	0	0.0
home	15	178	264894.0	15	1.040943789035392	264894.0	15	1.040943789035392	1428.0	0	0.0	1071.0	0	0.0	1071.0	0	0.0
home	15	179	266378.0	0	0.0	266378.0	0	0.0	1436.0	0	0.0	1077.0	0	0.0	1077.0	0	0.0
home	15	180	267862.0	15	1.040943789035392	267862.0	15	1.040943789035392	1444.0	0	0.0	1083.0	0	0.0	1083.0	0	0.0
home	15	181	269346.0	0	0.0	269346.0	0	0.0	1452.0	0	0.0	1089.0	0	0.0	1089.0	0	0.0
home	15	182	270830.0	15	1.040943789035392	270830.0	15	1.040943789035392	1460.0	0	0.0	1095.0	0	0.0	1095.0	0	0.0
home	15	183	272314.0	0	0.0	272314.0	0	0.0	1468.0	0	0.0	1101.0	0	0.0	1101.0	0	0.0
home	15	184	273798.0	15	1.040943789035392	273798.0	15	1.040943789035392	1476.0	0	0.0	1107.0	0	0.0	1107.0	0	0.0
home	15	185	275282.0	0	0.0	275282.0	0	0.0	1484.0	0	0.0	1113.0	0	0.0	1113.0	0	0.0
home	15	186	276766.0	15	1.040943789035392	276766.0	15	1.040943789035392	1492.0	1	0.06939625260235947	1119.0	0	0.0	1119.0	0	0.0
home	15	187	278250.0	0	0.0	278250.0	0	0.0	1500.0	0	0.0	1125.0	0	0.0	1125.0	0	0.0
home	15	188	279734.0	15	1.040943789035392	279734.0	15	1.040943789035392	1508.0	0	0.0	1131.0	0	0.0	1131.0	0	0.0
home	15	189	281218.0	0	0.0	281218.0	0	0.0	1516.0	0	0.0	1137.0	0	0.0	1137.0	0	0.0
home	15	190	282702.0	15	1.040943789035392	282702.0	15	1.040943789035392	1524.0	0	0.0	1143.0	0	0.0	1143.0	0	0.0
home	15	191	284186.0	0	0.0	284186.0	0	0.0	1532.0	0	0.0	1149.0	0	0.0	1149.0	0	0.0
home	15	192	285670.0	1	0.06939625260235947	285670.0	0	0.0	1540.0	0	0.0	1155.0	0	0.0	1155.0	0	0.0
home	15	193	287154.0	14	0.9715475364330326	287154.0	15	1.040943789035392	1548.0	0	0.0	1161.0	0	0.0	1161.0	0	0.0
home	15	194	288638.0	0	0.0	288638.0	0	0.0	1556.0	0	0.0	1167.0	0	0.0	1167.0	0	0.0
home	15	195	290122.0	15	1.040943789035392	290122.0	15	1.040943789035392	1564.0	0	0.0	1173.0	0	0.0	1173.0	0	0.0
home	15	196	291606.0	0	0.0	291606.0	0	0.0	1572.0	0	0.0	1179.0	0	0.0	1179.0	0	0.0
home	15	197	293090.0	15	1.040943789035392	293090.0	15	1.040943789035392	1580.0	0	0.0	1185.0	0	0.0	1185.0	0	0.0
home	15	198	294574.0	0	0.0	294574.0	0	0.0	1588.0	0	0.0	1191.0	0	0.0	1191.0	0	0.0
home	15	199	296058.0	15	1.040943789035392	296058.0	15	1.040943789035392	1596.0	0	0.0	1197.0	0	0.0	1197.0	0	0.0
