'Request type'	'Load'	'Bucket'	'Start time'	'Absolute'	'Percent of requests'	'End time'	'Absolute'	'Percent of requests'	'Residence time'	'Absolute'	'Percent of requests'	'Theor. think time'	'Absolute'	'Percent of requests'	'Actual think time'	'Absolute'	'Percent of requests'
login	3	0	749.0	4	0.5420054200542005	749.0	3	0.4065040650406504	1.5	0	0.0	3.0	738	99.99999999999999	3.0	738	99.99999999999999
login	3	1	2247.0	5	0.6775067750677506	2247.0	6	0.8130081300813008	4.5	0	0.0	9.0	0	0.0	9.0	0	0.0
login	3	2	3745.0	3	0.4065040650406504	3745.0	3	0.4065040650406504	7.5	0	0.0	15.0	0	0.0	15.0	0	0.0
login	3	3	5243.0	3	0.4065040650406504	5243.0	3	0.4065040650406504	10.5	0	0.0	21.0	0	0.0	21.0	0	0.0
login	3	4	6741.0	5	0.6775067750677506	6741.0	4	0.5420054200542005	13.5	0	0.0	27.0	0	0.0	27.0	0	0.0
login	3	5	8239.0	4	0.5420054200542005	8239.0	5	0.6775067750677506	16.5	0	0.0	33.0	0	0.0	33.0	0	0.0
login	3	6	9737.0	3	0.4065040650406504	9737.0	3	0.4065040650406504	19.5	0	0.0	39.0	0	0.0	39.0	0	0.0
login	3	7	11235.0	4	0.5420054200542005	11235.0	3	0.4065040650406504	22.5	0	0.0	45.0	0	0.0	45.0	0	0.0
login	3	8	12733.0	5	0.6775067750677506	12733.0	3	0.4065040650406504	25.5	0	0.0	51.0	0	0.0	51.0	0	0.0
login	3	9	14231.0	3	0.4065040650406504	14231.0	6	0.8130081300813008	28.5	0	0.0	57.0	0	0.0	57.0	0	0.0
login	3	10	15729.0	3	0.4065040650406504	15729.0	3	0.4065040650406504	31.5	0	0.0	63.0	0	0.0	63.0	0	0.0
login	3	11	17227.0	3	0.4065040650406504	17227.0	3	0.4065040650406504	34.5	0	0.0	69.0	0	0.0	69.0	0	0.0
login	3	12	18725.0	3	0.4065040650406504	18725.0	3	0.4065040650406504	37.5	0	0.0	75.0	0	0.0	75.0	0	0.0
login	3	13	20223.0	3	0.4065040650406504	20223.0	3	0.4065040650406504	40.5	0	0.0	81.0	0	0.0	81.0	0	0.0
login	3	14	21721.0	6	0.8130081300813008	21721.0	4	0.5420054200542005	43.5	0	0.0	87.0	0	0.0	87.0	0	0.0
login	3	15	23219.0	3	0.4065040650406504	23219.0	5	0.6775067750677506	46.5	0	0.0	93.0	0	0.0	93.0	0	0.0
login	3	16	24717.0	3	0.4065040650406504	24717.0	3	0.4065040650406504	49.5	0	0.0	99.0	0	0.0	99.0	0	0.0
login	3	17	26215.0	4	0.5420054200542005	26215.0	4	0.5420054200542005	52.5	0	0.0	105.0	0	0.0	105.0	0	0.0
login	3	18	27713.0	3	0.4065040650406504	27713.0	3	0.4065040650406504	55.5	0	0.0	111.0	0	0.0	111.0	0	0.0
login	3	19	29211.0	4	0.5420054200542005	29211.0	3	0.4065040650406504	58.5	0	0.0	117.0	0	0.0	117.0	0	0.0
login	3	20	30709.0	5	0.6775067750677506	30709.0	4	0.5420054200542005	61.5	0	0.0	123.0	0	0.0	123.0	0	0.0
login	3	21	32207.0	3	0.4065040650406504	32207.0	5	0.6775067750677506	64.5	0	0.0	129.0	0	0.0	129.0	0	0.0
login	3	22	33705.0	3	0.4065040650406504	33705.0	3	0.4065040650406504	67.5	0	0.0	135.0	0	0.0	135.0	0	0.0
login	3	23	35203.0	4	0.5420054200542005	35203.0	3	0.4065040650406504	70.5	0	0.0	141.0	0	0.0	141.0	0	0.0
login	3	24	36701.0	5	0.6775067750677506	36701.0	6	0.8130081300813008	73.5	0	0.0	147.0	0	0.0	147.0	0	0.0
login	3	25	38199.0	3	0.4065040650406504	38199.0	3	0.4065040650406504	76.5	0	0.0	153.0	0	0.0	153.0	0	0.0
login	3	26	39697.0	3	0.4065040650406504	39697.0	3	0.4065040650406504	79.5	5	0.6775067750677506	159.0	0	0.0	159.0	0	0.0
login	3	27	41195.0	4	0.5420054200542005	41195.0	3	0.4065040650406504	82.5	11	1.4905149051490514	165.0	0	0.0	165.0	0	0.0
login	3	28	42693.0	5	0.6775067750677506	42693.0	5	0.6775067750677506	85.5	4	0.5420054200542005	171.0	0	0.0	171.0	0	0.0
login	3	29	44191.0	3	0.4065040650406504	44191.0	4	0.5420054200542005	88.5	4	0.5420054200542005	177.0	0	0.0	177.0	0	0.0
login	3	30	45689.0	3	0.4065040650406504	45689.0	3	0.4065040650406504	91.5	4	0.5420054200542005	183.0	0	0.0	183.0	0	0.0
login	3	31	47187.0	4	0.5420054200542005	47187.0	4	0.5420054200542005	94.5	9	1.2195121951219512	189.0	0	0.0	189.0	0	0.0
login	3	32	48685.0	5	0.6775067750677506	48685.0	3	0.4065040650406504	97.5	8	1.084010840108401	195.0	0	0.0	195.0	0	0.0
login	3	33	50183.0	3	0.4065040650406504	50183.0	5	0.6775067750677506	100.5	9	1.2195121951219512	201.0	0	0.0	201.0	0	0.0
login	3	34	51681.0	4	0.5420054200542005	51681.0	3	0.4065040650406504	103.5	4	0.5420054200542005	207.0	0	0.0	207.0	0	0.0
login	3	35	53179.0	3	0.4065040650406504	53179.0	4	0.5420054200542005	106.5	13	1.7615176151761516	213.0	0	0.0	213.0	0	0.0
login	3	36	54677.0	3	0.4065040650406504	54677.0	3	0.4065040650406504	109.5	6	0.8130081300813008	219.0	0	0.0	219.0	0	0.0
login	3	37	56175.0	5	0.6775067750677506	56175.0	5	0.6775067750677506	112.5	9	1.2195121951219512	225.0	0	0.0	225.0	0	0.0
login	3	38	57673.0	4	0.5420054200542005	57673.0	4	0.5420054200542005	115.5	8	1.084010840108401	231.0	0	0.0	231.0	0	0.0
login	3	39	59171.0	3	0.4065040650406504	59171.0	3	0.4065040650406504	118.5	9	1.2195121951219512	237.0	0	0.0	237.0	0	0.0
login	3	40	60669.0	5	0.6775067750677506	60669.0	4	0.5420054200542005	121.5	10	1.3550135501355012	243.0	0	0.0	243.0	0	0.0
login	3	41	62167.0	4	0.5420054200542005	62167.0	5	0.6775067750677506	124.5	5	0.6775067750677506	249.0	0	0.0	249.0	0	0.0
login	3	42	63665.0	3	0.4065040650406504	63665.0	3	0.4065040650406504	127.5	20	2.7100271002710024	255.0	0	0.0	255.0	0	0.0
login	3	43	65163.0	4	0.5420054200542005	65163.0	3	0.4065040650406504	130.5	19	2.574525745257452	261.0	0	0.0	261.0	0	0.0
login	3	44	66661.0	3	0.4065040650406504	66661.0	4	0.5420054200542005	133.5	21	2.8455284552845526	267.0	0	0.0	267.0	0	0.0
login	3	45	68159.0	3	0.4065040650406504	68159.0	3	0.4065040650406504	136.5	18	2.4390243902439024	273.0	0	0.0	273.0	0	0.0
login	3	46	69657.0	4	0.5420054200542005	69657.0	3	0.4065040650406504	139.5	13	1.7615176151761516	279.0	0	0.0	279.0	0	0.0
login	3	47	71155.0	5	0.6775067750677506	71155.0	5	0.6775067750677506	142.5	18	2.4390243902439024	285.0	0	0.0	285.0	0	0.0
login	3	48	72653.0	3	0.4065040650406504	72653.0	4	0.5420054200542005	145.5	7	0.9485094850948509	291.0	0	0.0	291.0	0	0.0
login	3	49	74151.0	3	0.4065040650406504	74151.0	3	0.4065040650406504	148.5	17	2.303523035230352	297.0	0	0.0	297.0	0	0.0
login	3	50	75649.0	5	0.6775067750677506	75649.0	4	0.5420054200542005	151.5	12	1.6260162601626016	303.0	0	0.0	303.0	0	0.0
login	3	51	77147.0	4	0.5420054200542005	77147.0	5	0.6775067750677506	154.5	10	1.3550135501355012	309.0	0	0.0	309.0	0	0.0
login	3	52	78645.0	3	0.4065040650406504	78645.0	3	0.4065040650406504	157.5	13	1.7615176151761516	315.0	0	0.0	315.0	0	0.0
login	3	53	80143.0	3	0.4065040650406504	80143.0	3	0.4065040650406504	160.5	8	1.084010840108401	321.0	0	0.0	321.0	0	0.0
login	3	54	81641.0	3	0.4065040650406504	81641.0	3	0.4065040650406504	163.5	8	1.084010840108401	327.0	0	0.0	327.0	0	0.0
login	3	55	83139.0	3	0.4065040650406504	83139.0	3	0.4065040650406504	166.5	6	0.8130081300813008	333.0	0	0.0	333.0	0	0.0
login	3	56	84637.0	4	0.5420054200542005	84637.0	3	0.4065040650406504	169.5	9	1.2195121951219512	339.0	0	0.0	339.0	0	0.0
login	3	57	86135.0	5	0.6775067750677506	86135.0	4	0.5420054200542005	172.5	17	2.303523035230352	345.0	0	0.0	345.0	0	0.0
login	3	58	87633.0	3	0.4065040650406504	87633.0	5	0.6775067750677506	175.5	9	1.2195121951219512	351.0	0	0.0	351.0	0	0.0
login	3	59	89131.0	3	0.4065040650406504	89131.0	3	0.4065040650406504	178.5	16	2.168021680216802	357.0	0	0.0	357.0	0	0.0
login	3	60	90629.0	4	0.5420054200542005	90629.0	3	0.4065040650406504	181.5	11	1.4905149051490514	363.0	0	0.0	363.0	0	0.0
login	3	61	92127.0	5	0.6775067750677506	92127.0	5	0.6775067750677506	184.5	6	0.8130081300813008	369.0	0	0.0	369.0	0	0.0
login	3	62	93625.0	3	0.4065040650406504	93625.0	4	0.5420054200542005	187.5	6	0.8130081300813008	375.0	0	0.0	375.0	0	0.0
login	3	63	95123.0	3	0.4065040650406504	95123.0	3	0.4065040650406504	190.5	10	1.3550135501355012	381.0	0	0.0	381.0	0	0.0
login	3	64	96621.0	4	0.5420054200542005	96621.0	4	0.5420054200542005	193.5	12	1.6260162601626016	387.0	0	0.0	387.0	0	0.0
login	3	65	98119.0	5	0.6775067750677506	98119.0	4	0.5420054200542005	196.5	10	1.3550135501355012	393.0	0	0.0	393.0	0	0.0
login	3	66	99617.0	3	0.4065040650406504	99617.0	4	0.5420054200542005	199.5	10	1.3550135501355012	399.0	0	0.0	399.0	0	0.0
login	3	67	101115.0	3	0.4065040650406504	101115.0	3	0.4065040650406504	202.5	13	1.7615176151761516	405.0	0	0.0	405.0	0	0.0
login	3	68	102613.0	4	0.5420054200542005	102613.0	4	0.5420054200542005	205.5	16	2.168021680216802	411.0	0	0.0	411.0	0	0.0
login	3	69	104111.0	3	0.4065040650406504	104111.0	3	0.4065040650406504	208.5	14	1.8970189701897018	417.0	0	0.0	417.0	0	0.0
login	3	70	105609.0	5	0.6775067750677506	105609.0	4	0.5420054200542005	211.5	10	1.3550135501355012	423.0	0	0.0	423.0	0	0.0
login	3	71	107107.0	4	0.5420054200542005	107107.0	4	0.5420054200542005	214.5	10	1.3550135501355012	429.0	0	0.0	429.0	0	0.0
login	3	72	108605.0	3	0.4065040650406504	108605.0	4	0.5420054200542005	217.5	8	1.084010840108401	435.0	0	0.0	435.0	0	0.0
login	3	73	110103.0	3	0.4065040650406504	110103.0	3	0.4065040650406504	220.5	7	0.9485094850948509	441.0	0	0.0	441.0	0	0.0
login	3	74	111601.0	5	0.6775067750677506	111601.0	4	0.5420054200542005	223.5	8	1.084010840108401	447.0	0	0.0	447.0	0	0.0
login	3	75	113099.0	4	0.5420054200542005	113099.0	5	0.6775067750677506	226.5	6	0.8130081300813008	453.0	0	0.0	453.0	0	0.0
login	3	76	114597.0	3	0.4065040650406504	114597.0	3	0.4065040650406504	229.5	8	1.084010840108401	459.0	0	0.0	459.0	0	0.0
login	3	77	116095.0	3	0.4065040650406504	116095.0	3	0.4065040650406504	232.5	6	0.8130081300813008	465.0	0	0.0	465.0	0	0.0
login	3	78	117593.0	5	0.6775067750677506	117593.0	4	0.5420054200542005	235.5	6	0.8130081300813008	471.0	0	0.0	471.0	0	0.0
login	3	79	119091.0	4	0.5420054200542005	119091.0	4	0.5420054200542005	238.5	7	0.9485094850948509	477.0	0	0.0	477.0	0	0.0
login	3	80	120589.0	3	0.4065040650406504	120589.0	4	0.5420054200542005	241.5	4	0.5420054200542005	483.0	0	0.0	483.0	0	0.0
login	3	81	122087.0	3	0.4065040650406504	122087.0	3	0.4065040650406504	244.5	3	0.4065040650406504	489.0	0	0.0	489.0	0	0.0
login	3	82	123585.0	4	0.5420054200542005	123585.0	4	0.5420054200542005	247.5	4	0.5420054200542005	495.0	0	0.0	495.0	0	0.0
login	3	83	125083.0	3	0.4065040650406504	125083.0	3	0.4065040650406504	250.5	3	0.4065040650406504	501.0	0	0.0	501.0	0	0.0
login	3	84	126581.0	3	0.4065040650406504	126581.0	3	0.4065040650406504	253.5	3	0.4065040650406504	507.0	0	0.0	507.0	0	0.0
login	3	85	128079.0	3	0.4065040650406504	128079.0	3	0.4065040650406504	256.5	4	0.5420054200542005	513.0	0	0.0	513.0	0	0.0
login	3	86	129577.0	4	0.5420054200542005	129577.0	3	0.4065040650406504	259.5	4	0.5420054200542005	519.0	0	0.0	519.0	0	0.0
login	3	87	131075.0	4	0.5420054200542005	131075.0	3	0.4065040650406504	262.5	5	0.6775067750677506	525.0	0	0.0	525.0	0	0.0
login	3	88	132573.0	4	0.5420054200542005	132573.0	4	0.5420054200542005	265.5	8	1.084010840108401	531.0	0	0.0	531.0	0	0.0
login	3	89	134071.0	3	0.4065040650406504	134071.0	3	0.4065040650406504	268.5	5	0.6775067750677506	537.0	0	0.0	537.0	0	0.0
login	3	90	135569.0	3	0.4065040650406504	135569.0	4	0.5420054200542005	271.5	5	0.6775067750677506	543.0	0	0.0	543.0	0	0.0
login	3	91	137067.0	3	0.4065040650406504	137067.0	4	0.5420054200542005	274.5	2	0.27100271002710025	549.0	0	0.0	549.0	0	0.0
login	3	92	138565.0	3	0.4065040650406504	138565.0	3	0.4065040650406504	277.5	9	1.2195121951219512	555.0	0	0.0	555.0	0	0.0
login	3	93	140063.0	4	0.5420054200542005	140063.0	3	0.4065040650406504	280.5	6	0.8130081300813008	561.0	0	0.0	561.0	0	0.0
login	3	94	141561.0	5	0.6775067750677506	141561.0	5	0.6775067750677506	283.5	5	0.6775067750677506	567.0	0	0.0	567.0	0	0.0
login	3	95	143059.0	3	0.4065040650406504	143059.0	4	0.5420054200542005	286.5	7	0.9485094850948509	573.0	0	0.0	573.0	0	0.0
login	3	96	144557.0	3	0.4065040650406504	144557.0	3	0.4065040650406504	289.5	5	0.6775067750677506	579.0	0	0.0	579.0	0	0.0
login	3	97	146055.0	4	0.5420054200542005	146055.0	3	0.4065040650406504	292.5	4	0.5420054200542005	585.0	0	0.0	585.0	0	0.0
login	3	98	147553.0	5	0.6775067750677506	147553.0	4	0.5420054200542005	295.5	5	0.6775067750677506	591.0	0	0.0	591.0	0	0.0
login	3	99	149051.0	3	0.4065040650406504	149051.0	5	0.6775067750677506	298.5	8	1.084010840108401	597.0	0	0.0	597.0	0	0.0
login	3	100	150549.0	3	0.4065040650406504	150549.0	3	0.4065040650406504	301.5	2	0.27100271002710025	603.0	0	0.0	603.0	0	0.0
login	3	101	152047.0	3	0.4065040650406504	152047.0	3	0.4065040650406504	304.5	5	0.6775067750677506	609.0	0	0.0	609.0	0	0.0
login	3	102	153545.0	5	0.6775067750677506	153545.0	5	0.6775067750677506	307.5	4	0.5420054200542005	615.0	0	0.0	615.0	0	0.0
login	3	103	155043.0	4	0.5420054200542005	155043.0	4	0.5420054200542005	310.5	1	0.13550135501355012	621.0	0	0.0	621.0	0	0.0
login	3	104	156541.0	3	0.4065040650406504	156541.0	3	0.4065040650406504	313.5	7	0.9485094850948509	627.0	0	0.0	627.0	0	0.0
login	3	105	158039.0	5	0.6775067750677506	158039.0	4	0.5420054200542005	316.5	3	0.4065040650406504	633.0	0	0.0	633.0	0	0.0
login	3	106	159537.0	4	0.5420054200542005	159537.0	4	0.5420054200542005	319.5	2	0.27100271002710025	639.0	0	0.0	639.0	0	0.0
login	3	107	161035.0	3	0.4065040650406504	161035.0	4	0.5420054200542005	322.5	3	0.4065040650406504	645.0	0	0.0	645.0	0	0.0
login	3	108	162533.0	3	0.4065040650406504	162533.0	3	0.4065040650406504	325.5	3	0.4065040650406504	651.0	0	0.0	651.0	0	0.0
login	3	109	164031.0	3	0.4065040650406504	164031.0	3	0.4065040650406504	328.5	2	0.27100271002710025	657.0	0	0.0	657.0	0	0.0
login	3	110	165529.0	5	0.6775067750677506	165529.0	4	0.5420054200542005	331.5	0	0.0	663.0	0	0.0	663.0	0	0.0
login	3	111	167027.0	4	0.5420054200542005	167027.0	3	0.4065040650406504	334.5	2	0.27100271002710025	669.0	0	0.0	669.0	0	0.0
login	3	112	168525.0	3	0.4065040650406504	168525.0	5	0.6775067750677506	337.5	3	0.4065040650406504	675.0	0	0.0	675.0	0	0.0
login	3	113	170023.0	4	0.5420054200542005	170023.0	4	0.5420054200542005	340.5	2	0.27100271002710025	681.0	0	0.0	681.0	0	0.0
login	3	114	171521.0	3	0.4065040650406504	171521.0	3	0.4065040650406504	343.5	0	0.0	687.0	0	0.0	687.0	0	0.0
login	3	115	173019.0	3	0.4065040650406504	173019.0	3	0.4065040650406504	346.5	3	0.4065040650406504	693.0	0	0.0	693.0	0	0.0
login	3	116	174517.0	4	0.5420054200542005	174517.0	4	0.5420054200542005	349.5	4	0.5420054200542005	699.0	0	0.0	699.0	0	0.0
login	3	117	176015.0	5	0.6775067750677506	176015.0	4	0.5420054200542005	352.5	0	0.0	705.0	0	0.0	705.0	0	0.0
login	3	118	177513.0	3	0.4065040650406504	177513.0	4	0.5420054200542005	355.5	3	0.4065040650406504	711.0	0	0.0	711.0	0	0.0
login	3	119	179011.0	4	0.5420054200542005	179011.0	3	0.4065040650406504	358.5	0	0.0	717.0	0	0.0	717.0	0	0.0
login	3	120	180509.0	5	0.6775067750677506	180509.0	5	0.6775067750677506	361.5	4	0.5420054200542005	723.0	0	0.0	723.0	0	0.0
login	3	121	182007.0	3	0.4065040650406504	182007.0	4	0.5420054200542005	364.5	2	0.27100271002710025	729.0	0	0.0	729.0	0	0.0
login	3	122	183505.0	3	0.4065040650406504	183505.0	3	0.4065040650406504	367.5	2	0.27100271002710025	735.0	0	0.0	735.0	0	0.0
login	3	123	185003.0	4	0.5420054200542005	185003.0	3	0.4065040650406504	370.5	0	0.0	741.0	0	0.0	741.0	0	0.0
login	3	124	186501.0	3	0.4065040650406504	186501.0	4	0.5420054200542005	373.5	3	0.4065040650406504	747.0	0	0.0	747.0	0	0.0
login	3	125	187999.0	3	0.4065040650406504	187999.0	3	0.4065040650406504	376.5	5	0.6775067750677506	753.0	0	0.0	753.0	0	0.0
login	3	126	189497.0	5	0.6775067750677506	189497.0	4	0.5420054200542005	379.5	4	0.5420054200542005	759.0	0	0.0	759.0	0	0.0
login	3	127	190995.0	4	0.5420054200542005	190995.0	5	0.6775067750677506	382.5	0	0.0	765.0	0	0.0	765.0	0	0.0
login	3	128	192493.0	3	0.4065040650406504	192493.0	3	0.4065040650406504	385.5	3	0.4065040650406504	771.0	0	0.0	771.0	0	0.0
login	3	129	193991.0	3	0.4065040650406504	193991.0	3	0.4065040650406504	388.5	1	0.13550135501355012	777.0	0	0.0	777.0	0	0.0
login	3	130	195489.0	4	0.5420054200542005	195489.0	3	0.4065040650406504	391.5	3	0.4065040650406504	783.0	0	0.0	783.0	0	0.0
login	3	131	196987.0	5	0.6775067750677506	196987.0	6	0.8130081300813008	394.5	1	0.13550135501355012	789.0	0	0.0	789.0	0	0.0
login	3	132	198485.0	3	0.4065040650406504	198485.0	3	0.4065040650406504	397.5	0	0.0	795.0	0	0.0	795.0	0	0.0
login	3	133	199983.0	4	0.5420054200542005	199983.0	3	0.4065040650406504	400.5	3	0.4065040650406504	801.0	0	0.0	801.0	0	0.0
login	3	134	201481.0	5	0.6775067750677506	201481.0	5	0.6775067750677506	403.5	2	0.27100271002710025	807.0	0	0.0	807.0	0	0.0
login	3	135	202979.0	3	0.4065040650406504	202979.0	4	0.5420054200542005	406.5	0	0.0	813.0	0	0.0	813.0	0	0.0
login	3	136	204477.0	3	0.4065040650406504	204477.0	3	0.4065040650406504	409.5	0	0.0	819.0	0	0.0	819.0	0	0.0
login	3	137	205975.0	6	0.8130081300813008	205975.0	5	0.6775067750677506	412.5	1	0.13550135501355012	825.0	0	0.0	825.0	0	0.0
login	3	138	207473.0	3	0.4065040650406504	207473.0	4	0.5420054200542005	415.5	1	0.13550135501355012	831.0	0	0.0	831.0	0	0.0
login	3	139	208971.0	3	0.4065040650406504	208971.0	3	0.4065040650406504	418.5	1	0.13550135501355012	837.0	0	0.0	837.0	0	0.0
login	3	140	210469.0	5	0.6775067750677506	210469.0	4	0.5420054200542005	421.5	0	0.0	843.0	0	0.0	843.0	0	0.0
login	3	141	211967.0	4	0.5420054200542005	211967.0	5	0.6775067750677506	424.5	0	0.0	849.0	0	0.0	849.0	0	0.0
login	3	142	213465.0	3	0.4065040650406504	213465.0	3	0.4065040650406504	427.5	4	0.5420054200542005	855.0	0	0.0	855.0	0	0.0
login	3	143	214963.0	3	0.4065040650406504	214963.0	3	0.4065040650406504	430.5	0	0.0	861.0	0	0.0	861.0	0	0.0
login	3	144	216461.0	6	0.8130081300813008	216461.0	4	0.5420054200542005	433.5	1	0.13550135501355012	867.0	0	0.0	867.0	0	0.0
login	3	145	217959.0	3	0.4065040650406504	217959.0	3	0.4065040650406504	436.5	0	0.0	873.0	0	0.0	873.0	0	0.0
login	3	146	219457.0	3	0.4065040650406504	219457.0	5	0.6775067750677506	439.5	0	0.0	879.0	0	0.0	879.0	0	0.0
login	3	147	220955.0	4	0.5420054200542005	220955.0	3	0.4065040650406504	442.5	0	0.0	885.0	0	0.0	885.0	0	0.0
login	3	148	222453.0	3	0.4065040650406504	222453.0	4	0.5420054200542005	445.5	0	0.0	891.0	0	0.0	891.0	0	0.0
login	3	149	223951.0	3	0.4065040650406504	223951.0	3	0.4065040650406504	448.5	0	0.0	897.0	0	0.0	897.0	0	0.0
login	3	150	225449.0	4	0.5420054200542005	225449.0	3	0.4065040650406504	451.5	0	0.0	903.0	0	0.0	903.0	0	0.0
login	3	151	226947.0	5	0.6775067750677506	226947.0	6	0.8130081300813008	454.5	0	0.0	909.0	0	0.0	909.0	0	0.0
login	3	152	228445.0	3	0.4065040650406504	228445.0	3	0.4065040650406504	457.5	0	0.0	915.0	0	0.0	915.0	0	0.0
login	3	153	229943.0	4	0.5420054200542005	229943.0	3	0.4065040650406504	460.5	1	0.13550135501355012	921.0	0	0.0	921.0	0	0.0
login	3	154	231441.0	5	0.6775067750677506	231441.0	5	0.6775067750677506	463.5	0	0.0	927.0	0	0.0	927.0	0	0.0
login	3	155	232939.0	3	0.4065040650406504	232939.0	4	0.5420054200542005	466.5	0	0.0	933.0	0	0.0	933.0	0	0.0
login	3	156	234437.0	3	0.4065040650406504	234437.0	3	0.4065040650406504	469.5	1	0.13550135501355012	939.0	0	0.0	939.0	0	0.0
login	3	157	235935.0	4	0.5420054200542005	235935.0	4	0.5420054200542005	472.5	0	0.0	945.0	0	0.0	945.0	0	0.0
login	3	158	237433.0	5	0.6775067750677506	237433.0	3	0.4065040650406504	475.5	0	0.0	951.0	0	0.0	951.0	0	0.0
login	3	159	238931.0	3	0.4065040650406504	238931.0	5	0.6775067750677506	478.5	0	0.0	957.0	0	0.0	957.0	0	0.0
login	3	160	240429.0	4	0.5420054200542005	240429.0	3	0.4065040650406504	481.5	0	0.0	963.0	0	0.0	963.0	0	0.0
login	3	161	241927.0	3	0.4065040650406504	241927.0	4	0.5420054200542005	484.5	0	0.0	969.0	0	0.0	969.0	0	0.0
login	3	162	243425.0	3	0.4065040650406504	243425.0	3	0.4065040650406504	487.5	1	0.13550135501355012	975.0	0	0.0	975.0	0	0.0
login	3	163	244923.0	4	0.5420054200542005	244923.0	4	0.5420054200542005	490.5	1	0.13550135501355012	981.0	0	0.0	981.0	0	0.0
login	3	164	246421.0	5	0.6775067750677506	246421.0	4	0.5420054200542005	493.5	0	0.0	987.0	0	0.0	987.0	0	0.0
login	3	165	247919.0	3	0.4065040650406504	247919.0	4	0.5420054200542005	496.5	0	0.0	993.0	0	0.0	993.0	0	0.0
login	3	166	249417.0	3	0.4065040650406504	249417.0	3	0.4065040650406504	499.5	0	0.0	999.0	0	0.0	999.0	0	0.0
login	3	167	250915.0	5	0.6775067750677506	250915.0	5	0.6775067750677506	502.5	0	0.0	1005.0	0	0.0	1005.0	0	0.0
login	3	168	252413.0	4	0.5420054200542005	252413.0	4	0.5420054200542005	505.5	1	0.13550135501355012	1011.0	0	0.0	1011.0	0	0.0
login	3	169	253911.0	3	0.4065040650406504	253911.0	3	0.4065040650406504	508.5	0	0.0	1017.0	0	0.0	1017.0	0	0.0
login	3	170	255409.0	3	0.4065040650406504	255409.0	3	0.4065040650406504	511.5	1	0.13550135501355012	1023.0	0	0.0	1023.0	0	0.0
login	3	171	256907.0	3	0.4065040650406504	256907.0	3	0.4065040650406504	514.5	0	0.0	1029.0	0	0.0	1029.0	0	0.0
login	3	172	258405.0	4	0.5420054200542005	258405.0	3	0.4065040650406504	517.5	0	0.0	1035.0	0	0.0	1035.0	0	0.0
login	3	173	259903.0	3	0.4065040650406504	259903.0	4	0.5420054200542005	520.5	0	0.0	1041.0	0	0.0	1041.0	0	0.0
login	3	174	261401.0	3	0.4065040650406504	261401.0	3	0.4065040650406504	523.5	0	0.0	1047.0	0	0.0	1047.0	0	0.0
login	3	175	262899.0	5	0.6775067750677506	262899.0	3	0.4065040650406504	526.5	0	0.0	1053.0	0	0.0	1053.0	0	0.0
login	3	176	264397.0	3	0.4065040650406504	264397.0	4	0.5420054200542005	529.5	0	0.0	1059.0	0	0.0	1059.0	0	0.0
login	3	177	265895.0	4	0.5420054200542005	265895.0	5	0.6775067750677506	532.5	0	0.0	1065.0	0	0.0	1065.0	0	0.0
login	3	178	267393.0	3	0.4065040650406504	267393.0	3	0.4065040650406504	535.5	0	0.0	1071.0	0	0.0	1071.0	0	0.0
login	3	179	268891.0	3	0.4065040650406504	268891.0	3	0.4065040650406504	538.5	0	0.0	1077.0	0	0.0	1077.0	0	0.0
login	3	180	270389.0	5	0.6775067750677506	270389.0	4	0.5420054200542005	541.5	0	0.0	1083.0	0	0.0	1083.0	0	0.0
login	3	181	271887.0	4	0.5420054200542005	271887.0	5	0.6775067750677506	544.5	0	0.0	1089.0	0	0.0	1089.0	0	0.0
login	3	182	273385.0	3	0.4065040650406504	273385.0	3	0.4065040650406504	547.5	0	0.0	1095.0	0	0.0	1095.0	0	0.0
login	3	183	274883.0	4	0.5420054200542005	274883.0	3	0.4065040650406504	550.5	0	0.0	1101.0	0	0.0	1101.0	0	0.0
login	3	184	276381.0	5	0.6775067750677506	276381.0	4	0.5420054200542005	553.5	0	0.0	1107.0	0	0.0	1107.0	0	0.0
login	3	185	277879.0	3	0.4065040650406504	277879.0	5	0.6775067750677506	556.5	0	0.0	1113.0	0	0.0	1113.0	0	0.0
login	3	186	279377.0	3	0.4065040650406504	279377.0	3	0.4065040650406504	559.5	0	0.0	1119.0	0	0.0	1119.0	0	0.0
login	3	187	280875.0	4	0.5420054200542005	280875.0	3	0.4065040650406504	562.5	0	0.0	1125.0	0	0.0	1125.0	0	0.0
login	3	188	282373.0	3	0.4065040650406504	282373.0	4	0.5420054200542005	565.5	0	0.0	1131.0	0	0.0	1131.0	0	0.0
login	3	189	283871.0	5	0.6775067750677506	283871.0	3	0.4065040650406504	568.5	0	0.0	1137.0	0	0.0	1137.0	0	0.0
login	3	190	285369.0	3	0.4065040650406504	285369.0	4	0.5420054200542005	571.5	0	0.0	1143.0	0	0.0	1143.0	0	0.0
login	3	191	286867.0	4	0.5420054200542005	286867.0	5	0.6775067750677506	574.5	0	0.0	1149.0	0	0.0	1149.0	0	0.0
login	3	192	288365.0	3	0.4065040650406504	288365.0	3	0.4065040650406504	577.5	0	0.0	1155.0	0	0.0	1155.0	0	0.0
login	3	193	289863.0	3	0.4065040650406504	289863.0	3	0.4065040650406504	580.5	0	0.0	1161.0	0	0.0	1161.0	0	0.0
login	3	194	291361.0	4	0.5420054200542005	291361.0	4	0.5420054200542005	583.5	0	0.0	1167.0	0	0.0	1167.0	0	0.0
login	3	195	292859.0	4	0.5420054200542005	292859.0	3	0.4065040650406504	586.5	0	0.0	1173.0	0	0.0	1173.0	0	0.0
login	3	196	294357.0	4	0.5420054200542005	294357.0	3	0.4065040650406504	589.5	0	0.0	1179.0	0	0.0	1179.0	0	0.0
login	3	197	295855.0	4	0.5420054200542005	295855.0	4	0.5420054200542005	592.5	0	0.0	1185.0	0	0.0	1185.0	0	0.0
login	3	198	297353.0	3	0.4065040650406504	297353.0	4	0.5420054200542005	595.5	0	0.0	1191.0	0	0.0	1191.0	0	0.0
login	3	199	298851.0	3	0.4065040650406504	298851.0	4	0.5420054200542005	598.5	0	0.0	1197.0	0	0.0	1197.0	0	0.0
info	3	0	748.5	5	0.6775067750677506	748.5	5	0.6775067750677506	0.5	0	0.0	3.0	738	99.99999999999999	3.0	738	99.99999999999999
info	3	1	2245.5	4	0.5420054200542005	2245.5	4	0.5420054200542005	1.5	0	0.0	9.0	0	0.0	9.0	0	0.0
info	3	2	3742.5	3	0.4065040650406504	3742.5	3	0.4065040650406504	2.5	8	1.084010840108401	15.0	0	0.0	15.0	0	0.0
info	3	3	5239.5	4	0.5420054200542005	5239.5	4	0.5420054200542005	3.5	152	20.596205962059617	21.0	0	0.0	21.0	0	0.0
info	3	4	6736.5	5	0.6775067750677506	6736.5	5	0.6775067750677506	4.5	264	35.77235772357723	27.0	0	0.0	27.0	0	0.0
info	3	5	8233.5	3	0.4065040650406504	8233.5	3	0.4065040650406504	5.5	163	22.08672086720867	33.0	0	0.0	33.0	0	0.0
info	3	6	9730.5	3	0.4065040650406504	9730.5	3	0.4065040650406504	6.5	44	5.9620596205962055	39.0	0	0.0	39.0	0	0.0
info	3	7	11227.5	4	0.5420054200542005	11227.5	4	0.5420054200542005	7.5	22	2.9810298102981028	45.0	0	0.0	45.0	0	0.0
info	3	8	12724.5	5	0.6775067750677506	12724.5	5	0.6775067750677506	8.5	15	2.0325203252032518	51.0	0	0.0	51.0	0	0.0
info	3	9	14221.5	3	0.4065040650406504	14221.5	3	0.4065040650406504	9.5	11	1.4905149051490514	57.0	0	0.0	57.0	0	0.0
info	3	10	15718.5	3	0.4065040650406504	15718.5	3	0.4065040650406504	10.5	4	0.5420054200542005	63.0	0	0.0	63.0	0	0.0
info	3	11	17215.5	3	0.4065040650406504	17215.5	3	0.4065040650406504	11.5	4	0.5420054200542005	69.0	0	0.0	69.0	0	0.0
info	3	12	18712.5	3	0.4065040650406504	18712.5	3	0.4065040650406504	12.5	2	0.27100271002710025	75.0	0	0.0	75.0	0	0.0
info	3	13	20209.5	4	0.5420054200542005	20209.5	4	0.5420054200542005	13.5	2	0.27100271002710025	81.0	0	0.0	81.0	0	0.0
info	3	14	21706.5	5	0.6775067750677506	21706.5	5	0.6775067750677506	14.5	2	0.27100271002710025	87.0	0	0.0	87.0	0	0.0
info	3	15	23203.5	3	0.4065040650406504	23203.5	3	0.4065040650406504	15.5	2	0.27100271002710025	93.0	0	0.0	93.0	0	0.0
info	3	16	24700.5	3	0.4065040650406504	24700.5	3	0.4065040650406504	16.5	6	0.8130081300813008	99.0	0	0.0	99.0	0	0.0
info	3	17	26197.5	4	0.5420054200542005	26197.5	4	0.5420054200542005	17.5	2	0.27100271002710025	105.0	0	0.0	105.0	0	0.0
info	3	18	27694.5	3	0.4065040650406504	27694.5	3	0.4065040650406504	18.5	1	0.13550135501355012	111.0	0	0.0	111.0	0	0.0
info	3	19	29191.5	4	0.5420054200542005	29191.5	4	0.5420054200542005	19.5	2	0.27100271002710025	117.0	0	0.0	117.0	0	0.0
info	3	20	30688.5	5	0.6775067750677506	30688.5	5	0.6775067750677506	20.5	0	0.0	123.0	0	0.0	123.0	0	0.0
info	3	21	32185.5	3	0.4065040650406504	32185.5	3	0.4065040650406504	21.5	1	0.13550135501355012	129.0	0	0.0	129.0	0	0.0
info	3	22	33682.5	3	0.4065040650406504	33682.5	3	0.4065040650406504	22.5	0	0.0	135.0	0	0.0	135.0	0	0.0
info	3	23	35179.5	5	0.6775067750677506	35179.5	5	0.6775067750677506	23.5	1	0.13550135501355012	141.0	0	0.0	141.0	0	0.0
info	3	24	36676.5	4	0.5420054200542005	36676.5	4	0.5420054200542005	24.5	2	0.27100271002710025	147.0	0	0.0	147.0	0	0.0
info	3	25	38173.5	3	0.4065040650406504	38173.5	3	0.4065040650406504	25.5	1	0.13550135501355012	153.0	0	0.0	153.0	0	0.0
info	3	26	39670.5	3	0.4065040650406504	39670.5	3	0.4065040650406504	26.5	0	0.0	159.0	0	0.0	159.0	0	0.0
info	3	27	41167.5	4	0.5420054200542005	41167.5	4	0.5420054200542005	27.5	1	0.13550135501355012	165.0	0	0.0	165.0	0	0.0
info	3	28	42664.5	5	0.6775067750677506	42664.5	5	0.6775067750677506	28.5	2	0.27100271002710025	171.0	0	0.0	171.0	0	0.0
info	3	29	44161.5	3	0.4065040650406504	44161.5	3	0.4065040650406504	29.5	1	0.13550135501355012	177.0	0	0.0	177.0	0	0.0
info	3	30	45658.5	4	0.5420054200542005	45658.5	4	0.5420054200542005	30.5	0	0.0	183.0	0	0.0	183.0	0	0.0
info	3	31	47155.5	3	0.4065040650406504	47155.5	3	0.4065040650406504	31.5	0	0.0	189.0	0	0.0	189.0	0	0.0
info	3	32	48652.5	5	0.6775067750677506	48652.5	5	0.6775067750677506	32.5	0	0.0	195.0	0	0.0	195.0	0	0.0
info	3	33	50149.5	3	0.4065040650406504	50149.5	3	0.4065040650406504	33.5	2	0.27100271002710025	201.0	0	0.0	201.0	0	0.0
info	3	34	51646.5	4	0.5420054200542005	51646.5	4	0.5420054200542005	34.5	1	0.13550135501355012	207.0	0	0.0	207.0	0	0.0
info	3	35	53143.5	3	0.4065040650406504	53143.5	3	0.4065040650406504	35.5	0	0.0	213.0	0	0.0	213.0	0	0.0
info	3	36	54640.5	4	0.5420054200542005	54640.5	4	0.5420054200542005	36.5	0	0.0	219.0	0	0.0	219.0	0	0.0
info	3	37	56137.5	5	0.6775067750677506	56137.5	5	0.6775067750677506	37.5	0	0.0	225.0	0	0.0	225.0	0	0.0
info	3	38	57634.5	3	0.4065040650406504	57634.5	3	0.4065040650406504	38.5	0	0.0	231.0	0	0.0	231.0	0	0.0
info	3	39	59131.5	3	0.4065040650406504	59131.5	3	0.4065040650406504	39.5	0	0.0	237.0	0	0.0	237.0	0	0.0
info	3	40	60628.5	5	0.6775067750677506	60628.5	5	0.6775067750677506	40.5	0	0.0	243.0	0	0.0	243.0	0	0.0
info	3	41	62125.5	4	0.5420054200542005	62125.5	4	0.5420054200542005	41.5	0	0.0	249.0	0	0.0	249.0	0	0.0
info	3	42	63622.5	3	0.4065040650406504	63622.5	3	0.4065040650406504	42.5	0	0.0	255.0	0	0.0	255.0	0	0.0
info	3	43	65119.5	4	0.5420054200542005	65119.5	4	0.5420054200542005	43.5	0	0.0	261.0	0	0.0	261.0	0	0.0
info	3	44	66616.5	3	0.4065040650406504	66616.5	3	0.4065040650406504	44.5	0	0.0	267.0	0	0.0	267.0	0	0.0
info	3	45	68113.5	3	0.4065040650406504	68113.5	3	0.4065040650406504	45.5	0	0.0	273.0	0	0.0	273.0	0	0.0
info	3	46	69610.5	4	0.5420054200542005	69610.5	4	0.5420054200542005	46.5	0	0.0	279.0	0	0.0	279.0	0	0.0
info	3	47	71107.5	5	0.6775067750677506	71107.5	5	0.6775067750677506	47.5	0	0.0	285.0	0	0.0	285.0	0	0.0
info	3	48	72604.5	3	0.4065040650406504	72604.5	3	0.4065040650406504	48.5	1	0.13550135501355012	291.0	0	0.0	291.0	0	0.0
info	3	49	74101.5	4	0.5420054200542005	74101.5	4	0.5420054200542005	49.5	0	0.0	297.0	0	0.0	297.0	0	0.0
info	3	50	75598.5	4	0.5420054200542005	75598.5	4	0.5420054200542005	50.5	0	0.0	303.0	0	0.0	303.0	0	0.0
info	3	51	77095.5	4	0.5420054200542005	77095.5	4	0.5420054200542005	51.5	0	0.0	309.0	0	0.0	309.0	0	0.0
info	3	52	78592.5	3	0.4065040650406504	78592.5	3	0.4065040650406504	52.5	1	0.13550135501355012	315.0	0	0.0	315.0	0	0.0
info	3	53	80089.5	3	0.4065040650406504	80089.5	3	0.4065040650406504	53.5	1	0.13550135501355012	321.0	0	0.0	321.0	0	0.0
info	3	54	81586.5	3	0.4065040650406504	81586.5	3	0.4065040650406504	54.5	0	0.0	327.0	0	0.0	327.0	0	0.0
info	3	55	83083.5	3	0.4065040650406504	83083.5	3	0.4065040650406504	55.5	0	0.0	333.0	0	0.0	333.0	0	0.0
info	3	56	84580.5	4	0.5420054200542005	84580.5	4	0.5420054200542005	56.5	2	0.27100271002710025	339.0	0	0.0	339.0	0	0.0
info	3	57	86077.5	5	0.6775067750677506	86077.5	5	0.6775067750677506	57.5	0	0.0	345.0	0	0.0	345.0	0	0.0
info	3	58	87574.5	3	0.4065040650406504	87574.5	3	0.4065040650406504	58.5	3	0.4065040650406504	351.0	0	0.0	351.0	0	0.0
info	3	59	89071.5	3	0.4065040650406504	89071.5	3	0.4065040650406504	59.5	1	0.13550135501355012	357.0	0	0.0	357.0	0	0.0
info	3	60	90568.5	4	0.5420054200542005	90568.5	4	0.5420054200542005	60.5	1	0.13550135501355012	363.0	0	0.0	363.0	0	0.0
info	3	61	92065.5	5	0.6775067750677506	92065.5	5	0.6775067750677506	61.5	1	0.13550135501355012	369.0	0	0.0	369.0	0	0.0
info	3	62	93562.5	3	0.4065040650406504	93562.5	3	0.4065040650406504	62.5	4	0.5420054200542005	375.0	0	0.0	375.0	0	0.0
info	3	63	95059.5	3	0.4065040650406504	95059.5	3	0.4065040650406504	63.5	2	0.27100271002710025	381.0	0	0.0	381.0	0	0.0
info	3	64	96556.5	5	0.6775067750677506	96556.5	4	0.5420054200542005	64.5	0	0.0	387.0	0	0.0	387.0	0	0.0
info	3	65	98053.5	4	0.5420054200542005	98053.5	5	0.6775067750677506	65.5	0	0.0	393.0	0	0.0	393.0	0	0.0
info	3	66	99550.5	3	0.4065040650406504	99550.5	3	0.4065040650406504	66.5	1	0.13550135501355012	399.0	0	0.0	399.0	0	0.0
info	3	67	101047.5	3	0.4065040650406504	101047.5	3	0.4065040650406504	67.5	1	0.13550135501355012	405.0	0	0.0	405.0	0	0.0
info	3	68	102544.5	4	0.5420054200542005	102544.5	4	0.5420054200542005	68.5	0	0.0	411.0	0	0.0	411.0	0	0.0
info	3	69	104041.5	3	0.4065040650406504	104041.5	3	0.4065040650406504	69.5	0	0.0	417.0	0	0.0	417.0	0	0.0
info	3	70	105538.5	5	0.6775067750677506	105538.5	5	0.6775067750677506	70.5	0	0.0	423.0	0	0.0	423.0	0	0.0
info	3	71	107035.5	4	0.5420054200542005	107035.5	4	0.5420054200542005	71.5	0	0.0	429.0	0	0.0	429.0	0	0.0
info	3	72	108532.5	3	0.4065040650406504	108532.5	3	0.4065040650406504	72.5	0	0.0	435.0	0	0.0	435.0	0	0.0
info	3	73	110029.5	3	0.4065040650406504	110029.5	3	0.4065040650406504	73.5	0	0.0	441.0	0	0.0	441.0	0	0.0
info	3	74	111526.5	5	0.6775067750677506	111526.5	5	0.6775067750677506	74.5	0	0.0	447.0	0	0.0	447.0	0	0.0
info	3	75	113023.5	4	0.5420054200542005	113023.5	4	0.5420054200542005	75.5	0	0.0	453.0	0	0.0	453.0	0	0.0
info	3	76	114520.5	3	0.4065040650406504	114520.5	3	0.4065040650406504	76.5	0	0.0	459.0	0	0.0	459.0	0	0.0
info	3	77	116017.5	3	0.4065040650406504	116017.5	3	0.4065040650406504	77.5	0	0.0	465.0	0	0.0	465.0	0	0.0
info	3	78	117514.5	4	0.5420054200542005	117514.5	4	0.5420054200542005	78.5	0	0.0	471.0	0	0.0	471.0	0	0.0
info	3	79	119011.5	5	0.6775067750677506	119011.5	5	0.6775067750677506	79.5	1	0.13550135501355012	477.0	0	0.0	477.0	0	0.0
info	3	80	120508.5	3	0.4065040650406504	120508.5	3	0.4065040650406504	80.5	0	0.0	483.0	0	0.0	483.0	0	0.0
info	3	81	122005.5	3	0.4065040650406504	122005.5	3	0.4065040650406504	81.5	0	0.0	489.0	0	0.0	489.0	0	0.0
info	3	82	123502.5	4	0.5420054200542005	123502.5	4	0.5420054200542005	82.5	0	0.0	495.0	0	0.0	495.0	0	0.0
info	3	83	124999.5	3	0.4065040650406504	124999.5	3	0.4065040650406504	83.5	0	0.0	501.0	0	0.0	501.0	0	0.0
info	3	84	126496.5	3	0.4065040650406504	126496.5	3	0.4065040650406504	84.5	0	0.0	507.0	0	0.0	507.0	0	0.0
info	3	85	127993.5	3	0.4065040650406504	127993.5	3	0.4065040650406504	85.5	0	0.0	513.0	0	0.0	513.0	0	0.0
info	3	86	129490.5	3	0.4065040650406504	129490.5	3	0.4065040650406504	86.5	0	0.0	519.0	0	0.0	519.0	0	0.0
info	3	87	130987.5	4	0.5420054200542005	130987.5	4	0.5420054200542005	87.5	0	0.0	525.0	0	0.0	525.0	0	0.0
info	3	88	132484.5	5	0.6775067750677506	132484.5	5	0.6775067750677506	88.5	0	0.0	531.0	0	0.0	531.0	0	0.0
info	3	89	133981.5	3	0.4065040650406504	133981.5	3	0.4065040650406504	89.5	0	0.0	537.0	0	0.0	537.0	0	0.0
info	3	90	135478.5	3	0.4065040650406504	135478.5	3	0.4065040650406504	90.5	0	0.0	543.0	0	0.0	543.0	0	0.0
info	3	91	136975.5	3	0.4065040650406504	136975.5	3	0.4065040650406504	91.5	0	0.0	549.0	0	0.0	549.0	0	0.0
info	3	92	138472.5	3	0.4065040650406504	138472.5	3	0.4065040650406504	92.5	0	0.0	555.0	0	0.0	555.0	0	0.0
info	3	93	139969.5	4	0.5420054200542005	139969.5	4	0.5420054200542005	93.5	0	0.0	561.0	0	0.0	561.0	0	0.0
info	3	94	141466.5	5	0.6775067750677506	141466.5	5	0.6775067750677506	94.5	0	0.0	567.0	0	0.0	567.0	0	0.0
info	3	95	142963.5	3	0.4065040650406504	142963.5	3	0.4065040650406504	95.5	0	0.0	573.0	0	0.0	573.0	0	0.0
info	3	96	144460.5	3	0.4065040650406504	144460.5	3	0.4065040650406504	96.5	0	0.0	579.0	0	0.0	579.0	0	0.0
info	3	97	145957.5	3	0.4065040650406504	145957.5	3	0.4065040650406504	97.5	0	0.0	585.0	0	0.0	585.0	0	0.0
info	3	98	147454.5	5	0.6775067750677506	147454.5	5	0.6775067750677506	98.5	0	0.0	591.0	0	0.0	591.0	0	0.0
info	3	99	148951.5	4	0.5420054200542005	148951.5	4	0.5420054200542005	99.5	0	0.0	597.0	0	0.0	597.0	0	0.0
info	3	100	150448.5	3	0.4065040650406504	150448.5	3	0.4065040650406504	100.5	0	0.0	603.0	0	0.0	603.0	0	0.0
info	3	101	151945.5	4	0.5420054200542005	151945.5	4	0.5420054200542005	101.5	0	0.0	609.0	0	0.0	609.0	0	0.0
info	3	102	153442.5	5	0.6775067750677506	153442.5	5	0.6775067750677506	102.5	0	0.0	615.0	0	0.0	615.0	0	0.0
info	3	103	154939.5	3	0.4065040650406504	154939.5	3	0.4065040650406504	103.5	0	0.0	621.0	0	0.0	621.0	0	0.0
info	3	104	156436.5	3	0.4065040650406504	156436.5	3	0.4065040650406504	104.5	0	0.0	627.0	0	0.0	627.0	0	0.0
info	3	105	157933.5	5	0.6775067750677506	157933.5	5	0.6775067750677506	105.5	0	0.0	633.0	0	0.0	633.0	0	0.0
info	3	106	159430.5	4	0.5420054200542005	159430.5	4	0.5420054200542005	106.5	0	0.0	639.0	0	0.0	639.0	0	0.0
info	3	107	160927.5	3	0.4065040650406504	160927.5	3	0.4065040650406504	107.5	0	0.0	645.0	0	0.0	645.0	0	0.0
info	3	108	162424.5	3	0.4065040650406504	162424.5	3	0.4065040650406504	108.5	0	0.0	651.0	0	0.0	651.0	0	0.0
info	3	109	163921.5	4	0.5420054200542005	163921.5	4	0.5420054200542005	109.5	0	0.0	657.0	0	0.0	657.0	0	0.0
info	3	110	165418.5	4	0.5420054200542005	165418.5	4	0.5420054200542005	110.5	0	0.0	663.0	0	0.0	663.0	0	0.0
info	3	111	166915.5	4	0.5420054200542005	166915.5	4	0.5420054200542005	111.5	0	0.0	669.0	0	0.0	669.0	0	0.0
info	3	112	168412.5	3	0.4065040650406504	168412.5	3	0.4065040650406504	112.5	0	0.0	675.0	0	0.0	675.0	0	0.0
info	3	113	169909.5	4	0.5420054200542005	169909.5	4	0.5420054200542005	113.5	0	0.0	681.0	0	0.0	681.0	0	0.0
info	3	114	171406.5	3	0.4065040650406504	171406.5	3	0.4065040650406504	114.5	0	0.0	687.0	0	0.0	687.0	0	0.0
info	3	115	172903.5	3	0.4065040650406504	172903.5	3	0.4065040650406504	115.5	0	0.0	693.0	0	0.0	693.0	0	0.0
info	3	116	174400.5	4	0.5420054200542005	174400.5	4	0.5420054200542005	116.5	0	0.0	699.0	0	0.0	699.0	0	0.0
info	3	117	175897.5	5	0.6775067750677506	175897.5	5	0.6775067750677506	117.5	0	0.0	705.0	0	0.0	705.0	0	0.0
info	3	118	177394.5	3	0.4065040650406504	177394.5	3	0.4065040650406504	118.5	0	0.0	711.0	0	0.0	711.0	0	0.0
info	3	119	178891.5	4	0.5420054200542005	178891.5	4	0.5420054200542005	119.5	0	0.0	717.0	0	0.0	717.0	0	0.0
info	3	120	180388.5	5	0.6775067750677506	180388.5	5	0.6775067750677506	120.5	0	0.0	723.0	0	0.0	723.0	0	0.0
info	3	121	181885.5	3	0.4065040650406504	181885.5	3	0.4065040650406504	121.5	0	0.0	729.0	0	0.0	729.0	0	0.0
info	3	122	183382.5	3	0.4065040650406504	183382.5	3	0.4065040650406504	122.5	0	0.0	735.0	0	0.0	735.0	0	0.0
info	3	123	184879.5	4	0.5420054200542005	184879.5	4	0.5420054200542005	123.5	0	0.0	741.0	0	0.0	741.0	0	0.0
info	3	124	186376.5	3	0.4065040650406504	186376.5	3	0.4065040650406504	124.5	0	0.0	747.0	0	0.0	747.0	0	0.0
info	3	125	187873.5	3	0.4065040650406504	187873.5	3	0.4065040650406504	125.5	0	0.0	753.0	0	0.0	753.0	0	0.0
info	3	126	189370.5	5	0.6775067750677506	189370.5	5	0.6775067750677506	126.5	0	0.0	759.0	0	0.0	759.0	0	0.0
info	3	127	190867.5	4	0.5420054200542005	190867.5	4	0.5420054200542005	127.5	0	0.0	765.0	0	0.0	765.0	0	0.0
info	3	128	192364.5	3	0.4065040650406504	192364.5	3	0.4065040650406504	128.5	0	0.0	771.0	0	0.0	771.0	0	0.0
info	3	129	193861.5	3	0.4065040650406504	193861.5	3	0.4065040650406504	129.5	0	0.0	777.0	0	0.0	777.0	0	0.0
info	3	130	195358.5	4	0.5420054200542005	195358.5	4	0.5420054200542005	130.5	0	0.0	783.0	0	0.0	783.0	0	0.0
info	3	131	196855.5	5	0.6775067750677506	196855.5	5	0.6775067750677506	131.5	0	0.0	789.0	0	0.0	789.0	0	0.0
info	3	132	198352.5	3	0.4065040650406504	198352.5	3	0.4065040650406504	132.5	0	0.0	795.0	0	0.0	795.0	0	0.0
info	3	133	199849.5	4	0.5420054200542005	199849.5	4	0.5420054200542005	133.5	0	0.0	801.0	0	0.0	801.0	0	0.0
info	3	134	201346.5	5	0.6775067750677506	201346.5	5	0.6775067750677506	134.5	0	0.0	807.0	0	0.0	807.0	0	0.0
info	3	135	202843.5	3	0.4065040650406504	202843.5	3	0.4065040650406504	135.5	0	0.0	813.0	0	0.0	813.0	0	0.0
info	3	136	204340.5	4	0.5420054200542005	204340.5	3	0.4065040650406504	136.5	0	0.0	819.0	0	0.0	819.0	0	0.0
info	3	137	205837.5	5	0.6775067750677506	205837.5	6	0.8130081300813008	137.5	0	0.0	825.0	0	0.0	825.0	0	0.0
info	3	138	207334.5	3	0.4065040650406504	207334.5	3	0.4065040650406504	138.5	0	0.0	831.0	0	0.0	831.0	0	0.0
info	3	139	208831.5	3	0.4065040650406504	208831.5	3	0.4065040650406504	139.5	0	0.0	837.0	0	0.0	837.0	0	0.0
info	3	140	210328.5	5	0.6775067750677506	210328.5	5	0.6775067750677506	140.5	0	0.0	843.0	0	0.0	843.0	0	0.0
info	3	141	211825.5	4	0.5420054200542005	211825.5	4	0.5420054200542005	141.5	0	0.0	849.0	0	0.0	849.0	0	0.0
info	3	142	213322.5	3	0.4065040650406504	213322.5	3	0.4065040650406504	142.5	0	0.0	855.0	0	0.0	855.0	0	0.0
info	3	143	214819.5	3	0.4065040650406504	214819.5	3	0.4065040650406504	143.5	0	0.0	861.0	0	0.0	861.0	0	0.0
info	3	144	216316.5	5	0.6775067750677506	216316.5	5	0.6775067750677506	144.5	0	0.0	867.0	0	0.0	867.0	0	0.0
info	3	145	217813.5	4	0.5420054200542005	217813.5	4	0.5420054200542005	145.5	0	0.0	873.0	0	0.0	873.0	0	0.0
info	3	146	219310.5	3	0.4065040650406504	219310.5	3	0.4065040650406504	146.5	0	0.0	879.0	0	0.0	879.0	0	0.0
info	3	147	220807.5	4	0.5420054200542005	220807.5	4	0.5420054200542005	147.5	0	0.0	885.0	0	0.0	885.0	0	0.0
info	3	148	222304.5	3	0.4065040650406504	222304.5	3	0.4065040650406504	148.5	0	0.0	891.0	0	0.0	891.0	0	0.0
info	3	149	223801.5	3	0.4065040650406504	223801.5	3	0.4065040650406504	149.5	0	0.0	897.0	0	0.0	897.0	0	0.0
info	3	150	225298.5	4	0.5420054200542005	225298.5	4	0.5420054200542005	150.5	0	0.0	903.0	0	0.0	903.0	0	0.0
info	3	151	226795.5	5	0.6775067750677506	226795.5	5	0.6775067750677506	151.5	0	0.0	909.0	0	0.0	909.0	0	0.0
info	3	152	228292.5	3	0.4065040650406504	228292.5	3	0.4065040650406504	152.5	0	0.0	915.0	0	0.0	915.0	0	0.0
info	3	153	229789.5	4	0.5420054200542005	229789.5	4	0.5420054200542005	153.5	0	0.0	921.0	0	0.0	921.0	0	0.0
info	3	154	231286.5	5	0.6775067750677506	231286.5	5	0.6775067750677506	154.5	0	0.0	927.0	0	0.0	927.0	0	0.0
info	3	155	232783.5	3	0.4065040650406504	232783.5	3	0.4065040650406504	155.5	0	0.0	933.0	0	0.0	933.0	0	0.0
info	3	156	234280.5	3	0.4065040650406504	234280.5	3	0.4065040650406504	156.5	0	0.0	939.0	0	0.0	939.0	0	0.0
info	3	157	235777.5	4	0.5420054200542005	235777.5	4	0.5420054200542005	157.5	0	0.0	945.0	0	0.0	945.0	0	0.0
info	3	158	237274.5	5	0.6775067750677506	237274.5	5	0.6775067750677506	158.5	0	0.0	951.0	0	0.0	951.0	0	0.0
info	3	159	238771.5	3	0.4065040650406504	238771.5	3	0.4065040650406504	159.5	0	0.0	957.0	0	0.0	957.0	0	0.0
info	3	160	240268.5	4	0.5420054200542005	240268.5	4	0.5420054200542005	160.5	0	0.0	963.0	0	0.0	963.0	0	0.0
info	3	161	241765.5	3	0.4065040650406504	241765.5	3	0.4065040650406504	161.5	0	0.0	969.0	0	0.0	969.0	0	0.0
info	3	162	243262.5	3	0.4065040650406504	243262.5	3	0.4065040650406504	162.5	0	0.0	975.0	0	0.0	975.0	0	0.0
info	3	163	244759.5	4	0.5420054200542005	244759.5	4	0.5420054200542005	163.5	0	0.0	981.0	0	0.0	981.0	0	0.0
info	3	164	246256.5	5	0.6775067750677506	246256.5	5	0.6775067750677506	164.5	0	0.0	987.0	0	0.0	987.0	0	0.0
info	3	165	247753.5	3	0.4065040650406504	247753.5	3	0.4065040650406504	165.5	0	0.0	993.0	0	0.0	993.0	0	0.0
info	3	166	249250.5	3	0.4065040650406504	249250.5	3	0.4065040650406504	166.5	0	0.0	999.0	0	0.0	999.0	0	0.0
info	3	167	250747.5	5	0.6775067750677506	250747.5	5	0.6775067750677506	167.5	0	0.0	1005.0	0	0.0	1005.0	0	0.0
info	3	168	252244.5	4	0.5420054200542005	252244.5	4	0.5420054200542005	168.5	0	0.0	1011.0	0	0.0	1011.0	0	0.0
info	3	169	253741.5	3	0.4065040650406504	253741.5	3	0.4065040650406504	169.5	0	0.0	1017.0	0	0.0	1017.0	0	0.0
info	3	170	255238.5	3	0.4065040650406504	255238.5	3	0.4065040650406504	170.5	0	0.0	1023.0	0	0.0	1023.0	0	0.0
info	3	171	256735.5	3	0.4065040650406504	256735.5	3	0.4065040650406504	171.5	0	0.0	1029.0	0	0.0	1029.0	0	0.0
info	3	172	258232.5	4	0.5420054200542005	258232.5	4	0.5420054200542005	172.5	0	0.0	1035.0	0	0.0	1035.0	0	0.0
info	3	173	259729.5	3	0.4065040650406504	259729.5	3	0.4065040650406504	173.5	0	0.0	1041.0	0	0.0	1041.0	0	0.0
info	3	174	261226.5	3	0.4065040650406504	261226.5	3	0.4065040650406504	174.5	0	0.0	1047.0	0	0.0	1047.0	0	0.0
info	3	175	262723.5	3	0.4065040650406504	262723.5	3	0.4065040650406504	175.5	0	0.0	1053.0	0	0.0	1053.0	0	0.0
info	3	176	264220.5	4	0.5420054200542005	264220.5	4	0.5420054200542005	176.5	0	0.0	1059.0	0	0.0	1059.0	0	0.0
info	3	177	265717.5	5	0.6775067750677506	265717.5	5	0.6775067750677506	177.5	0	0.0	1065.0	0	0.0	1065.0	0	0.0
info	3	178	267214.5	3	0.4065040650406504	267214.5	3	0.4065040650406504	178.5	0	0.0	1071.0	0	0.0	1071.0	0	0.0
info	3	179	268711.5	3	0.4065040650406504	268711.5	3	0.4065040650406504	179.5	0	0.0	1077.0	0	0.0	1077.0	0	0.0
info	3	180	270208.5	5	0.6775067750677506	270208.5	5	0.6775067750677506	180.5	0	0.0	1083.0	0	0.0	1083.0	0	0.0
info	3	181	271705.5	4	0.5420054200542005	271705.5	4	0.5420054200542005	181.5	0	0.0	1089.0	0	0.0	1089.0	0	0.0
info	3	182	273202.5	3	0.4065040650406504	273202.5	3	0.4065040650406504	182.5	0	0.0	1095.0	0	0.0	1095.0	0	0.0
info	3	183	274699.5	3	0.4065040650406504	274699.5	3	0.4065040650406504	183.5	0	0.0	1101.0	0	0.0	1101.0	0	0.0
info	3	184	276196.5	5	0.6775067750677506	276196.5	5	0.6775067750677506	184.5	0	0.0	1107.0	0	0.0	1107.0	0	0.0
info	3	185	277693.5	4	0.5420054200542005	277693.5	4	0.5420054200542005	185.5	0	0.0	1113.0	0	0.0	1113.0	0	0.0
info	3	186	279190.5	3	0.4065040650406504	279190.5	3	0.4065040650406504	186.5	0	0.0	1119.0	0	0.0	1119.0	0	0.0
info	3	187	280687.5	3	0.4065040650406504	280687.5	3	0.4065040650406504	187.5	0	0.0	1125.0	0	0.0	1125.0	0	0.0
info	3	188	282184.5	4	0.5420054200542005	282184.5	4	0.5420054200542005	188.5	0	0.0	1131.0	0	0.0	1131.0	0	0.0
info	3	189	283681.5	3	0.4065040650406504	283681.5	3	0.4065040650406504	189.5	0	0.0	1137.0	0	0.0	1137.0	0	0.0
info	3	190	285178.5	5	0.6775067750677506	285178.5	5	0.6775067750677506	190.5	0	0.0	1143.0	0	0.0	1143.0	0	0.0
info	3	191	286675.5	4	0.5420054200542005	286675.5	4	0.5420054200542005	191.5	0	0.0	1149.0	0	0.0	1149.0	0	0.0
info	3	192	288172.5	3	0.4065040650406504	288172.5	3	0.4065040650406504	192.5	0	0.0	1155.0	0	0.0	1155.0	0	0.0
info	3	193	289669.5	3	0.4065040650406504	289669.5	3	0.4065040650406504	193.5	0	0.0	1161.0	0	0.0	1161.0	0	0.0
info	3	194	291166.5	4	0.5420054200542005	291166.5	4	0.5420054200542005	194.5	0	0.0	1167.0	0	0.0	1167.0	0	0.0
info	3	195	292663.5	3	0.4065040650406504	292663.5	3	0.4065040650406504	195.5	0	0.0	1173.0	0	0.0	1173.0	0	0.0
info	3	196	294160.5	3	0.4065040650406504	294160.5	3	0.4065040650406504	196.5	0	0.0	1179.0	0	0.0	1179.0	0	0.0
info	3	197	295657.5	5	0.6775067750677506	295657.5	5	0.6775067750677506	197.5	0	0.0	1185.0	0	0.0	1185.0	0	0.0
info	3	198	297154.5	4	0.5420054200542005	297154.5	4	0.5420054200542005	198.5	0	0.0	1191.0	0	0.0	1191.0	0	0.0
info	3	199	298651.5	3	0.4065040650406504	298651.5	3	0.4065040650406504	199.5	0	0.0	1197.0	0	0.0	1197.0	0	0.0
home	3	0	748.5	5	0.6775067750677506	748.5	5	0.6775067750677506	0.5	0	0.0	3.0	738	99.99999999999999	3.0	738	99.99999999999999
home	3	1	2245.5	4	0.5420054200542005	2245.5	4	0.5420054200542005	1.5	0	0.0	9.0	0	0.0	9.0	0	0.0
home	3	2	3742.5	3	0.4065040650406504	3742.5	3	0.4065040650406504	2.5	0	0.0	15.0	0	0.0	15.0	0	0.0
home	3	3	5239.5	4	0.5420054200542005	5239.5	4	0.5420054200542005	3.5	4	0.5420054200542005	21.0	0	0.0	21.0	0	0.0
home	3	4	6736.5	5	0.6775067750677506	6736.5	5	0.6775067750677506	4.5	71	9.620596205962059	27.0	0	0.0	27.0	0	0.0
home	3	5	8233.5	3	0.4065040650406504	8233.5	3	0.4065040650406504	5.5	184	24.932249322493224	33.0	0	0.0	33.0	0	0.0
home	3	6	9730.5	3	0.4065040650406504	9730.5	3	0.4065040650406504	6.5	211	28.590785907859075	39.0	0	0.0	39.0	0	0.0
home	3	7	11227.5	4	0.5420054200542005	11227.5	4	0.5420054200542005	7.5	88	11.924119241192411	45.0	0	0.0	45.0	0	0.0
home	3	8	12724.5	5	0.6775067750677506	12724.5	5	0.6775067750677506	8.5	38	5.149051490514904	51.0	0	0.0	51.0	0	0.0
home	3	9	14221.5	3	0.4065040650406504	14221.5	3	0.4065040650406504	9.5	24	3.252032520325203	57.0	0	0.0	57.0	0	0.0
home	3	10	15718.5	3	0.4065040650406504	15718.5	3	0.4065040650406504	10.5	15	2.0325203252032518	63.0	0	0.0	63.0	0	0.0
home	3	11	17215.5	3	0.4065040650406504	17215.5	3	0.4065040650406504	11.5	12	1.6260162601626016	69.0	0	0.0	69.0	0	0.0
home	3	12	18712.5	3	0.4065040650406504	18712.5	3	0.4065040650406504	12.5	13	1.7615176151761516	75.0	0	0.0	75.0	0	0.0
home	3	13	20209.5	4	0.5420054200542005	20209.5	4	0.5420054200542005	13.5	9	1.2195121951219512	81.0	0	0.0	81.0	0	0.0
home	3	14	21706.5	5	0.6775067750677506	21706.5	5	0.6775067750677506	14.5	3	0.4065040650406504	87.0	0	0.0	87.0	0	0.0
home	3	15	23203.5	3	0.4065040650406504	23203.5	3	0.4065040650406504	15.5	5	0.6775067750677506	93.0	0	0.0	93.0	0	0.0
home	3	16	24700.5	3	0.4065040650406504	24700.5	3	0.4065040650406504	16.5	7	0.9485094850948509	99.0	0	0.0	99.0	0	0.0
home	3	17	26197.5	4	0.5420054200542005	26197.5	4	0.5420054200542005	17.5	3	0.4065040650406504	105.0	0	0.0	105.0	0	0.0
home	3	18	27694.5	3	0.4065040650406504	27694.5	3	0.4065040650406504	18.5	1	0.13550135501355012	111.0	0	0.0	111.0	0	0.0
home	3	19	29191.5	4	0.5420054200542005	29191.5	4	0.5420054200542005	19.5	0	0.0	117.0	0	0.0	117.0	0	0.0
home	3	20	30688.5	5	0.6775067750677506	30688.5	5	0.6775067750677506	20.5	0	0.0	123.0	0	0.0	123.0	0	0.0
home	3	21	32185.5	3	0.4065040650406504	32185.5	3	0.4065040650406504	21.5	2	0.27100271002710025	129.0	0	0.0	129.0	0	0.0
home	3	22	33682.5	3	0.4065040650406504	33682.5	3	0.4065040650406504	22.5	2	0.27100271002710025	135.0	0	0.0	135.0	0	0.0
home	3	23	35179.5	5	0.6775067750677506	35179.5	5	0.6775067750677506	23.5	1	0.13550135501355012	141.0	0	0.0	141.0	0	0.0
home	3	24	36676.5	4	0.5420054200542005	36676.5	4	0.5420054200542005	24.5	0	0.0	147.0	0	0.0	147.0	0	0.0
home	3	25	38173.5	3	0.4065040650406504	38173.5	3	0.4065040650406504	25.5	1	0.13550135501355012	153.0	0	0.0	153.0	0	0.0
home	3	26	39670.5	3	0.4065040650406504	39670.5	3	0.4065040650406504	26.5	0	0.0	159.0	0	0.0	159.0	0	0.0
home	3	27	41167.5	4	0.5420054200542005	41167.5	4	0.5420054200542005	27.5	1	0.13550135501355012	165.0	0	0.0	165.0	0	0.0
home	3	28	42664.5	5	0.6775067750677506	42664.5	5	0.6775067750677506	28.5	2	0.27100271002710025	171.0	0	0.0	171.0	0	0.0
home	3	29	44161.5	3	0.4065040650406504	44161.5	3	0.4065040650406504	29.5	1	0.13550135501355012	177.0	0	0.0	177.0	0	0.0
home	3	30	45658.5	4	0.5420054200542005	45658.5	4	0.5420054200542005	30.5	0	0.0	183.0	0	0.0	183.0	0	0.0
home	3	31	47155.5	3	0.4065040650406504	47155.5	3	0.4065040650406504	31.5	3	0.4065040650406504	189.0	0	0.0	189.0	0	0.0
home	3	32	48652.5	5	0.6775067750677506	48652.5	5	0.6775067750677506	32.5	0	0.0	195.0	0	0.0	195.0	0	0.0
home	3	33	50149.5	3	0.4065040650406504	50149.5	3	0.4065040650406504	33.5	0	0.0	201.0	0	0.0	201.0	0	0.0
home	3	34	51646.5	4	0.5420054200542005	51646.5	4	0.5420054200542005	34.5	4	0.5420054200542005	207.0	0	0.0	207.0	0	0.0
home	3	35	53143.5	3	0.4065040650406504	53143.5	3	0.4065040650406504	35.5	0	0.0	213.0	0	0.0	213.0	0	0.0
home	3	36	54640.5	4	0.5420054200542005	54640.5	4	0.5420054200542005	36.5	0	0.0	219.0	0	0.0	219.0	0	0.0
home	3	37	56137.5	5	0.6775067750677506	56137.5	5	0.6775067750677506	37.5	0	0.0	225.0	0	0.0	225.0	0	0.0
home	3	38	57634.5	3	0.4065040650406504	57634.5	3	0.4065040650406504	38.5	1	0.13550135501355012	231.0	0	0.0	231.0	0	0.0
home	3	39	59131.5	3	0.4065040650406504	59131.5	3	0.4065040650406504	39.5	1	0.13550135501355012	237.0	0	0.0	237.0	0	0.0
home	3	40	60628.5	5	0.6775067750677506	60628.5	5	0.6775067750677506	40.5	1	0.13550135501355012	243.0	0	0.0	243.0	0	0.0
home	3	41	62125.5	4	0.5420054200542005	62125.5	4	0.5420054200542005	41.5	1	0.13550135501355012	249.0	0	0.0	249.0	0	0.0
home	3	42	63622.5	3	0.4065040650406504	63622.5	3	0.4065040650406504	42.5	1	0.13550135501355012	255.0	0	0.0	255.0	0	0.0
home	3	43	65119.5	4	0.5420054200542005	65119.5	4	0.5420054200542005	43.5	0	0.0	261.0	0	0.0	261.0	0	0.0
home	3	44	66616.5	3	0.4065040650406504	66616.5	3	0.4065040650406504	44.5	0	0.0	267.0	0	0.0	267.0	0	0.0
home	3	45	68113.5	3	0.4065040650406504	68113.5	3	0.4065040650406504	45.5	0	0.0	273.0	0	0.0	273.0	0	0.0
home	3	46	69610.5	4	0.5420054200542005	69610.5	4	0.5420054200542005	46.5	0	0.0	279.0	0	0.0	279.0	0	0.0
home	3	47	71107.5	5	0.6775067750677506	71107.5	5	0.6775067750677506	47.5	0	0.0	285.0	0	0.0	285.0	0	0.0
home	3	48	72604.5	3	0.4065040650406504	72604.5	3	0.4065040650406504	48.5	1	0.13550135501355012	291.0	0	0.0	291.0	0	0.0
home	3	49	74101.5	4	0.5420054200542005	74101.5	4	0.5420054200542005	49.5	0	0.0	297.0	0	0.0	297.0	0	0.0
home	3	50	75598.5	4	0.5420054200542005	75598.5	4	0.5420054200542005	50.5	0	0.0	303.0	0	0.0	303.0	0	0.0
home	3	51	77095.5	4	0.5420054200542005	77095.5	4	0.5420054200542005	51.5	1	0.13550135501355012	309.0	0	0.0	309.0	0	0.0
home	3	52	78592.5	3	0.4065040650406504	78592.5	3	0.4065040650406504	52.5	1	0.13550135501355012	315.0	0	0.0	315.0	0	0.0
home	3	53	80089.5	3	0.4065040650406504	80089.5	3	0.4065040650406504	53.5	0	0.0	321.0	0	0.0	321.0	0	0.0
home	3	54	81586.5	3	0.4065040650406504	81586.5	3	0.4065040650406504	54.5	0	0.0	327.0	0	0.0	327.0	0	0.0
home	3	55	83083.5	3	0.4065040650406504	83083.5	3	0.4065040650406504	55.5	4	0.5420054200542005	333.0	0	0.0	333.0	0	0.0
home	3	56	84580.5	4	0.5420054200542005	84580.5	4	0.5420054200542005	56.5	0	0.0	339.0	0	0.0	339.0	0	0.0
home	3	57	86077.5	5	0.6775067750677506	86077.5	5	0.6775067750677506	57.5	3	0.4065040650406504	345.0	0	0.0	345.0	0	0.0
home	3	58	87574.5	3	0.4065040650406504	87574.5	3	0.4065040650406504	58.5	3	0.4065040650406504	351.0	0	0.0	351.0	0	0.0
home	3	59	89071.5	3	0.4065040650406504	89071.5	3	0.4065040650406504	59.5	1	0.13550135501355012	357.0	0	0.0	357.0	0	0.0
home	3	60	90568.5	4	0.5420054200542005	90568.5	4	0.5420054200542005	60.5	2	0.27100271002710025	363.0	0	0.0	363.0	0	0.0
home	3	61	92065.5	5	0.6775067750677506	92065.5	5	0.6775067750677506	61.5	3	0.4065040650406504	369.0	0	0.0	369.0	0	0.0
home	3	62	93562.5	3	0.4065040650406504	93562.5	3	0.4065040650406504	62.5	3	0.4065040650406504	375.0	0	0.0	375.0	0	0.0
home	3	63	95059.5	3	0.4065040650406504	95059.5	3	0.4065040650406504	63.5	1	0.13550135501355012	381.0	0	0.0	381.0	0	0.0
home	3	64	96556.5	4	0.5420054200542005	96556.5	4	0.5420054200542005	64.5	0	0.0	387.0	0	0.0	387.0	0	0.0
home	3	65	98053.5	5	0.6775067750677506	98053.5	5	0.6775067750677506	65.5	1	0.13550135501355012	393.0	0	0.0	393.0	0	0.0
home	3	66	99550.5	3	0.4065040650406504	99550.5	3	0.4065040650406504	66.5	0	0.0	399.0	0	0.0	399.0	0	0.0
home	3	67	101047.5	3	0.4065040650406504	101047.5	3	0.4065040650406504	67.5	1	0.13550135501355012	405.0	0	0.0	405.0	0	0.0
home	3	68	102544.5	4	0.5420054200542005	102544.5	4	0.5420054200542005	68.5	1	0.13550135501355012	411.0	0	0.0	411.0	0	0.0
home	3	69	104041.5	3	0.4065040650406504	104041.5	3	0.4065040650406504	69.5	1	0.13550135501355012	417.0	0	0.0	417.0	0	0.0
home	3	70	105538.5	5	0.6775067750677506	105538.5	5	0.6775067750677506	70.5	0	0.0	423.0	0	0.0	423.0	0	0.0
home	3	71	107035.5	4	0.5420054200542005	107035.5	4	0.5420054200542005	71.5	0	0.0	429.0	0	0.0	429.0	0	0.0
home	3	72	108532.5	3	0.4065040650406504	108532.5	3	0.4065040650406504	72.5	0	0.0	435.0	0	0.0	435.0	0	0.0
home	3	73	110029.5	3	0.4065040650406504	110029.5	3	0.4065040650406504	73.5	0	0.0	441.0	0	0.0	441.0	0	0.0
home	3	74	111526.5	5	0.6775067750677506	111526.5	5	0.6775067750677506	74.5	1	0.13550135501355012	447.0	0	0.0	447.0	0	0.0
home	3	75	113023.5	4	0.5420054200542005	113023.5	4	0.5420054200542005	75.5	0	0.0	453.0	0	0.0	453.0	0	0.0
home	3	76	114520.5	3	0.4065040650406504	114520.5	3	0.4065040650406504	76.5	0	0.0	459.0	0	0.0	459.0	0	0.0
home	3	77	116017.5	3	0.4065040650406504	116017.5	3	0.4065040650406504	77.5	0	0.0	465.0	0	0.0	465.0	0	0.0
home	3	78	117514.5	4	0.5420054200542005	117514.5	4	0.5420054200542005	78.5	0	0.0	471.0	0	0.0	471.0	0	0.0
home	3	79	119011.5	5	0.6775067750677506	119011.5	5	0.6775067750677506	79.5	0	0.0	477.0	0	0.0	477.0	0	0.0
home	3	80	120508.5	3	0.4065040650406504	120508.5	3	0.4065040650406504	80.5	0	0.0	483.0	0	0.0	483.0	0	0.0
home	3	81	122005.5	3	0.4065040650406504	122005.5	3	0.4065040650406504	81.5	0	0.0	489.0	0	0.0	489.0	0	0.0
home	3	82	123502.5	4	0.5420054200542005	123502.5	4	0.5420054200542005	82.5	0	0.0	495.0	0	0.0	495.0	0	0.0
home	3	83	124999.5	3	0.4065040650406504	124999.5	3	0.4065040650406504	83.5	0	0.0	501.0	0	0.0	501.0	0	0.0
home	3	84	126496.5	3	0.4065040650406504	126496.5	3	0.4065040650406504	84.5	0	0.0	507.0	0	0.0	507.0	0	0.0
home	3	85	127993.5	3	0.4065040650406504	127993.5	3	0.4065040650406504	85.5	0	0.0	513.0	0	0.0	513.0	0	0.0
home	3	86	129490.5	3	0.4065040650406504	129490.5	3	0.4065040650406504	86.5	0	0.0	519.0	0	0.0	519.0	0	0.0
home	3	87	130987.5	4	0.5420054200542005	130987.5	4	0.5420054200542005	87.5	0	0.0	525.0	0	0.0	525.0	0	0.0
home	3	88	132484.5	5	0.6775067750677506	132484.5	5	0.6775067750677506	88.5	0	0.0	531.0	0	0.0	531.0	0	0.0
home	3	89	133981.5	3	0.4065040650406504	133981.5	3	0.4065040650406504	89.5	0	0.0	537.0	0	0.0	537.0	0	0.0
home	3	90	135478.5	3	0.4065040650406504	135478.5	3	0.4065040650406504	90.5	0	0.0	543.0	0	0.0	543.0	0	0.0
home	3	91	136975.5	3	0.4065040650406504	136975.5	3	0.4065040650406504	91.5	0	0.0	549.0	0	0.0	549.0	0	0.0
home	3	92	138472.5	3	0.4065040650406504	138472.5	3	0.4065040650406504	92.5	0	0.0	555.0	0	0.0	555.0	0	0.0
home	3	93	139969.5	4	0.5420054200542005	139969.5	4	0.5420054200542005	93.5	0	0.0	561.0	0	0.0	561.0	0	0.0
home	3	94	141466.5	5	0.6775067750677506	141466.5	5	0.6775067750677506	94.5	0	0.0	567.0	0	0.0	567.0	0	0.0
home	3	95	142963.5	3	0.4065040650406504	142963.5	3	0.4065040650406504	95.5	0	0.0	573.0	0	0.0	573.0	0	0.0
home	3	96	144460.5	3	0.4065040650406504	144460.5	3	0.4065040650406504	96.5	0	0.0	579.0	0	0.0	579.0	0	0.0
home	3	97	145957.5	3	0.4065040650406504	145957.5	3	0.4065040650406504	97.5	0	0.0	585.0	0	0.0	585.0	0	0.0
home	3	98	147454.5	5	0.6775067750677506	147454.5	5	0.6775067750677506	98.5	0	0.0	591.0	0	0.0	591.0	0	0.0
home	3	99	148951.5	4	0.5420054200542005	148951.5	4	0.5420054200542005	99.5	0	0.0	597.0	0	0.0	597.0	0	0.0
home	3	100	150448.5	3	0.4065040650406504	150448.5	3	0.4065040650406504	100.5	0	0.0	603.0	0	0.0	603.0	0	0.0
home	3	101	151945.5	4	0.5420054200542005	151945.5	4	0.5420054200542005	101.5	0	0.0	609.0	0	0.0	609.0	0	0.0
home	3	102	153442.5	5	0.6775067750677506	153442.5	5	0.6775067750677506	102.5	0	0.0	615.0	0	0.0	615.0	0	0.0
home	3	103	154939.5	3	0.4065040650406504	154939.5	3	0.4065040650406504	103.5	0	0.0	621.0	0	0.0	621.0	0	0.0
home	3	104	156436.5	3	0.4065040650406504	156436.5	3	0.4065040650406504	104.5	0	0.0	627.0	0	0.0	627.0	0	0.0
home	3	105	157933.5	5	0.6775067750677506	157933.5	5	0.6775067750677506	105.5	0	0.0	633.0	0	0.0	633.0	0	0.0
home	3	106	159430.5	4	0.5420054200542005	159430.5	4	0.5420054200542005	106.5	0	0.0	639.0	0	0.0	639.0	0	0.0
home	3	107	160927.5	3	0.4065040650406504	160927.5	3	0.4065040650406504	107.5	0	0.0	645.0	0	0.0	645.0	0	0.0
home	3	108	162424.5	3	0.4065040650406504	162424.5	3	0.4065040650406504	108.5	0	0.0	651.0	0	0.0	651.0	0	0.0
home	3	109	163921.5	4	0.5420054200542005	163921.5	4	0.5420054200542005	109.5	0	0.0	657.0	0	0.0	657.0	0	0.0
home	3	110	165418.5	4	0.5420054200542005	165418.5	3	0.4065040650406504	110.5	0	0.0	663.0	0	0.0	663.0	0	0.0
home	3	111	166915.5	4	0.5420054200542005	166915.5	5	0.6775067750677506	111.5	0	0.0	669.0	0	0.0	669.0	0	0.0
home	3	112	168412.5	3	0.4065040650406504	168412.5	3	0.4065040650406504	112.5	0	0.0	675.0	0	0.0	675.0	0	0.0
home	3	113	169909.5	4	0.5420054200542005	169909.5	4	0.5420054200542005	113.5	0	0.0	681.0	0	0.0	681.0	0	0.0
home	3	114	171406.5	3	0.4065040650406504	171406.5	3	0.4065040650406504	114.5	0	0.0	687.0	0	0.0	687.0	0	0.0
home	3	115	172903.5	3	0.4065040650406504	172903.5	3	0.4065040650406504	115.5	0	0.0	693.0	0	0.0	693.0	0	0.0
home	3	116	174400.5	4	0.5420054200542005	174400.5	4	0.5420054200542005	116.5	0	0.0	699.0	0	0.0	699.0	0	0.0
home	3	117	175897.5	5	0.6775067750677506	175897.5	5	0.6775067750677506	117.5	0	0.0	705.0	0	0.0	705.0	0	0.0
home	3	118	177394.5	3	0.4065040650406504	177394.5	3	0.4065040650406504	118.5	0	0.0	711.0	0	0.0	711.0	0	0.0
home	3	119	178891.5	4	0.5420054200542005	178891.5	4	0.5420054200542005	119.5	0	0.0	717.0	0	0.0	717.0	0	0.0
home	3	120	180388.5	5	0.6775067750677506	180388.5	5	0.6775067750677506	120.5	0	0.0	723.0	0	0.0	723.0	0	0.0
home	3	121	181885.5	3	0.4065040650406504	181885.5	3	0.4065040650406504	121.5	0	0.0	729.0	0	0.0	729.0	0	0.0
home	3	122	183382.5	3	0.4065040650406504	183382.5	3	0.4065040650406504	122.5	0	0.0	735.0	0	0.0	735.0	0	0.0
home	3	123	184879.5	4	0.5420054200542005	184879.5	4	0.5420054200542005	123.5	0	0.0	741.0	0	0.0	741.0	0	0.0
home	3	124	186376.5	3	0.4065040650406504	186376.5	3	0.4065040650406504	124.5	0	0.0	747.0	0	0.0	747.0	0	0.0
home	3	125	187873.5	3	0.4065040650406504	187873.5	3	0.4065040650406504	125.5	0	0.0	753.0	0	0.0	753.0	0	0.0
home	3	126	189370.5	5	0.6775067750677506	189370.5	5	0.6775067750677506	126.5	0	0.0	759.0	0	0.0	759.0	0	0.0
home	3	127	190867.5	4	0.5420054200542005	190867.5	4	0.5420054200542005	127.5	0	0.0	765.0	0	0.0	765.0	0	0.0
home	3	128	192364.5	3	0.4065040650406504	192364.5	3	0.4065040650406504	128.5	0	0.0	771.0	0	0.0	771.0	0	0.0
home	3	129	193861.5	3	0.4065040650406504	193861.5	3	0.4065040650406504	129.5	0	0.0	777.0	0	0.0	777.0	0	0.0
home	3	130	195358.5	4	0.5420054200542005	195358.5	4	0.5420054200542005	130.5	0	0.0	783.0	0	0.0	783.0	0	0.0
home	3	131	196855.5	5	0.6775067750677506	196855.5	5	0.6775067750677506	131.5	0	0.0	789.0	0	0.0	789.0	0	0.0
home	3	132	198352.5	3	0.4065040650406504	198352.5	3	0.4065040650406504	132.5	0	0.0	795.0	0	0.0	795.0	0	0.0
home	3	133	199849.5	4	0.5420054200542005	199849.5	4	0.5420054200542005	133.5	0	0.0	801.0	0	0.0	801.0	0	0.0
home	3	134	201346.5	5	0.6775067750677506	201346.5	5	0.6775067750677506	134.5	0	0.0	807.0	0	0.0	807.0	0	0.0
home	3	135	202843.5	3	0.4065040650406504	202843.5	3	0.4065040650406504	135.5	0	0.0	813.0	0	0.0	813.0	0	0.0
home	3	136	204340.5	4	0.5420054200542005	204340.5	4	0.5420054200542005	136.5	0	0.0	819.0	0	0.0	819.0	0	0.0
home	3	137	205837.5	5	0.6775067750677506	205837.5	5	0.6775067750677506	137.5	0	0.0	825.0	0	0.0	825.0	0	0.0
home	3	138	207334.5	3	0.4065040650406504	207334.5	3	0.4065040650406504	138.5	0	0.0	831.0	0	0.0	831.0	0	0.0
home	3	139	208831.5	3	0.4065040650406504	208831.5	3	0.4065040650406504	139.5	0	0.0	837.0	0	0.0	837.0	0	0.0
home	3	140	210328.5	5	0.6775067750677506	210328.5	5	0.6775067750677506	140.5	0	0.0	843.0	0	0.0	843.0	0	0.0
home	3	141	211825.5	4	0.5420054200542005	211825.5	4	0.5420054200542005	141.5	0	0.0	849.0	0	0.0	849.0	0	0.0
home	3	142	213322.5	3	0.4065040650406504	213322.5	3	0.4065040650406504	142.5	0	0.0	855.0	0	0.0	855.0	0	0.0
home	3	143	214819.5	3	0.4065040650406504	214819.5	3	0.4065040650406504	143.5	0	0.0	861.0	0	0.0	861.0	0	0.0
home	3	144	216316.5	5	0.6775067750677506	216316.5	4	0.5420054200542005	144.5	0	0.0	867.0	0	0.0	867.0	0	0.0
home	3	145	217813.5	4	0.5420054200542005	217813.5	5	0.6775067750677506	145.5	0	0.0	873.0	0	0.0	873.0	0	0.0
home	3	146	219310.5	3	0.4065040650406504	219310.5	3	0.4065040650406504	146.5	0	0.0	879.0	0	0.0	879.0	0	0.0
home	3	147	220807.5	4	0.5420054200542005	220807.5	4	0.5420054200542005	147.5	0	0.0	885.0	0	0.0	885.0	0	0.0
home	3	148	222304.5	3	0.4065040650406504	222304.5	3	0.4065040650406504	148.5	0	0.0	891.0	0	0.0	891.0	0	0.0
home	3	149	223801.5	3	0.4065040650406504	223801.5	3	0.4065040650406504	149.5	0	0.0	897.0	0	0.0	897.0	0	0.0
home	3	150	225298.5	4	0.5420054200542005	225298.5	4	0.5420054200542005	150.5	0	0.0	903.0	0	0.0	903.0	0	0.0
home	3	151	226795.5	5	0.6775067750677506	226795.5	5	0.6775067750677506	151.5	0	0.0	909.0	0	0.0	909.0	0	0.0
home	3	152	228292.5	3	0.4065040650406504	228292.5	3	0.4065040650406504	152.5	0	0.0	915.0	0	0.0	915.0	0	0.0
home	3	153	229789.5	4	0.5420054200542005	229789.5	4	0.5420054200542005	153.5	0	0.0	921.0	0	0.0	921.0	0	0.0
home	3	154	231286.5	5	0.6775067750677506	231286.5	5	0.6775067750677506	154.5	0	0.0	927.0	0	0.0	927.0	0	0.0
home	3	155	232783.5	3	0.4065040650406504	232783.5	3	0.4065040650406504	155.5	0	0.0	933.0	0	0.0	933.0	0	0.0
home	3	156	234280.5	3	0.4065040650406504	234280.5	3	0.4065040650406504	156.5	0	0.0	939.0	0	0.0	939.0	0	0.0
home	3	157	235777.5	4	0.5420054200542005	235777.5	4	0.5420054200542005	157.5	0	0.0	945.0	0	0.0	945.0	0	0.0
home	3	158	237274.5	5	0.6775067750677506	237274.5	5	0.6775067750677506	158.5	0	0.0	951.0	0	0.0	951.0	0	0.0
home	3	159	238771.5	3	0.4065040650406504	238771.5	3	0.4065040650406504	159.5	0	0.0	957.0	0	0.0	957.0	0	0.0
home	3	160	240268.5	4	0.5420054200542005	240268.5	4	0.5420054200542005	160.5	0	0.0	963.0	0	0.0	963.0	0	0.0
home	3	161	241765.5	3	0.4065040650406504	241765.5	3	0.4065040650406504	161.5	0	0.0	969.0	0	0.0	969.0	0	0.0
home	3	162	243262.5	3	0.4065040650406504	243262.5	3	0.4065040650406504	162.5	0	0.0	975.0	0	0.0	975.0	0	0.0
home	3	163	244759.5	4	0.5420054200542005	244759.5	4	0.5420054200542005	163.5	0	0.0	981.0	0	0.0	981.0	0	0.0
home	3	164	246256.5	5	0.6775067750677506	246256.5	5	0.6775067750677506	164.5	0	0.0	987.0	0	0.0	987.0	0	0.0
home	3	165	247753.5	3	0.4065040650406504	247753.5	3	0.4065040650406504	165.5	0	0.0	993.0	0	0.0	993.0	0	0.0
home	3	166	249250.5	3	0.4065040650406504	249250.5	3	0.4065040650406504	166.5	0	0.0	999.0	0	0.0	999.0	0	0.0
home	3	167	250747.5	5	0.6775067750677506	250747.5	5	0.6775067750677506	167.5	0	0.0	1005.0	0	0.0	1005.0	0	0.0
home	3	168	252244.5	4	0.5420054200542005	252244.5	4	0.5420054200542005	168.5	0	0.0	1011.0	0	0.0	1011.0	0	0.0
home	3	169	253741.5	3	0.4065040650406504	253741.5	3	0.4065040650406504	169.5	0	0.0	1017.0	0	0.0	1017.0	0	0.0
home	3	170	255238.5	3	0.4065040650406504	255238.5	3	0.4065040650406504	170.5	0	0.0	1023.0	0	0.0	1023.0	0	0.0
home	3	171	256735.5	3	0.4065040650406504	256735.5	3	0.4065040650406504	171.5	0	0.0	1029.0	0	0.0	1029.0	0	0.0
home	3	172	258232.5	4	0.5420054200542005	258232.5	4	0.5420054200542005	172.5	0	0.0	1035.0	0	0.0	1035.0	0	0.0
home	3	173	259729.5	3	0.4065040650406504	259729.5	3	0.4065040650406504	173.5	0	0.0	1041.0	0	0.0	1041.0	0	0.0
home	3	174	261226.5	3	0.4065040650406504	261226.5	3	0.4065040650406504	174.5	0	0.0	1047.0	0	0.0	1047.0	0	0.0
home	3	175	262723.5	3	0.4065040650406504	262723.5	3	0.4065040650406504	175.5	0	0.0	1053.0	0	0.0	1053.0	0	0.0
home	3	176	264220.5	4	0.5420054200542005	264220.5	4	0.5420054200542005	176.5	0	0.0	1059.0	0	0.0	1059.0	0	0.0
home	3	177	265717.5	5	0.6775067750677506	265717.5	5	0.6775067750677506	177.5	0	0.0	1065.0	0	0.0	1065.0	0	0.0
home	3	178	267214.5	3	0.4065040650406504	267214.5	3	0.4065040650406504	178.5	0	0.0	1071.0	0	0.0	1071.0	0	0.0
home	3	179	268711.5	3	0.4065040650406504	268711.5	3	0.4065040650406504	179.5	0	0.0	1077.0	0	0.0	1077.0	0	0.0
home	3	180	270208.5	5	0.6775067750677506	270208.5	5	0.6775067750677506	180.5	0	0.0	1083.0	0	0.0	1083.0	0	0.0
home	3	181	271705.5	4	0.5420054200542005	271705.5	4	0.5420054200542005	181.5	0	0.0	1089.0	0	0.0	1089.0	0	0.0
home	3	182	273202.5	3	0.4065040650406504	273202.5	3	0.4065040650406504	182.5	0	0.0	1095.0	0	0.0	1095.0	0	0.0
home	3	183	274699.5	3	0.4065040650406504	274699.5	3	0.4065040650406504	183.5	0	0.0	1101.0	0	0.0	1101.0	0	0.0
home	3	184	276196.5	5	0.6775067750677506	276196.5	5	0.6775067750677506	184.5	0	0.0	1107.0	0	0.0	1107.0	0	0.0
home	3	185	277693.5	4	0.5420054200542005	277693.5	4	0.5420054200542005	185.5	0	0.0	1113.0	0	0.0	1113.0	0	0.0
home	3	186	279190.5	3	0.4065040650406504	279190.5	3	0.4065040650406504	186.5	0	0.0	1119.0	0	0.0	1119.0	0	0.0
home	3	187	280687.5	3	0.4065040650406504	280687.5	3	0.4065040650406504	187.5	0	0.0	1125.0	0	0.0	1125.0	0	0.0
home	3	188	282184.5	4	0.5420054200542005	282184.5	4	0.5420054200542005	188.5	0	0.0	1131.0	0	0.0	1131.0	0	0.0
home	3	189	283681.5	3	0.4065040650406504	283681.5	3	0.4065040650406504	189.5	0	0.0	1137.0	0	0.0	1137.0	0	0.0
home	3	190	285178.5	5	0.6775067750677506	285178.5	5	0.6775067750677506	190.5	0	0.0	1143.0	0	0.0	1143.0	0	0.0
home	3	191	286675.5	4	0.5420054200542005	286675.5	4	0.5420054200542005	191.5	0	0.0	1149.0	0	0.0	1149.0	0	0.0
home	3	192	288172.5	3	0.4065040650406504	288172.5	3	0.4065040650406504	192.5	0	0.0	1155.0	0	0.0	1155.0	0	0.0
home	3	193	289669.5	3	0.4065040650406504	289669.5	3	0.4065040650406504	193.5	0	0.0	1161.0	0	0.0	1161.0	0	0.0
home	3	194	291166.5	4	0.5420054200542005	291166.5	4	0.5420054200542005	194.5	0	0.0	1167.0	0	0.0	1167.0	0	0.0
home	3	195	292663.5	3	0.4065040650406504	292663.5	3	0.4065040650406504	195.5	0	0.0	1173.0	0	0.0	1173.0	0	0.0
home	3	196	294160.5	3	0.4065040650406504	294160.5	3	0.4065040650406504	196.5	0	0.0	1179.0	0	0.0	1179.0	0	0.0
home	3	197	295657.5	5	0.6775067750677506	295657.5	4	0.5420054200542005	197.5	0	0.0	1185.0	0	0.0	1185.0	0	0.0
home	3	198	297154.5	4	0.5420054200542005	297154.5	5	0.6775067750677506	198.5	0	0.0	1191.0	0	0.0	1191.0	0	0.0
home	3	199	298651.5	3	0.4065040650406504	298651.5	3	0.4065040650406504	199.5	0	0.0	1197.0	0	0.0	1197.0	0	0.0
