'Request type'	'Load'	'Bucket'	'Start time'	'Absolute'	'Percent of requests'	'End time'	'Absolute'	'Percent of requests'	'Residence time'	'Absolute'	'Percent of requests'	'Theor. think time'	'Absolute'	'Percent of requests'	'Actual think time'	'Absolute'	'Percent of requests'
login	12	0	753.0	12	0.916030534351145	753.0	8	0.6106870229007634	5.5	0	0.0	3.0	1310	100.0	3.0	1310	100.0
login	12	1	2259.0	12	0.916030534351145	2259.0	6	0.4580152671755725	16.5	0	0.0	9.0	0	0.0	9.0	0	0.0
login	12	2	3765.0	2	0.15267175572519084	3765.0	10	0.7633587786259542	27.5	0	0.0	15.0	0	0.0	15.0	0	0.0
login	12	3	5271.0	12	0.916030534351145	5271.0	2	0.15267175572519084	38.5	0	0.0	21.0	0	0.0	21.0	0	0.0
login	12	4	6777.0	0	0.0	6777.0	12	0.916030534351145	49.5	0	0.0	27.0	0	0.0	27.0	0	0.0
login	12	5	8283.0	12	0.916030534351145	8283.0	2	0.15267175572519084	60.5	0	0.0	33.0	0	0.0	33.0	0	0.0
login	12	6	9789.0	0	0.0	9789.0	10	0.7633587786259542	71.5	0	0.0	39.0	0	0.0	39.0	0	0.0
login	12	7	11295.0	12	0.916030534351145	11295.0	2	0.15267175572519084	82.5	0	0.0	45.0	0	0.0	45.0	0	0.0
login	12	8	12801.0	0	0.0	12801.0	10	0.7633587786259542	93.5	0	0.0	51.0	0	0.0	51.0	0	0.0
login	12	9	14307.0	12	0.916030534351145	14307.0	3	0.22900763358778625	104.5	0	0.0	57.0	0	0.0	57.0	0	0.0
login	12	10	15813.0	0	0.0	15813.0	9	0.6870229007633588	115.5	0	0.0	63.0	0	0.0	63.0	0	0.0
login	12	11	17319.0	12	0.916030534351145	17319.0	4	0.3053435114503817	126.5	0	0.0	69.0	0	0.0	69.0	0	0.0
login	12	12	18825.0	0	0.0	18825.0	8	0.6106870229007634	137.5	0	0.0	75.0	0	0.0	75.0	0	0.0
login	12	13	20331.0	12	0.916030534351145	20331.0	5	0.3816793893129771	148.5	0	0.0	81.0	0	0.0	81.0	0	0.0
login	12	14	21837.0	0	0.0	21837.0	7	0.5343511450381679	159.5	0	0.0	87.0	0	0.0	87.0	0	0.0
login	12	15	23343.0	12	0.916030534351145	23343.0	8	0.6106870229007634	170.5	0	0.0	93.0	0	0.0	93.0	0	0.0
login	12	16	24849.0	12	0.916030534351145	24849.0	4	0.3053435114503817	181.5	0	0.0	99.0	0	0.0	99.0	0	0.0
login	12	17	26355.0	0	0.0	26355.0	8	0.6106870229007634	192.5	4	0.3053435114503817	105.0	0	0.0	105.0	0	0.0
login	12	18	27861.0	12	0.916030534351145	27861.0	4	0.3053435114503817	203.5	0	0.0	111.0	0	0.0	111.0	0	0.0
login	12	19	29367.0	0	0.0	29367.0	11	0.8396946564885497	214.5	0	0.0	117.0	0	0.0	117.0	0	0.0
login	12	20	30873.0	12	0.916030534351145	30873.0	3	0.22900763358778625	225.5	0	0.0	123.0	0	0.0	123.0	0	0.0
login	12	21	32379.0	0	0.0	32379.0	10	0.7633587786259542	236.5	0	0.0	129.0	0	0.0	129.0	0	0.0
login	12	22	33885.0	12	0.916030534351145	33885.0	4	0.3053435114503817	247.5	1	0.07633587786259542	135.0	0	0.0	135.0	0	0.0
login	12	23	35391.0	0	0.0	35391.0	8	0.6106870229007634	258.5	0	0.0	141.0	0	0.0	141.0	0	0.0
login	12	24	36897.0	12	0.916030534351145	36897.0	8	0.6106870229007634	269.5	3	0.22900763358778625	147.0	0	0.0	147.0	0	0.0
login	12	25	38403.0	12	0.916030534351145	38403.0	4	0.3053435114503817	280.5	3	0.22900763358778625	153.0	0	0.0	153.0	0	0.0
login	12	26	39909.0	0	0.0	39909.0	10	0.7633587786259542	291.5	4	0.3053435114503817	159.0	0	0.0	159.0	0	0.0
login	12	27	41415.0	12	0.916030534351145	41415.0	3	0.22900763358778625	302.5	3	0.22900763358778625	165.0	0	0.0	165.0	0	0.0
login	12	28	42921.0	0	0.0	42921.0	7	0.5343511450381679	313.5	6	0.4580152671755725	171.0	0	0.0	171.0	0	0.0
login	12	29	44427.0	12	0.916030534351145	44427.0	5	0.3816793893129771	324.5	4	0.3053435114503817	177.0	0	0.0	177.0	0	0.0
login	12	30	45933.0	0	0.0	45933.0	8	0.6106870229007634	335.5	1	0.07633587786259542	183.0	0	0.0	183.0	0	0.0
login	12	31	47439.0	12	0.916030534351145	47439.0	5	0.3816793893129771	346.5	2	0.15267175572519084	189.0	0	0.0	189.0	0	0.0
login	12	32	48945.0	0	0.0	48945.0	10	0.7633587786259542	357.5	4	0.3053435114503817	195.0	0	0.0	195.0	0	0.0
login	12	33	50451.0	12	0.916030534351145	50451.0	1	0.07633587786259542	368.5	3	0.22900763358778625	201.0	0	0.0	201.0	0	0.0
login	12	34	51957.0	0	0.0	51957.0	11	0.8396946564885497	379.5	10	0.7633587786259542	207.0	0	0.0	207.0	0	0.0
login	12	35	53463.0	12	0.916030534351145	53463.0	5	0.3816793893129771	390.5	11	0.8396946564885497	213.0	0	0.0	213.0	0	0.0
login	12	36	54969.0	0	0.0	54969.0	7	0.5343511450381679	401.5	9	0.6870229007633588	219.0	0	0.0	219.0	0	0.0
login	12	37	56475.0	12	0.916030534351145	56475.0	6	0.4580152671755725	412.5	5	0.3816793893129771	225.0	0	0.0	225.0	0	0.0
login	12	38	57981.0	9	0.6870229007633588	57981.0	6	0.4580152671755725	423.5	5	0.3816793893129771	231.0	0	0.0	231.0	0	0.0
login	12	39	59487.0	3	0.22900763358778625	59487.0	8	0.6106870229007634	434.5	1	0.07633587786259542	237.0	0	0.0	237.0	0	0.0
login	12	40	60993.0	12	0.916030534351145	60993.0	4	0.3053435114503817	445.5	1	0.07633587786259542	243.0	0	0.0	243.0	0	0.0
login	12	41	62499.0	0	0.0	62499.0	9	0.6870229007633588	456.5	1	0.07633587786259542	249.0	0	0.0	249.0	0	0.0
login	12	42	64005.0	12	0.916030534351145	64005.0	4	0.3053435114503817	467.5	3	0.22900763358778625	255.0	0	0.0	255.0	0	0.0
login	12	43	65511.0	0	0.0	65511.0	11	0.8396946564885497	478.5	5	0.3816793893129771	261.0	0	0.0	261.0	0	0.0
login	12	44	67017.0	12	0.916030534351145	67017.0	5	0.3816793893129771	489.5	4	0.3053435114503817	267.0	0	0.0	267.0	0	0.0
login	12	45	68523.0	0	0.0	68523.0	7	0.5343511450381679	500.5	10	0.7633587786259542	273.0	0	0.0	273.0	0	0.0
login	12	46	70029.0	12	0.916030534351145	70029.0	6	0.4580152671755725	511.5	13	0.9923664122137404	279.0	0	0.0	279.0	0	0.0
login	12	47	71535.0	0	0.0	71535.0	6	0.4580152671755725	522.5	6	0.4580152671755725	285.0	0	0.0	285.0	0	0.0
login	12	48	73041.0	12	0.916030534351145	73041.0	5	0.3816793893129771	533.5	4	0.3053435114503817	291.0	0	0.0	291.0	0	0.0
login	12	49	74547.0	0	0.0	74547.0	7	0.5343511450381679	544.5	1	0.07633587786259542	297.0	0	0.0	297.0	0	0.0
login	12	50	76053.0	12	0.916030534351145	76053.0	7	0.5343511450381679	555.5	3	0.22900763358778625	303.0	0	0.0	303.0	0	0.0
login	12	51	77559.0	0	0.0	77559.0	5	0.3816793893129771	566.5	9	0.6870229007633588	309.0	0	0.0	309.0	0	0.0
login	12	52	79065.0	12	0.916030534351145	79065.0	5	0.3816793893129771	577.5	14	1.0687022900763359	315.0	0	0.0	315.0	0	0.0
login	12	53	80571.0	0	0.0	80571.0	7	0.5343511450381679	588.5	13	0.9923664122137404	321.0	0	0.0	321.0	0	0.0
login	12	54	82077.0	12	0.916030534351145	82077.0	7	0.5343511450381679	599.5	27	2.0610687022900764	327.0	0	0.0	327.0	0	0.0
login	12	55	83583.0	2	0.15267175572519084	83583.0	5	0.3816793893129771	610.5	9	0.6870229007633588	333.0	0	0.0	333.0	0	0.0
login	12	56	85089.0	10	0.7633587786259542	85089.0	8	0.6106870229007634	621.5	10	0.7633587786259542	339.0	0	0.0	339.0	0	0.0
login	12	57	86595.0	12	0.916030534351145	86595.0	4	0.3053435114503817	632.5	5	0.3816793893129771	345.0	0	0.0	345.0	0	0.0
login	12	58	88101.0	0	0.0	88101.0	12	0.916030534351145	643.5	0	0.0	351.0	0	0.0	351.0	0	0.0
login	12	59	89607.0	12	0.916030534351145	89607.0	4	0.3053435114503817	654.5	4	0.3053435114503817	357.0	0	0.0	357.0	0	0.0
login	12	60	91113.0	0	0.0	91113.0	8	0.6106870229007634	665.5	11	0.8396946564885497	363.0	0	0.0	363.0	0	0.0
login	12	61	92619.0	12	0.916030534351145	92619.0	4	0.3053435114503817	676.5	15	1.1450381679389314	369.0	0	0.0	369.0	0	0.0
login	12	62	94125.0	0	0.0	94125.0	8	0.6106870229007634	687.5	8	0.6106870229007634	375.0	0	0.0	375.0	0	0.0
login	12	63	95631.0	12	0.916030534351145	95631.0	6	0.4580152671755725	698.5	25	1.9083969465648856	381.0	0	0.0	381.0	0	0.0
login	12	64	97137.0	0	0.0	97137.0	6	0.4580152671755725	709.5	25	1.9083969465648856	387.0	0	0.0	387.0	0	0.0
login	12	65	98643.0	12	0.916030534351145	98643.0	7	0.5343511450381679	720.5	8	0.6106870229007634	393.0	0	0.0	393.0	0	0.0
login	12	66	100149.0	12	0.916030534351145	100149.0	5	0.3816793893129771	731.5	6	0.4580152671755725	399.0	0	0.0	399.0	0	0.0
login	12	67	101655.0	0	0.0	101655.0	7	0.5343511450381679	742.5	6	0.4580152671755725	405.0	0	0.0	405.0	0	0.0
login	12	68	103161.0	12	0.916030534351145	103161.0	5	0.3816793893129771	753.5	4	0.3053435114503817	411.0	0	0.0	411.0	0	0.0
login	12	69	104667.0	0	0.0	104667.0	12	0.916030534351145	764.5	6	0.4580152671755725	417.0	0	0.0	417.0	0	0.0
login	12	70	106173.0	12	0.916030534351145	106173.0	1	0.07633587786259542	775.5	13	0.9923664122137404	423.0	0	0.0	423.0	0	0.0
login	12	71	107679.0	0	0.0	107679.0	11	0.8396946564885497	786.5	14	1.0687022900763359	429.0	0	0.0	429.0	0	0.0
login	12	72	109185.0	12	0.916030534351145	109185.0	3	0.22900763358778625	797.5	15	1.1450381679389314	435.0	0	0.0	435.0	0	0.0
login	12	73	110691.0	0	0.0	110691.0	9	0.6870229007633588	808.5	13	0.9923664122137404	441.0	0	0.0	441.0	0	0.0
login	12	74	112197.0	12	0.916030534351145	112197.0	8	0.6106870229007634	819.5	8	0.6106870229007634	447.0	0	0.0	447.0	0	0.0
login	12	75	113703.0	11	0.8396946564885497	113703.0	4	0.3053435114503817	830.5	3	0.22900763358778625	453.0	0	0.0	453.0	0	0.0
login	12	76	115209.0	1	0.07633587786259542	115209.0	8	0.6106870229007634	841.5	0	0.0	459.0	0	0.0	459.0	0	0.0
login	12	77	116715.0	12	0.916030534351145	116715.0	5	0.3816793893129771	852.5	0	0.0	465.0	0	0.0	465.0	0	0.0
login	12	78	118221.0	0	0.0	118221.0	8	0.6106870229007634	863.5	9	0.6870229007633588	471.0	0	0.0	471.0	0	0.0
login	12	79	119727.0	12	0.916030534351145	119727.0	4	0.3053435114503817	874.5	9	0.6870229007633588	477.0	0	0.0	477.0	0	0.0
login	12	80	121233.0	0	0.0	121233.0	11	0.8396946564885497	885.5	11	0.8396946564885497	483.0	0	0.0	483.0	0	0.0
login	12	81	122739.0	12	0.916030534351145	122739.0	2	0.15267175572519084	896.5	15	1.1450381679389314	489.0	0	0.0	489.0	0	0.0
login	12	82	124245.0	0	0.0	124245.0	10	0.7633587786259542	907.5	17	1.297709923664122	495.0	0	0.0	495.0	0	0.0
login	12	83	125751.0	12	0.916030534351145	125751.0	2	0.15267175572519084	918.5	9	0.6870229007633588	501.0	0	0.0	501.0	0	0.0
login	12	84	127257.0	0	0.0	127257.0	10	0.7633587786259542	929.5	6	0.4580152671755725	507.0	0	0.0	507.0	0	0.0
login	12	85	128763.0	12	0.916030534351145	128763.0	2	0.15267175572519084	940.5	3	0.22900763358778625	513.0	0	0.0	513.0	0	0.0
login	12	86	130269.0	0	0.0	130269.0	10	0.7633587786259542	951.5	3	0.22900763358778625	519.0	0	0.0	519.0	0	0.0
login	12	87	131775.0	12	0.916030534351145	131775.0	4	0.3053435114503817	962.5	6	0.4580152671755725	525.0	0	0.0	525.0	0	0.0
login	12	88	133281.0	0	0.0	133281.0	8	0.6106870229007634	973.5	5	0.3816793893129771	531.0	0	0.0	531.0	0	0.0
login	12	89	134787.0	12	0.916030534351145	134787.0	4	0.3053435114503817	984.5	19	1.450381679389313	537.0	0	0.0	537.0	0	0.0
login	12	90	136293.0	0	0.0	136293.0	8	0.6106870229007634	995.5	25	1.9083969465648856	543.0	0	0.0	543.0	0	0.0
login	12	91	137799.0	12	0.916030534351145	137799.0	6	0.4580152671755725	1006.5	10	0.7633587786259542	549.0	0	0.0	549.0	0	0.0
login	12	92	139305.0	0	0.0	139305.0	6	0.4580152671755725	1017.5	13	0.9923664122137404	555.0	0	0.0	555.0	0	0.0
login	12	93	140811.0	12	0.916030534351145	140811.0	7	0.5343511450381679	1028.5	12	0.916030534351145	561.0	0	0.0	561.0	0	0.0
login	12	94	142317.0	0	0.0	142317.0	5	0.3816793893129771	1039.5	2	0.15267175572519084	567.0	0	0.0	567.0	0	0.0
login	12	95	143823.0	12	0.916030534351145	143823.0	10	0.7633587786259542	1050.5	5	0.3816793893129771	573.0	0	0.0	573.0	0	0.0
login	12	96	145329.0	12	0.916030534351145	145329.0	3	0.22900763358778625	1061.5	18	1.3740458015267176	579.0	0	0.0	579.0	0	0.0
login	12	97	146835.0	0	0.0	146835.0	11	0.8396946564885497	1072.5	5	0.3816793893129771	585.0	0	0.0	585.0	0	0.0
login	12	98	148341.0	12	0.916030534351145	148341.0	2	0.15267175572519084	1083.5	10	0.7633587786259542	591.0	0	0.0	591.0	0	0.0
login	12	99	149847.0	0	0.0	149847.0	10	0.7633587786259542	1094.5	9	0.6870229007633588	597.0	0	0.0	597.0	0	0.0
login	12	100	151353.0	12	0.916030534351145	151353.0	2	0.15267175572519084	1105.5	11	0.8396946564885497	603.0	0	0.0	603.0	0	0.0
login	12	101	152859.0	0	0.0	152859.0	10	0.7633587786259542	1116.5	7	0.5343511450381679	609.0	0	0.0	609.0	0	0.0
login	12	102	154365.0	12	0.916030534351145	154365.0	6	0.4580152671755725	1127.5	6	0.4580152671755725	615.0	0	0.0	615.0	0	0.0
login	12	103	155871.0	11	0.8396946564885497	155871.0	6	0.4580152671755725	1138.5	1	0.07633587786259542	621.0	0	0.0	621.0	0	0.0
login	12	104	157377.0	1	0.07633587786259542	157377.0	12	0.916030534351145	1149.5	3	0.22900763358778625	627.0	0	0.0	627.0	0	0.0
login	12	105	158883.0	12	0.916030534351145	158883.0	2	0.15267175572519084	1160.5	3	0.22900763358778625	633.0	0	0.0	633.0	0	0.0
login	12	106	160389.0	0	0.0	160389.0	10	0.7633587786259542	1171.5	3	0.22900763358778625	639.0	0	0.0	639.0	0	0.0
login	12	107	161895.0	12	0.916030534351145	161895.0	4	0.3053435114503817	1182.5	13	0.9923664122137404	645.0	0	0.0	645.0	0	0.0
login	12	108	163401.0	0	0.0	163401.0	8	0.6106870229007634	1193.5	14	1.0687022900763359	651.0	0	0.0	651.0	0	0.0
login	12	109	164907.0	12	0.916030534351145	164907.0	6	0.4580152671755725	1204.5	19	1.450381679389313	657.0	0	0.0	657.0	0	0.0
login	12	110	166413.0	9	0.6870229007633588	166413.0	6	0.4580152671755725	1215.5	13	0.9923664122137404	663.0	0	0.0	663.0	0	0.0
login	12	111	167919.0	3	0.22900763358778625	167919.0	7	0.5343511450381679	1226.5	8	0.6106870229007634	669.0	0	0.0	669.0	0	0.0
login	12	112	169425.0	12	0.916030534351145	169425.0	5	0.3816793893129771	1237.5	2	0.15267175572519084	675.0	0	0.0	675.0	0	0.0
login	12	113	170931.0	0	0.0	170931.0	12	0.916030534351145	1248.5	1	0.07633587786259542	681.0	0	0.0	681.0	0	0.0
login	12	114	172437.0	12	0.916030534351145	172437.0	2	0.15267175572519084	1259.5	4	0.3053435114503817	687.0	0	0.0	687.0	0	0.0
login	12	115	173943.0	0	0.0	173943.0	10	0.7633587786259542	1270.5	10	0.7633587786259542	693.0	0	0.0	693.0	0	0.0
login	12	116	175449.0	12	0.916030534351145	175449.0	2	0.15267175572519084	1281.5	12	0.916030534351145	699.0	0	0.0	699.0	0	0.0
login	12	117	176955.0	0	0.0	176955.0	10	0.7633587786259542	1292.5	14	1.0687022900763359	705.0	0	0.0	705.0	0	0.0
login	12	118	178461.0	12	0.916030534351145	178461.0	6	0.4580152671755725	1303.5	14	1.0687022900763359	711.0	0	0.0	711.0	0	0.0
login	12	119	179967.0	11	0.8396946564885497	179967.0	6	0.4580152671755725	1314.5	11	0.8396946564885497	717.0	0	0.0	717.0	0	0.0
login	12	120	181473.0	1	0.07633587786259542	181473.0	11	0.8396946564885497	1325.5	5	0.3816793893129771	723.0	0	0.0	723.0	0	0.0
login	12	121	182979.0	12	0.916030534351145	182979.0	2	0.15267175572519084	1336.5	2	0.15267175572519084	729.0	0	0.0	729.0	0	0.0
login	12	122	184485.0	0	0.0	184485.0	11	0.8396946564885497	1347.5	2	0.15267175572519084	735.0	0	0.0	735.0	0	0.0
login	12	123	185991.0	12	0.916030534351145	185991.0	5	0.3816793893129771	1358.5	6	0.4580152671755725	741.0	0	0.0	741.0	0	0.0
login	12	124	187497.0	0	0.0	187497.0	7	0.5343511450381679	1369.5	8	0.6106870229007634	747.0	0	0.0	747.0	0	0.0
login	12	125	189003.0	12	0.916030534351145	189003.0	8	0.6106870229007634	1380.5	11	0.8396946564885497	753.0	0	0.0	753.0	0	0.0
login	12	126	190509.0	12	0.916030534351145	190509.0	4	0.3053435114503817	1391.5	12	0.916030534351145	759.0	0	0.0	759.0	0	0.0
login	12	127	192015.0	0	0.0	192015.0	8	0.6106870229007634	1402.5	10	0.7633587786259542	765.0	0	0.0	765.0	0	0.0
login	12	128	193521.0	12	0.916030534351145	193521.0	4	0.3053435114503817	1413.5	16	1.2213740458015268	771.0	0	0.0	771.0	0	0.0
login	12	129	195027.0	0	0.0	195027.0	10	0.7633587786259542	1424.5	4	0.3053435114503817	777.0	0	0.0	777.0	0	0.0
login	12	130	196533.0	12	0.916030534351145	196533.0	4	0.3053435114503817	1435.5	4	0.3053435114503817	783.0	0	0.0	783.0	0	0.0
login	12	131	198039.0	0	0.0	198039.0	10	0.7633587786259542	1446.5	4	0.3053435114503817	789.0	0	0.0	789.0	0	0.0
login	12	132	199545.0	12	0.916030534351145	199545.0	6	0.4580152671755725	1457.5	4	0.3053435114503817	795.0	0	0.0	795.0	0	0.0
login	12	133	201051.0	0	0.0	201051.0	6	0.4580152671755725	1468.5	7	0.5343511450381679	801.0	0	0.0	801.0	0	0.0
login	12	134	202557.0	12	0.916030534351145	202557.0	8	0.6106870229007634	1479.5	9	0.6870229007633588	807.0	0	0.0	807.0	0	0.0
login	12	135	204063.0	7	0.5343511450381679	204063.0	4	0.3053435114503817	1490.5	10	0.7633587786259542	813.0	0	0.0	813.0	0	0.0
login	12	136	205569.0	5	0.3816793893129771	205569.0	7	0.5343511450381679	1501.5	13	0.9923664122137404	819.0	0	0.0	819.0	0	0.0
login	12	137	207075.0	0	0.0	207075.0	5	0.3816793893129771	1512.5	18	1.3740458015267176	825.0	0	0.0	825.0	0	0.0
login	12	138	208581.0	12	0.916030534351145	208581.0	7	0.5343511450381679	1523.5	7	0.5343511450381679	831.0	0	0.0	831.0	0	0.0
login	12	139	210087.0	0	0.0	210087.0	5	0.3816793893129771	1534.5	4	0.3053435114503817	837.0	0	0.0	837.0	0	0.0
login	12	140	211593.0	12	0.916030534351145	211593.0	4	0.3053435114503817	1545.5	5	0.3816793893129771	843.0	0	0.0	843.0	0	0.0
login	12	141	213099.0	0	0.0	213099.0	8	0.6106870229007634	1556.5	1	0.07633587786259542	849.0	0	0.0	849.0	0	0.0
login	12	142	214605.0	12	0.916030534351145	214605.0	6	0.4580152671755725	1567.5	9	0.6870229007633588	855.0	0	0.0	855.0	0	0.0
login	12	143	216111.0	0	0.0	216111.0	6	0.4580152671755725	1578.5	8	0.6106870229007634	861.0	0	0.0	861.0	0	0.0
login	12	144	217617.0	12	0.916030534351145	217617.0	8	0.6106870229007634	1589.5	23	1.7557251908396947	867.0	0	0.0	867.0	0	0.0
login	12	145	219123.0	12	0.916030534351145	219123.0	4	0.3053435114503817	1600.5	22	1.6793893129770994	873.0	0	0.0	873.0	0	0.0
login	12	146	220629.0	0	0.0	220629.0	11	0.8396946564885497	1611.5	11	0.8396946564885497	879.0	0	0.0	879.0	0	0.0
login	12	147	222135.0	12	0.916030534351145	222135.0	2	0.15267175572519084	1622.5	7	0.5343511450381679	885.0	0	0.0	885.0	0	0.0
login	12	148	223641.0	0	0.0	223641.0	11	0.8396946564885497	1633.5	7	0.5343511450381679	891.0	0	0.0	891.0	0	0.0
login	12	149	225147.0	12	0.916030534351145	225147.0	3	0.22900763358778625	1644.5	2	0.15267175572519084	897.0	0	0.0	897.0	0	0.0
login	12	150	226653.0	0	0.0	226653.0	9	0.6870229007633588	1655.5	9	0.6870229007633588	903.0	0	0.0	903.0	0	0.0
login	12	151	228159.0	12	0.916030534351145	228159.0	2	0.15267175572519084	1666.5	10	0.7633587786259542	909.0	0	0.0	909.0	0	0.0
login	12	152	229665.0	0	0.0	229665.0	10	0.7633587786259542	1677.5	14	1.0687022900763359	915.0	0	0.0	915.0	0	0.0
login	12	153	231171.0	12	0.916030534351145	231171.0	5	0.3816793893129771	1688.5	13	0.9923664122137404	921.0	0	0.0	921.0	0	0.0
login	12	154	232677.0	0	0.0	232677.0	7	0.5343511450381679	1699.5	16	1.2213740458015268	927.0	0	0.0	927.0	0	0.0
login	12	155	234183.0	12	0.916030534351145	234183.0	6	0.4580152671755725	1710.5	10	0.7633587786259542	933.0	0	0.0	933.0	0	0.0
login	12	156	235689.0	0	0.0	235689.0	6	0.4580152671755725	1721.5	13	0.9923664122137404	939.0	0	0.0	939.0	0	0.0
login	12	157	237195.0	12	0.916030534351145	237195.0	6	0.4580152671755725	1732.5	7	0.5343511450381679	945.0	0	0.0	945.0	0	0.0
login	12	158	238701.0	3	0.22900763358778625	238701.0	6	0.4580152671755725	1743.5	4	0.3053435114503817	951.0	0	0.0	951.0	0	0.0
login	12	159	240207.0	9	0.6870229007633588	240207.0	8	0.6106870229007634	1754.5	3	0.22900763358778625	957.0	0	0.0	957.0	0	0.0
login	12	160	241713.0	12	0.916030534351145	241713.0	4	0.3053435114503817	1765.5	6	0.4580152671755725	963.0	0	0.0	963.0	0	0.0
login	12	161	243219.0	0	0.0	243219.0	10	0.7633587786259542	1776.5	14	1.0687022900763359	969.0	0	0.0	969.0	0	0.0
login	12	162	244725.0	12	0.916030534351145	244725.0	3	0.22900763358778625	1787.5	10	0.7633587786259542	975.0	0	0.0	975.0	0	0.0
login	12	163	246231.0	0	0.0	246231.0	11	0.8396946564885497	1798.5	13	0.9923664122137404	981.0	0	0.0	981.0	0	0.0
login	12	164	247737.0	12	0.916030534351145	247737.0	2	0.15267175572519084	1809.5	9	0.6870229007633588	987.0	0	0.0	987.0	0	0.0
login	12	165	249243.0	0	0.0	249243.0	10	0.7633587786259542	1820.5	6	0.4580152671755725	993.0	0	0.0	993.0	0	0.0
login	12	166	250749.0	12	0.916030534351145	250749.0	2	0.15267175572519084	1831.5	5	0.3816793893129771	999.0	0	0.0	999.0	0	0.0
login	12	167	252255.0	0	0.0	252255.0	10	0.7633587786259542	1842.5	0	0.0	1005.0	0	0.0	1005.0	0	0.0
login	12	168	253761.0	12	0.916030534351145	253761.0	3	0.22900763358778625	1853.5	4	0.3053435114503817	1011.0	0	0.0	1011.0	0	0.0
login	12	169	255267.0	0	0.0	255267.0	9	0.6870229007633588	1864.5	5	0.3816793893129771	1017.0	0	0.0	1017.0	0	0.0
login	12	170	256773.0	12	0.916030534351145	256773.0	6	0.4580152671755725	1875.5	13	0.9923664122137404	1023.0	0	0.0	1023.0	0	0.0
login	12	171	258279.0	10	0.7633587786259542	258279.0	6	0.4580152671755725	1886.5	15	1.1450381679389314	1029.0	0	0.0	1029.0	0	0.0
login	12	172	259785.0	2	0.15267175572519084	259785.0	11	0.8396946564885497	1897.5	12	0.916030534351145	1035.0	0	0.0	1035.0	0	0.0
login	12	173	261291.0	12	0.916030534351145	261291.0	2	0.15267175572519084	1908.5	14	1.0687022900763359	1041.0	0	0.0	1041.0	0	0.0
login	12	174	262797.0	0	0.0	262797.0	11	0.8396946564885497	1919.5	6	0.4580152671755725	1047.0	0	0.0	1047.0	0	0.0
login	12	175	264303.0	12	0.916030534351145	264303.0	2	0.15267175572519084	1930.5	1	0.07633587786259542	1053.0	0	0.0	1053.0	0	0.0
login	12	176	265809.0	0	0.0	265809.0	10	0.7633587786259542	1941.5	0	0.0	1059.0	0	0.0	1059.0	0	0.0
login	12	177	267315.0	12	0.916030534351145	267315.0	6	0.4580152671755725	1952.5	1	0.07633587786259542	1065.0	0	0.0	1065.0	0	0.0
login	12	178	268821.0	0	0.0	268821.0	6	0.4580152671755725	1963.5	8	0.6106870229007634	1071.0	0	0.0	1071.0	0	0.0
login	12	179	270327.0	12	0.916030534351145	270327.0	9	0.6870229007633588	1974.5	5	0.3816793893129771	1077.0	0	0.0	1077.0	0	0.0
login	12	180	271833.0	12	0.916030534351145	271833.0	3	0.22900763358778625	1985.5	1	0.07633587786259542	1083.0	0	0.0	1083.0	0	0.0
login	12	181	273339.0	0	0.0	273339.0	12	0.916030534351145	1996.5	5	0.3816793893129771	1089.0	0	0.0	1089.0	0	0.0
login	12	182	274845.0	12	0.916030534351145	274845.0	1	0.07633587786259542	2007.5	4	0.3053435114503817	1095.0	0	0.0	1095.0	0	0.0
login	12	183	276351.0	0	0.0	276351.0	11	0.8396946564885497	2018.5	3	0.22900763358778625	1101.0	0	0.0	1101.0	0	0.0
login	12	184	277857.0	12	0.916030534351145	277857.0	2	0.15267175572519084	2029.5	0	0.0	1107.0	0	0.0	1107.0	0	0.0
login	12	185	279363.0	0	0.0	279363.0	10	0.7633587786259542	2040.5	3	0.22900763358778625	1113.0	0	0.0	1113.0	0	0.0
login	12	186	280869.0	12	0.916030534351145	280869.0	4	0.3053435114503817	2051.5	1	0.07633587786259542	1119.0	0	0.0	1119.0	0	0.0
login	12	187	282375.0	0	0.0	282375.0	8	0.6106870229007634	2062.5	1	0.07633587786259542	1125.0	0	0.0	1125.0	0	0.0
login	12	188	283881.0	12	0.916030534351145	283881.0	6	0.4580152671755725	2073.5	2	0.15267175572519084	1131.0	0	0.0	1131.0	0	0.0
login	12	189	285387.0	0	0.0	285387.0	6	0.4580152671755725	2084.5	1	0.07633587786259542	1137.0	0	0.0	1137.0	0	0.0
login	12	190	286893.0	12	0.916030534351145	286893.0	9	0.6870229007633588	2095.5	1	0.07633587786259542	1143.0	0	0.0	1143.0	0	0.0
login	12	191	288399.0	12	0.916030534351145	288399.0	4	0.3053435114503817	2106.5	0	0.0	1149.0	0	0.0	1149.0	0	0.0
login	12	192	289905.0	0	0.0	289905.0	11	0.8396946564885497	2117.5	0	0.0	1155.0	0	0.0	1155.0	0	0.0
login	12	193	291411.0	12	0.916030534351145	291411.0	3	0.22900763358778625	2128.5	0	0.0	1161.0	0	0.0	1161.0	0	0.0
login	12	194	292917.0	0	0.0	292917.0	9	0.6870229007633588	2139.5	0	0.0	1167.0	0	0.0	1167.0	0	0.0
login	12	195	294423.0	12	0.916030534351145	294423.0	4	0.3053435114503817	2150.5	0	0.0	1173.0	0	0.0	1173.0	0	0.0
login	12	196	295929.0	0	0.0	295929.0	8	0.6106870229007634	2161.5	0	0.0	1179.0	0	0.0	1179.0	0	0.0
login	12	197	297435.0	12	0.916030534351145	297435.0	9	0.6870229007633588	2172.5	0	0.0	1185.0	0	0.0	1185.0	0	0.0
login	12	198	298941.0	12	0.916030534351145	298941.0	3	0.22900763358778625	2183.5	0	0.0	1191.0	0	0.0	1191.0	0	0.0
login	12	199	300447.0	0	0.0	300447.0	12	0.916030534351145	2194.5	0	0.0	1197.0	0	0.0	1197.0	0	0.0
info	12	0	745.5	9	0.6933744221879815	745.5	9	0.6933744221879815	4.5	130	10.015408320493066	3.0	1298	100.0	3.0	1298	100.0
info	12	1	2236.5	8	0.6163328197226502	2236.5	5	0.38520801232665636	13.5	51	3.929121725731895	9.0	0	0.0	9.0	0	0.0
info	12	2	3727.5	9	0.6933744221879815	3727.5	12	0.9244992295839753	22.5	61	4.699537750385208	15.0	0	0.0	15.0	0	0.0
info	12	3	5218.5	4	0.3081664098613251	5218.5	0	0.0	31.5	37	2.8505392912172574	21.0	0	0.0	21.0	0	0.0
info	12	4	6709.5	8	0.6163328197226502	6709.5	12	0.9244992295839753	40.5	11	0.847457627118644	27.0	0	0.0	27.0	0	0.0
info	12	5	8200.5	4	0.3081664098613251	8200.5	0	0.0	49.5	5	0.38520801232665636	33.0	0	0.0	33.0	0	0.0
info	12	6	9691.5	8	0.6163328197226502	9691.5	12	0.9244992295839753	58.5	11	0.847457627118644	39.0	0	0.0	39.0	0	0.0
info	12	7	11182.5	3	0.23112480739599384	11182.5	0	0.0	67.5	27	2.080123266563944	45.0	0	0.0	45.0	0	0.0
info	12	8	12673.5	9	0.6933744221879815	12673.5	12	0.9244992295839753	76.5	27	2.080123266563944	51.0	0	0.0	51.0	0	0.0
info	12	9	14164.5	6	0.4622496147919877	14164.5	0	0.0	85.5	35	2.6964560862865947	57.0	0	0.0	57.0	0	0.0
info	12	10	15655.5	6	0.4622496147919877	15655.5	12	0.9244992295839753	94.5	31	2.3882896764252695	63.0	0	0.0	63.0	0	0.0
info	12	11	17146.5	8	0.6163328197226502	17146.5	0	0.0	103.5	15	1.155624036979969	69.0	0	0.0	69.0	0	0.0
info	12	12	18637.5	4	0.3081664098613251	18637.5	12	0.9244992295839753	112.5	11	0.847457627118644	75.0	0	0.0	75.0	0	0.0
info	12	13	20128.5	8	0.6163328197226502	20128.5	0	0.0	121.5	7	0.5392912172573189	81.0	0	0.0	81.0	0	0.0
info	12	14	21619.5	4	0.3081664098613251	21619.5	12	0.9244992295839753	130.5	1	0.07704160246533127	87.0	0	0.0	87.0	0	0.0
info	12	15	23110.5	9	0.6933744221879815	23110.5	9	0.6933744221879815	139.5	3	0.23112480739599384	93.0	0	0.0	93.0	0	0.0
info	12	16	24601.5	3	0.23112480739599384	24601.5	3	0.23112480739599384	148.5	0	0.0	99.0	0	0.0	99.0	0	0.0
info	12	17	26092.5	9	0.6933744221879815	26092.5	0	0.0	157.5	2	0.15408320493066255	105.0	0	0.0	105.0	0	0.0
info	12	18	27583.5	3	0.23112480739599384	27583.5	12	0.9244992295839753	166.5	6	0.4622496147919877	111.0	0	0.0	111.0	0	0.0
info	12	19	29074.5	11	0.847457627118644	29074.5	11	0.847457627118644	175.5	4	0.3081664098613251	117.0	0	0.0	117.0	0	0.0
info	12	20	30565.5	3	0.23112480739599384	30565.5	1	0.07704160246533127	184.5	5	0.38520801232665636	123.0	0	0.0	123.0	0	0.0
info	12	21	32056.5	10	0.7704160246533127	32056.5	12	0.9244992295839753	193.5	8	0.6163328197226502	129.0	0	0.0	129.0	0	0.0
info	12	22	33547.5	4	0.3081664098613251	33547.5	0	0.0	202.5	8	0.6163328197226502	135.0	0	0.0	135.0	0	0.0
info	12	23	35038.5	8	0.6163328197226502	35038.5	12	0.9244992295839753	211.5	6	0.4622496147919877	141.0	0	0.0	141.0	0	0.0
info	12	24	36529.5	8	0.6163328197226502	36529.5	0	0.0	220.5	4	0.3081664098613251	147.0	0	0.0	147.0	0	0.0
info	12	25	38020.5	4	0.3081664098613251	38020.5	12	0.9244992295839753	229.5	1	0.07704160246533127	153.0	0	0.0	153.0	0	0.0
info	12	26	39511.5	10	0.7704160246533127	39511.5	5	0.38520801232665636	238.5	2	0.15408320493066255	159.0	0	0.0	159.0	0	0.0
info	12	27	41002.5	3	0.23112480739599384	41002.5	7	0.5392912172573189	247.5	0	0.0	165.0	0	0.0	165.0	0	0.0
info	12	28	42493.5	7	0.5392912172573189	42493.5	0	0.0	256.5	2	0.15408320493066255	171.0	0	0.0	171.0	0	0.0
info	12	29	43984.5	4	0.3081664098613251	43984.5	12	0.9244992295839753	265.5	0	0.0	177.0	0	0.0	177.0	0	0.0
info	12	30	45475.5	9	0.6933744221879815	45475.5	9	0.6933744221879815	274.5	6	0.4622496147919877	183.0	0	0.0	183.0	0	0.0
info	12	31	46966.5	4	0.3081664098613251	46966.5	3	0.23112480739599384	283.5	4	0.3081664098613251	189.0	0	0.0	189.0	0	0.0
info	12	32	48457.5	11	0.847457627118644	48457.5	11	0.847457627118644	292.5	4	0.3081664098613251	195.0	0	0.0	195.0	0	0.0
info	12	33	49948.5	1	0.07704160246533127	49948.5	1	0.07704160246533127	301.5	14	1.0785824345146378	201.0	0	0.0	201.0	0	0.0
info	12	34	51439.5	11	0.847457627118644	51439.5	12	0.9244992295839753	310.5	6	0.4622496147919877	207.0	0	0.0	207.0	0	0.0
info	12	35	52930.5	4	0.3081664098613251	52930.5	0	0.0	319.5	4	0.3081664098613251	213.0	0	0.0	213.0	0	0.0
info	12	36	54421.5	8	0.6163328197226502	54421.5	12	0.9244992295839753	328.5	4	0.3081664098613251	219.0	0	0.0	219.0	0	0.0
info	12	37	55912.5	4	0.3081664098613251	55912.5	0	0.0	337.5	1	0.07704160246533127	225.0	0	0.0	225.0	0	0.0
info	12	38	57403.5	8	0.6163328197226502	57403.5	12	0.9244992295839753	346.5	2	0.15408320493066255	231.0	0	0.0	231.0	0	0.0
info	12	39	58894.5	5	0.38520801232665636	58894.5	0	0.0	355.5	1	0.07704160246533127	237.0	0	0.0	237.0	0	0.0
info	12	40	60385.5	7	0.5392912172573189	60385.5	12	0.9244992295839753	364.5	1	0.07704160246533127	243.0	0	0.0	243.0	0	0.0
info	12	41	61876.5	8	0.6163328197226502	61876.5	0	0.0	373.5	5	0.38520801232665636	249.0	0	0.0	249.0	0	0.0
info	12	42	63367.5	4	0.3081664098613251	63367.5	12	0.9244992295839753	382.5	7	0.5392912172573189	255.0	0	0.0	255.0	0	0.0
info	12	43	64858.5	9	0.6933744221879815	64858.5	1	0.07704160246533127	391.5	9	0.6933744221879815	261.0	0	0.0	261.0	0	0.0
info	12	44	66349.5	4	0.3081664098613251	66349.5	11	0.847457627118644	400.5	11	0.847457627118644	267.0	0	0.0	267.0	0	0.0
info	12	45	67840.5	11	0.847457627118644	67840.5	12	0.9244992295839753	409.5	10	0.7704160246533127	273.0	0	0.0	273.0	0	0.0
info	12	46	69331.5	4	0.3081664098613251	69331.5	0	0.0	418.5	3	0.23112480739599384	279.0	0	0.0	279.0	0	0.0
info	12	47	70822.5	8	0.6163328197226502	70822.5	12	0.9244992295839753	427.5	2	0.15408320493066255	285.0	0	0.0	285.0	0	0.0
info	12	48	72313.5	4	0.3081664098613251	72313.5	0	0.0	436.5	3	0.23112480739599384	291.0	0	0.0	291.0	0	0.0
info	12	49	73804.5	8	0.6163328197226502	73804.5	12	0.9244992295839753	445.5	3	0.23112480739599384	297.0	0	0.0	297.0	0	0.0
info	12	50	75295.5	3	0.23112480739599384	75295.5	0	0.0	454.5	2	0.15408320493066255	303.0	0	0.0	303.0	0	0.0
info	12	51	76786.5	9	0.6933744221879815	76786.5	12	0.9244992295839753	463.5	3	0.23112480739599384	309.0	0	0.0	309.0	0	0.0
info	12	52	78277.5	4	0.3081664098613251	78277.5	0	0.0	472.5	1	0.07704160246533127	315.0	0	0.0	315.0	0	0.0
info	12	53	79768.5	8	0.6163328197226502	79768.5	12	0.9244992295839753	481.5	2	0.15408320493066255	321.0	0	0.0	321.0	0	0.0
info	12	54	81259.5	2	0.15408320493066255	81259.5	0	0.0	490.5	14	1.0785824345146378	327.0	0	0.0	327.0	0	0.0
info	12	55	82750.5	10	0.7704160246533127	82750.5	12	0.9244992295839753	499.5	10	0.7704160246533127	333.0	0	0.0	333.0	0	0.0
info	12	56	84241.5	4	0.3081664098613251	84241.5	0	0.0	508.5	8	0.6163328197226502	339.0	0	0.0	339.0	0	0.0
info	12	57	85732.5	8	0.6163328197226502	85732.5	12	0.9244992295839753	517.5	11	0.847457627118644	345.0	0	0.0	345.0	0	0.0
info	12	58	87223.5	8	0.6163328197226502	87223.5	0	0.0	526.5	9	0.6933744221879815	351.0	0	0.0	351.0	0	0.0
info	12	59	88714.5	4	0.3081664098613251	88714.5	12	0.9244992295839753	535.5	4	0.3081664098613251	357.0	0	0.0	357.0	0	0.0
info	12	60	90205.5	8	0.6163328197226502	90205.5	0	0.0	544.5	1	0.07704160246533127	363.0	0	0.0	363.0	0	0.0
info	12	61	91696.5	4	0.3081664098613251	91696.5	12	0.9244992295839753	553.5	2	0.15408320493066255	369.0	0	0.0	369.0	0	0.0
info	12	62	93187.5	10	0.7704160246533127	93187.5	9	0.6933744221879815	562.5	4	0.3081664098613251	375.0	0	0.0	375.0	0	0.0
info	12	63	94678.5	3	0.23112480739599384	94678.5	3	0.23112480739599384	571.5	6	0.4622496147919877	381.0	0	0.0	381.0	0	0.0
info	12	64	96169.5	11	0.847457627118644	96169.5	12	0.9244992295839753	580.5	7	0.5392912172573189	387.0	0	0.0	387.0	0	0.0
info	12	65	97660.5	2	0.15408320493066255	97660.5	0	0.0	589.5	7	0.5392912172573189	393.0	0	0.0	393.0	0	0.0
info	12	66	99151.5	10	0.7704160246533127	99151.5	12	0.9244992295839753	598.5	2	0.15408320493066255	399.0	0	0.0	399.0	0	0.0
info	12	67	100642.5	2	0.15408320493066255	100642.5	0	0.0	607.5	16	1.2326656394453004	405.0	0	0.0	405.0	0	0.0
info	12	68	102133.5	10	0.7704160246533127	102133.5	12	0.9244992295839753	616.5	20	1.5408320493066254	411.0	0	0.0	411.0	0	0.0
info	12	69	103624.5	6	0.4622496147919877	103624.5	0	0.0	625.5	13	1.0015408320493067	417.0	0	0.0	417.0	0	0.0
info	12	70	105115.5	6	0.4622496147919877	105115.5	12	0.9244992295839753	634.5	9	0.6933744221879815	423.0	0	0.0	423.0	0	0.0
info	12	71	106606.5	7	0.5392912172573189	106606.5	0	0.0	643.5	1	0.07704160246533127	429.0	0	0.0	429.0	0	0.0
info	12	72	108097.5	5	0.38520801232665636	108097.5	12	0.9244992295839753	652.5	0	0.0	435.0	0	0.0	435.0	0	0.0
info	12	73	109588.5	9	0.6933744221879815	109588.5	9	0.6933744221879815	661.5	1	0.07704160246533127	441.0	0	0.0	441.0	0	0.0
info	12	74	111079.5	3	0.23112480739599384	111079.5	3	0.23112480739599384	670.5	5	0.38520801232665636	447.0	0	0.0	447.0	0	0.0
info	12	75	112570.5	12	0.9244992295839753	112570.5	12	0.9244992295839753	679.5	7	0.5392912172573189	453.0	0	0.0	453.0	0	0.0
info	12	76	114061.5	4	0.3081664098613251	114061.5	0	0.0	688.5	9	0.6933744221879815	459.0	0	0.0	459.0	0	0.0
info	12	77	115552.5	8	0.6163328197226502	115552.5	12	0.9244992295839753	697.5	23	1.7719568567026194	465.0	0	0.0	465.0	0	0.0
info	12	78	117043.5	6	0.4622496147919877	117043.5	0	0.0	706.5	23	1.7719568567026194	471.0	0	0.0	471.0	0	0.0
info	12	79	118534.5	6	0.4622496147919877	118534.5	12	0.9244992295839753	715.5	14	1.0785824345146378	477.0	0	0.0	477.0	0	0.0
info	12	80	120025.5	7	0.5392912172573189	120025.5	0	0.0	724.5	5	0.38520801232665636	483.0	0	0.0	483.0	0	0.0
info	12	81	121516.5	5	0.38520801232665636	121516.5	12	0.9244992295839753	733.5	6	0.4622496147919877	489.0	0	0.0	489.0	0	0.0
info	12	82	123007.5	7	0.5392912172573189	123007.5	0	0.0	742.5	6	0.4622496147919877	495.0	0	0.0	495.0	0	0.0
info	12	83	124498.5	5	0.38520801232665636	124498.5	12	0.9244992295839753	751.5	1	0.07704160246533127	501.0	0	0.0	501.0	0	0.0
info	12	84	125989.5	6	0.4622496147919877	125989.5	0	0.0	760.5	5	0.38520801232665636	507.0	0	0.0	507.0	0	0.0
info	12	85	127480.5	6	0.4622496147919877	127480.5	12	0.9244992295839753	769.5	4	0.3081664098613251	513.0	0	0.0	513.0	0	0.0
info	12	86	128971.5	7	0.5392912172573189	128971.5	0	0.0	778.5	6	0.4622496147919877	519.0	0	0.0	519.0	0	0.0
info	12	87	130462.5	5	0.38520801232665636	130462.5	12	0.9244992295839753	787.5	8	0.6163328197226502	525.0	0	0.0	525.0	0	0.0
info	12	88	131953.5	8	0.6163328197226502	131953.5	0	0.0	796.5	13	1.0015408320493067	531.0	0	0.0	531.0	0	0.0
info	12	89	133444.5	4	0.3081664098613251	133444.5	12	0.9244992295839753	805.5	16	1.2326656394453004	537.0	0	0.0	537.0	0	0.0
info	12	90	134935.5	8	0.6163328197226502	134935.5	0	0.0	814.5	18	1.386748844375963	543.0	0	0.0	543.0	0	0.0
info	12	91	136426.5	4	0.3081664098613251	136426.5	12	0.9244992295839753	823.5	8	0.6163328197226502	549.0	0	0.0	549.0	0	0.0
info	12	92	137917.5	8	0.6163328197226502	137917.5	0	0.0	832.5	6	0.4622496147919877	555.0	0	0.0	555.0	0	0.0
info	12	93	139408.5	4	0.3081664098613251	139408.5	12	0.9244992295839753	841.5	1	0.07704160246533127	561.0	0	0.0	561.0	0	0.0
info	12	94	140899.5	8	0.6163328197226502	140899.5	0	0.0	850.5	1	0.07704160246533127	567.0	0	0.0	567.0	0	0.0
info	12	95	142390.5	5	0.38520801232665636	142390.5	12	0.9244992295839753	859.5	2	0.15408320493066255	573.0	0	0.0	573.0	0	0.0
info	12	96	143881.5	11	0.847457627118644	143881.5	12	0.9244992295839753	868.5	2	0.15408320493066255	579.0	0	0.0	579.0	0	0.0
info	12	97	145372.5	5	0.38520801232665636	145372.5	0	0.0	877.5	7	0.5392912172573189	585.0	0	0.0	585.0	0	0.0
info	12	98	146863.5	7	0.5392912172573189	146863.5	12	0.9244992295839753	886.5	3	0.23112480739599384	591.0	0	0.0	591.0	0	0.0
info	12	99	148354.5	6	0.4622496147919877	148354.5	0	0.0	895.5	12	0.9244992295839753	597.0	0	0.0	597.0	0	0.0
info	12	100	149845.5	6	0.4622496147919877	149845.5	12	0.9244992295839753	904.5	11	0.847457627118644	603.0	0	0.0	603.0	0	0.0
info	12	101	151336.5	6	0.4622496147919877	151336.5	0	0.0	913.5	15	1.155624036979969	609.0	0	0.0	609.0	0	0.0
info	12	102	152827.5	6	0.4622496147919877	152827.5	12	0.9244992295839753	922.5	6	0.4622496147919877	615.0	0	0.0	615.0	0	0.0
info	12	103	154318.5	8	0.6163328197226502	154318.5	0	0.0	931.5	9	0.6933744221879815	621.0	0	0.0	621.0	0	0.0
info	12	104	155809.5	4	0.3081664098613251	155809.5	12	0.9244992295839753	940.5	5	0.38520801232665636	627.0	0	0.0	627.0	0	0.0
info	12	105	157300.5	12	0.9244992295839753	157300.5	12	0.9244992295839753	949.5	0	0.0	633.0	0	0.0	633.0	0	0.0
info	12	106	158791.5	5	0.38520801232665636	158791.5	0	0.0	958.5	1	0.07704160246533127	639.0	0	0.0	639.0	0	0.0
info	12	107	160282.5	7	0.5392912172573189	160282.5	12	0.9244992295839753	967.5	2	0.15408320493066255	645.0	0	0.0	645.0	0	0.0
info	12	108	161773.5	5	0.38520801232665636	161773.5	0	0.0	976.5	13	1.0015408320493067	651.0	0	0.0	651.0	0	0.0
info	12	109	163264.5	7	0.5392912172573189	163264.5	12	0.9244992295839753	985.5	8	0.6163328197226502	657.0	0	0.0	657.0	0	0.0
info	12	110	164755.5	6	0.4622496147919877	164755.5	0	0.0	994.5	11	0.847457627118644	663.0	0	0.0	663.0	0	0.0
info	12	111	166246.5	6	0.4622496147919877	166246.5	12	0.9244992295839753	1003.5	16	1.2326656394453004	669.0	0	0.0	669.0	0	0.0
info	12	112	167737.5	9	0.6933744221879815	167737.5	4	0.3081664098613251	1012.5	18	1.386748844375963	675.0	0	0.0	675.0	0	0.0
info	12	113	169228.5	5	0.38520801232665636	169228.5	8	0.6163328197226502	1021.5	10	0.7704160246533127	681.0	0	0.0	681.0	0	0.0
info	12	114	170719.5	10	0.7704160246533127	170719.5	12	0.9244992295839753	1030.5	6	0.4622496147919877	687.0	0	0.0	687.0	0	0.0
info	12	115	172210.5	3	0.23112480739599384	172210.5	0	0.0	1039.5	2	0.15408320493066255	693.0	0	0.0	693.0	0	0.0
info	12	116	173701.5	9	0.6933744221879815	173701.5	12	0.9244992295839753	1048.5	1	0.07704160246533127	699.0	0	0.0	699.0	0	0.0
info	12	117	175192.5	3	0.23112480739599384	175192.5	0	0.0	1057.5	0	0.0	705.0	0	0.0	705.0	0	0.0
info	12	118	176683.5	9	0.6933744221879815	176683.5	12	0.9244992295839753	1066.5	3	0.23112480739599384	711.0	0	0.0	711.0	0	0.0
info	12	119	178174.5	6	0.4622496147919877	178174.5	0	0.0	1075.5	5	0.38520801232665636	717.0	0	0.0	717.0	0	0.0
info	12	120	179665.5	6	0.4622496147919877	179665.5	12	0.9244992295839753	1084.5	13	1.0015408320493067	723.0	0	0.0	723.0	0	0.0
info	12	121	181156.5	11	0.847457627118644	181156.5	10	0.7704160246533127	1093.5	11	0.847457627118644	729.0	0	0.0	729.0	0	0.0
info	12	122	182647.5	2	0.15408320493066255	182647.5	2	0.15408320493066255	1102.5	13	1.0015408320493067	735.0	0	0.0	735.0	0	0.0
info	12	123	184138.5	11	0.847457627118644	184138.5	12	0.9244992295839753	1111.5	3	0.23112480739599384	741.0	0	0.0	741.0	0	0.0
info	12	124	185629.5	5	0.38520801232665636	185629.5	0	0.0	1120.5	6	0.4622496147919877	747.0	0	0.0	747.0	0	0.0
info	12	125	187120.5	7	0.5392912172573189	187120.5	12	0.9244992295839753	1129.5	1	0.07704160246533127	753.0	0	0.0	753.0	0	0.0
info	12	126	188611.5	8	0.6163328197226502	188611.5	0	0.0	1138.5	1	0.07704160246533127	759.0	0	0.0	759.0	0	0.0
info	12	127	190102.5	4	0.3081664098613251	190102.5	12	0.9244992295839753	1147.5	0	0.0	765.0	0	0.0	765.0	0	0.0
info	12	128	191593.5	7	0.5392912172573189	191593.5	0	0.0	1156.5	2	0.15408320493066255	771.0	0	0.0	771.0	0	0.0
info	12	129	193084.5	5	0.38520801232665636	193084.5	12	0.9244992295839753	1165.5	5	0.38520801232665636	777.0	0	0.0	777.0	0	0.0
info	12	130	194575.5	10	0.7704160246533127	194575.5	9	0.6933744221879815	1174.5	8	0.6163328197226502	783.0	0	0.0	783.0	0	0.0
info	12	131	196066.5	2	0.15408320493066255	196066.5	3	0.23112480739599384	1183.5	7	0.5392912172573189	789.0	0	0.0	789.0	0	0.0
info	12	132	197557.5	12	0.9244992295839753	197557.5	12	0.9244992295839753	1192.5	8	0.6163328197226502	795.0	0	0.0	795.0	0	0.0
info	12	133	199048.5	3	0.23112480739599384	199048.5	0	0.0	1201.5	8	0.6163328197226502	801.0	0	0.0	801.0	0	0.0
info	12	134	200539.5	9	0.6933744221879815	200539.5	12	0.9244992295839753	1210.5	8	0.6163328197226502	807.0	0	0.0	807.0	0	0.0
info	12	135	202030.5	6	0.4622496147919877	202030.5	0	0.0	1219.5	6	0.4622496147919877	813.0	0	0.0	813.0	0	0.0
info	12	136	203521.5	6	0.4622496147919877	203521.5	12	0.9244992295839753	1228.5	8	0.6163328197226502	819.0	0	0.0	819.0	0	0.0
info	12	137	205012.5	6	0.4622496147919877	205012.5	0	0.0	1237.5	1	0.07704160246533127	825.0	0	0.0	825.0	0	0.0
info	12	138	206503.5	6	0.4622496147919877	206503.5	12	0.9244992295839753	1246.5	1	0.07704160246533127	831.0	0	0.0	831.0	0	0.0
info	12	139	207994.5	6	0.4622496147919877	207994.5	0	0.0	1255.5	0	0.0	837.0	0	0.0	837.0	0	0.0
info	12	140	209485.5	6	0.4622496147919877	209485.5	12	0.9244992295839753	1264.5	1	0.07704160246533127	843.0	0	0.0	843.0	0	0.0
info	12	141	210976.5	4	0.3081664098613251	210976.5	0	0.0	1273.5	3	0.23112480739599384	849.0	0	0.0	849.0	0	0.0
info	12	142	212467.5	8	0.6163328197226502	212467.5	12	0.9244992295839753	1282.5	8	0.6163328197226502	855.0	0	0.0	855.0	0	0.0
info	12	143	213958.5	5	0.38520801232665636	213958.5	0	0.0	1291.5	4	0.3081664098613251	861.0	0	0.0	861.0	0	0.0
info	12	144	215449.5	7	0.5392912172573189	215449.5	12	0.9244992295839753	1300.5	5	0.38520801232665636	867.0	0	0.0	867.0	0	0.0
info	12	145	216940.5	7	0.5392912172573189	216940.5	0	0.0	1309.5	9	0.6933744221879815	873.0	0	0.0	873.0	0	0.0
info	12	146	218431.5	5	0.38520801232665636	218431.5	12	0.9244992295839753	1318.5	2	0.15408320493066255	879.0	0	0.0	879.0	0	0.0
info	12	147	219922.5	7	0.5392912172573189	219922.5	0	0.0	1327.5	5	0.38520801232665636	885.0	0	0.0	885.0	0	0.0
info	12	148	221413.5	5	0.38520801232665636	221413.5	12	0.9244992295839753	1336.5	0	0.0	891.0	0	0.0	891.0	0	0.0
info	12	149	222904.5	9	0.6933744221879815	222904.5	0	0.0	1345.5	1	0.07704160246533127	897.0	0	0.0	897.0	0	0.0
info	12	150	224395.5	3	0.23112480739599384	224395.5	12	0.9244992295839753	1354.5	1	0.07704160246533127	903.0	0	0.0	903.0	0	0.0
info	12	151	225886.5	8	0.6163328197226502	225886.5	0	0.0	1363.5	2	0.15408320493066255	909.0	0	0.0	909.0	0	0.0
info	12	152	227377.5	4	0.3081664098613251	227377.5	12	0.9244992295839753	1372.5	1	0.07704160246533127	915.0	0	0.0	915.0	0	0.0
info	12	153	228868.5	8	0.6163328197226502	228868.5	0	0.0	1381.5	4	0.3081664098613251	921.0	0	0.0	921.0	0	0.0
info	12	154	230359.5	5	0.38520801232665636	230359.5	12	0.9244992295839753	1390.5	2	0.15408320493066255	927.0	0	0.0	927.0	0	0.0
info	12	155	231850.5	8	0.6163328197226502	231850.5	9	0.6933744221879815	1399.5	4	0.3081664098613251	933.0	0	0.0	933.0	0	0.0
info	12	156	233341.5	5	0.38520801232665636	233341.5	3	0.23112480739599384	1408.5	0	0.0	939.0	0	0.0	939.0	0	0.0
info	12	157	234832.5	10	0.7704160246533127	234832.5	12	0.9244992295839753	1417.5	0	0.0	945.0	0	0.0	945.0	0	0.0
info	12	158	236323.5	3	0.23112480739599384	236323.5	0	0.0	1426.5	0	0.0	951.0	0	0.0	951.0	0	0.0
info	12	159	237814.5	9	0.6933744221879815	237814.5	12	0.9244992295839753	1435.5	1	0.07704160246533127	957.0	0	0.0	957.0	0	0.0
info	12	160	239305.5	6	0.4622496147919877	239305.5	0	0.0	1444.5	0	0.0	963.0	0	0.0	963.0	0	0.0
info	12	161	240796.5	6	0.4622496147919877	240796.5	12	0.9244992295839753	1453.5	1	0.07704160246533127	969.0	0	0.0	969.0	0	0.0
info	12	162	242287.5	6	0.4622496147919877	242287.5	0	0.0	1462.5	0	0.0	975.0	0	0.0	975.0	0	0.0
info	12	163	243778.5	6	0.4622496147919877	243778.5	12	0.9244992295839753	1471.5	1	0.07704160246533127	981.0	0	0.0	981.0	0	0.0
info	12	164	245269.5	6	0.4622496147919877	245269.5	0	0.0	1480.5	1	0.07704160246533127	987.0	0	0.0	987.0	0	0.0
info	12	165	246760.5	6	0.4622496147919877	246760.5	12	0.9244992295839753	1489.5	1	0.07704160246533127	993.0	0	0.0	993.0	0	0.0
info	12	166	248251.5	8	0.6163328197226502	248251.5	0	0.0	1498.5	1	0.07704160246533127	999.0	0	0.0	999.0	0	0.0
info	12	167	249742.5	4	0.3081664098613251	249742.5	12	0.9244992295839753	1507.5	2	0.15408320493066255	1005.0	0	0.0	1005.0	0	0.0
info	12	168	251233.5	8	0.6163328197226502	251233.5	0	0.0	1516.5	0	0.0	1011.0	0	0.0	1011.0	0	0.0
info	12	169	252724.5	4	0.3081664098613251	252724.5	12	0.9244992295839753	1525.5	1	0.07704160246533127	1017.0	0	0.0	1017.0	0	0.0
info	12	170	254215.5	7	0.5392912172573189	254215.5	0	0.0	1534.5	2	0.15408320493066255	1023.0	0	0.0	1023.0	0	0.0
info	12	171	255706.5	5	0.38520801232665636	255706.5	12	0.9244992295839753	1543.5	0	0.0	1029.0	0	0.0	1029.0	0	0.0
info	12	172	257197.5	12	0.9244992295839753	257197.5	12	0.9244992295839753	1552.5	0	0.0	1035.0	0	0.0	1035.0	0	0.0
info	12	173	258688.5	3	0.23112480739599384	258688.5	0	0.0	1561.5	0	0.0	1041.0	0	0.0	1041.0	0	0.0
info	12	174	260179.5	9	0.6933744221879815	260179.5	12	0.9244992295839753	1570.5	0	0.0	1047.0	0	0.0	1047.0	0	0.0
info	12	175	261670.5	7	0.5392912172573189	261670.5	0	0.0	1579.5	1	0.07704160246533127	1053.0	0	0.0	1053.0	0	0.0
info	12	176	263161.5	5	0.38520801232665636	263161.5	12	0.9244992295839753	1588.5	0	0.0	1059.0	0	0.0	1059.0	0	0.0
info	12	177	264652.5	7	0.5392912172573189	264652.5	0	0.0	1597.5	1	0.07704160246533127	1065.0	0	0.0	1065.0	0	0.0
info	12	178	266143.5	5	0.38520801232665636	266143.5	12	0.9244992295839753	1606.5	1	0.07704160246533127	1071.0	0	0.0	1071.0	0	0.0
info	12	179	267634.5	10	0.7704160246533127	267634.5	10	0.7704160246533127	1615.5	2	0.15408320493066255	1077.0	0	0.0	1077.0	0	0.0
info	12	180	269125.5	4	0.3081664098613251	269125.5	2	0.15408320493066255	1624.5	0	0.0	1083.0	0	0.0	1083.0	0	0.0
info	12	181	270616.5	10	0.7704160246533127	270616.5	12	0.9244992295839753	1633.5	0	0.0	1089.0	0	0.0	1089.0	0	0.0
info	12	182	272107.5	7	0.5392912172573189	272107.5	0	0.0	1642.5	0	0.0	1095.0	0	0.0	1095.0	0	0.0
info	12	183	273598.5	5	0.38520801232665636	273598.5	12	0.9244992295839753	1651.5	0	0.0	1101.0	0	0.0	1101.0	0	0.0
info	12	184	275089.5	6	0.4622496147919877	275089.5	0	0.0	1660.5	0	0.0	1107.0	0	0.0	1107.0	0	0.0
info	12	185	276580.5	6	0.4622496147919877	276580.5	12	0.9244992295839753	1669.5	1	0.07704160246533127	1113.0	0	0.0	1113.0	0	0.0
info	12	186	278071.5	6	0.4622496147919877	278071.5	0	0.0	1678.5	1	0.07704160246533127	1119.0	0	0.0	1119.0	0	0.0
info	12	187	279562.5	6	0.4622496147919877	279562.5	12	0.9244992295839753	1687.5	1	0.07704160246533127	1125.0	0	0.0	1125.0	0	0.0
info	12	188	281053.5	8	0.6163328197226502	281053.5	0	0.0	1696.5	0	0.0	1131.0	0	0.0	1131.0	0	0.0
info	12	189	282544.5	4	0.3081664098613251	282544.5	12	0.9244992295839753	1705.5	0	0.0	1137.0	0	0.0	1137.0	0	0.0
info	12	190	284035.5	9	0.6933744221879815	284035.5	0	0.0	1714.5	0	0.0	1143.0	0	0.0	1143.0	0	0.0
info	12	191	285526.5	3	0.23112480739599384	285526.5	12	0.9244992295839753	1723.5	0	0.0	1149.0	0	0.0	1149.0	0	0.0
info	12	192	287017.5	12	0.9244992295839753	287017.5	12	0.9244992295839753	1732.5	0	0.0	1155.0	0	0.0	1155.0	0	0.0
info	12	193	288508.5	5	0.38520801232665636	288508.5	0	0.0	1741.5	0	0.0	1161.0	0	0.0	1161.0	0	0.0
info	12	194	289999.5	7	0.5392912172573189	289999.5	12	0.9244992295839753	1750.5	0	0.0	1167.0	0	0.0	1167.0	0	0.0
info	12	195	291490.5	6	0.4622496147919877	291490.5	0	0.0	1759.5	0	0.0	1173.0	0	0.0	1173.0	0	0.0
info	12	196	292981.5	6	0.4622496147919877	292981.5	12	0.9244992295839753	1768.5	0	0.0	1179.0	0	0.0	1179.0	0	0.0
info	12	197	294472.5	8	0.6163328197226502	294472.5	0	0.0	1777.5	0	0.0	1185.0	0	0.0	1185.0	0	0.0
info	12	198	295963.5	5	0.38520801232665636	295963.5	12	0.9244992295839753	1786.5	0	0.0	1191.0	0	0.0	1191.0	0	0.0
info	12	199	297454.5	11	0.847457627118644	297454.5	12	0.9244992295839753	1795.5	0	0.0	1197.0	0	0.0	1197.0	0	0.0
home	12	0	745.0	12	0.9244992295839753	745.0	12	0.9244992295839753	2.0	1	0.07704160246533127	3.0	1298	100.0	3.0	1298	100.0
home	12	1	2235.0	2	0.15408320493066255	2235.0	2	0.15408320493066255	6.0	141	10.86286594761171	9.0	0	0.0	9.0	0	0.0
home	12	2	3725.0	12	0.9244992295839753	3725.0	12	0.9244992295839753	10.0	61	4.699537750385208	15.0	0	0.0	15.0	0	0.0
home	12	3	5215.0	0	0.0	5215.0	0	0.0	14.0	30	2.311248073959938	21.0	0	0.0	21.0	0	0.0
home	12	4	6705.0	12	0.9244992295839753	6705.0	12	0.9244992295839753	18.0	26	2.0030816640986133	27.0	0	0.0	27.0	0	0.0
home	12	5	8195.0	0	0.0	8195.0	0	0.0	22.0	41	3.158705701078582	33.0	0	0.0	33.0	0	0.0
home	12	6	9685.0	12	0.9244992295839753	9685.0	12	0.9244992295839753	26.0	53	4.083204930662558	39.0	0	0.0	39.0	0	0.0
home	12	7	11175.0	0	0.0	11175.0	0	0.0	30.0	47	3.62095531587057	45.0	0	0.0	45.0	0	0.0
home	12	8	12665.0	12	0.9244992295839753	12665.0	12	0.9244992295839753	34.0	37	2.8505392912172574	51.0	0	0.0	51.0	0	0.0
home	12	9	14155.0	0	0.0	14155.0	0	0.0	38.0	24	1.8489984591679507	57.0	0	0.0	57.0	0	0.0
home	12	10	15645.0	12	0.9244992295839753	15645.0	12	0.9244992295839753	42.0	29	2.234206471494607	63.0	0	0.0	63.0	0	0.0
home	12	11	17135.0	0	0.0	17135.0	0	0.0	46.0	18	1.386748844375963	69.0	0	0.0	69.0	0	0.0
home	12	12	18625.0	12	0.9244992295839753	18625.0	12	0.9244992295839753	50.0	8	0.6163328197226502	75.0	0	0.0	75.0	0	0.0
home	12	13	20115.0	0	0.0	20115.0	0	0.0	54.0	3	0.23112480739599384	81.0	0	0.0	81.0	0	0.0
home	12	14	21605.0	12	0.9244992295839753	21605.0	12	0.9244992295839753	58.0	7	0.5392912172573189	87.0	0	0.0	87.0	0	0.0
home	12	15	23095.0	9	0.6933744221879815	23095.0	9	0.6933744221879815	62.0	10	0.7704160246533127	93.0	0	0.0	93.0	0	0.0
home	12	16	24585.0	3	0.23112480739599384	24585.0	3	0.23112480739599384	66.0	9	0.6933744221879815	99.0	0	0.0	99.0	0	0.0
home	12	17	26075.0	12	0.9244992295839753	26075.0	12	0.9244992295839753	70.0	36	2.773497688751926	105.0	0	0.0	105.0	0	0.0
home	12	18	27565.0	0	0.0	27565.0	0	0.0	74.0	43	3.312788906009245	111.0	0	0.0	111.0	0	0.0
home	12	19	29055.0	12	0.9244992295839753	29055.0	12	0.9244992295839753	78.0	39	3.0046224961479195	117.0	0	0.0	117.0	0	0.0
home	12	20	30545.0	0	0.0	30545.0	0	0.0	82.0	54	4.160246533127888	123.0	0	0.0	123.0	0	0.0
home	12	21	32035.0	12	0.9244992295839753	32035.0	12	0.9244992295839753	86.0	55	4.23728813559322	129.0	0	0.0	129.0	0	0.0
home	12	22	33525.0	0	0.0	33525.0	0	0.0	90.0	58	4.468412942989214	135.0	0	0.0	135.0	0	0.0
home	12	23	35015.0	12	0.9244992295839753	35015.0	12	0.9244992295839753	94.0	61	4.699537750385208	141.0	0	0.0	141.0	0	0.0
home	12	24	36505.0	0	0.0	36505.0	0	0.0	98.0	51	3.929121725731895	147.0	0	0.0	147.0	0	0.0
home	12	25	37995.0	12	0.9244992295839753	37995.0	12	0.9244992295839753	102.0	50	3.8520801232665636	153.0	0	0.0	153.0	0	0.0
home	12	26	39485.0	10	0.7704160246533127	39485.0	5	0.38520801232665636	106.0	44	3.389830508474576	159.0	0	0.0	159.0	0	0.0
home	12	27	40975.0	2	0.15408320493066255	40975.0	7	0.5392912172573189	110.0	35	2.6964560862865947	165.0	0	0.0	165.0	0	0.0
home	12	28	42465.0	11	0.847457627118644	42465.0	4	0.3081664098613251	114.0	24	1.8489984591679507	171.0	0	0.0	171.0	0	0.0
home	12	29	43955.0	1	0.07704160246533127	43955.0	8	0.6163328197226502	118.0	14	1.0785824345146378	177.0	0	0.0	177.0	0	0.0
home	12	30	45445.0	10	0.7704160246533127	45445.0	10	0.7704160246533127	122.0	16	1.2326656394453004	183.0	0	0.0	183.0	0	0.0
home	12	31	46935.0	2	0.15408320493066255	46935.0	2	0.15408320493066255	126.0	7	0.5392912172573189	189.0	0	0.0	189.0	0	0.0
home	12	32	48425.0	12	0.9244992295839753	48425.0	12	0.9244992295839753	130.0	3	0.23112480739599384	195.0	0	0.0	195.0	0	0.0
home	12	33	49915.0	0	0.0	49915.0	0	0.0	134.0	8	0.6163328197226502	201.0	0	0.0	201.0	0	0.0
home	12	34	51405.0	12	0.9244992295839753	51405.0	12	0.9244992295839753	138.0	5	0.38520801232665636	207.0	0	0.0	207.0	0	0.0
home	12	35	52895.0	0	0.0	52895.0	0	0.0	142.0	2	0.15408320493066255	213.0	0	0.0	213.0	0	0.0
home	12	36	54385.0	12	0.9244992295839753	54385.0	12	0.9244992295839753	146.0	0	0.0	219.0	0	0.0	219.0	0	0.0
home	12	37	55875.0	0	0.0	55875.0	0	0.0	150.0	3	0.23112480739599384	225.0	0	0.0	225.0	0	0.0
home	12	38	57365.0	12	0.9244992295839753	57365.0	12	0.9244992295839753	154.0	0	0.0	231.0	0	0.0	231.0	0	0.0
home	12	39	58855.0	0	0.0	58855.0	0	0.0	158.0	7	0.5392912172573189	237.0	0	0.0	237.0	0	0.0
home	12	40	60345.0	12	0.9244992295839753	60345.0	12	0.9244992295839753	162.0	9	0.6933744221879815	243.0	0	0.0	243.0	0	0.0
home	12	41	61835.0	9	0.6933744221879815	61835.0	0	0.0	166.0	8	0.6163328197226502	249.0	0	0.0	249.0	0	0.0
home	12	42	63325.0	3	0.23112480739599384	63325.0	12	0.9244992295839753	170.0	20	1.5408320493066254	255.0	0	0.0	255.0	0	0.0
home	12	43	64815.0	11	0.847457627118644	64815.0	10	0.7704160246533127	174.0	14	1.0785824345146378	261.0	0	0.0	261.0	0	0.0
home	12	44	66305.0	1	0.07704160246533127	66305.0	2	0.15408320493066255	178.0	14	1.0785824345146378	267.0	0	0.0	267.0	0	0.0
home	12	45	67795.0	12	0.9244992295839753	67795.0	12	0.9244992295839753	182.0	24	1.8489984591679507	273.0	0	0.0	273.0	0	0.0
home	12	46	69285.0	0	0.0	69285.0	0	0.0	186.0	10	0.7704160246533127	279.0	0	0.0	279.0	0	0.0
home	12	47	70775.0	12	0.9244992295839753	70775.0	12	0.9244992295839753	190.0	8	0.6163328197226502	285.0	0	0.0	285.0	0	0.0
home	12	48	72265.0	0	0.0	72265.0	0	0.0	194.0	6	0.4622496147919877	291.0	0	0.0	291.0	0	0.0
home	12	49	73755.0	12	0.9244992295839753	73755.0	12	0.9244992295839753	198.0	4	0.3081664098613251	297.0	0	0.0	297.0	0	0.0
home	12	50	75245.0	0	0.0	75245.0	0	0.0	202.0	5	0.38520801232665636	303.0	0	0.0	303.0	0	0.0
home	12	51	76735.0	12	0.9244992295839753	76735.0	12	0.9244992295839753	206.0	2	0.15408320493066255	309.0	0	0.0	309.0	0	0.0
home	12	52	78225.0	0	0.0	78225.0	0	0.0	210.0	1	0.07704160246533127	315.0	0	0.0	315.0	0	0.0
home	12	53	79715.0	12	0.9244992295839753	79715.0	12	0.9244992295839753	214.0	1	0.07704160246533127	321.0	0	0.0	321.0	0	0.0
home	12	54	81205.0	0	0.0	81205.0	0	0.0	218.0	1	0.07704160246533127	327.0	0	0.0	327.0	0	0.0
home	12	55	82695.0	12	0.9244992295839753	82695.0	12	0.9244992295839753	222.0	0	0.0	333.0	0	0.0	333.0	0	0.0
home	12	56	84185.0	0	0.0	84185.0	0	0.0	226.0	0	0.0	339.0	0	0.0	339.0	0	0.0
home	12	57	85675.0	12	0.9244992295839753	85675.0	12	0.9244992295839753	230.0	0	0.0	345.0	0	0.0	345.0	0	0.0
home	12	58	87165.0	0	0.0	87165.0	0	0.0	234.0	0	0.0	351.0	0	0.0	351.0	0	0.0
home	12	59	88655.0	12	0.9244992295839753	88655.0	12	0.9244992295839753	238.0	0	0.0	357.0	0	0.0	357.0	0	0.0
home	12	60	90145.0	9	0.6933744221879815	90145.0	0	0.0	242.0	0	0.0	363.0	0	0.0	363.0	0	0.0
home	12	61	91635.0	3	0.23112480739599384	91635.0	12	0.9244992295839753	246.0	0	0.0	369.0	0	0.0	369.0	0	0.0
home	12	62	93125.0	12	0.9244992295839753	93125.0	12	0.9244992295839753	250.0	0	0.0	375.0	0	0.0	375.0	0	0.0
home	12	63	94615.0	0	0.0	94615.0	0	0.0	254.0	0	0.0	381.0	0	0.0	381.0	0	0.0
home	12	64	96105.0	12	0.9244992295839753	96105.0	12	0.9244992295839753	258.0	0	0.0	387.0	0	0.0	387.0	0	0.0
home	12	65	97595.0	0	0.0	97595.0	0	0.0	262.0	0	0.0	393.0	0	0.0	393.0	0	0.0
home	12	66	99085.0	12	0.9244992295839753	99085.0	12	0.9244992295839753	266.0	1	0.07704160246533127	399.0	0	0.0	399.0	0	0.0
home	12	67	100575.0	0	0.0	100575.0	0	0.0	270.0	3	0.23112480739599384	405.0	0	0.0	405.0	0	0.0
home	12	68	102065.0	12	0.9244992295839753	102065.0	12	0.9244992295839753	274.0	0	0.0	411.0	0	0.0	411.0	0	0.0
home	12	69	103555.0	0	0.0	103555.0	0	0.0	278.0	0	0.0	417.0	0	0.0	417.0	0	0.0
home	12	70	105045.0	12	0.9244992295839753	105045.0	12	0.9244992295839753	282.0	1	0.07704160246533127	423.0	0	0.0	423.0	0	0.0
home	12	71	106535.0	0	0.0	106535.0	0	0.0	286.0	0	0.0	429.0	0	0.0	429.0	0	0.0
home	12	72	108025.0	12	0.9244992295839753	108025.0	12	0.9244992295839753	290.0	0	0.0	435.0	0	0.0	435.0	0	0.0
home	12	73	109515.0	9	0.6933744221879815	109515.0	9	0.6933744221879815	294.0	0	0.0	441.0	0	0.0	441.0	0	0.0
home	12	74	111005.0	3	0.23112480739599384	111005.0	3	0.23112480739599384	298.0	0	0.0	447.0	0	0.0	447.0	0	0.0
home	12	75	112495.0	12	0.9244992295839753	112495.0	12	0.9244992295839753	302.0	0	0.0	453.0	0	0.0	453.0	0	0.0
home	12	76	113985.0	0	0.0	113985.0	0	0.0	306.0	0	0.0	459.0	0	0.0	459.0	0	0.0
home	12	77	115475.0	12	0.9244992295839753	115475.0	12	0.9244992295839753	310.0	0	0.0	465.0	0	0.0	465.0	0	0.0
home	12	78	116965.0	0	0.0	116965.0	0	0.0	314.0	1	0.07704160246533127	471.0	0	0.0	471.0	0	0.0
home	12	79	118455.0	12	0.9244992295839753	118455.0	12	0.9244992295839753	318.0	0	0.0	477.0	0	0.0	477.0	0	0.0
home	12	80	119945.0	0	0.0	119945.0	0	0.0	322.0	0	0.0	483.0	0	0.0	483.0	0	0.0
home	12	81	121435.0	12	0.9244992295839753	121435.0	12	0.9244992295839753	326.0	0	0.0	489.0	0	0.0	489.0	0	0.0
home	12	82	122925.0	0	0.0	122925.0	0	0.0	330.0	0	0.0	495.0	0	0.0	495.0	0	0.0
home	12	83	124415.0	12	0.9244992295839753	124415.0	12	0.9244992295839753	334.0	0	0.0	501.0	0	0.0	501.0	0	0.0
home	12	84	125905.0	0	0.0	125905.0	0	0.0	338.0	0	0.0	507.0	0	0.0	507.0	0	0.0
home	12	85	127395.0	12	0.9244992295839753	127395.0	12	0.9244992295839753	342.0	0	0.0	513.0	0	0.0	513.0	0	0.0
home	12	86	128885.0	0	0.0	128885.0	0	0.0	346.0	0	0.0	519.0	0	0.0	519.0	0	0.0
home	12	87	130375.0	12	0.9244992295839753	130375.0	12	0.9244992295839753	350.0	0	0.0	525.0	0	0.0	525.0	0	0.0
home	12	88	131865.0	0	0.0	131865.0	0	0.0	354.0	0	0.0	531.0	0	0.0	531.0	0	0.0
home	12	89	133355.0	12	0.9244992295839753	133355.0	12	0.9244992295839753	358.0	0	0.0	537.0	0	0.0	537.0	0	0.0
home	12	90	134845.0	0	0.0	134845.0	0	0.0	362.0	0	0.0	543.0	0	0.0	543.0	0	0.0
home	12	91	136335.0	12	0.9244992295839753	136335.0	12	0.9244992295839753	366.0	0	0.0	549.0	0	0.0	549.0	0	0.0
home	12	92	137825.0	0	0.0	137825.0	0	0.0	370.0	0	0.0	555.0	0	0.0	555.0	0	0.0
home	12	93	139315.0	12	0.9244992295839753	139315.0	12	0.9244992295839753	374.0	0	0.0	561.0	0	0.0	561.0	0	0.0
home	12	94	140805.0	5	0.38520801232665636	140805.0	0	0.0	378.0	0	0.0	567.0	0	0.0	567.0	0	0.0
home	12	95	142295.0	7	0.5392912172573189	142295.0	12	0.9244992295839753	382.0	0	0.0	573.0	0	0.0	573.0	0	0.0
home	12	96	143785.0	12	0.9244992295839753	143785.0	12	0.9244992295839753	386.0	0	0.0	579.0	0	0.0	579.0	0	0.0
home	12	97	145275.0	0	0.0	145275.0	0	0.0	390.0	0	0.0	585.0	0	0.0	585.0	0	0.0
home	12	98	146765.0	12	0.9244992295839753	146765.0	12	0.9244992295839753	394.0	0	0.0	591.0	0	0.0	591.0	0	0.0
home	12	99	148255.0	0	0.0	148255.0	0	0.0	398.0	0	0.0	597.0	0	0.0	597.0	0	0.0
home	12	100	149745.0	12	0.9244992295839753	149745.0	12	0.9244992295839753	402.0	0	0.0	603.0	0	0.0	603.0	0	0.0
home	12	101	151235.0	0	0.0	151235.0	0	0.0	406.0	0	0.0	609.0	0	0.0	609.0	0	0.0
home	12	102	152725.0	12	0.9244992295839753	152725.0	12	0.9244992295839753	410.0	0	0.0	615.0	0	0.0	615.0	0	0.0
home	12	103	154215.0	0	0.0	154215.0	0	0.0	414.0	0	0.0	621.0	0	0.0	621.0	0	0.0
home	12	104	155705.0	12	0.9244992295839753	155705.0	12	0.9244992295839753	418.0	1	0.07704160246533127	627.0	0	0.0	627.0	0	0.0
home	12	105	157195.0	12	0.9244992295839753	157195.0	12	0.9244992295839753	422.0	1	0.07704160246533127	633.0	0	0.0	633.0	0	0.0
home	12	106	158685.0	0	0.0	158685.0	0	0.0	426.0	0	0.0	639.0	0	0.0	639.0	0	0.0
home	12	107	160175.0	12	0.9244992295839753	160175.0	12	0.9244992295839753	430.0	0	0.0	645.0	0	0.0	645.0	0	0.0
home	12	108	161665.0	0	0.0	161665.0	0	0.0	434.0	0	0.0	651.0	0	0.0	651.0	0	0.0
home	12	109	163155.0	12	0.9244992295839753	163155.0	12	0.9244992295839753	438.0	0	0.0	657.0	0	0.0	657.0	0	0.0
home	12	110	164645.0	0	0.0	164645.0	0	0.0	442.0	0	0.0	663.0	0	0.0	663.0	0	0.0
home	12	111	166135.0	12	0.9244992295839753	166135.0	12	0.9244992295839753	446.0	0	0.0	669.0	0	0.0	669.0	0	0.0
home	12	112	167625.0	9	0.6933744221879815	167625.0	0	0.0	450.0	0	0.0	675.0	0	0.0	675.0	0	0.0
home	12	113	169115.0	3	0.23112480739599384	169115.0	12	0.9244992295839753	454.0	0	0.0	681.0	0	0.0	681.0	0	0.0
home	12	114	170605.0	12	0.9244992295839753	170605.0	12	0.9244992295839753	458.0	0	0.0	687.0	0	0.0	687.0	0	0.0
home	12	115	172095.0	0	0.0	172095.0	0	0.0	462.0	0	0.0	693.0	0	0.0	693.0	0	0.0
home	12	116	173585.0	12	0.9244992295839753	173585.0	12	0.9244992295839753	466.0	0	0.0	699.0	0	0.0	699.0	0	0.0
home	12	117	175075.0	0	0.0	175075.0	0	0.0	470.0	0	0.0	705.0	0	0.0	705.0	0	0.0
home	12	118	176565.0	12	0.9244992295839753	176565.0	12	0.9244992295839753	474.0	0	0.0	711.0	0	0.0	711.0	0	0.0
home	12	119	178055.0	0	0.0	178055.0	0	0.0	478.0	0	0.0	717.0	0	0.0	717.0	0	0.0
home	12	120	179545.0	12	0.9244992295839753	179545.0	12	0.9244992295839753	482.0	0	0.0	723.0	0	0.0	723.0	0	0.0
home	12	121	181035.0	11	0.847457627118644	181035.0	11	0.847457627118644	486.0	0	0.0	729.0	0	0.0	729.0	0	0.0
home	12	122	182525.0	1	0.07704160246533127	182525.0	1	0.07704160246533127	490.0	0	0.0	735.0	0	0.0	735.0	0	0.0
home	12	123	184015.0	12	0.9244992295839753	184015.0	12	0.9244992295839753	494.0	0	0.0	741.0	0	0.0	741.0	0	0.0
home	12	124	185505.0	0	0.0	185505.0	0	0.0	498.0	0	0.0	747.0	0	0.0	747.0	0	0.0
home	12	125	186995.0	12	0.9244992295839753	186995.0	12	0.9244992295839753	502.0	0	0.0	753.0	0	0.0	753.0	0	0.0
home	12	126	188485.0	0	0.0	188485.0	0	0.0	506.0	1	0.07704160246533127	759.0	0	0.0	759.0	0	0.0
home	12	127	189975.0	12	0.9244992295839753	189975.0	12	0.9244992295839753	510.0	0	0.0	765.0	0	0.0	765.0	0	0.0
home	12	128	191465.0	0	0.0	191465.0	0	0.0	514.0	0	0.0	771.0	0	0.0	771.0	0	0.0
home	12	129	192955.0	12	0.9244992295839753	192955.0	12	0.9244992295839753	518.0	0	0.0	777.0	0	0.0	777.0	0	0.0
home	12	130	194445.0	10	0.7704160246533127	194445.0	3	0.23112480739599384	522.0	0	0.0	783.0	0	0.0	783.0	0	0.0
home	12	131	195935.0	2	0.15408320493066255	195935.0	9	0.6933744221879815	526.0	0	0.0	789.0	0	0.0	789.0	0	0.0
home	12	132	197425.0	12	0.9244992295839753	197425.0	12	0.9244992295839753	530.0	0	0.0	795.0	0	0.0	795.0	0	0.0
home	12	133	198915.0	0	0.0	198915.0	0	0.0	534.0	0	0.0	801.0	0	0.0	801.0	0	0.0
home	12	134	200405.0	12	0.9244992295839753	200405.0	12	0.9244992295839753	538.0	0	0.0	807.0	0	0.0	807.0	0	0.0
home	12	135	201895.0	0	0.0	201895.0	0	0.0	542.0	0	0.0	813.0	0	0.0	813.0	0	0.0
home	12	136	203385.0	12	0.9244992295839753	203385.0	12	0.9244992295839753	546.0	0	0.0	819.0	0	0.0	819.0	0	0.0
home	12	137	204875.0	0	0.0	204875.0	0	0.0	550.0	0	0.0	825.0	0	0.0	825.0	0	0.0
home	12	138	206365.0	12	0.9244992295839753	206365.0	12	0.9244992295839753	554.0	0	0.0	831.0	0	0.0	831.0	0	0.0
home	12	139	207855.0	0	0.0	207855.0	0	0.0	558.0	0	0.0	837.0	0	0.0	837.0	0	0.0
home	12	140	209345.0	12	0.9244992295839753	209345.0	12	0.9244992295839753	562.0	0	0.0	843.0	0	0.0	843.0	0	0.0
home	12	141	210835.0	0	0.0	210835.0	0	0.0	566.0	0	0.0	849.0	0	0.0	849.0	0	0.0
home	12	142	212325.0	12	0.9244992295839753	212325.0	12	0.9244992295839753	570.0	0	0.0	855.0	0	0.0	855.0	0	0.0
home	12	143	213815.0	0	0.0	213815.0	0	0.0	574.0	0	0.0	861.0	0	0.0	861.0	0	0.0
home	12	144	215305.0	12	0.9244992295839753	215305.0	12	0.9244992295839753	578.0	0	0.0	867.0	0	0.0	867.0	0	0.0
home	12	145	216795.0	0	0.0	216795.0	0	0.0	582.0	0	0.0	873.0	0	0.0	873.0	0	0.0
home	12	146	218285.0	12	0.9244992295839753	218285.0	12	0.9244992295839753	586.0	0	0.0	879.0	0	0.0	879.0	0	0.0
home	12	147	219775.0	0	0.0	219775.0	0	0.0	590.0	0	0.0	885.0	0	0.0	885.0	0	0.0
home	12	148	221265.0	12	0.9244992295839753	221265.0	12	0.9244992295839753	594.0	0	0.0	891.0	0	0.0	891.0	0	0.0
home	12	149	222755.0	7	0.5392912172573189	222755.0	0	0.0	598.0	0	0.0	897.0	0	0.0	897.0	0	0.0
home	12	150	224245.0	5	0.38520801232665636	224245.0	12	0.9244992295839753	602.0	0	0.0	903.0	0	0.0	903.0	0	0.0
home	12	151	225735.0	0	0.0	225735.0	0	0.0	606.0	0	0.0	909.0	0	0.0	909.0	0	0.0
home	12	152	227225.0	12	0.9244992295839753	227225.0	12	0.9244992295839753	610.0	0	0.0	915.0	0	0.0	915.0	0	0.0
home	12	153	228715.0	0	0.0	228715.0	0	0.0	614.0	0	0.0	921.0	0	0.0	921.0	0	0.0
home	12	154	230205.0	12	0.9244992295839753	230205.0	12	0.9244992295839753	618.0	0	0.0	927.0	0	0.0	927.0	0	0.0
home	12	155	231695.0	9	0.6933744221879815	231695.0	9	0.6933744221879815	622.0	0	0.0	933.0	0	0.0	933.0	0	0.0
home	12	156	233185.0	3	0.23112480739599384	233185.0	3	0.23112480739599384	626.0	0	0.0	939.0	0	0.0	939.0	0	0.0
home	12	157	234675.0	12	0.9244992295839753	234675.0	12	0.9244992295839753	630.0	0	0.0	945.0	0	0.0	945.0	0	0.0
home	12	158	236165.0	0	0.0	236165.0	0	0.0	634.0	0	0.0	951.0	0	0.0	951.0	0	0.0
home	12	159	237655.0	12	0.9244992295839753	237655.0	12	0.9244992295839753	638.0	0	0.0	957.0	0	0.0	957.0	0	0.0
home	12	160	239145.0	0	0.0	239145.0	0	0.0	642.0	0	0.0	963.0	0	0.0	963.0	0	0.0
home	12	161	240635.0	12	0.9244992295839753	240635.0	12	0.9244992295839753	646.0	0	0.0	969.0	0	0.0	969.0	0	0.0
home	12	162	242125.0	0	0.0	242125.0	0	0.0	650.0	0	0.0	975.0	0	0.0	975.0	0	0.0
home	12	163	243615.0	12	0.9244992295839753	243615.0	12	0.9244992295839753	654.0	0	0.0	981.0	0	0.0	981.0	0	0.0
home	12	164	245105.0	0	0.0	245105.0	0	0.0	658.0	0	0.0	987.0	0	0.0	987.0	0	0.0
home	12	165	246595.0	12	0.9244992295839753	246595.0	12	0.9244992295839753	662.0	0	0.0	993.0	0	0.0	993.0	0	0.0
home	12	166	248085.0	0	0.0	248085.0	0	0.0	666.0	0	0.0	999.0	0	0.0	999.0	0	0.0
home	12	167	249575.0	12	0.9244992295839753	249575.0	12	0.9244992295839753	670.0	0	0.0	1005.0	0	0.0	1005.0	0	0.0
home	12	168	251065.0	0	0.0	251065.0	0	0.0	674.0	0	0.0	1011.0	0	0.0	1011.0	0	0.0
home	12	169	252555.0	12	0.9244992295839753	252555.0	12	0.9244992295839753	678.0	0	0.0	1017.0	0	0.0	1017.0	0	0.0
home	12	170	254045.0	0	0.0	254045.0	0	0.0	682.0	2	0.15408320493066255	1023.0	0	0.0	1023.0	0	0.0
home	12	171	255535.0	12	0.9244992295839753	255535.0	12	0.9244992295839753	686.0	0	0.0	1029.0	0	0.0	1029.0	0	0.0
home	12	172	257025.0	12	0.9244992295839753	257025.0	12	0.9244992295839753	690.0	0	0.0	1035.0	0	0.0	1035.0	0	0.0
home	12	173	258515.0	0	0.0	258515.0	0	0.0	694.0	0	0.0	1041.0	0	0.0	1041.0	0	0.0
home	12	174	260005.0	12	0.9244992295839753	260005.0	12	0.9244992295839753	698.0	0	0.0	1047.0	0	0.0	1047.0	0	0.0
home	12	175	261495.0	0	0.0	261495.0	0	0.0	702.0	0	0.0	1053.0	0	0.0	1053.0	0	0.0
home	12	176	262985.0	12	0.9244992295839753	262985.0	12	0.9244992295839753	706.0	0	0.0	1059.0	0	0.0	1059.0	0	0.0
home	12	177	264475.0	0	0.0	264475.0	0	0.0	710.0	0	0.0	1065.0	0	0.0	1065.0	0	0.0
home	12	178	265965.0	12	0.9244992295839753	265965.0	12	0.9244992295839753	714.0	0	0.0	1071.0	0	0.0	1071.0	0	0.0
home	12	179	267455.0	10	0.7704160246533127	267455.0	8	0.6163328197226502	718.0	0	0.0	1077.0	0	0.0	1077.0	0	0.0
home	12	180	268945.0	2	0.15408320493066255	268945.0	4	0.3081664098613251	722.0	0	0.0	1083.0	0	0.0	1083.0	0	0.0
home	12	181	270435.0	12	0.9244992295839753	270435.0	12	0.9244992295839753	726.0	0	0.0	1089.0	0	0.0	1089.0	0	0.0
home	12	182	271925.0	0	0.0	271925.0	0	0.0	730.0	0	0.0	1095.0	0	0.0	1095.0	0	0.0
home	12	183	273415.0	12	0.9244992295839753	273415.0	12	0.9244992295839753	734.0	0	0.0	1101.0	0	0.0	1101.0	0	0.0
home	12	184	274905.0	0	0.0	274905.0	0	0.0	738.0	0	0.0	1107.0	0	0.0	1107.0	0	0.0
home	12	185	276395.0	12	0.9244992295839753	276395.0	12	0.9244992295839753	742.0	0	0.0	1113.0	0	0.0	1113.0	0	0.0
home	12	186	277885.0	0	0.0	277885.0	0	0.0	746.0	0	0.0	1119.0	0	0.0	1119.0	0	0.0
home	12	187	279375.0	12	0.9244992295839753	279375.0	12	0.9244992295839753	750.0	0	0.0	1125.0	0	0.0	1125.0	0	0.0
home	12	188	280865.0	0	0.0	280865.0	0	0.0	754.0	0	0.0	1131.0	0	0.0	1131.0	0	0.0
home	12	189	282355.0	12	0.9244992295839753	282355.0	12	0.9244992295839753	758.0	0	0.0	1137.0	0	0.0	1137.0	0	0.0
home	12	190	283845.0	0	0.0	283845.0	0	0.0	762.0	0	0.0	1143.0	0	0.0	1143.0	0	0.0
home	12	191	285335.0	12	0.9244992295839753	285335.0	12	0.9244992295839753	766.0	0	0.0	1149.0	0	0.0	1149.0	0	0.0
home	12	192	286825.0	12	0.9244992295839753	286825.0	12	0.9244992295839753	770.0	0	0.0	1155.0	0	0.0	1155.0	0	0.0
home	12	193	288315.0	0	0.0	288315.0	0	0.0	774.0	0	0.0	1161.0	0	0.0	1161.0	0	0.0
home	12	194	289805.0	12	0.9244992295839753	289805.0	12	0.9244992295839753	778.0	0	0.0	1167.0	0	0.0	1167.0	0	0.0
home	12	195	291295.0	0	0.0	291295.0	0	0.0	782.0	0	0.0	1173.0	0	0.0	1173.0	0	0.0
home	12	196	292785.0	12	0.9244992295839753	292785.0	12	0.9244992295839753	786.0	0	0.0	1179.0	0	0.0	1179.0	0	0.0
home	12	197	294275.0	0	0.0	294275.0	0	0.0	790.0	0	0.0	1185.0	0	0.0	1185.0	0	0.0
home	12	198	295765.0	12	0.9244992295839753	295765.0	12	0.9244992295839753	794.0	0	0.0	1191.0	0	0.0	1191.0	0	0.0
home	12	199	297255.0	12	0.9244992295839753	297255.0	12	0.9244992295839753	798.0	0	0.0	1197.0	0	0.0	1197.0	0	0.0
