'Request type'	'Load'	'Bucket'	'Start time'	'Absolute'	'Percent of requests'	'End time'	'Absolute'	'Percent of requests'	'Residence time'	'Absolute'	'Percent of requests'	'Theor. think time'	'Absolute'	'Percent of requests'	'Actual think time'	'Absolute'	'Percent of requests'
login	35	0	750.0	35	2.121212121212121	750.0	8	0.48484848484848486	14.5	0	0.0	3.0	1650	100.0	3.0	1650	100.0
login	35	1	2250.0	0	0.0	2250.0	8	0.48484848484848486	43.5	0	0.0	9.0	0	0.0	9.0	0	0.0
login	35	2	3750.0	0	0.0	3750.0	12	0.7272727272727273	72.5	0	0.0	15.0	0	0.0	15.0	0	0.0
login	35	3	5250.0	0	0.0	5250.0	7	0.42424242424242425	101.5	0	0.0	21.0	0	0.0	21.0	0	0.0
login	35	4	6750.0	35	2.121212121212121	6750.0	5	0.30303030303030304	130.5	0	0.0	27.0	0	0.0	27.0	0	0.0
login	35	5	8250.0	0	0.0	8250.0	11	0.6666666666666667	159.5	3	0.18181818181818182	33.0	0	0.0	33.0	0	0.0
login	35	6	9750.0	0	0.0	9750.0	8	0.48484848484848486	188.5	3	0.18181818181818182	39.0	0	0.0	39.0	0	0.0
login	35	7	11250.0	0	0.0	11250.0	11	0.6666666666666667	217.5	1	0.06060606060606061	45.0	0	0.0	45.0	0	0.0
login	35	8	12750.0	35	2.121212121212121	12750.0	1	0.06060606060606061	246.5	0	0.0	51.0	0	0.0	51.0	0	0.0
login	35	9	14250.0	0	0.0	14250.0	9	0.5454545454545454	275.5	3	0.18181818181818182	57.0	0	0.0	57.0	0	0.0
login	35	10	15750.0	0	0.0	15750.0	11	0.6666666666666667	304.5	2	0.12121212121212122	63.0	0	0.0	63.0	0	0.0
login	35	11	17250.0	0	0.0	17250.0	9	0.5454545454545454	333.5	1	0.06060606060606061	69.0	0	0.0	69.0	0	0.0
login	35	12	18750.0	0	0.0	18750.0	5	0.30303030303030304	362.5	0	0.0	75.0	0	0.0	75.0	0	0.0
login	35	13	20250.0	35	2.121212121212121	20250.0	5	0.30303030303030304	391.5	7	0.42424242424242425	81.0	0	0.0	81.0	0	0.0
login	35	14	21750.0	0	0.0	21750.0	10	0.6060606060606061	420.5	10	0.6060606060606061	87.0	0	0.0	87.0	0	0.0
login	35	15	23250.0	0	0.0	23250.0	10	0.6060606060606061	449.5	4	0.24242424242424243	93.0	0	0.0	93.0	0	0.0
login	35	16	24750.0	0	0.0	24750.0	9	0.5454545454545454	478.5	8	0.48484848484848486	99.0	0	0.0	99.0	0	0.0
login	35	17	26250.0	35	2.121212121212121	26250.0	3	0.18181818181818182	507.5	14	0.8484848484848485	105.0	0	0.0	105.0	0	0.0
login	35	18	27750.0	0	0.0	27750.0	9	0.5454545454545454	536.5	2	0.12121212121212122	111.0	0	0.0	111.0	0	0.0
login	35	19	29250.0	0	0.0	29250.0	9	0.5454545454545454	565.5	3	0.18181818181818182	117.0	0	0.0	117.0	0	0.0
login	35	20	30750.0	0	0.0	30750.0	11	0.6666666666666667	594.5	12	0.7272727272727273	123.0	0	0.0	123.0	0	0.0
login	35	21	32250.0	33	2.0	32250.0	5	0.30303030303030304	623.5	5	0.30303030303030304	129.0	0	0.0	129.0	0	0.0
login	35	22	33750.0	3	0.18181818181818182	33750.0	9	0.5454545454545454	652.5	1	0.06060606060606061	135.0	0	0.0	135.0	0	0.0
login	35	23	35250.0	0	0.0	35250.0	10	0.6060606060606061	681.5	17	1.0303030303030303	141.0	0	0.0	141.0	0	0.0
login	35	24	36750.0	0	0.0	36750.0	8	0.48484848484848486	710.5	17	1.0303030303030303	147.0	0	0.0	147.0	0	0.0
login	35	25	38250.0	0	0.0	38250.0	8	0.48484848484848486	739.5	3	0.18181818181818182	153.0	0	0.0	153.0	0	0.0
login	35	26	39750.0	35	2.121212121212121	39750.0	4	0.24242424242424243	768.5	12	0.7272727272727273	159.0	0	0.0	159.0	0	0.0
login	35	27	41250.0	0	0.0	41250.0	12	0.7272727272727273	797.5	20	1.2121212121212122	165.0	0	0.0	165.0	0	0.0
login	35	28	42750.0	0	0.0	42750.0	8	0.48484848484848486	826.5	8	0.48484848484848486	171.0	0	0.0	171.0	0	0.0
login	35	29	44250.0	0	0.0	44250.0	8	0.48484848484848486	855.5	6	0.36363636363636365	177.0	0	0.0	177.0	0	0.0
login	35	30	45750.0	35	2.121212121212121	45750.0	4	0.24242424242424243	884.5	9	0.5454545454545454	183.0	0	0.0	183.0	0	0.0
login	35	31	47250.0	0	0.0	47250.0	10	0.6060606060606061	913.5	16	0.9696969696969697	189.0	0	0.0	189.0	0	0.0
login	35	32	48750.0	0	0.0	48750.0	10	0.6060606060606061	942.5	2	0.12121212121212122	195.0	0	0.0	195.0	0	0.0
login	35	33	50250.0	0	0.0	50250.0	10	0.6060606060606061	971.5	9	0.5454545454545454	201.0	0	0.0	201.0	0	0.0
login	35	34	51750.0	35	2.121212121212121	51750.0	4	0.24242424242424243	1000.5	12	0.7272727272727273	207.0	0	0.0	207.0	0	0.0
login	35	35	53250.0	0	0.0	53250.0	10	0.6060606060606061	1029.5	17	1.0303030303030303	213.0	0	0.0	213.0	0	0.0
login	35	36	54750.0	0	0.0	54750.0	8	0.48484848484848486	1058.5	6	0.36363636363636365	219.0	0	0.0	219.0	0	0.0
login	35	37	56250.0	0	0.0	56250.0	10	0.6060606060606061	1087.5	25	1.5151515151515151	225.0	0	0.0	225.0	0	0.0
login	35	38	57750.0	0	0.0	57750.0	7	0.42424242424242425	1116.5	13	0.7878787878787878	231.0	0	0.0	231.0	0	0.0
login	35	39	59250.0	35	2.121212121212121	59250.0	6	0.36363636363636365	1145.5	6	0.36363636363636365	237.0	0	0.0	237.0	0	0.0
login	35	40	60750.0	0	0.0	60750.0	8	0.48484848484848486	1174.5	7	0.42424242424242425	243.0	0	0.0	243.0	0	0.0
login	35	41	62250.0	0	0.0	62250.0	11	0.6666666666666667	1203.5	19	1.1515151515151516	249.0	0	0.0	249.0	0	0.0
login	35	42	63750.0	0	0.0	63750.0	10	0.6060606060606061	1232.5	10	0.6060606060606061	255.0	0	0.0	255.0	0	0.0
login	35	43	65250.0	35	2.121212121212121	65250.0	1	0.06060606060606061	1261.5	2	0.12121212121212122	261.0	0	0.0	261.0	0	0.0
login	35	44	66750.0	0	0.0	66750.0	9	0.5454545454545454	1290.5	12	0.7272727272727273	267.0	0	0.0	267.0	0	0.0
login	35	45	68250.0	0	0.0	68250.0	11	0.6666666666666667	1319.5	9	0.5454545454545454	273.0	0	0.0	273.0	0	0.0
login	35	46	69750.0	0	0.0	69750.0	9	0.5454545454545454	1348.5	2	0.12121212121212122	279.0	0	0.0	279.0	0	0.0
login	35	47	71250.0	34	2.0606060606060606	71250.0	5	0.30303030303030304	1377.5	8	0.48484848484848486	285.0	0	0.0	285.0	0	0.0
login	35	48	72750.0	1	0.06060606060606061	72750.0	9	0.5454545454545454	1406.5	8	0.48484848484848486	291.0	0	0.0	291.0	0	0.0
login	35	49	74250.0	0	0.0	74250.0	9	0.5454545454545454	1435.5	7	0.42424242424242425	297.0	0	0.0	297.0	0	0.0
login	35	50	75750.0	0	0.0	75750.0	10	0.6060606060606061	1464.5	1	0.06060606060606061	303.0	0	0.0	303.0	0	0.0
login	35	51	77250.0	0	0.0	77250.0	7	0.42424242424242425	1493.5	15	0.9090909090909092	309.0	0	0.0	309.0	0	0.0
login	35	52	78750.0	35	2.121212121212121	78750.0	7	0.42424242424242425	1522.5	7	0.42424242424242425	315.0	0	0.0	315.0	0	0.0
login	35	53	80250.0	0	0.0	80250.0	7	0.42424242424242425	1551.5	7	0.42424242424242425	321.0	0	0.0	321.0	0	0.0
login	35	54	81750.0	0	0.0	81750.0	13	0.7878787878787878	1580.5	20	1.2121212121212122	327.0	0	0.0	327.0	0	0.0
login	35	55	83250.0	0	0.0	83250.0	8	0.48484848484848486	1609.5	19	1.1515151515151516	333.0	0	0.0	333.0	0	0.0
login	35	56	84750.0	35	2.121212121212121	84750.0	3	0.18181818181818182	1638.5	5	0.30303030303030304	339.0	0	0.0	339.0	0	0.0
login	35	57	86250.0	0	0.0	86250.0	11	0.6666666666666667	1667.5	11	0.6666666666666667	345.0	0	0.0	345.0	0	0.0
login	35	58	87750.0	0	0.0	87750.0	13	0.7878787878787878	1696.5	12	0.7272727272727273	351.0	0	0.0	351.0	0	0.0
login	35	59	89250.0	0	0.0	89250.0	8	0.48484848484848486	1725.5	9	0.5454545454545454	357.0	0	0.0	357.0	0	0.0
login	35	60	90750.0	35	2.121212121212121	90750.0	2	0.12121212121212122	1754.5	5	0.30303030303030304	363.0	0	0.0	363.0	0	0.0
login	35	61	92250.0	0	0.0	92250.0	10	0.6060606060606061	1783.5	10	0.6060606060606061	369.0	0	0.0	369.0	0	0.0
login	35	62	93750.0	0	0.0	93750.0	8	0.48484848484848486	1812.5	16	0.9696969696969697	375.0	0	0.0	375.0	0	0.0
login	35	63	95250.0	0	0.0	95250.0	10	0.6060606060606061	1841.5	5	0.30303030303030304	381.0	0	0.0	381.0	0	0.0
login	35	64	96750.0	0	0.0	96750.0	5	0.30303030303030304	1870.5	9	0.5454545454545454	387.0	0	0.0	387.0	0	0.0
login	35	65	98250.0	35	2.121212121212121	98250.0	7	0.42424242424242425	1899.5	20	1.2121212121212122	393.0	0	0.0	393.0	0	0.0
login	35	66	99750.0	0	0.0	99750.0	9	0.5454545454545454	1928.5	5	0.30303030303030304	399.0	0	0.0	399.0	0	0.0
login	35	67	101250.0	0	0.0	101250.0	10	0.6060606060606061	1957.5	4	0.24242424242424243	405.0	0	0.0	405.0	0	0.0
login	35	68	102750.0	0	0.0	102750.0	9	0.5454545454545454	1986.5	10	0.6060606060606061	411.0	0	0.0	411.0	0	0.0
login	35	69	104250.0	35	2.121212121212121	104250.0	0	0.0	2015.5	8	0.48484848484848486	417.0	0	0.0	417.0	0	0.0
login	35	70	105750.0	0	0.0	105750.0	10	0.6060606060606061	2044.5	3	0.18181818181818182	423.0	0	0.0	423.0	0	0.0
login	35	71	107250.0	0	0.0	107250.0	10	0.6060606060606061	2073.5	15	0.9090909090909092	429.0	0	0.0	429.0	0	0.0
login	35	72	108750.0	0	0.0	108750.0	10	0.6060606060606061	2102.5	10	0.6060606060606061	435.0	0	0.0	435.0	0	0.0
login	35	73	110250.0	1	0.06060606060606061	110250.0	5	0.30303030303030304	2131.5	6	0.36363636363636365	441.0	0	0.0	441.0	0	0.0
login	35	74	111750.0	35	2.121212121212121	111750.0	10	0.6060606060606061	2160.5	6	0.36363636363636365	447.0	0	0.0	447.0	0	0.0
login	35	75	113250.0	0	0.0	113250.0	10	0.6060606060606061	2189.5	15	0.9090909090909092	453.0	0	0.0	453.0	0	0.0
login	35	76	114750.0	0	0.0	114750.0	8	0.48484848484848486	2218.5	6	0.36363636363636365	459.0	0	0.0	459.0	0	0.0
login	35	77	116250.0	0	0.0	116250.0	8	0.48484848484848486	2247.5	9	0.5454545454545454	465.0	0	0.0	465.0	0	0.0
login	35	78	117750.0	35	2.121212121212121	117750.0	4	0.24242424242424243	2276.5	7	0.42424242424242425	471.0	0	0.0	471.0	0	0.0
login	35	79	119250.0	0	0.0	119250.0	10	0.6060606060606061	2305.5	14	0.8484848484848485	477.0	0	0.0	477.0	0	0.0
login	35	80	120750.0	0	0.0	120750.0	12	0.7272727272727273	2334.5	7	0.42424242424242425	483.0	0	0.0	483.0	0	0.0
login	35	81	122250.0	0	0.0	122250.0	9	0.5454545454545454	2363.5	13	0.7878787878787878	489.0	0	0.0	489.0	0	0.0
login	35	82	123750.0	35	2.121212121212121	123750.0	3	0.18181818181818182	2392.5	11	0.6666666666666667	495.0	0	0.0	495.0	0	0.0
login	35	83	125250.0	0	0.0	125250.0	10	0.6060606060606061	2421.5	5	0.30303030303030304	501.0	0	0.0	501.0	0	0.0
login	35	84	126750.0	0	0.0	126750.0	9	0.5454545454545454	2450.5	5	0.30303030303030304	507.0	0	0.0	507.0	0	0.0
login	35	85	128250.0	0	0.0	128250.0	11	0.6666666666666667	2479.5	7	0.42424242424242425	513.0	0	0.0	513.0	0	0.0
login	35	86	129750.0	35	2.121212121212121	129750.0	3	0.18181818181818182	2508.5	14	0.8484848484848485	519.0	0	0.0	519.0	0	0.0
login	35	87	131250.0	0	0.0	131250.0	10	0.6060606060606061	2537.5	3	0.18181818181818182	525.0	0	0.0	525.0	0	0.0
login	35	88	132750.0	0	0.0	132750.0	8	0.48484848484848486	2566.5	8	0.48484848484848486	531.0	0	0.0	531.0	0	0.0
login	35	89	134250.0	0	0.0	134250.0	11	0.6666666666666667	2595.5	22	1.3333333333333335	537.0	0	0.0	537.0	0	0.0
login	35	90	135750.0	2	0.12121212121212122	135750.0	5	0.30303030303030304	2624.5	4	0.24242424242424243	543.0	0	0.0	543.0	0	0.0
login	35	91	137250.0	33	2.0	137250.0	7	0.42424242424242425	2653.5	6	0.36363636363636365	549.0	0	0.0	549.0	0	0.0
login	35	92	138750.0	0	0.0	138750.0	12	0.7272727272727273	2682.5	15	0.9090909090909092	555.0	0	0.0	555.0	0	0.0
login	35	93	140250.0	0	0.0	140250.0	8	0.48484848484848486	2711.5	11	0.6666666666666667	561.0	0	0.0	561.0	0	0.0
login	35	94	141750.0	0	0.0	141750.0	8	0.48484848484848486	2740.5	4	0.24242424242424243	567.0	0	0.0	567.0	0	0.0
login	35	95	143250.0	35	2.121212121212121	143250.0	4	0.24242424242424243	2769.5	7	0.42424242424242425	573.0	0	0.0	573.0	0	0.0
login	35	96	144750.0	0	0.0	144750.0	9	0.5454545454545454	2798.5	15	0.9090909090909092	579.0	0	0.0	579.0	0	0.0
login	35	97	146250.0	0	0.0	146250.0	9	0.5454545454545454	2827.5	9	0.5454545454545454	585.0	0	0.0	585.0	0	0.0
login	35	98	147750.0	0	0.0	147750.0	10	0.6060606060606061	2856.5	7	0.42424242424242425	591.0	0	0.0	591.0	0	0.0
login	35	99	149250.0	35	2.121212121212121	149250.0	4	0.24242424242424243	2885.5	12	0.7272727272727273	597.0	0	0.0	597.0	0	0.0
login	35	100	150750.0	0	0.0	150750.0	11	0.6666666666666667	2914.5	12	0.7272727272727273	603.0	0	0.0	603.0	0	0.0
login	35	101	152250.0	0	0.0	152250.0	8	0.48484848484848486	2943.5	7	0.42424242424242425	609.0	0	0.0	609.0	0	0.0
login	35	102	153750.0	0	0.0	153750.0	11	0.6666666666666667	2972.5	10	0.6060606060606061	615.0	0	0.0	615.0	0	0.0
login	35	103	155250.0	35	2.121212121212121	155250.0	4	0.24242424242424243	3001.5	15	0.9090909090909092	621.0	0	0.0	621.0	0	0.0
login	35	104	156750.0	0	0.0	156750.0	9	0.5454545454545454	3030.5	4	0.24242424242424243	627.0	0	0.0	627.0	0	0.0
login	35	105	158250.0	0	0.0	158250.0	10	0.6060606060606061	3059.5	7	0.42424242424242425	633.0	0	0.0	633.0	0	0.0
login	35	106	159750.0	0	0.0	159750.0	11	0.6666666666666667	3088.5	9	0.5454545454545454	639.0	0	0.0	639.0	0	0.0
login	35	107	161250.0	0	0.0	161250.0	5	0.30303030303030304	3117.5	3	0.18181818181818182	645.0	0	0.0	645.0	0	0.0
login	35	108	162750.0	35	2.121212121212121	162750.0	8	0.48484848484848486	3146.5	2	0.12121212121212122	651.0	0	0.0	651.0	0	0.0
login	35	109	164250.0	0	0.0	164250.0	9	0.5454545454545454	3175.5	13	0.7878787878787878	657.0	0	0.0	657.0	0	0.0
login	35	110	165750.0	0	0.0	165750.0	11	0.6666666666666667	3204.5	15	0.9090909090909092	663.0	0	0.0	663.0	0	0.0
login	35	111	167250.0	0	0.0	167250.0	7	0.42424242424242425	3233.5	3	0.18181818181818182	669.0	0	0.0	669.0	0	0.0
login	35	112	168750.0	35	2.121212121212121	168750.0	7	0.42424242424242425	3262.5	6	0.36363636363636365	675.0	0	0.0	675.0	0	0.0
login	35	113	170250.0	0	0.0	170250.0	11	0.6666666666666667	3291.5	15	0.9090909090909092	681.0	0	0.0	681.0	0	0.0
login	35	114	171750.0	0	0.0	171750.0	11	0.6666666666666667	3320.5	5	0.30303030303030304	687.0	0	0.0	687.0	0	0.0
login	35	115	173250.0	0	0.0	173250.0	6	0.36363636363636365	3349.5	6	0.36363636363636365	693.0	0	0.0	693.0	0	0.0
login	35	116	174750.0	35	2.121212121212121	174750.0	5	0.30303030303030304	3378.5	18	1.0909090909090908	699.0	0	0.0	699.0	0	0.0
login	35	117	176250.0	0	0.0	176250.0	10	0.6060606060606061	3407.5	14	0.8484848484848485	705.0	0	0.0	705.0	0	0.0
login	35	118	177750.0	0	0.0	177750.0	10	0.6060606060606061	3436.5	1	0.06060606060606061	711.0	0	0.0	711.0	0	0.0
login	35	119	179250.0	0	0.0	179250.0	10	0.6060606060606061	3465.5	9	0.5454545454545454	717.0	0	0.0	717.0	0	0.0
login	35	120	180750.0	36	2.1818181818181817	180750.0	8	0.48484848484848486	3494.5	13	0.7878787878787878	723.0	0	0.0	723.0	0	0.0
login	35	121	182250.0	0	0.0	182250.0	9	0.5454545454545454	3523.5	4	0.24242424242424243	729.0	0	0.0	729.0	0	0.0
login	35	122	183750.0	0	0.0	183750.0	10	0.6060606060606061	3552.5	8	0.48484848484848486	735.0	0	0.0	735.0	0	0.0
login	35	123	185250.0	0	0.0	185250.0	9	0.5454545454545454	3581.5	14	0.8484848484848485	741.0	0	0.0	741.0	0	0.0
login	35	124	186750.0	35	2.121212121212121	186750.0	2	0.12121212121212122	3610.5	8	0.48484848484848486	747.0	0	0.0	747.0	0	0.0
login	35	125	188250.0	0	0.0	188250.0	11	0.6666666666666667	3639.5	5	0.30303030303030304	753.0	0	0.0	753.0	0	0.0
login	35	126	189750.0	0	0.0	189750.0	10	0.6060606060606061	3668.5	15	0.9090909090909092	759.0	0	0.0	759.0	0	0.0
login	35	127	191250.0	0	0.0	191250.0	10	0.6060606060606061	3697.5	18	1.0909090909090908	765.0	0	0.0	765.0	0	0.0
login	35	128	192750.0	35	2.121212121212121	192750.0	3	0.18181818181818182	3726.5	2	0.12121212121212122	771.0	0	0.0	771.0	0	0.0
login	35	129	194250.0	0	0.0	194250.0	9	0.5454545454545454	3755.5	7	0.42424242424242425	777.0	0	0.0	777.0	0	0.0
login	35	130	195750.0	0	0.0	195750.0	10	0.6060606060606061	3784.5	11	0.6666666666666667	783.0	0	0.0	783.0	0	0.0
login	35	131	197250.0	0	0.0	197250.0	9	0.5454545454545454	3813.5	7	0.42424242424242425	789.0	0	0.0	789.0	0	0.0
login	35	132	198750.0	0	0.0	198750.0	6	0.36363636363636365	3842.5	3	0.18181818181818182	795.0	0	0.0	795.0	0	0.0
login	35	133	200250.0	35	2.121212121212121	200250.0	7	0.42424242424242425	3871.5	14	0.8484848484848485	801.0	0	0.0	801.0	0	0.0
login	35	134	201750.0	0	0.0	201750.0	10	0.6060606060606061	3900.5	16	0.9696969696969697	807.0	0	0.0	807.0	0	0.0
login	35	135	203250.0	0	0.0	203250.0	11	0.6666666666666667	3929.5	7	0.42424242424242425	813.0	0	0.0	813.0	0	0.0
login	35	136	204750.0	0	0.0	204750.0	7	0.42424242424242425	3958.5	6	0.36363636363636365	819.0	0	0.0	819.0	0	0.0
login	35	137	206250.0	35	2.121212121212121	206250.0	6	0.36363636363636365	3987.5	15	0.9090909090909092	825.0	0	0.0	825.0	0	0.0
login	35	138	207750.0	0	0.0	207750.0	9	0.5454545454545454	4016.5	12	0.7272727272727273	831.0	0	0.0	831.0	0	0.0
login	35	139	209250.0	0	0.0	209250.0	10	0.6060606060606061	4045.5	3	0.18181818181818182	837.0	0	0.0	837.0	0	0.0
login	35	140	210750.0	1	0.06060606060606061	210750.0	10	0.6060606060606061	4074.5	11	0.6666666666666667	843.0	0	0.0	843.0	0	0.0
login	35	141	212250.0	35	2.121212121212121	212250.0	1	0.06060606060606061	4103.5	5	0.30303030303030304	849.0	0	0.0	849.0	0	0.0
login	35	142	213750.0	0	0.0	213750.0	10	0.6060606060606061	4132.5	6	0.36363636363636365	855.0	0	0.0	855.0	0	0.0
login	35	143	215250.0	0	0.0	215250.0	9	0.5454545454545454	4161.5	9	0.5454545454545454	861.0	0	0.0	861.0	0	0.0
login	35	144	216750.0	0	0.0	216750.0	9	0.5454545454545454	4190.5	16	0.9696969696969697	867.0	0	0.0	867.0	0	0.0
login	35	145	218250.0	0	0.0	218250.0	7	0.42424242424242425	4219.5	6	0.36363636363636365	873.0	0	0.0	873.0	0	0.0
login	35	146	219750.0	35	2.121212121212121	219750.0	5	0.30303030303030304	4248.5	7	0.42424242424242425	879.0	0	0.0	879.0	0	0.0
login	35	147	221250.0	0	0.0	221250.0	10	0.6060606060606061	4277.5	8	0.48484848484848486	885.0	0	0.0	885.0	0	0.0
login	35	148	222750.0	0	0.0	222750.0	10	0.6060606060606061	4306.5	13	0.7878787878787878	891.0	0	0.0	891.0	0	0.0
login	35	149	224250.0	0	0.0	224250.0	10	0.6060606060606061	4335.5	5	0.30303030303030304	897.0	0	0.0	897.0	0	0.0
login	35	150	225750.0	35	2.121212121212121	225750.0	3	0.18181818181818182	4364.5	8	0.48484848484848486	903.0	0	0.0	903.0	0	0.0
login	35	151	227250.0	0	0.0	227250.0	10	0.6060606060606061	4393.5	14	0.8484848484848485	909.0	0	0.0	909.0	0	0.0
login	35	152	228750.0	0	0.0	228750.0	11	0.6666666666666667	4422.5	3	0.18181818181818182	915.0	0	0.0	915.0	0	0.0
login	35	153	230250.0	0	0.0	230250.0	10	0.6060606060606061	4451.5	9	0.5454545454545454	921.0	0	0.0	921.0	0	0.0
login	35	154	231750.0	35	2.121212121212121	231750.0	3	0.18181818181818182	4480.5	11	0.6666666666666667	927.0	0	0.0	927.0	0	0.0
login	35	155	233250.0	0	0.0	233250.0	10	0.6060606060606061	4509.5	13	0.7878787878787878	933.0	0	0.0	933.0	0	0.0
login	35	156	234750.0	0	0.0	234750.0	10	0.6060606060606061	4538.5	3	0.18181818181818182	939.0	0	0.0	939.0	0	0.0
login	35	157	236250.0	0	0.0	236250.0	10	0.6060606060606061	4567.5	7	0.42424242424242425	945.0	0	0.0	945.0	0	0.0
login	35	158	237750.0	35	2.121212121212121	237750.0	3	0.18181818181818182	4596.5	21	1.2727272727272727	951.0	0	0.0	951.0	0	0.0
login	35	159	239250.0	0	0.0	239250.0	8	0.48484848484848486	4625.5	7	0.42424242424242425	957.0	0	0.0	957.0	0	0.0
login	35	160	240750.0	0	0.0	240750.0	11	0.6666666666666667	4654.5	7	0.42424242424242425	963.0	0	0.0	963.0	0	0.0
login	35	161	242250.0	0	0.0	242250.0	10	0.6060606060606061	4683.5	18	1.0909090909090908	969.0	0	0.0	969.0	0	0.0
login	35	162	243750.0	5	0.30303030303030304	243750.0	6	0.36363636363636365	4712.5	11	0.6666666666666667	975.0	0	0.0	975.0	0	0.0
login	35	163	245250.0	30	1.8181818181818183	245250.0	6	0.36363636363636365	4741.5	4	0.24242424242424243	981.0	0	0.0	981.0	0	0.0
login	35	164	246750.0	0	0.0	246750.0	12	0.7272727272727273	4770.5	8	0.48484848484848486	987.0	0	0.0	987.0	0	0.0
login	35	165	248250.0	0	0.0	248250.0	11	0.6666666666666667	4799.5	15	0.9090909090909092	993.0	0	0.0	993.0	0	0.0
login	35	166	249750.0	0	0.0	249750.0	6	0.36363636363636365	4828.5	6	0.36363636363636365	999.0	0	0.0	999.0	0	0.0
login	35	167	251250.0	35	2.121212121212121	251250.0	9	0.5454545454545454	4857.5	6	0.36363636363636365	1005.0	0	0.0	1005.0	0	0.0
login	35	168	252750.0	1	0.06060606060606061	252750.0	9	0.5454545454545454	4886.5	16	0.9696969696969697	1011.0	0	0.0	1011.0	0	0.0
login	35	169	254250.0	0	0.0	254250.0	9	0.5454545454545454	4915.5	12	0.7272727272727273	1017.0	0	0.0	1017.0	0	0.0
login	35	170	255750.0	0	0.0	255750.0	9	0.5454545454545454	4944.5	2	0.12121212121212122	1023.0	0	0.0	1023.0	0	0.0
login	35	171	257250.0	35	2.121212121212121	257250.0	4	0.24242424242424243	4973.5	11	0.6666666666666667	1029.0	0	0.0	1029.0	0	0.0
login	35	172	258750.0	0	0.0	258750.0	12	0.7272727272727273	5002.5	11	0.6666666666666667	1035.0	0	0.0	1035.0	0	0.0
login	35	173	260250.0	0	0.0	260250.0	9	0.5454545454545454	5031.5	3	0.18181818181818182	1041.0	0	0.0	1041.0	0	0.0
login	35	174	261750.0	0	0.0	261750.0	10	0.6060606060606061	5060.5	8	0.48484848484848486	1047.0	0	0.0	1047.0	0	0.0
login	35	175	263250.0	35	2.121212121212121	263250.0	6	0.36363636363636365	5089.5	10	0.6060606060606061	1053.0	0	0.0	1053.0	0	0.0
login	35	176	264750.0	0	0.0	264750.0	11	0.6666666666666667	5118.5	10	0.6060606060606061	1059.0	0	0.0	1059.0	0	0.0
login	35	177	266250.0	0	0.0	266250.0	9	0.5454545454545454	5147.5	4	0.24242424242424243	1065.0	0	0.0	1065.0	0	0.0
login	35	178	267750.0	0	0.0	267750.0	9	0.5454545454545454	5176.5	10	0.6060606060606061	1071.0	0	0.0	1071.0	0	0.0
login	35	179	269250.0	35	2.121212121212121	269250.0	4	0.24242424242424243	5205.5	11	0.6666666666666667	1077.0	0	0.0	1077.0	0	0.0
login	35	180	270750.0	0	0.0	270750.0	9	0.5454545454545454	5234.5	4	0.24242424242424243	1083.0	0	0.0	1083.0	0	0.0
login	35	181	272250.0	0	0.0	272250.0	12	0.7272727272727273	5263.5	12	0.7272727272727273	1089.0	0	0.0	1089.0	0	0.0
login	35	182	273750.0	0	0.0	273750.0	10	0.6060606060606061	5292.5	11	0.6666666666666667	1095.0	0	0.0	1095.0	0	0.0
login	35	183	275250.0	35	2.121212121212121	275250.0	1	0.06060606060606061	5321.5	5	0.30303030303030304	1101.0	0	0.0	1101.0	0	0.0
login	35	184	276750.0	0	0.0	276750.0	9	0.5454545454545454	5350.5	3	0.18181818181818182	1107.0	0	0.0	1107.0	0	0.0
login	35	185	278250.0	0	0.0	278250.0	11	0.6666666666666667	5379.5	7	0.42424242424242425	1113.0	0	0.0	1113.0	0	0.0
login	35	186	279750.0	0	0.0	279750.0	9	0.5454545454545454	5408.5	8	0.48484848484848486	1119.0	0	0.0	1119.0	0	0.0
login	35	187	281250.0	12	0.7272727272727273	281250.0	5	0.30303030303030304	5437.5	1	0.06060606060606061	1125.0	0	0.0	1125.0	0	0.0
login	35	188	282750.0	23	1.393939393939394	282750.0	8	0.48484848484848486	5466.5	3	0.18181818181818182	1131.0	0	0.0	1131.0	0	0.0
login	35	189	284250.0	0	0.0	284250.0	11	0.6666666666666667	5495.5	13	0.7878787878787878	1137.0	0	0.0	1137.0	0	0.0
login	35	190	285750.0	0	0.0	285750.0	10	0.6060606060606061	5524.5	6	0.36363636363636365	1143.0	0	0.0	1143.0	0	0.0
login	35	191	287250.0	0	0.0	287250.0	6	0.36363636363636365	5553.5	2	0.12121212121212122	1149.0	0	0.0	1149.0	0	0.0
login	35	192	288750.0	35	2.121212121212121	288750.0	8	0.48484848484848486	5582.5	2	0.12121212121212122	1155.0	0	0.0	1155.0	0	0.0
login	35	193	290250.0	0	0.0	290250.0	9	0.5454545454545454	5611.5	1	0.06060606060606061	1161.0	0	0.0	1161.0	0	0.0
login	35	194	291750.0	0	0.0	291750.0	11	0.6666666666666667	5640.5	2	0.12121212121212122	1167.0	0	0.0	1167.0	0	0.0
login	35	195	293250.0	0	0.0	293250.0	7	0.42424242424242425	5669.5	1	0.06060606060606061	1173.0	0	0.0	1173.0	0	0.0
login	35	196	294750.0	35	2.121212121212121	294750.0	4	0.24242424242424243	5698.5	3	0.18181818181818182	1179.0	0	0.0	1179.0	0	0.0
login	35	197	296250.0	0	0.0	296250.0	12	0.7272727272727273	5727.5	1	0.06060606060606061	1185.0	0	0.0	1185.0	0	0.0
login	35	198	297750.0	0	0.0	297750.0	9	0.5454545454545454	5756.5	1	0.06060606060606061	1191.0	0	0.0	1191.0	0	0.0
login	35	199	299250.0	0	0.0	299250.0	10	0.6060606060606061	5785.5	2	0.12121212121212122	1197.0	0	0.0	1197.0	0	0.0
info	35	0	748.0	12	0.7272727272727273	748.0	0	0.0	13.5	43	2.606060606060606	3.0	1650	100.0	3.0	1650	100.0
info	35	1	2244.0	10	0.6060606060606061	2244.0	3	0.18181818181818182	40.5	10	0.6060606060606061	9.0	0	0.0	9.0	0	0.0
info	35	2	3740.0	12	0.7272727272727273	3740.0	28	1.696969696969697	67.5	11	0.6666666666666667	15.0	0	0.0	15.0	0	0.0
info	35	3	5236.0	1	0.06060606060606061	5236.0	4	0.24242424242424243	94.5	33	2.0	21.0	0	0.0	21.0	0	0.0
info	35	4	6732.0	11	0.6666666666666667	6732.0	0	0.0	121.5	35	2.121212121212121	27.0	0	0.0	27.0	0	0.0
info	35	5	8228.0	9	0.5454545454545454	8228.0	0	0.0	148.5	6	0.36363636363636365	33.0	0	0.0	33.0	0	0.0
info	35	6	9724.0	10	0.6060606060606061	9724.0	0	0.0	175.5	22	1.3333333333333335	39.0	0	0.0	39.0	0	0.0
info	35	7	11220.0	5	0.30303030303030304	11220.0	35	2.121212121212121	202.5	39	2.3636363636363638	45.0	0	0.0	45.0	0	0.0
info	35	8	12716.0	6	0.36363636363636365	12716.0	0	0.0	229.5	8	0.48484848484848486	51.0	0	0.0	51.0	0	0.0
info	35	9	14212.0	9	0.5454545454545454	14212.0	0	0.0	256.5	6	0.36363636363636365	57.0	0	0.0	57.0	0	0.0
info	35	10	15708.0	11	0.6666666666666667	15708.0	0	0.0	283.5	9	0.5454545454545454	63.0	0	0.0	63.0	0	0.0
info	35	11	17204.0	9	0.5454545454545454	17204.0	35	2.121212121212121	310.5	18	1.0909090909090908	69.0	0	0.0	69.0	0	0.0
info	35	12	18700.0	1	0.06060606060606061	18700.0	0	0.0	337.5	4	0.24242424242424243	75.0	0	0.0	75.0	0	0.0
info	35	13	20196.0	10	0.6060606060606061	20196.0	0	0.0	364.5	1	0.06060606060606061	81.0	0	0.0	81.0	0	0.0
info	35	14	21692.0	9	0.5454545454545454	21692.0	0	0.0	391.5	10	0.6060606060606061	87.0	0	0.0	87.0	0	0.0
info	35	15	23188.0	9	0.5454545454545454	23188.0	1	0.06060606060606061	418.5	9	0.5454545454545454	93.0	0	0.0	93.0	0	0.0
info	35	16	24684.0	6	0.36363636363636365	24684.0	34	2.0606060606060606	445.5	3	0.18181818181818182	99.0	0	0.0	99.0	0	0.0
info	35	17	26180.0	6	0.36363636363636365	26180.0	1	0.06060606060606061	472.5	6	0.36363636363636365	105.0	0	0.0	105.0	0	0.0
info	35	18	27676.0	11	0.6666666666666667	27676.0	0	0.0	499.5	12	0.7272727272727273	111.0	0	0.0	111.0	0	0.0
info	35	19	29172.0	8	0.48484848484848486	29172.0	0	0.0	526.5	12	0.7272727272727273	117.0	0	0.0	117.0	0	0.0
info	35	20	30668.0	10	0.6060606060606061	30668.0	34	2.0606060606060606	553.5	0	0.0	123.0	0	0.0	123.0	0	0.0
info	35	21	32164.0	5	0.30303030303030304	32164.0	1	0.06060606060606061	580.5	7	0.42424242424242425	129.0	0	0.0	129.0	0	0.0
info	35	22	33660.0	11	0.6666666666666667	33660.0	1	0.06060606060606061	607.5	14	0.8484848484848485	135.0	0	0.0	135.0	0	0.0
info	35	23	35156.0	8	0.48484848484848486	35156.0	0	0.0	634.5	12	0.7272727272727273	141.0	0	0.0	141.0	0	0.0
info	35	24	36652.0	9	0.5454545454545454	36652.0	6	0.36363636363636365	661.5	8	0.48484848484848486	147.0	0	0.0	147.0	0	0.0
info	35	25	38148.0	3	0.18181818181818182	38148.0	28	1.696969696969697	688.5	8	0.48484848484848486	153.0	0	0.0	153.0	0	0.0
info	35	26	39644.0	11	0.6666666666666667	39644.0	0	0.0	715.5	16	0.9696969696969697	159.0	0	0.0	159.0	0	0.0
info	35	27	41140.0	9	0.5454545454545454	41140.0	0	0.0	742.5	5	0.30303030303030304	165.0	0	0.0	165.0	0	0.0
info	35	28	42636.0	8	0.48484848484848486	42636.0	0	0.0	769.5	11	0.6666666666666667	171.0	0	0.0	171.0	0	0.0
info	35	29	44132.0	7	0.42424242424242425	44132.0	35	2.121212121212121	796.5	18	1.0909090909090908	177.0	0	0.0	177.0	0	0.0
info	35	30	45628.0	7	0.42424242424242425	45628.0	0	0.0	823.5	9	0.5454545454545454	183.0	0	0.0	183.0	0	0.0
info	35	31	47124.0	8	0.48484848484848486	47124.0	0	0.0	850.5	0	0.0	189.0	0	0.0	189.0	0	0.0
info	35	32	48620.0	11	0.6666666666666667	48620.0	0	0.0	877.5	9	0.5454545454545454	195.0	0	0.0	195.0	0	0.0
info	35	33	50116.0	9	0.5454545454545454	50116.0	35	2.121212121212121	904.5	19	1.1515151515151516	201.0	0	0.0	201.0	0	0.0
info	35	34	51612.0	4	0.24242424242424243	51612.0	0	0.0	931.5	4	0.24242424242424243	207.0	0	0.0	207.0	0	0.0
info	35	35	53108.0	10	0.6060606060606061	53108.0	1	0.06060606060606061	958.5	0	0.0	213.0	0	0.0	213.0	0	0.0
info	35	36	54604.0	8	0.48484848484848486	54604.0	0	0.0	985.5	9	0.5454545454545454	219.0	0	0.0	219.0	0	0.0
info	35	37	56100.0	10	0.6060606060606061	56100.0	2	0.12121212121212122	1012.5	15	0.9090909090909092	225.0	0	0.0	225.0	0	0.0
info	35	38	57596.0	3	0.18181818181818182	57596.0	32	1.9393939393939394	1039.5	2	0.12121212121212122	231.0	0	0.0	231.0	0	0.0
info	35	39	59092.0	8	0.48484848484848486	59092.0	1	0.06060606060606061	1066.5	1	0.06060606060606061	237.0	0	0.0	237.0	0	0.0
info	35	40	60588.0	10	0.6060606060606061	60588.0	0	0.0	1093.5	10	0.6060606060606061	243.0	0	0.0	243.0	0	0.0
info	35	41	62084.0	12	0.7272727272727273	62084.0	1	0.06060606060606061	1120.5	13	0.7878787878787878	249.0	0	0.0	249.0	0	0.0
info	35	42	63580.0	5	0.30303030303030304	63580.0	33	2.0	1147.5	1	0.06060606060606061	255.0	0	0.0	255.0	0	0.0
info	35	43	65076.0	5	0.30303030303030304	65076.0	0	0.0	1174.5	8	0.48484848484848486	261.0	0	0.0	261.0	0	0.0
info	35	44	66572.0	10	0.6060606060606061	66572.0	0	0.0	1201.5	14	0.8484848484848485	267.0	0	0.0	267.0	0	0.0
info	35	45	68068.0	11	0.6666666666666667	68068.0	0	0.0	1228.5	8	0.48484848484848486	273.0	0	0.0	273.0	0	0.0
info	35	46	69564.0	9	0.5454545454545454	69564.0	35	2.121212121212121	1255.5	2	0.12121212121212122	279.0	0	0.0	279.0	0	0.0
info	35	47	71060.0	2	0.12121212121212122	71060.0	0	0.0	1282.5	13	0.7878787878787878	285.0	0	0.0	285.0	0	0.0
info	35	48	72556.0	10	0.6060606060606061	72556.0	0	0.0	1309.5	21	1.2727272727272727	291.0	0	0.0	291.0	0	0.0
info	35	49	74052.0	10	0.6060606060606061	74052.0	1	0.06060606060606061	1336.5	4	0.24242424242424243	297.0	0	0.0	297.0	0	0.0
info	35	50	75548.0	10	0.6060606060606061	75548.0	26	1.5757575757575757	1363.5	4	0.24242424242424243	303.0	0	0.0	303.0	0	0.0
info	35	51	77044.0	4	0.24242424242424243	77044.0	8	0.48484848484848486	1390.5	16	0.9696969696969697	309.0	0	0.0	309.0	0	0.0
info	35	52	78540.0	7	0.42424242424242425	78540.0	1	0.06060606060606061	1417.5	11	0.6666666666666667	315.0	0	0.0	315.0	0	0.0
info	35	53	80036.0	12	0.7272727272727273	80036.0	0	0.0	1444.5	4	0.24242424242424243	321.0	0	0.0	321.0	0	0.0
info	35	54	81532.0	10	0.6060606060606061	81532.0	0	0.0	1471.5	11	0.6666666666666667	327.0	0	0.0	327.0	0	0.0
info	35	55	83028.0	5	0.30303030303030304	83028.0	34	2.0606060606060606	1498.5	13	0.7878787878787878	333.0	0	0.0	333.0	0	0.0
info	35	56	84524.0	8	0.48484848484848486	84524.0	0	0.0	1525.5	11	0.6666666666666667	339.0	0	0.0	339.0	0	0.0
info	35	57	86020.0	11	0.6666666666666667	86020.0	3	0.18181818181818182	1552.5	4	0.24242424242424243	345.0	0	0.0	345.0	0	0.0
info	35	58	87516.0	10	0.6060606060606061	87516.0	0	0.0	1579.5	9	0.5454545454545454	351.0	0	0.0	351.0	0	0.0
info	35	59	89012.0	6	0.36363636363636365	89012.0	32	1.9393939393939394	1606.5	15	0.9090909090909092	357.0	0	0.0	357.0	0	0.0
info	35	60	90508.0	6	0.36363636363636365	90508.0	0	0.0	1633.5	8	0.48484848484848486	363.0	0	0.0	363.0	0	0.0
info	35	61	92004.0	9	0.5454545454545454	92004.0	0	0.0	1660.5	1	0.06060606060606061	369.0	0	0.0	369.0	0	0.0
info	35	62	93500.0	9	0.5454545454545454	93500.0	0	0.0	1687.5	10	0.6060606060606061	375.0	0	0.0	375.0	0	0.0
info	35	63	94996.0	8	0.48484848484848486	94996.0	0	0.0	1714.5	12	0.7272727272727273	381.0	0	0.0	381.0	0	0.0
info	35	64	96492.0	3	0.18181818181818182	96492.0	35	2.121212121212121	1741.5	1	0.06060606060606061	387.0	0	0.0	387.0	0	0.0
info	35	65	97988.0	10	0.6060606060606061	97988.0	0	0.0	1768.5	4	0.24242424242424243	393.0	0	0.0	393.0	0	0.0
info	35	66	99484.0	8	0.48484848484848486	99484.0	0	0.0	1795.5	14	0.8484848484848485	399.0	0	0.0	399.0	0	0.0
info	35	67	100980.0	12	0.7272727272727273	100980.0	0	0.0	1822.5	7	0.42424242424242425	405.0	0	0.0	405.0	0	0.0
info	35	68	102476.0	5	0.30303030303030304	102476.0	35	2.121212121212121	1849.5	3	0.18181818181818182	411.0	0	0.0	411.0	0	0.0
info	35	69	103972.0	4	0.24242424242424243	103972.0	0	0.0	1876.5	3	0.18181818181818182	417.0	0	0.0	417.0	0	0.0
info	35	70	105468.0	11	0.6666666666666667	105468.0	0	0.0	1903.5	19	1.1515151515151516	423.0	0	0.0	423.0	0	0.0
info	35	71	106964.0	9	0.5454545454545454	106964.0	0	0.0	1930.5	6	0.36363636363636365	429.0	0	0.0	429.0	0	0.0
info	35	72	108460.0	10	0.6060606060606061	108460.0	32	1.9393939393939394	1957.5	1	0.06060606060606061	435.0	0	0.0	435.0	0	0.0
info	35	73	109956.0	5	0.30303030303030304	109956.0	4	0.24242424242424243	1984.5	7	0.42424242424242425	441.0	0	0.0	441.0	0	0.0
info	35	74	111452.0	8	0.48484848484848486	111452.0	1	0.06060606060606061	2011.5	24	1.4545454545454546	447.0	0	0.0	447.0	0	0.0
info	35	75	112948.0	11	0.6666666666666667	112948.0	0	0.0	2038.5	8	0.48484848484848486	453.0	0	0.0	453.0	0	0.0
info	35	76	114444.0	9	0.5454545454545454	114444.0	3	0.18181818181818182	2065.5	5	0.30303030303030304	459.0	0	0.0	459.0	0	0.0
info	35	77	115940.0	4	0.24242424242424243	115940.0	31	1.878787878787879	2092.5	13	0.7878787878787878	465.0	0	0.0	465.0	0	0.0
info	35	78	117436.0	9	0.5454545454545454	117436.0	0	0.0	2119.5	8	0.48484848484848486	471.0	0	0.0	471.0	0	0.0
info	35	79	118932.0	9	0.5454545454545454	118932.0	0	0.0	2146.5	6	0.36363636363636365	477.0	0	0.0	477.0	0	0.0
info	35	80	120428.0	12	0.7272727272727273	120428.0	0	0.0	2173.5	9	0.5454545454545454	483.0	0	0.0	483.0	0	0.0
info	35	81	121924.0	5	0.30303030303030304	121924.0	35	2.121212121212121	2200.5	25	1.5151515151515151	489.0	0	0.0	489.0	0	0.0
info	35	82	123420.0	7	0.42424242424242425	123420.0	0	0.0	2227.5	9	0.5454545454545454	495.0	0	0.0	495.0	0	0.0
info	35	83	124916.0	10	0.6060606060606061	124916.0	1	0.06060606060606061	2254.5	1	0.06060606060606061	501.0	0	0.0	501.0	0	0.0
info	35	84	126412.0	9	0.5454545454545454	126412.0	0	0.0	2281.5	7	0.42424242424242425	507.0	0	0.0	507.0	0	0.0
info	35	85	127908.0	9	0.5454545454545454	127908.0	34	2.0606060606060606	2308.5	10	0.6060606060606061	513.0	0	0.0	513.0	0	0.0
info	35	86	129404.0	3	0.18181818181818182	129404.0	0	0.0	2335.5	3	0.18181818181818182	519.0	0	0.0	519.0	0	0.0
info	35	87	130900.0	11	0.6666666666666667	130900.0	2	0.12121212121212122	2362.5	2	0.12121212121212122	525.0	0	0.0	525.0	0	0.0
info	35	88	132396.0	9	0.5454545454545454	132396.0	0	0.0	2389.5	9	0.5454545454545454	531.0	0	0.0	531.0	0	0.0
info	35	89	133892.0	10	0.6060606060606061	133892.0	29	1.7575757575757576	2416.5	6	0.36363636363636365	537.0	0	0.0	537.0	0	0.0
info	35	90	135388.0	3	0.18181818181818182	135388.0	4	0.24242424242424243	2443.5	1	0.06060606060606061	543.0	0	0.0	543.0	0	0.0
info	35	91	136884.0	10	0.6060606060606061	136884.0	0	0.0	2470.5	7	0.42424242424242425	549.0	0	0.0	549.0	0	0.0
info	35	92	138380.0	10	0.6060606060606061	138380.0	1	0.06060606060606061	2497.5	14	0.8484848484848485	555.0	0	0.0	555.0	0	0.0
info	35	93	139876.0	10	0.6060606060606061	139876.0	0	0.0	2524.5	14	0.8484848484848485	561.0	0	0.0	561.0	0	0.0
info	35	94	141372.0	4	0.24242424242424243	141372.0	34	2.0606060606060606	2551.5	4	0.24242424242424243	567.0	0	0.0	567.0	0	0.0
info	35	95	142868.0	8	0.48484848484848486	142868.0	0	0.0	2578.5	9	0.5454545454545454	573.0	0	0.0	573.0	0	0.0
info	35	96	144364.0	8	0.48484848484848486	144364.0	0	0.0	2605.5	16	0.9696969696969697	579.0	0	0.0	579.0	0	0.0
info	35	97	145860.0	10	0.6060606060606061	145860.0	0	0.0	2632.5	12	0.7272727272727273	585.0	0	0.0	585.0	0	0.0
info	35	98	147356.0	9	0.5454545454545454	147356.0	35	2.121212121212121	2659.5	5	0.30303030303030304	591.0	0	0.0	591.0	0	0.0
info	35	99	148852.0	3	0.18181818181818182	148852.0	0	0.0	2686.5	11	0.6666666666666667	597.0	0	0.0	597.0	0	0.0
info	35	100	150348.0	11	0.6666666666666667	150348.0	0	0.0	2713.5	15	0.9090909090909092	603.0	0	0.0	603.0	0	0.0
info	35	101	151844.0	11	0.6666666666666667	151844.0	0	0.0	2740.5	1	0.06060606060606061	609.0	0	0.0	609.0	0	0.0
info	35	102	153340.0	9	0.5454545454545454	153340.0	33	2.0	2767.5	3	0.18181818181818182	615.0	0	0.0	615.0	0	0.0
info	35	103	154836.0	3	0.18181818181818182	154836.0	2	0.12121212121212122	2794.5	12	0.7272727272727273	621.0	0	0.0	621.0	0	0.0
info	35	104	156332.0	9	0.5454545454545454	156332.0	0	0.0	2821.5	16	0.9696969696969697	627.0	0	0.0	627.0	0	0.0
info	35	105	157828.0	11	0.6666666666666667	157828.0	0	0.0	2848.5	2	0.12121212121212122	633.0	0	0.0	633.0	0	0.0
info	35	106	159324.0	10	0.6060606060606061	159324.0	1	0.06060606060606061	2875.5	4	0.24242424242424243	639.0	0	0.0	639.0	0	0.0
info	35	107	160820.0	3	0.18181818181818182	160820.0	34	2.0606060606060606	2902.5	17	1.0303030303030303	645.0	0	0.0	645.0	0	0.0
info	35	108	162316.0	10	0.6060606060606061	162316.0	0	0.0	2929.5	10	0.6060606060606061	651.0	0	0.0	651.0	0	0.0
info	35	109	163812.0	10	0.6060606060606061	163812.0	0	0.0	2956.5	2	0.12121212121212122	657.0	0	0.0	657.0	0	0.0
info	35	110	165308.0	10	0.6060606060606061	165308.0	1	0.06060606060606061	2983.5	7	0.42424242424242425	663.0	0	0.0	663.0	0	0.0
info	35	111	166804.0	5	0.30303030303030304	166804.0	34	2.0606060606060606	3010.5	14	0.8484848484848485	669.0	0	0.0	669.0	0	0.0
info	35	112	168300.0	11	0.6666666666666667	168300.0	0	0.0	3037.5	4	0.24242424242424243	675.0	0	0.0	675.0	0	0.0
info	35	113	169796.0	11	0.6666666666666667	169796.0	1	0.06060606060606061	3064.5	5	0.30303030303030304	681.0	0	0.0	681.0	0	0.0
info	35	114	171292.0	10	0.6060606060606061	171292.0	9	0.5454545454545454	3091.5	12	0.7272727272727273	687.0	0	0.0	687.0	0	0.0
info	35	115	172788.0	3	0.18181818181818182	172788.0	25	1.5151515151515151	3118.5	7	0.42424242424242425	693.0	0	0.0	693.0	0	0.0
info	35	116	174284.0	9	0.5454545454545454	174284.0	1	0.06060606060606061	3145.5	3	0.18181818181818182	699.0	0	0.0	699.0	0	0.0
info	35	117	175780.0	8	0.48484848484848486	175780.0	0	0.0	3172.5	8	0.48484848484848486	705.0	0	0.0	705.0	0	0.0
info	35	118	177276.0	13	0.7878787878787878	177276.0	0	0.0	3199.5	18	1.0909090909090908	711.0	0	0.0	711.0	0	0.0
info	35	119	178772.0	6	0.36363636363636365	178772.0	35	2.121212121212121	3226.5	13	0.7878787878787878	717.0	0	0.0	717.0	0	0.0
info	35	120	180268.0	9	0.5454545454545454	180268.0	0	0.0	3253.5	2	0.12121212121212122	723.0	0	0.0	723.0	0	0.0
info	35	121	181764.0	10	0.6060606060606061	181764.0	1	0.06060606060606061	3280.5	15	0.9090909090909092	729.0	0	0.0	729.0	0	0.0
info	35	122	183260.0	10	0.6060606060606061	183260.0	0	0.0	3307.5	16	0.9696969696969697	735.0	0	0.0	735.0	0	0.0
info	35	123	184756.0	6	0.36363636363636365	184756.0	34	2.0606060606060606	3334.5	5	0.30303030303030304	741.0	0	0.0	741.0	0	0.0
info	35	124	186252.0	6	0.36363636363636365	186252.0	0	0.0	3361.5	2	0.12121212121212122	747.0	0	0.0	747.0	0	0.0
info	35	125	187748.0	10	0.6060606060606061	187748.0	0	0.0	3388.5	11	0.6666666666666667	753.0	0	0.0	753.0	0	0.0
info	35	126	189244.0	8	0.48484848484848486	189244.0	0	0.0	3415.5	14	0.8484848484848485	759.0	0	0.0	759.0	0	0.0
info	35	127	190740.0	11	0.6666666666666667	190740.0	35	2.121212121212121	3442.5	2	0.12121212121212122	765.0	0	0.0	765.0	0	0.0
info	35	128	192236.0	3	0.18181818181818182	192236.0	0	0.0	3469.5	9	0.5454545454545454	771.0	0	0.0	771.0	0	0.0
info	35	129	193732.0	9	0.5454545454545454	193732.0	1	0.06060606060606061	3496.5	15	0.9090909090909092	777.0	0	0.0	777.0	0	0.0
info	35	130	195228.0	10	0.6060606060606061	195228.0	0	0.0	3523.5	15	0.9090909090909092	783.0	0	0.0	783.0	0	0.0
info	35	131	196724.0	10	0.6060606060606061	196724.0	4	0.24242424242424243	3550.5	0	0.0	789.0	0	0.0	789.0	0	0.0
info	35	132	198220.0	3	0.18181818181818182	198220.0	30	1.8181818181818183	3577.5	15	0.9090909090909092	795.0	0	0.0	795.0	0	0.0
info	35	133	199716.0	8	0.48484848484848486	199716.0	1	0.06060606060606061	3604.5	14	0.8484848484848485	801.0	0	0.0	801.0	0	0.0
info	35	134	201212.0	12	0.7272727272727273	201212.0	0	0.0	3631.5	6	0.36363636363636365	807.0	0	0.0	807.0	0	0.0
info	35	135	202708.0	8	0.48484848484848486	202708.0	0	0.0	3658.5	4	0.24242424242424243	813.0	0	0.0	813.0	0	0.0
info	35	136	204204.0	7	0.42424242424242425	204204.0	34	2.0606060606060606	3685.5	11	0.6666666666666667	819.0	0	0.0	819.0	0	0.0
info	35	137	205700.0	7	0.42424242424242425	205700.0	1	0.06060606060606061	3712.5	8	0.48484848484848486	825.0	0	0.0	825.0	0	0.0
info	35	138	207196.0	11	0.6666666666666667	207196.0	0	0.0	3739.5	4	0.24242424242424243	831.0	0	0.0	831.0	0	0.0
info	35	139	208692.0	8	0.48484848484848486	208692.0	0	0.0	3766.5	8	0.48484848484848486	837.0	0	0.0	837.0	0	0.0
info	35	140	210188.0	10	0.6060606060606061	210188.0	35	2.121212121212121	3793.5	8	0.48484848484848486	843.0	0	0.0	843.0	0	0.0
info	35	141	211684.0	3	0.18181818181818182	211684.0	0	0.0	3820.5	15	0.9090909090909092	849.0	0	0.0	849.0	0	0.0
info	35	142	213180.0	9	0.5454545454545454	213180.0	0	0.0	3847.5	3	0.18181818181818182	855.0	0	0.0	855.0	0	0.0
info	35	143	214676.0	9	0.5454545454545454	214676.0	0	0.0	3874.5	10	0.6060606060606061	861.0	0	0.0	861.0	0	0.0
info	35	144	216172.0	9	0.5454545454545454	216172.0	0	0.0	3901.5	16	0.9696969696969697	867.0	0	0.0	867.0	0	0.0
info	35	145	217668.0	5	0.30303030303030304	217668.0	35	2.121212121212121	3928.5	11	0.6666666666666667	873.0	0	0.0	873.0	0	0.0
info	35	146	219164.0	7	0.42424242424242425	219164.0	0	0.0	3955.5	2	0.12121212121212122	879.0	0	0.0	879.0	0	0.0
info	35	147	220660.0	10	0.6060606060606061	220660.0	0	0.0	3982.5	8	0.48484848484848486	885.0	0	0.0	885.0	0	0.0
info	35	148	222156.0	8	0.48484848484848486	222156.0	1	0.06060606060606061	4009.5	13	0.7878787878787878	891.0	0	0.0	891.0	0	0.0
info	35	149	223652.0	10	0.6060606060606061	223652.0	34	2.0606060606060606	4036.5	6	0.36363636363636365	897.0	0	0.0	897.0	0	0.0
info	35	150	225148.0	4	0.24242424242424243	225148.0	0	0.0	4063.5	6	0.36363636363636365	903.0	0	0.0	903.0	0	0.0
info	35	151	226644.0	12	0.7272727272727273	226644.0	0	0.0	4090.5	13	0.7878787878787878	909.0	0	0.0	909.0	0	0.0
info	35	152	228140.0	10	0.6060606060606061	228140.0	0	0.0	4117.5	19	1.1515151515151516	915.0	0	0.0	915.0	0	0.0
info	35	153	229636.0	9	0.5454545454545454	229636.0	35	2.121212121212121	4144.5	3	0.18181818181818182	921.0	0	0.0	921.0	0	0.0
info	35	154	231132.0	3	0.18181818181818182	231132.0	0	0.0	4171.5	16	0.9696969696969697	927.0	0	0.0	927.0	0	0.0
info	35	155	232628.0	11	0.6666666666666667	232628.0	0	0.0	4198.5	24	1.4545454545454546	933.0	0	0.0	933.0	0	0.0
info	35	156	234124.0	11	0.6666666666666667	234124.0	0	0.0	4225.5	11	0.6666666666666667	939.0	0	0.0	939.0	0	0.0
info	35	157	235620.0	9	0.5454545454545454	235620.0	32	1.9393939393939394	4252.5	3	0.18181818181818182	945.0	0	0.0	945.0	0	0.0
info	35	158	237116.0	1	0.06060606060606061	237116.0	3	0.18181818181818182	4279.5	9	0.5454545454545454	951.0	0	0.0	951.0	0	0.0
info	35	159	238612.0	10	0.6060606060606061	238612.0	0	0.0	4306.5	13	0.7878787878787878	957.0	0	0.0	957.0	0	0.0
info	35	160	240108.0	11	0.6666666666666667	240108.0	0	0.0	4333.5	4	0.24242424242424243	963.0	0	0.0	963.0	0	0.0
info	35	161	241604.0	10	0.6060606060606061	241604.0	0	0.0	4360.5	3	0.18181818181818182	969.0	0	0.0	969.0	0	0.0
info	35	162	243100.0	4	0.24242424242424243	243100.0	35	2.121212121212121	4387.5	12	0.7272727272727273	975.0	0	0.0	975.0	0	0.0
info	35	163	244596.0	9	0.5454545454545454	244596.0	0	0.0	4414.5	11	0.6666666666666667	981.0	0	0.0	981.0	0	0.0
info	35	164	246092.0	9	0.5454545454545454	246092.0	0	0.0	4441.5	4	0.24242424242424243	987.0	0	0.0	987.0	0	0.0
info	35	165	247588.0	11	0.6666666666666667	247588.0	2	0.12121212121212122	4468.5	4	0.24242424242424243	993.0	0	0.0	993.0	0	0.0
info	35	166	249084.0	6	0.36363636363636365	249084.0	33	2.0	4495.5	9	0.5454545454545454	999.0	0	0.0	999.0	0	0.0
info	35	167	250580.0	10	0.6060606060606061	250580.0	1	0.06060606060606061	4522.5	9	0.5454545454545454	1005.0	0	0.0	1005.0	0	0.0
info	35	168	252076.0	9	0.5454545454545454	252076.0	0	0.0	4549.5	0	0.0	1011.0	0	0.0	1011.0	0	0.0
info	35	169	253572.0	11	0.6666666666666667	253572.0	1	0.06060606060606061	4576.5	8	0.48484848484848486	1017.0	0	0.0	1017.0	0	0.0
info	35	170	255068.0	6	0.36363636363636365	255068.0	34	2.0606060606060606	4603.5	3	0.18181818181818182	1023.0	0	0.0	1023.0	0	0.0
info	35	171	256564.0	6	0.36363636363636365	256564.0	0	0.0	4630.5	6	0.36363636363636365	1029.0	0	0.0	1029.0	0	0.0
info	35	172	258060.0	12	0.7272727272727273	258060.0	0	0.0	4657.5	0	0.0	1035.0	0	0.0	1035.0	0	0.0
info	35	173	259556.0	10	0.6060606060606061	259556.0	0	0.0	4684.5	3	0.18181818181818182	1041.0	0	0.0	1041.0	0	0.0
info	35	174	261052.0	7	0.42424242424242425	261052.0	35	2.121212121212121	4711.5	5	0.30303030303030304	1047.0	0	0.0	1047.0	0	0.0
info	35	175	262548.0	6	0.36363636363636365	262548.0	0	0.0	4738.5	3	0.18181818181818182	1053.0	0	0.0	1053.0	0	0.0
info	35	176	264044.0	12	0.7272727272727273	264044.0	0	0.0	4765.5	0	0.0	1059.0	0	0.0	1059.0	0	0.0
info	35	177	265540.0	10	0.6060606060606061	265540.0	0	0.0	4792.5	4	0.24242424242424243	1065.0	0	0.0	1065.0	0	0.0
info	35	178	267036.0	7	0.42424242424242425	267036.0	35	2.121212121212121	4819.5	1	0.06060606060606061	1071.0	0	0.0	1071.0	0	0.0
info	35	179	268532.0	4	0.24242424242424243	268532.0	0	0.0	4846.5	1	0.06060606060606061	1077.0	0	0.0	1077.0	0	0.0
info	35	180	270028.0	10	0.6060606060606061	270028.0	0	0.0	4873.5	0	0.0	1083.0	0	0.0	1083.0	0	0.0
info	35	181	271524.0	11	0.6666666666666667	271524.0	0	0.0	4900.5	1	0.06060606060606061	1089.0	0	0.0	1089.0	0	0.0
info	35	182	273020.0	10	0.6060606060606061	273020.0	35	2.121212121212121	4927.5	2	0.12121212121212122	1095.0	0	0.0	1095.0	0	0.0
info	35	183	274516.0	2	0.12121212121212122	274516.0	0	0.0	4954.5	0	0.0	1101.0	0	0.0	1101.0	0	0.0
info	35	184	276012.0	8	0.48484848484848486	276012.0	1	0.06060606060606061	4981.5	1	0.06060606060606061	1107.0	0	0.0	1107.0	0	0.0
info	35	185	277508.0	11	0.6666666666666667	277508.0	0	0.0	5008.5	2	0.12121212121212122	1113.0	0	0.0	1113.0	0	0.0
info	35	186	279004.0	9	0.5454545454545454	279004.0	0	0.0	5035.5	1	0.06060606060606061	1119.0	0	0.0	1119.0	0	0.0
info	35	187	280500.0	5	0.30303030303030304	280500.0	34	2.0606060606060606	5062.5	0	0.0	1125.0	0	0.0	1125.0	0	0.0
info	35	188	281996.0	8	0.48484848484848486	281996.0	0	0.0	5089.5	3	0.18181818181818182	1131.0	0	0.0	1131.0	0	0.0
info	35	189	283492.0	12	0.7272727272727273	283492.0	0	0.0	5116.5	0	0.0	1137.0	0	0.0	1137.0	0	0.0
info	35	190	284988.0	10	0.6060606060606061	284988.0	0	0.0	5143.5	0	0.0	1143.0	0	0.0	1143.0	0	0.0
info	35	191	286484.0	5	0.30303030303030304	286484.0	35	2.121212121212121	5170.5	1	0.06060606060606061	1149.0	0	0.0	1149.0	0	0.0
info	35	192	287980.0	8	0.48484848484848486	287980.0	0	0.0	5197.5	0	0.0	1155.0	0	0.0	1155.0	0	0.0
info	35	193	289476.0	11	0.6666666666666667	289476.0	0	0.0	5224.5	0	0.0	1161.0	0	0.0	1161.0	0	0.0
info	35	194	290972.0	9	0.5454545454545454	290972.0	0	0.0	5251.5	0	0.0	1167.0	0	0.0	1167.0	0	0.0
info	35	195	292468.0	7	0.42424242424242425	292468.0	35	2.121212121212121	5278.5	0	0.0	1173.0	0	0.0	1173.0	0	0.0
info	35	196	293964.0	4	0.24242424242424243	293964.0	0	0.0	5305.5	0	0.0	1179.0	0	0.0	1179.0	0	0.0
info	35	197	295460.0	12	0.7272727272727273	295460.0	0	0.0	5332.5	0	0.0	1185.0	0	0.0	1185.0	0	0.0
info	35	198	296956.0	9	0.5454545454545454	296956.0	0	0.0	5359.5	1	0.06060606060606061	1191.0	0	0.0	1191.0	0	0.0
info	35	199	298452.0	10	0.6060606060606061	298452.0	35	2.121212121212121	5386.5	0	0.0	1197.0	0	0.0	1197.0	0	0.0
home	35	0	740.5	4	0.24242424242424243	740.5	0	0.0	12.0	83	5.03030303030303	3.0	1650	100.0	3.0	1650	100.0
home	35	1	2221.5	31	1.878787878787879	2221.5	35	2.121212121212121	36.0	15	0.9090909090909092	9.0	0	0.0	9.0	0	0.0
home	35	2	3702.5	0	0.0	3702.5	0	0.0	60.0	26	1.5757575757575757	15.0	0	0.0	15.0	0	0.0
home	35	3	5183.5	0	0.0	5183.5	0	0.0	84.0	34	2.0606060606060606	21.0	0	0.0	21.0	0	0.0
home	35	4	6664.5	0	0.0	6664.5	0	0.0	108.0	131	7.9393939393939394	27.0	0	0.0	27.0	0	0.0
home	35	5	8145.5	35	2.121212121212121	8145.5	35	2.121212121212121	132.0	95	5.757575757575758	33.0	0	0.0	33.0	0	0.0
home	35	6	9626.5	0	0.0	9626.5	0	0.0	156.0	87	5.2727272727272725	39.0	0	0.0	39.0	0	0.0
home	35	7	11107.5	0	0.0	11107.5	0	0.0	180.0	135	8.181818181818182	45.0	0	0.0	45.0	0	0.0
home	35	8	12588.5	0	0.0	12588.5	0	0.0	204.0	240	14.545454545454547	51.0	0	0.0	51.0	0	0.0
home	35	9	14069.5	27	1.6363636363636365	14069.5	0	0.0	228.0	181	10.96969696969697	57.0	0	0.0	57.0	0	0.0
home	35	10	15550.5	8	0.48484848484848486	15550.5	35	2.121212121212121	252.0	52	3.1515151515151514	63.0	0	0.0	63.0	0	0.0
home	35	11	17031.5	0	0.0	17031.5	0	0.0	276.0	107	6.484848484848485	69.0	0	0.0	69.0	0	0.0
home	35	12	18512.5	0	0.0	18512.5	0	0.0	300.0	172	10.424242424242424	75.0	0	0.0	75.0	0	0.0
home	35	13	19993.5	1	0.06060606060606061	19993.5	0	0.0	324.0	91	5.515151515151516	81.0	0	0.0	81.0	0	0.0
home	35	14	21474.5	34	2.0606060606060606	21474.5	35	2.121212121212121	348.0	9	0.5454545454545454	87.0	0	0.0	87.0	0	0.0
home	35	15	22955.5	1	0.06060606060606061	22955.5	0	0.0	372.0	53	3.2121212121212124	93.0	0	0.0	93.0	0	0.0
home	35	16	24436.5	0	0.0	24436.5	0	0.0	396.0	72	4.363636363636363	99.0	0	0.0	99.0	0	0.0
home	35	17	25917.5	0	0.0	25917.5	0	0.0	420.0	11	0.6666666666666667	105.0	0	0.0	105.0	0	0.0
home	35	18	27398.5	31	1.878787878787879	27398.5	4	0.24242424242424243	444.0	4	0.24242424242424243	111.0	0	0.0	111.0	0	0.0
home	35	19	28879.5	4	0.24242424242424243	28879.5	32	1.9393939393939394	468.0	9	0.5454545454545454	117.0	0	0.0	117.0	0	0.0
home	35	20	30360.5	1	0.06060606060606061	30360.5	0	0.0	492.0	4	0.24242424242424243	123.0	0	0.0	123.0	0	0.0
home	35	21	31841.5	0	0.0	31841.5	0	0.0	516.0	1	0.06060606060606061	129.0	0	0.0	129.0	0	0.0
home	35	22	33322.5	0	0.0	33322.5	0	0.0	540.0	0	0.0	135.0	0	0.0	135.0	0	0.0
home	35	23	34803.5	34	2.0606060606060606	34803.5	35	2.121212121212121	564.0	1	0.06060606060606061	141.0	0	0.0	141.0	0	0.0
home	35	24	36284.5	0	0.0	36284.5	0	0.0	588.0	3	0.18181818181818182	147.0	0	0.0	147.0	0	0.0
home	35	25	37765.5	0	0.0	37765.5	0	0.0	612.0	0	0.0	153.0	0	0.0	153.0	0	0.0
home	35	26	39246.5	0	0.0	39246.5	0	0.0	636.0	0	0.0	159.0	0	0.0	159.0	0	0.0
home	35	27	40727.5	35	2.121212121212121	40727.5	35	2.121212121212121	660.0	0	0.0	165.0	0	0.0	165.0	0	0.0
home	35	28	42208.5	0	0.0	42208.5	0	0.0	684.0	1	0.06060606060606061	171.0	0	0.0	171.0	0	0.0
home	35	29	43689.5	0	0.0	43689.5	0	0.0	708.0	1	0.06060606060606061	177.0	0	0.0	177.0	0	0.0
home	35	30	45170.5	0	0.0	45170.5	0	0.0	732.0	0	0.0	183.0	0	0.0	183.0	0	0.0
home	35	31	46651.5	5	0.30303030303030304	46651.5	0	0.0	756.0	0	0.0	189.0	0	0.0	189.0	0	0.0
home	35	32	48132.5	30	1.8181818181818183	48132.5	35	2.121212121212121	780.0	0	0.0	195.0	0	0.0	195.0	0	0.0
home	35	33	49613.5	0	0.0	49613.5	0	0.0	804.0	0	0.0	201.0	0	0.0	201.0	0	0.0
home	35	34	51094.5	1	0.06060606060606061	51094.5	0	0.0	828.0	0	0.0	207.0	0	0.0	207.0	0	0.0
home	35	35	52575.5	0	0.0	52575.5	0	0.0	852.0	0	0.0	213.0	0	0.0	213.0	0	0.0
home	35	36	54056.5	34	2.0606060606060606	54056.5	35	2.121212121212121	876.0	0	0.0	219.0	0	0.0	219.0	0	0.0
home	35	37	55537.5	0	0.0	55537.5	0	0.0	900.0	1	0.06060606060606061	225.0	0	0.0	225.0	0	0.0
home	35	38	57018.5	1	0.06060606060606061	57018.5	0	0.0	924.0	0	0.0	231.0	0	0.0	231.0	0	0.0
home	35	39	58499.5	1	0.06060606060606061	58499.5	0	0.0	948.0	0	0.0	237.0	0	0.0	237.0	0	0.0
home	35	40	59980.5	33	2.0	59980.5	35	2.121212121212121	972.0	0	0.0	243.0	0	0.0	243.0	0	0.0
home	35	41	61461.5	0	0.0	61461.5	0	0.0	996.0	0	0.0	249.0	0	0.0	249.0	0	0.0
home	35	42	62942.5	0	0.0	62942.5	0	0.0	1020.0	0	0.0	255.0	0	0.0	255.0	0	0.0
home	35	43	64423.5	0	0.0	64423.5	0	0.0	1044.0	0	0.0	261.0	0	0.0	261.0	0	0.0
home	35	44	65904.5	0	0.0	65904.5	0	0.0	1068.0	0	0.0	267.0	0	0.0	267.0	0	0.0
home	35	45	67385.5	35	2.121212121212121	67385.5	35	2.121212121212121	1092.0	0	0.0	273.0	0	0.0	273.0	0	0.0
home	35	46	68866.5	0	0.0	68866.5	0	0.0	1116.0	0	0.0	279.0	0	0.0	279.0	0	0.0
home	35	47	70347.5	1	0.06060606060606061	70347.5	0	0.0	1140.0	0	0.0	285.0	0	0.0	285.0	0	0.0
home	35	48	71828.5	0	0.0	71828.5	0	0.0	1164.0	0	0.0	291.0	0	0.0	291.0	0	0.0
home	35	49	73309.5	34	2.0606060606060606	73309.5	35	2.121212121212121	1188.0	0	0.0	297.0	0	0.0	297.0	0	0.0
home	35	50	74790.5	1	0.06060606060606061	74790.5	0	0.0	1212.0	0	0.0	303.0	0	0.0	303.0	0	0.0
home	35	51	76271.5	0	0.0	76271.5	0	0.0	1236.0	0	0.0	309.0	0	0.0	309.0	0	0.0
home	35	52	77752.5	0	0.0	77752.5	0	0.0	1260.0	0	0.0	315.0	0	0.0	315.0	0	0.0
home	35	53	79233.5	31	1.878787878787879	79233.5	6	0.36363636363636365	1284.0	0	0.0	321.0	0	0.0	321.0	0	0.0
home	35	54	80714.5	3	0.18181818181818182	80714.5	29	1.7575757575757576	1308.0	0	0.0	327.0	0	0.0	327.0	0	0.0
home	35	55	82195.5	0	0.0	82195.5	0	0.0	1332.0	0	0.0	333.0	0	0.0	333.0	0	0.0
home	35	56	83676.5	3	0.18181818181818182	83676.5	0	0.0	1356.0	0	0.0	339.0	0	0.0	339.0	0	0.0
home	35	57	85157.5	2	0.12121212121212122	85157.5	0	0.0	1380.0	0	0.0	345.0	0	0.0	345.0	0	0.0
home	35	58	86638.5	30	1.8181818181818183	86638.5	35	2.121212121212121	1404.0	1	0.06060606060606061	351.0	0	0.0	351.0	0	0.0
home	35	59	88119.5	0	0.0	88119.5	0	0.0	1428.0	0	0.0	357.0	0	0.0	357.0	0	0.0
home	35	60	89600.5	0	0.0	89600.5	0	0.0	1452.0	0	0.0	363.0	0	0.0	363.0	0	0.0
home	35	61	91081.5	0	0.0	91081.5	0	0.0	1476.0	1	0.06060606060606061	369.0	0	0.0	369.0	0	0.0
home	35	62	92562.5	35	2.121212121212121	92562.5	35	2.121212121212121	1500.0	0	0.0	375.0	0	0.0	375.0	0	0.0
home	35	63	94043.5	0	0.0	94043.5	0	0.0	1524.0	0	0.0	381.0	0	0.0	381.0	0	0.0
home	35	64	95524.5	0	0.0	95524.5	0	0.0	1548.0	0	0.0	387.0	0	0.0	387.0	0	0.0
home	35	65	97005.5	0	0.0	97005.5	0	0.0	1572.0	1	0.06060606060606061	393.0	0	0.0	393.0	0	0.0
home	35	66	98486.5	0	0.0	98486.5	0	0.0	1596.0	0	0.0	399.0	0	0.0	399.0	0	0.0
home	35	67	99967.5	35	2.121212121212121	99967.5	35	2.121212121212121	1620.0	3	0.18181818181818182	405.0	0	0.0	405.0	0	0.0
home	35	68	101448.5	0	0.0	101448.5	0	0.0	1644.0	0	0.0	411.0	0	0.0	411.0	0	0.0
home	35	69	102929.5	0	0.0	102929.5	0	0.0	1668.0	0	0.0	417.0	0	0.0	417.0	0	0.0
home	35	70	104410.5	0	0.0	104410.5	0	0.0	1692.0	0	0.0	423.0	0	0.0	423.0	0	0.0
home	35	71	105891.5	35	2.121212121212121	105891.5	35	2.121212121212121	1716.0	1	0.06060606060606061	429.0	0	0.0	429.0	0	0.0
home	35	72	107372.5	1	0.06060606060606061	107372.5	1	0.06060606060606061	1740.0	0	0.0	435.0	0	0.0	435.0	0	0.0
home	35	73	108853.5	1	0.06060606060606061	108853.5	0	0.0	1764.0	0	0.0	441.0	0	0.0	441.0	0	0.0
home	35	74	110334.5	0	0.0	110334.5	0	0.0	1788.0	1	0.06060606060606061	447.0	0	0.0	447.0	0	0.0
home	35	75	111815.5	6	0.36363636363636365	111815.5	0	0.0	1812.0	0	0.0	453.0	0	0.0	453.0	0	0.0
home	35	76	113296.5	28	1.696969696969697	113296.5	35	2.121212121212121	1836.0	0	0.0	459.0	0	0.0	459.0	0	0.0
home	35	77	114777.5	0	0.0	114777.5	0	0.0	1860.0	0	0.0	465.0	0	0.0	465.0	0	0.0
home	35	78	116258.5	0	0.0	116258.5	0	0.0	1884.0	0	0.0	471.0	0	0.0	471.0	0	0.0
home	35	79	117739.5	0	0.0	117739.5	0	0.0	1908.0	0	0.0	477.0	0	0.0	477.0	0	0.0
home	35	80	119220.5	35	2.121212121212121	119220.5	35	2.121212121212121	1932.0	0	0.0	483.0	0	0.0	483.0	0	0.0
home	35	81	120701.5	0	0.0	120701.5	0	0.0	1956.0	0	0.0	489.0	0	0.0	489.0	0	0.0
home	35	82	122182.5	1	0.06060606060606061	122182.5	0	0.0	1980.0	1	0.06060606060606061	495.0	0	0.0	495.0	0	0.0
home	35	83	123663.5	0	0.0	123663.5	0	0.0	2004.0	1	0.06060606060606061	501.0	0	0.0	501.0	0	0.0
home	35	84	125144.5	34	2.0606060606060606	125144.5	35	2.121212121212121	2028.0	0	0.0	507.0	0	0.0	507.0	0	0.0
home	35	85	126625.5	0	0.0	126625.5	0	0.0	2052.0	0	0.0	513.0	0	0.0	513.0	0	0.0
home	35	86	128106.5	2	0.12121212121212122	128106.5	0	0.0	2076.0	0	0.0	519.0	0	0.0	519.0	0	0.0
home	35	87	129587.5	0	0.0	129587.5	0	0.0	2100.0	0	0.0	525.0	0	0.0	525.0	0	0.0
home	35	88	131068.5	30	1.8181818181818183	131068.5	3	0.18181818181818182	2124.0	0	0.0	531.0	0	0.0	531.0	0	0.0
home	35	89	132549.5	3	0.18181818181818182	132549.5	32	1.9393939393939394	2148.0	0	0.0	537.0	0	0.0	537.0	0	0.0
home	35	90	134030.5	0	0.0	134030.5	0	0.0	2172.0	0	0.0	543.0	0	0.0	543.0	0	0.0
home	35	91	135511.5	1	0.06060606060606061	135511.5	0	0.0	2196.0	0	0.0	549.0	0	0.0	549.0	0	0.0
home	35	92	136992.5	0	0.0	136992.5	0	0.0	2220.0	0	0.0	555.0	0	0.0	555.0	0	0.0
home	35	93	138473.5	34	2.0606060606060606	138473.5	35	2.121212121212121	2244.0	0	0.0	561.0	0	0.0	561.0	0	0.0
home	35	94	139954.5	0	0.0	139954.5	0	0.0	2268.0	0	0.0	567.0	0	0.0	567.0	0	0.0
home	35	95	141435.5	0	0.0	141435.5	0	0.0	2292.0	0	0.0	573.0	0	0.0	573.0	0	0.0
home	35	96	142916.5	0	0.0	142916.5	0	0.0	2316.0	0	0.0	579.0	0	0.0	579.0	0	0.0
home	35	97	144397.5	35	2.121212121212121	144397.5	35	2.121212121212121	2340.0	0	0.0	585.0	0	0.0	585.0	0	0.0
home	35	98	145878.5	0	0.0	145878.5	0	0.0	2364.0	0	0.0	591.0	0	0.0	591.0	0	0.0
home	35	99	147359.5	0	0.0	147359.5	0	0.0	2388.0	0	0.0	597.0	0	0.0	597.0	0	0.0
home	35	100	148840.5	0	0.0	148840.5	0	0.0	2412.0	0	0.0	603.0	0	0.0	603.0	0	0.0
home	35	101	150321.5	30	1.8181818181818183	150321.5	0	0.0	2436.0	0	0.0	609.0	0	0.0	609.0	0	0.0
home	35	102	151802.5	5	0.30303030303030304	151802.5	35	2.121212121212121	2460.0	0	0.0	615.0	0	0.0	615.0	0	0.0
home	35	103	153283.5	0	0.0	153283.5	0	0.0	2484.0	0	0.0	621.0	0	0.0	621.0	0	0.0
home	35	104	154764.5	0	0.0	154764.5	0	0.0	2508.0	0	0.0	627.0	0	0.0	627.0	0	0.0
home	35	105	156245.5	0	0.0	156245.5	0	0.0	2532.0	0	0.0	633.0	0	0.0	633.0	0	0.0
home	35	106	157726.5	35	2.121212121212121	157726.5	35	2.121212121212121	2556.0	0	0.0	639.0	0	0.0	639.0	0	0.0
home	35	107	159207.5	0	0.0	159207.5	0	0.0	2580.0	0	0.0	645.0	0	0.0	645.0	0	0.0
home	35	108	160688.5	0	0.0	160688.5	0	0.0	2604.0	3	0.18181818181818182	651.0	0	0.0	651.0	0	0.0
home	35	109	162169.5	0	0.0	162169.5	0	0.0	2628.0	0	0.0	657.0	0	0.0	657.0	0	0.0
home	35	110	163650.5	35	2.121212121212121	163650.5	35	2.121212121212121	2652.0	0	0.0	663.0	0	0.0	663.0	0	0.0
home	35	111	165131.5	0	0.0	165131.5	0	0.0	2676.0	0	0.0	669.0	0	0.0	669.0	0	0.0
home	35	112	166612.5	1	0.06060606060606061	166612.5	0	0.0	2700.0	0	0.0	675.0	0	0.0	675.0	0	0.0
home	35	113	168093.5	0	0.0	168093.5	0	0.0	2724.0	0	0.0	681.0	0	0.0	681.0	0	0.0
home	35	114	169574.5	34	2.0606060606060606	169574.5	35	2.121212121212121	2748.0	0	0.0	687.0	0	0.0	687.0	0	0.0
home	35	115	171055.5	1	0.06060606060606061	171055.5	0	0.0	2772.0	0	0.0	693.0	0	0.0	693.0	0	0.0
home	35	116	172536.5	0	0.0	172536.5	0	0.0	2796.0	1	0.06060606060606061	699.0	0	0.0	699.0	0	0.0
home	35	117	174017.5	0	0.0	174017.5	0	0.0	2820.0	0	0.0	705.0	0	0.0	705.0	0	0.0
home	35	118	175498.5	34	2.0606060606060606	175498.5	35	2.121212121212121	2844.0	0	0.0	711.0	0	0.0	711.0	0	0.0
home	35	119	176979.5	1	0.06060606060606061	176979.5	1	0.06060606060606061	2868.0	0	0.0	717.0	0	0.0	717.0	0	0.0
home	35	120	178460.5	1	0.06060606060606061	178460.5	0	0.0	2892.0	0	0.0	723.0	0	0.0	723.0	0	0.0
home	35	121	179941.5	0	0.0	179941.5	0	0.0	2916.0	0	0.0	729.0	0	0.0	729.0	0	0.0
home	35	122	181422.5	34	2.0606060606060606	181422.5	35	2.121212121212121	2940.0	0	0.0	735.0	0	0.0	735.0	0	0.0
home	35	123	182903.5	0	0.0	182903.5	0	0.0	2964.0	0	0.0	741.0	0	0.0	741.0	0	0.0
home	35	124	184384.5	0	0.0	184384.5	0	0.0	2988.0	0	0.0	747.0	0	0.0	747.0	0	0.0
home	35	125	185865.5	0	0.0	185865.5	0	0.0	3012.0	1	0.06060606060606061	753.0	0	0.0	753.0	0	0.0
home	35	126	187346.5	3	0.18181818181818182	187346.5	0	0.0	3036.0	0	0.0	759.0	0	0.0	759.0	0	0.0
home	35	127	188827.5	32	1.9393939393939394	188827.5	35	2.121212121212121	3060.0	0	0.0	765.0	0	0.0	765.0	0	0.0
home	35	128	190308.5	1	0.06060606060606061	190308.5	0	0.0	3084.0	0	0.0	771.0	0	0.0	771.0	0	0.0
home	35	129	191789.5	0	0.0	191789.5	0	0.0	3108.0	1	0.06060606060606061	777.0	0	0.0	777.0	0	0.0
home	35	130	193270.5	0	0.0	193270.5	0	0.0	3132.0	0	0.0	783.0	0	0.0	783.0	0	0.0
home	35	131	194751.5	34	2.0606060606060606	194751.5	35	2.121212121212121	3156.0	0	0.0	789.0	0	0.0	789.0	0	0.0
home	35	132	196232.5	1	0.06060606060606061	196232.5	0	0.0	3180.0	1	0.06060606060606061	795.0	0	0.0	795.0	0	0.0
home	35	133	197713.5	0	0.0	197713.5	0	0.0	3204.0	0	0.0	801.0	0	0.0	801.0	0	0.0
home	35	134	199194.5	0	0.0	199194.5	0	0.0	3228.0	0	0.0	807.0	0	0.0	807.0	0	0.0
home	35	135	200675.5	32	1.9393939393939394	200675.5	19	1.1515151515151516	3252.0	0	0.0	813.0	0	0.0	813.0	0	0.0
home	35	136	202156.5	3	0.18181818181818182	202156.5	16	0.9696969696969697	3276.0	0	0.0	819.0	0	0.0	819.0	0	0.0
home	35	137	203637.5	0	0.0	203637.5	0	0.0	3300.0	0	0.0	825.0	0	0.0	825.0	0	0.0
home	35	138	205118.5	0	0.0	205118.5	0	0.0	3324.0	0	0.0	831.0	0	0.0	831.0	0	0.0
home	35	139	206599.5	0	0.0	206599.5	1	0.06060606060606061	3348.0	0	0.0	837.0	0	0.0	837.0	0	0.0
home	35	140	208080.5	35	2.121212121212121	208080.5	35	2.121212121212121	3372.0	0	0.0	843.0	0	0.0	843.0	0	0.0
home	35	141	209561.5	0	0.0	209561.5	0	0.0	3396.0	1	0.06060606060606061	849.0	0	0.0	849.0	0	0.0
home	35	142	211042.5	0	0.0	211042.5	0	0.0	3420.0	0	0.0	855.0	0	0.0	855.0	0	0.0
home	35	143	212523.5	0	0.0	212523.5	0	0.0	3444.0	0	0.0	861.0	0	0.0	861.0	0	0.0
home	35	144	214004.5	35	2.121212121212121	214004.5	35	2.121212121212121	3468.0	0	0.0	867.0	0	0.0	867.0	0	0.0
home	35	145	215485.5	0	0.0	215485.5	0	0.0	3492.0	0	0.0	873.0	0	0.0	873.0	0	0.0
home	35	146	216966.5	0	0.0	216966.5	0	0.0	3516.0	0	0.0	879.0	0	0.0	879.0	0	0.0
home	35	147	218447.5	1	0.06060606060606061	218447.5	0	0.0	3540.0	0	0.0	885.0	0	0.0	885.0	0	0.0
home	35	148	219928.5	0	0.0	219928.5	0	0.0	3564.0	0	0.0	891.0	0	0.0	891.0	0	0.0
home	35	149	221409.5	34	2.0606060606060606	221409.5	35	2.121212121212121	3588.0	1	0.06060606060606061	897.0	0	0.0	897.0	0	0.0
home	35	150	222890.5	0	0.0	222890.5	0	0.0	3612.0	0	0.0	903.0	0	0.0	903.0	0	0.0
home	35	151	224371.5	0	0.0	224371.5	0	0.0	3636.0	0	0.0	909.0	0	0.0	909.0	0	0.0
home	35	152	225852.5	0	0.0	225852.5	0	0.0	3660.0	2	0.12121212121212122	915.0	0	0.0	915.0	0	0.0
home	35	153	227333.5	35	2.121212121212121	227333.5	35	2.121212121212121	3684.0	2	0.12121212121212122	921.0	0	0.0	921.0	0	0.0
home	35	154	228814.5	0	0.0	228814.5	0	0.0	3708.0	0	0.0	927.0	0	0.0	927.0	0	0.0
home	35	155	230295.5	0	0.0	230295.5	0	0.0	3732.0	0	0.0	933.0	0	0.0	933.0	0	0.0
home	35	156	231776.5	0	0.0	231776.5	0	0.0	3756.0	0	0.0	939.0	0	0.0	939.0	0	0.0
home	35	157	233257.5	35	2.121212121212121	233257.5	35	2.121212121212121	3780.0	0	0.0	945.0	0	0.0	945.0	0	0.0
home	35	158	234738.5	0	0.0	234738.5	0	0.0	3804.0	0	0.0	951.0	0	0.0	951.0	0	0.0
home	35	159	236219.5	0	0.0	236219.5	0	0.0	3828.0	0	0.0	957.0	0	0.0	957.0	0	0.0
home	35	160	237700.5	0	0.0	237700.5	0	0.0	3852.0	0	0.0	963.0	0	0.0	963.0	0	0.0
home	35	161	239181.5	35	2.121212121212121	239181.5	35	2.121212121212121	3876.0	0	0.0	969.0	0	0.0	969.0	0	0.0
home	35	162	240662.5	0	0.0	240662.5	0	0.0	3900.0	1	0.06060606060606061	975.0	0	0.0	975.0	0	0.0
home	35	163	242143.5	0	0.0	242143.5	0	0.0	3924.0	0	0.0	981.0	0	0.0	981.0	0	0.0
home	35	164	243624.5	2	0.12121212121212122	243624.5	0	0.0	3948.0	0	0.0	987.0	0	0.0	987.0	0	0.0
home	35	165	245105.5	0	0.0	245105.5	0	0.0	3972.0	1	0.06060606060606061	993.0	0	0.0	993.0	0	0.0
home	35	166	246586.5	34	2.0606060606060606	246586.5	35	2.121212121212121	3996.0	1	0.06060606060606061	999.0	0	0.0	999.0	0	0.0
home	35	167	248067.5	0	0.0	248067.5	1	0.06060606060606061	4020.0	0	0.0	1005.0	0	0.0	1005.0	0	0.0
home	35	168	249548.5	0	0.0	249548.5	0	0.0	4044.0	0	0.0	1011.0	0	0.0	1011.0	0	0.0
home	35	169	251029.5	1	0.06060606060606061	251029.5	0	0.0	4068.0	0	0.0	1017.0	0	0.0	1017.0	0	0.0
home	35	170	252510.5	34	2.0606060606060606	252510.5	35	2.121212121212121	4092.0	0	0.0	1023.0	0	0.0	1023.0	0	0.0
home	35	171	253991.5	0	0.0	253991.5	0	0.0	4116.0	1	0.06060606060606061	1029.0	0	0.0	1029.0	0	0.0
home	35	172	255472.5	0	0.0	255472.5	0	0.0	4140.0	0	0.0	1035.0	0	0.0	1035.0	0	0.0
home	35	173	256953.5	0	0.0	256953.5	0	0.0	4164.0	0	0.0	1041.0	0	0.0	1041.0	0	0.0
home	35	174	258434.5	35	2.121212121212121	258434.5	35	2.121212121212121	4188.0	0	0.0	1047.0	0	0.0	1047.0	0	0.0
home	35	175	259915.5	0	0.0	259915.5	0	0.0	4212.0	1	0.06060606060606061	1053.0	0	0.0	1053.0	0	0.0
home	35	176	261396.5	0	0.0	261396.5	0	0.0	4236.0	0	0.0	1059.0	0	0.0	1059.0	0	0.0
home	35	177	262877.5	0	0.0	262877.5	0	0.0	4260.0	0	0.0	1065.0	0	0.0	1065.0	0	0.0
home	35	178	264358.5	35	2.121212121212121	264358.5	35	2.121212121212121	4284.0	1	0.06060606060606061	1071.0	0	0.0	1071.0	0	0.0
home	35	179	265839.5	0	0.0	265839.5	0	0.0	4308.0	0	0.0	1077.0	0	0.0	1077.0	0	0.0
home	35	180	267320.5	0	0.0	267320.5	0	0.0	4332.0	0	0.0	1083.0	0	0.0	1083.0	0	0.0
home	35	181	268801.5	0	0.0	268801.5	0	0.0	4356.0	0	0.0	1089.0	0	0.0	1089.0	0	0.0
home	35	182	270282.5	35	2.121212121212121	270282.5	35	2.121212121212121	4380.0	1	0.06060606060606061	1095.0	0	0.0	1095.0	0	0.0
home	35	183	271763.5	0	0.0	271763.5	0	0.0	4404.0	0	0.0	1101.0	0	0.0	1101.0	0	0.0
home	35	184	273244.5	1	0.06060606060606061	273244.5	0	0.0	4428.0	0	0.0	1107.0	0	0.0	1107.0	0	0.0
home	35	185	274725.5	0	0.0	274725.5	0	0.0	4452.0	0	0.0	1113.0	0	0.0	1113.0	0	0.0
home	35	186	276206.5	1	0.06060606060606061	276206.5	0	0.0	4476.0	0	0.0	1119.0	0	0.0	1119.0	0	0.0
home	35	187	277687.5	33	2.0	277687.5	35	2.121212121212121	4500.0	0	0.0	1125.0	0	0.0	1125.0	0	0.0
home	35	188	279168.5	0	0.0	279168.5	0	0.0	4524.0	0	0.0	1131.0	0	0.0	1131.0	0	0.0
home	35	189	280649.5	0	0.0	280649.5	0	0.0	4548.0	0	0.0	1137.0	0	0.0	1137.0	0	0.0
home	35	190	282130.5	0	0.0	282130.5	0	0.0	4572.0	0	0.0	1143.0	0	0.0	1143.0	0	0.0
home	35	191	283611.5	35	2.121212121212121	283611.5	35	2.121212121212121	4596.0	1	0.06060606060606061	1149.0	0	0.0	1149.0	0	0.0
home	35	192	285092.5	0	0.0	285092.5	0	0.0	4620.0	0	0.0	1155.0	0	0.0	1155.0	0	0.0
home	35	193	286573.5	0	0.0	286573.5	0	0.0	4644.0	0	0.0	1161.0	0	0.0	1161.0	0	0.0
home	35	194	288054.5	0	0.0	288054.5	0	0.0	4668.0	0	0.0	1167.0	0	0.0	1167.0	0	0.0
home	35	195	289535.5	35	2.121212121212121	289535.5	35	2.121212121212121	4692.0	0	0.0	1173.0	0	0.0	1173.0	0	0.0
home	35	196	291016.5	0	0.0	291016.5	0	0.0	4716.0	0	0.0	1179.0	0	0.0	1179.0	0	0.0
home	35	197	292497.5	0	0.0	292497.5	0	0.0	4740.0	0	0.0	1185.0	0	0.0	1185.0	0	0.0
home	35	198	293978.5	0	0.0	293978.5	0	0.0	4764.0	0	0.0	1191.0	0	0.0	1191.0	0	0.0
home	35	199	295459.5	35	2.121212121212121	295459.5	35	2.121212121212121	4788.0	0	0.0	1197.0	0	0.0	1197.0	0	0.0
