'Request type'	'Load'	'Bucket'	'Start time'	'Absolute'	'Percent of requests'	'End time'	'Absolute'	'Percent of requests'	'Residence time'	'Absolute'	'Percent of requests'	'Theor. think time'	'Absolute'	'Percent of requests'	'Actual think time'	'Absolute'	'Percent of requests'
CassandraWriteRequest	200	0	1499.0	200	0.1695604991861096	1499.0	7	0.0059346174715138355	9.0	105490	89.4346852957135	3.5	117952	100.0	3.5	117952	100.0
CassandraWriteRequest	200	1	4497.0	407	0.345055615843733	4497.0	600	0.5086814975583288	27.0	7282	6.17369777536625	10.5	0	0.0	10.5	0	0.0
CassandraWriteRequest	200	2	7495.0	590	0.5002034725990233	7495.0	589	0.49935567010309273	45.0	2077	1.760885784047748	17.5	0	0.0	17.5	0	0.0
CassandraWriteRequest	200	3	10493.0	585	0.49596446011937056	10493.0	583	0.49426885512750945	63.0	851	0.7214799240368963	24.5	0	0.0	24.5	0	0.0
CassandraWriteRequest	200	4	13491.0	565	0.4790084102007596	13491.0	568	0.48155181768855126	81.0	558	0.47307379272924577	31.5	0	0.0	31.5	0	0.0
CassandraWriteRequest	200	5	16489.0	595	0.5044424850786761	16489.0	595	0.5044424850786761	99.0	413	0.3501424308193163	38.5	0	0.0	38.5	0	0.0
CassandraWriteRequest	200	6	19487.0	600	0.5086814975583288	19487.0	600	0.5086814975583288	117.0	299	0.2534929462832338	45.5	0	0.0	45.5	0	0.0
CassandraWriteRequest	200	7	22485.0	600	0.5086814975583288	22485.0	600	0.5086814975583288	135.0	184	0.15599565925122083	52.5	0	0.0	52.5	0	0.0
CassandraWriteRequest	200	8	25483.0	600	0.5086814975583288	25483.0	600	0.5086814975583288	153.0	155	0.13140938686923492	59.5	0	0.0	59.5	0	0.0
CassandraWriteRequest	200	9	28481.0	594	0.5035946825827455	28481.0	592	0.5018990775908844	171.0	101	0.08562805208898534	66.5	0	0.0	66.5	0	0.0
CassandraWriteRequest	200	10	31479.0	528	0.44763971785132933	31479.0	524	0.4442485078676071	189.0	76	0.06443298969072164	73.5	0	0.0	73.5	0	0.0
CassandraWriteRequest	200	11	34477.0	587	0.4976600651112317	34477.0	593	0.5027468800868149	207.0	88	0.07460661964188822	80.5	0	0.0	80.5	0	0.0
CassandraWriteRequest	200	12	37475.0	592	0.5018990775908844	37475.0	592	0.5018990775908844	225.0	45	0.03815111231687466	87.5	0	0.0	87.5	0	0.0
CassandraWriteRequest	200	13	40473.0	600	0.5086814975583288	40473.0	599	0.5078336950623983	243.0	42	0.035607704829083014	94.5	0	0.0	94.5	0	0.0
CassandraWriteRequest	200	14	43471.0	584	0.49511665762344004	43471.0	585	0.49596446011937056	261.0	40	0.03391209983722192	101.5	0	0.0	101.5	0	0.0
CassandraWriteRequest	200	15	46469.0	600	0.5086814975583288	46469.0	600	0.5086814975583288	279.0	24	0.020347259902333152	108.5	0	0.0	108.5	0	0.0
CassandraWriteRequest	200	16	49467.0	596	0.5052902875746066	49467.0	595	0.5044424850786761	297.0	14	0.011869234943027671	115.5	0	0.0	115.5	0	0.0
CassandraWriteRequest	200	17	52465.0	594	0.5035946825827455	52465.0	591	0.5010512750949538	315.0	7	0.0059346174715138355	122.5	0	0.0	122.5	0	0.0
CassandraWriteRequest	200	18	55463.0	593	0.5027468800868149	55463.0	596	0.5052902875746066	333.0	3	0.002543407487791644	129.5	0	0.0	129.5	0	0.0
CassandraWriteRequest	200	19	58461.0	598	0.5069858925664676	58461.0	599	0.5078336950623983	351.0	2	0.001695604991861096	136.5	0	0.0	136.5	0	0.0
CassandraWriteRequest	200	20	61459.0	600	0.5086814975583288	61459.0	600	0.5086814975583288	369.0	1	8.47802495930548E-4	143.5	0	0.0	143.5	0	0.0
CassandraWriteRequest	200	21	64457.0	600	0.5086814975583288	64457.0	600	0.5086814975583288	387.0	0	0.0	150.5	0	0.0	150.5	0	0.0
CassandraWriteRequest	200	22	67455.0	600	0.5086814975583288	67455.0	600	0.5086814975583288	405.0	0	0.0	157.5	0	0.0	157.5	0	0.0
CassandraWriteRequest	200	23	70453.0	600	0.5086814975583288	70453.0	600	0.5086814975583288	423.0	0	0.0	164.5	0	0.0	164.5	0	0.0
CassandraWriteRequest	200	24	73451.0	600	0.5086814975583288	73451.0	555	0.47053038524145413	441.0	0	0.0	171.5	0	0.0	171.5	0	0.0
CassandraWriteRequest	200	25	76449.0	534	0.4527265328269126	76449.0	579	0.4908776451437873	459.0	0	0.0	178.5	0	0.0	178.5	0	0.0
CassandraWriteRequest	200	26	79447.0	592	0.5018990775908844	79447.0	592	0.5018990775908844	477.0	0	0.0	185.5	0	0.0	185.5	0	0.0
CassandraWriteRequest	200	27	82445.0	597	0.5061380900705371	82445.0	597	0.5061380900705371	495.0	0	0.0	192.5	0	0.0	192.5	0	0.0
CassandraWriteRequest	200	28	85443.0	595	0.5044424850786761	85443.0	591	0.5010512750949538	513.0	0	0.0	199.5	0	0.0	199.5	0	0.0
CassandraWriteRequest	200	29	88441.0	592	0.5018990775908844	88441.0	592	0.5018990775908844	531.0	0	0.0	206.5	0	0.0	206.5	0	0.0
CassandraWriteRequest	200	30	91439.0	589	0.49935567010309273	91439.0	592	0.5018990775908844	549.0	0	0.0	213.5	0	0.0	213.5	0	0.0
CassandraWriteRequest	200	31	94437.0	597	0.5061380900705371	94437.0	594	0.5035946825827455	567.0	0	0.0	220.5	0	0.0	220.5	0	0.0
CassandraWriteRequest	200	32	97435.0	595	0.5044424850786761	97435.0	599	0.5078336950623983	585.0	0	0.0	227.5	0	0.0	227.5	0	0.0
CassandraWriteRequest	200	33	100433.0	600	0.5086814975583288	100433.0	599	0.5078336950623983	603.0	0	0.0	234.5	0	0.0	234.5	0	0.0
CassandraWriteRequest	200	34	103431.0	598	0.5069858925664676	103431.0	599	0.5078336950623983	621.0	0	0.0	241.5	0	0.0	241.5	0	0.0
CassandraWriteRequest	200	35	106429.0	600	0.5086814975583288	106429.0	600	0.5086814975583288	639.0	0	0.0	248.5	0	0.0	248.5	0	0.0
CassandraWriteRequest	200	36	109427.0	597	0.5061380900705371	109427.0	597	0.5061380900705371	657.0	0	0.0	255.5	0	0.0	255.5	0	0.0
CassandraWriteRequest	200	37	112425.0	596	0.5052902875746066	112425.0	592	0.5018990775908844	675.0	0	0.0	262.5	0	0.0	262.5	0	0.0
CassandraWriteRequest	200	38	115423.0	596	0.5052902875746066	115423.0	600	0.5086814975583288	693.0	0	0.0	269.5	0	0.0	269.5	0	0.0
CassandraWriteRequest	200	39	118421.0	593	0.5027468800868149	118421.0	593	0.5027468800868149	711.0	0	0.0	276.5	0	0.0	276.5	0	0.0
CassandraWriteRequest	200	40	121419.0	597	0.5061380900705371	121419.0	595	0.5044424850786761	729.0	0	0.0	283.5	0	0.0	283.5	0	0.0
CassandraWriteRequest	200	41	124417.0	588	0.4985078676071622	124417.0	584	0.49511665762344004	747.0	0	0.0	290.5	0	0.0	290.5	0	0.0
CassandraWriteRequest	200	42	127415.0	582	0.4934210526315789	127415.0	582	0.4934210526315789	765.0	0	0.0	297.5	0	0.0	297.5	0	0.0
CassandraWriteRequest	200	43	130413.0	588	0.4985078676071622	130413.0	590	0.5002034725990233	783.0	0	0.0	304.5	0	0.0	304.5	0	0.0
CassandraWriteRequest	200	44	133411.0	578	0.4900298426478567	133411.0	575	0.48748643516006507	801.0	0	0.0	311.5	0	0.0	311.5	0	0.0
CassandraWriteRequest	200	45	136409.0	583	0.49426885512750945	136409.0	590	0.5002034725990233	819.0	0	0.0	318.5	0	0.0	318.5	0	0.0
CassandraWriteRequest	200	46	139407.0	600	0.5086814975583288	139407.0	600	0.5086814975583288	837.0	0	0.0	325.5	0	0.0	325.5	0	0.0
CassandraWriteRequest	200	47	142405.0	600	0.5086814975583288	142405.0	597	0.5061380900705371	855.0	0	0.0	332.5	0	0.0	332.5	0	0.0
CassandraWriteRequest	200	48	145403.0	597	0.5061380900705371	145403.0	600	0.5086814975583288	873.0	0	0.0	339.5	0	0.0	339.5	0	0.0
CassandraWriteRequest	200	49	148401.0	599	0.5078336950623983	148401.0	599	0.5078336950623983	891.0	0	0.0	346.5	0	0.0	346.5	0	0.0
CassandraWriteRequest	200	50	151399.0	599	0.5078336950623983	151399.0	593	0.5027468800868149	909.0	0	0.0	353.5	0	0.0	353.5	0	0.0
CassandraWriteRequest	200	51	154397.0	587	0.4976600651112317	154397.0	587	0.4976600651112317	927.0	0	0.0	360.5	0	0.0	360.5	0	0.0
CassandraWriteRequest	200	52	157395.0	593	0.5027468800868149	157395.0	595	0.5044424850786761	945.0	0	0.0	367.5	0	0.0	367.5	0	0.0
CassandraWriteRequest	200	53	160393.0	596	0.5052902875746066	160393.0	600	0.5086814975583288	963.0	0	0.0	374.5	0	0.0	374.5	0	0.0
CassandraWriteRequest	200	54	163391.0	600	0.5086814975583288	163391.0	600	0.5086814975583288	981.0	0	0.0	381.5	0	0.0	381.5	0	0.0
CassandraWriteRequest	200	55	166389.0	600	0.5086814975583288	166389.0	600	0.5086814975583288	999.0	0	0.0	388.5	0	0.0	388.5	0	0.0
CassandraWriteRequest	200	56	169387.0	600	0.5086814975583288	169387.0	600	0.5086814975583288	1017.0	0	0.0	395.5	0	0.0	395.5	0	0.0
CassandraWriteRequest	200	57	172385.0	593	0.5027468800868149	172385.0	593	0.5027468800868149	1035.0	0	0.0	402.5	0	0.0	402.5	0	0.0
CassandraWriteRequest	200	58	175383.0	600	0.5086814975583288	175383.0	597	0.5061380900705371	1053.0	0	0.0	409.5	0	0.0	409.5	0	0.0
CassandraWriteRequest	200	59	178381.0	592	0.5018990775908844	178381.0	595	0.5044424850786761	1071.0	0	0.0	416.5	0	0.0	416.5	0	0.0
CassandraWriteRequest	200	60	181379.0	595	0.5044424850786761	181379.0	592	0.5018990775908844	1089.0	0	0.0	423.5	0	0.0	423.5	0	0.0
CassandraWriteRequest	200	61	184377.0	596	0.5052902875746066	184377.0	598	0.5069858925664676	1107.0	0	0.0	430.5	0	0.0	430.5	0	0.0
CassandraWriteRequest	200	62	187375.0	594	0.5035946825827455	187375.0	590	0.5002034725990233	1125.0	0	0.0	437.5	0	0.0	437.5	0	0.0
CassandraWriteRequest	200	63	190373.0	595	0.5044424850786761	190373.0	600	0.5086814975583288	1143.0	0	0.0	444.5	0	0.0	444.5	0	0.0
CassandraWriteRequest	200	64	193371.0	575	0.48748643516006507	193371.0	571	0.4840952251763429	1161.0	0	0.0	451.5	0	0.0	451.5	0	0.0
CassandraWriteRequest	200	65	196369.0	526	0.4459441128594682	196369.0	530	0.44933532284319044	1179.0	0	0.0	458.5	0	0.0	458.5	0	0.0
CassandraWriteRequest	200	66	199367.0	600	0.5086814975583288	199367.0	600	0.5086814975583288	1197.0	0	0.0	465.5	0	0.0	465.5	0	0.0
CassandraWriteRequest	200	67	202365.0	600	0.5086814975583288	202365.0	600	0.5086814975583288	1215.0	0	0.0	472.5	0	0.0	472.5	0	0.0
CassandraWriteRequest	200	68	205363.0	600	0.5086814975583288	205363.0	600	0.5086814975583288	1233.0	0	0.0	479.5	0	0.0	479.5	0	0.0
CassandraWriteRequest	200	69	208361.0	600	0.5086814975583288	208361.0	600	0.5086814975583288	1251.0	0	0.0	486.5	0	0.0	486.5	0	0.0
CassandraWriteRequest	200	70	211359.0	600	0.5086814975583288	211359.0	600	0.5086814975583288	1269.0	0	0.0	493.5	0	0.0	493.5	0	0.0
CassandraWriteRequest	200	71	214357.0	600	0.5086814975583288	214357.0	600	0.5086814975583288	1287.0	0	0.0	500.5	0	0.0	500.5	0	0.0
CassandraWriteRequest	200	72	217355.0	600	0.5086814975583288	217355.0	600	0.5086814975583288	1305.0	0	0.0	507.5	0	0.0	507.5	0	0.0
CassandraWriteRequest	200	73	220353.0	600	0.5086814975583288	220353.0	600	0.5086814975583288	1323.0	0	0.0	514.5	0	0.0	514.5	0	0.0
CassandraWriteRequest	200	74	223351.0	599	0.5078336950623983	223351.0	599	0.5078336950623983	1341.0	0	0.0	521.5	0	0.0	521.5	0	0.0
CassandraWriteRequest	200	75	226349.0	600	0.5086814975583288	226349.0	599	0.5078336950623983	1359.0	0	0.0	528.5	0	0.0	528.5	0	0.0
CassandraWriteRequest	200	76	229347.0	598	0.5069858925664676	229347.0	599	0.5078336950623983	1377.0	0	0.0	535.5	0	0.0	535.5	0	0.0
CassandraWriteRequest	200	77	232345.0	600	0.5086814975583288	232345.0	599	0.5078336950623983	1395.0	0	0.0	542.5	0	0.0	542.5	0	0.0
CassandraWriteRequest	200	78	235343.0	585	0.49596446011937056	235343.0	583	0.49426885512750945	1413.0	0	0.0	549.5	0	0.0	549.5	0	0.0
CassandraWriteRequest	200	79	238341.0	590	0.5002034725990233	238341.0	589	0.49935567010309273	1431.0	0	0.0	556.5	0	0.0	556.5	0	0.0
CassandraWriteRequest	200	80	241339.0	583	0.49426885512750945	241339.0	551	0.4671391752577319	1449.0	0	0.0	563.5	0	0.0	563.5	0	0.0
CassandraWriteRequest	200	81	244337.0	549	0.46544357026587085	244337.0	580	0.4917254476397178	1467.0	0	0.0	570.5	0	0.0	570.5	0	0.0
CassandraWriteRequest	200	82	247335.0	589	0.49935567010309273	247335.0	591	0.5010512750949538	1485.0	0	0.0	577.5	0	0.0	577.5	0	0.0
CassandraWriteRequest	200	83	250333.0	593	0.5027468800868149	250333.0	595	0.5044424850786761	1503.0	0	0.0	584.5	0	0.0	584.5	0	0.0
CassandraWriteRequest	200	84	253331.0	593	0.5027468800868149	253331.0	591	0.5010512750949538	1521.0	0	0.0	591.5	0	0.0	591.5	0	0.0
CassandraWriteRequest	200	85	256329.0	595	0.5044424850786761	256329.0	598	0.5069858925664676	1539.0	0	0.0	598.5	0	0.0	598.5	0	0.0
CassandraWriteRequest	200	86	259327.0	599	0.5078336950623983	259327.0	599	0.5078336950623983	1557.0	0	0.0	605.5	0	0.0	605.5	0	0.0
CassandraWriteRequest	200	87	262325.0	600	0.5086814975583288	262325.0	600	0.5086814975583288	1575.0	0	0.0	612.5	0	0.0	612.5	0	0.0
CassandraWriteRequest	200	88	265323.0	596	0.5052902875746066	265323.0	588	0.4985078676071622	1593.0	0	0.0	619.5	0	0.0	619.5	0	0.0
CassandraWriteRequest	200	89	268321.0	587	0.4976600651112317	268321.0	593	0.5027468800868149	1611.0	0	0.0	626.5	0	0.0	626.5	0	0.0
CassandraWriteRequest	200	90	271319.0	555	0.47053038524145413	271319.0	550	0.4662913727618014	1629.0	0	0.0	633.5	0	0.0	633.5	0	0.0
CassandraWriteRequest	200	91	274317.0	591	0.5010512750949538	274317.0	598	0.5069858925664676	1647.0	0	0.0	640.5	0	0.0	640.5	0	0.0
CassandraWriteRequest	200	92	277315.0	593	0.5027468800868149	277315.0	591	0.5010512750949538	1665.0	0	0.0	647.5	0	0.0	647.5	0	0.0
CassandraWriteRequest	200	93	280313.0	597	0.5061380900705371	280313.0	596	0.5052902875746066	1683.0	0	0.0	654.5	0	0.0	654.5	0	0.0
CassandraWriteRequest	200	94	283311.0	596	0.5052902875746066	283311.0	581	0.49257325013564834	1701.0	0	0.0	661.5	0	0.0	661.5	0	0.0
CassandraWriteRequest	200	95	286309.0	572	0.48494302767227343	286309.0	589	0.49935567010309273	1719.0	0	0.0	668.5	0	0.0	668.5	0	0.0
CassandraWriteRequest	200	96	289307.0	586	0.4968122626153011	289307.0	587	0.4976600651112317	1737.0	0	0.0	675.5	0	0.0	675.5	0	0.0
CassandraWriteRequest	200	97	292305.0	600	0.5086814975583288	292305.0	600	0.5086814975583288	1755.0	0	0.0	682.5	0	0.0	682.5	0	0.0
CassandraWriteRequest	200	98	295303.0	596	0.5052902875746066	295303.0	594	0.5035946825827455	1773.0	0	0.0	689.5	0	0.0	689.5	0	0.0
CassandraWriteRequest	200	99	298301.0	596	0.5052902875746066	298301.0	596	0.5052902875746066	1791.0	0	0.0	696.5	0	0.0	696.5	0	0.0
CassandraWriteRequest	200	100	301299.0	598	0.5069858925664676	301299.0	600	0.5086814975583288	1809.0	0	0.0	703.5	0	0.0	703.5	0	0.0
CassandraWriteRequest	200	101	304297.0	600	0.5086814975583288	304297.0	600	0.5086814975583288	1827.0	0	0.0	710.5	0	0.0	710.5	0	0.0
CassandraWriteRequest	200	102	307295.0	600	0.5086814975583288	307295.0	600	0.5086814975583288	1845.0	0	0.0	717.5	0	0.0	717.5	0	0.0
CassandraWriteRequest	200	103	310293.0	600	0.5086814975583288	310293.0	600	0.5086814975583288	1863.0	0	0.0	724.5	0	0.0	724.5	0	0.0
CassandraWriteRequest	200	104	313291.0	600	0.5086814975583288	313291.0	600	0.5086814975583288	1881.0	0	0.0	731.5	0	0.0	731.5	0	0.0
CassandraWriteRequest	200	105	316289.0	600	0.5086814975583288	316289.0	600	0.5086814975583288	1899.0	0	0.0	738.5	0	0.0	738.5	0	0.0
CassandraWriteRequest	200	106	319287.0	600	0.5086814975583288	319287.0	600	0.5086814975583288	1917.0	0	0.0	745.5	0	0.0	745.5	0	0.0
CassandraWriteRequest	200	107	322285.0	596	0.5052902875746066	322285.0	589	0.49935567010309273	1935.0	0	0.0	752.5	0	0.0	752.5	0	0.0
CassandraWriteRequest	200	108	325283.0	590	0.5002034725990233	325283.0	594	0.5035946825827455	1953.0	0	0.0	759.5	0	0.0	759.5	0	0.0
CassandraWriteRequest	200	109	328281.0	593	0.5027468800868149	328281.0	596	0.5052902875746066	1971.0	0	0.0	766.5	0	0.0	766.5	0	0.0
CassandraWriteRequest	200	110	331279.0	600	0.5086814975583288	331279.0	600	0.5086814975583288	1989.0	0	0.0	773.5	0	0.0	773.5	0	0.0
CassandraWriteRequest	200	111	334277.0	600	0.5086814975583288	334277.0	600	0.5086814975583288	2007.0	0	0.0	780.5	0	0.0	780.5	0	0.0
CassandraWriteRequest	200	112	337275.0	600	0.5086814975583288	337275.0	600	0.5086814975583288	2025.0	0	0.0	787.5	0	0.0	787.5	0	0.0
CassandraWriteRequest	200	113	340273.0	595	0.5044424850786761	340273.0	595	0.5044424850786761	2043.0	0	0.0	794.5	0	0.0	794.5	0	0.0
CassandraWriteRequest	200	114	343271.0	590	0.5002034725990233	343271.0	561	0.4756172002170374	2061.0	0	0.0	801.5	0	0.0	801.5	0	0.0
CassandraWriteRequest	200	115	346269.0	556	0.47137818773738466	346269.0	585	0.49596446011937056	2079.0	0	0.0	808.5	0	0.0	808.5	0	0.0
CassandraWriteRequest	200	116	349267.0	595	0.5044424850786761	349267.0	592	0.5018990775908844	2097.0	0	0.0	815.5	0	0.0	815.5	0	0.0
CassandraWriteRequest	200	117	352265.0	591	0.5010512750949538	352265.0	582	0.4934210526315789	2115.0	0	0.0	822.5	0	0.0	822.5	0	0.0
CassandraWriteRequest	200	118	355263.0	574	0.48663863266413454	355263.0	585	0.49596446011937056	2133.0	0	0.0	829.5	0	0.0	829.5	0	0.0
CassandraWriteRequest	200	119	358261.0	592	0.5018990775908844	358261.0	593	0.5027468800868149	2151.0	0	0.0	836.5	0	0.0	836.5	0	0.0
CassandraWriteRequest	200	120	361259.0	600	0.5086814975583288	361259.0	600	0.5086814975583288	2169.0	0	0.0	843.5	0	0.0	843.5	0	0.0
CassandraWriteRequest	200	121	364257.0	591	0.5010512750949538	364257.0	591	0.5010512750949538	2187.0	0	0.0	850.5	0	0.0	850.5	0	0.0
CassandraWriteRequest	200	122	367255.0	599	0.5078336950623983	367255.0	599	0.5078336950623983	2205.0	0	0.0	857.5	0	0.0	857.5	0	0.0
CassandraWriteRequest	200	123	370253.0	598	0.5069858925664676	370253.0	598	0.5069858925664676	2223.0	0	0.0	864.5	0	0.0	864.5	0	0.0
CassandraWriteRequest	200	124	373251.0	600	0.5086814975583288	373251.0	600	0.5086814975583288	2241.0	0	0.0	871.5	0	0.0	871.5	0	0.0
CassandraWriteRequest	200	125	376249.0	600	0.5086814975583288	376249.0	598	0.5069858925664676	2259.0	0	0.0	878.5	0	0.0	878.5	0	0.0
CassandraWriteRequest	200	126	379247.0	589	0.49935567010309273	379247.0	590	0.5002034725990233	2277.0	0	0.0	885.5	0	0.0	885.5	0	0.0
CassandraWriteRequest	200	127	382245.0	592	0.5018990775908844	382245.0	592	0.5018990775908844	2295.0	0	0.0	892.5	0	0.0	892.5	0	0.0
CassandraWriteRequest	200	128	385243.0	599	0.5078336950623983	385243.0	600	0.5086814975583288	2313.0	0	0.0	899.5	0	0.0	899.5	0	0.0
CassandraWriteRequest	200	129	388241.0	600	0.5086814975583288	388241.0	600	0.5086814975583288	2331.0	0	0.0	906.5	0	0.0	906.5	0	0.0
CassandraWriteRequest	200	130	391239.0	600	0.5086814975583288	391239.0	600	0.5086814975583288	2349.0	0	0.0	913.5	0	0.0	913.5	0	0.0
CassandraWriteRequest	200	131	394237.0	600	0.5086814975583288	394237.0	600	0.5086814975583288	2367.0	0	0.0	920.5	0	0.0	920.5	0	0.0
CassandraWriteRequest	200	132	397235.0	600	0.5086814975583288	397235.0	600	0.5086814975583288	2385.0	0	0.0	927.5	0	0.0	927.5	0	0.0
CassandraWriteRequest	200	133	400233.0	600	0.5086814975583288	400233.0	600	0.5086814975583288	2403.0	0	0.0	934.5	0	0.0	934.5	0	0.0
CassandraWriteRequest	200	134	403231.0	564	0.47816060770482904	403231.0	561	0.4756172002170374	2421.0	0	0.0	941.5	0	0.0	941.5	0	0.0
CassandraWriteRequest	200	135	406229.0	586	0.4968122626153011	406229.0	584	0.49511665762344004	2439.0	0	0.0	948.5	0	0.0	948.5	0	0.0
CassandraWriteRequest	200	136	409227.0	591	0.5010512750949538	409227.0	595	0.5044424850786761	2457.0	0	0.0	955.5	0	0.0	955.5	0	0.0
CassandraWriteRequest	200	137	412225.0	592	0.5018990775908844	412225.0	586	0.4968122626153011	2475.0	1	8.47802495930548E-4	962.5	0	0.0	962.5	0	0.0
CassandraWriteRequest	200	138	415223.0	591	0.5010512750949538	415223.0	598	0.5069858925664676	2493.0	1	8.47802495930548E-4	969.5	0	0.0	969.5	0	0.0
CassandraWriteRequest	200	139	418221.0	592	0.5018990775908844	418221.0	588	0.4985078676071622	2511.0	3	0.002543407487791644	976.5	0	0.0	976.5	0	0.0
CassandraWriteRequest	200	140	421219.0	596	0.5052902875746066	421219.0	600	0.5086814975583288	2529.0	2	0.001695604991861096	983.5	0	0.0	983.5	0	0.0
CassandraWriteRequest	200	141	424217.0	593	0.5027468800868149	424217.0	593	0.5027468800868149	2547.0	0	0.0	990.5	0	0.0	990.5	0	0.0
CassandraWriteRequest	200	142	427215.0	599	0.5078336950623983	427215.0	599	0.5078336950623983	2565.0	0	0.0	997.5	0	0.0	997.5	0	0.0
CassandraWriteRequest	200	143	430213.0	586	0.4968122626153011	430213.0	583	0.49426885512750945	2583.0	0	0.0	1004.5	0	0.0	1004.5	0	0.0
CassandraWriteRequest	200	144	433211.0	583	0.49426885512750945	433211.0	580	0.4917254476397178	2601.0	0	0.0	1011.5	0	0.0	1011.5	0	0.0
CassandraWriteRequest	200	145	436209.0	580	0.4917254476397178	436209.0	585	0.49596446011937056	2619.0	0	0.0	1018.5	0	0.0	1018.5	0	0.0
CassandraWriteRequest	200	146	439207.0	599	0.5078336950623983	439207.0	600	0.5086814975583288	2637.0	0	0.0	1025.5	0	0.0	1025.5	0	0.0
CassandraWriteRequest	200	147	442205.0	600	0.5086814975583288	442205.0	600	0.5086814975583288	2655.0	0	0.0	1032.5	0	0.0	1032.5	0	0.0
CassandraWriteRequest	200	148	445203.0	600	0.5086814975583288	445203.0	597	0.5061380900705371	2673.0	0	0.0	1039.5	0	0.0	1039.5	0	0.0
CassandraWriteRequest	200	149	448201.0	594	0.5035946825827455	448201.0	597	0.5061380900705371	2691.0	0	0.0	1046.5	0	0.0	1046.5	0	0.0
CassandraWriteRequest	200	150	451199.0	600	0.5086814975583288	451199.0	600	0.5086814975583288	2709.0	0	0.0	1053.5	0	0.0	1053.5	0	0.0
CassandraWriteRequest	200	151	454197.0	600	0.5086814975583288	454197.0	600	0.5086814975583288	2727.0	0	0.0	1060.5	0	0.0	1060.5	0	0.0
CassandraWriteRequest	200	152	457195.0	596	0.5052902875746066	457195.0	596	0.5052902875746066	2745.0	0	0.0	1067.5	0	0.0	1067.5	0	0.0
CassandraWriteRequest	200	153	460193.0	597	0.5061380900705371	460193.0	594	0.5035946825827455	2763.0	0	0.0	1074.5	0	0.0	1074.5	0	0.0
CassandraWriteRequest	200	154	463191.0	592	0.5018990775908844	463191.0	595	0.5044424850786761	2781.0	0	0.0	1081.5	0	0.0	1081.5	0	0.0
CassandraWriteRequest	200	155	466189.0	589	0.49935567010309273	466189.0	587	0.4976600651112317	2799.0	0	0.0	1088.5	0	0.0	1088.5	0	0.0
CassandraWriteRequest	200	156	469187.0	597	0.5061380900705371	469187.0	597	0.5061380900705371	2817.0	0	0.0	1095.5	0	0.0	1095.5	0	0.0
CassandraWriteRequest	200	157	472185.0	597	0.5061380900705371	472185.0	598	0.5069858925664676	2835.0	0	0.0	1102.5	0	0.0	1102.5	0	0.0
CassandraWriteRequest	200	158	475183.0	593	0.5027468800868149	475183.0	593	0.5027468800868149	2853.0	0	0.0	1109.5	0	0.0	1109.5	0	0.0
CassandraWriteRequest	200	159	478181.0	597	0.5061380900705371	478181.0	596	0.5052902875746066	2871.0	0	0.0	1116.5	0	0.0	1116.5	0	0.0
CassandraWriteRequest	200	160	481179.0	596	0.5052902875746066	481179.0	598	0.5069858925664676	2889.0	0	0.0	1123.5	0	0.0	1123.5	0	0.0
CassandraWriteRequest	200	161	484177.0	600	0.5086814975583288	484177.0	561	0.4756172002170374	2907.0	0	0.0	1130.5	0	0.0	1130.5	0	0.0
CassandraWriteRequest	200	162	487175.0	542	0.459508952794357	487175.0	581	0.49257325013564834	2925.0	0	0.0	1137.5	0	0.0	1137.5	0	0.0
CassandraWriteRequest	200	163	490173.0	596	0.5052902875746066	490173.0	596	0.5052902875746066	2943.0	0	0.0	1144.5	0	0.0	1144.5	0	0.0
CassandraWriteRequest	200	164	493171.0	593	0.5027468800868149	493171.0	592	0.5018990775908844	2961.0	0	0.0	1151.5	0	0.0	1151.5	0	0.0
CassandraWriteRequest	200	165	496169.0	594	0.5035946825827455	496169.0	593	0.5027468800868149	2979.0	0	0.0	1158.5	0	0.0	1158.5	0	0.0
CassandraWriteRequest	200	166	499167.0	589	0.49935567010309273	499167.0	590	0.5002034725990233	2997.0	0	0.0	1165.5	0	0.0	1165.5	0	0.0
CassandraWriteRequest	200	167	502165.0	599	0.5078336950623983	502165.0	600	0.5086814975583288	3015.0	0	0.0	1172.5	0	0.0	1172.5	0	0.0
CassandraWriteRequest	200	168	505163.0	600	0.5086814975583288	505163.0	600	0.5086814975583288	3033.0	0	0.0	1179.5	0	0.0	1179.5	0	0.0
CassandraWriteRequest	200	169	508161.0	600	0.5086814975583288	508161.0	600	0.5086814975583288	3051.0	1	8.47802495930548E-4	1186.5	0	0.0	1186.5	0	0.0
CassandraWriteRequest	200	170	511159.0	600	0.5086814975583288	511159.0	600	0.5086814975583288	3069.0	3	0.002543407487791644	1193.5	0	0.0	1193.5	0	0.0
CassandraWriteRequest	200	171	514157.0	600	0.5086814975583288	514157.0	597	0.5061380900705371	3087.0	3	0.002543407487791644	1200.5	0	0.0	1200.5	0	0.0
CassandraWriteRequest	200	172	517155.0	592	0.5018990775908844	517155.0	594	0.5035946825827455	3105.0	6	0.005086814975583288	1207.5	0	0.0	1207.5	0	0.0
CassandraWriteRequest	200	173	520153.0	598	0.5069858925664676	520153.0	599	0.5078336950623983	3123.0	10	0.00847802495930548	1214.5	0	0.0	1214.5	0	0.0
CassandraWriteRequest	200	174	523151.0	600	0.5086814975583288	523151.0	600	0.5086814975583288	3141.0	8	0.006782419967444384	1221.5	0	0.0	1221.5	0	0.0
CassandraWriteRequest	200	175	526149.0	600	0.5086814975583288	526149.0	600	0.5086814975583288	3159.0	3	0.002543407487791644	1228.5	0	0.0	1228.5	0	0.0
CassandraWriteRequest	200	176	529147.0	600	0.5086814975583288	529147.0	600	0.5086814975583288	3177.0	5	0.00423901247965274	1235.5	0	0.0	1235.5	0	0.0
CassandraWriteRequest	200	177	532145.0	600	0.5086814975583288	532145.0	600	0.5086814975583288	3195.0	5	0.00423901247965274	1242.5	0	0.0	1242.5	0	0.0
CassandraWriteRequest	200	178	535143.0	600	0.5086814975583288	535143.0	600	0.5086814975583288	3213.0	3	0.002543407487791644	1249.5	0	0.0	1249.5	0	0.0
CassandraWriteRequest	200	179	538141.0	563	0.4773128052088985	538141.0	559	0.4739215952251763	3231.0	6	0.005086814975583288	1256.5	0	0.0	1256.5	0	0.0
CassandraWriteRequest	200	180	541139.0	596	0.5052902875746066	541139.0	599	0.5078336950623983	3249.0	12	0.010173629951166576	1263.5	0	0.0	1263.5	0	0.0
CassandraWriteRequest	200	181	544137.0	597	0.5061380900705371	544137.0	598	0.5069858925664676	3267.0	4	0.003391209983722192	1270.5	0	0.0	1270.5	0	0.0
CassandraWriteRequest	200	182	547135.0	600	0.5086814975583288	547135.0	600	0.5086814975583288	3285.0	4	0.003391209983722192	1277.5	0	0.0	1277.5	0	0.0
CassandraWriteRequest	200	183	550133.0	600	0.5086814975583288	550133.0	600	0.5086814975583288	3303.0	3	0.002543407487791644	1284.5	0	0.0	1284.5	0	0.0
CassandraWriteRequest	200	184	553131.0	600	0.5086814975583288	553131.0	600	0.5086814975583288	3321.0	5	0.00423901247965274	1291.5	0	0.0	1291.5	0	0.0
CassandraWriteRequest	200	185	556129.0	592	0.5018990775908844	556129.0	592	0.5018990775908844	3339.0	4	0.003391209983722192	1298.5	0	0.0	1298.5	0	0.0
CassandraWriteRequest	200	186	559127.0	594	0.5035946825827455	559127.0	591	0.5010512750949538	3357.0	5	0.00423901247965274	1305.5	0	0.0	1305.5	0	0.0
CassandraWriteRequest	200	187	562125.0	592	0.5018990775908844	562125.0	592	0.5018990775908844	3375.0	3	0.002543407487791644	1312.5	0	0.0	1312.5	0	0.0
CassandraWriteRequest	200	188	565123.0	592	0.5018990775908844	565123.0	593	0.5027468800868149	3393.0	2	0.001695604991861096	1319.5	0	0.0	1319.5	0	0.0
CassandraWriteRequest	200	189	568121.0	593	0.5027468800868149	568121.0	595	0.5044424850786761	3411.0	5	0.00423901247965274	1326.5	0	0.0	1326.5	0	0.0
CassandraWriteRequest	200	190	571119.0	588	0.4985078676071622	571119.0	587	0.4976600651112317	3429.0	6	0.005086814975583288	1333.5	0	0.0	1333.5	0	0.0
CassandraWriteRequest	200	191	574117.0	589	0.49935567010309273	574117.0	583	0.49426885512750945	3447.0	20	0.01695604991861096	1340.5	0	0.0	1340.5	0	0.0
CassandraWriteRequest	200	192	577115.0	576	0.48833423765599565	577115.0	580	0.4917254476397178	3465.0	16	0.013564839934888768	1347.5	0	0.0	1347.5	0	0.0
CassandraWriteRequest	200	193	580113.0	592	0.5018990775908844	580113.0	595	0.5044424850786761	3483.0	17	0.014412642430819316	1354.5	0	0.0	1354.5	0	0.0
CassandraWriteRequest	200	194	583111.0	593	0.5027468800868149	583111.0	593	0.5027468800868149	3501.0	11	0.009325827455236028	1361.5	0	0.0	1361.5	0	0.0
CassandraWriteRequest	200	195	586109.0	596	0.5052902875746066	586109.0	596	0.5052902875746066	3519.0	17	0.014412642430819316	1368.5	0	0.0	1368.5	0	0.0
CassandraWriteRequest	200	196	589107.0	600	0.5086814975583288	589107.0	600	0.5086814975583288	3537.0	2	0.001695604991861096	1375.5	0	0.0	1375.5	0	0.0
CassandraWriteRequest	200	197	592105.0	600	0.5086814975583288	592105.0	600	0.5086814975583288	3555.0	3	0.002543407487791644	1382.5	0	0.0	1382.5	0	0.0
CassandraWriteRequest	200	198	595103.0	600	0.5086814975583288	595103.0	600	0.5086814975583288	3573.0	0	0.0	1389.5	0	0.0	1389.5	0	0.0
CassandraWriteRequest	200	199	598101.0	588	0.4985078676071622	598101.0	588	0.4985078676071622	3591.0	1	8.47802495930548E-4	1396.5	0	0.0	1396.5	0	0.0
