'Request type'	'Load'	'Bucket'	'Start time'	'Absolute'	'Percent of requests'	'End time'	'Absolute'	'Percent of requests'	'Residence time'	'Absolute'	'Percent of requests'	'Theor. think time'	'Absolute'	'Percent of requests'	'Actual think time'	'Absolute'	'Percent of requests'
login	35	0	756.5	35	1.261715933669791	756.5	16	0.5767844268204758	8.5	0	0.0	3.0	2774	100.0	3.0	2774	100.0
login	35	1	2269.5	4	0.14419610670511895	2269.5	18	0.6488824801730353	25.5	0	0.0	9.0	0	0.0	9.0	0	0.0
login	35	2	3782.5	35	1.261715933669791	3782.5	9	0.32444124008651765	42.5	0	0.0	15.0	0	0.0	15.0	0	0.0
login	35	3	5295.5	1	0.03604902667627974	5295.5	20	0.7209805335255948	59.5	0	0.0	21.0	0	0.0	21.0	0	0.0
login	35	4	6808.5	0	0.0	6808.5	12	0.43258832011535686	76.5	3	0.10814708002883922	27.0	0	0.0	27.0	0	0.0
login	35	5	8321.5	38	1.36986301369863	8321.5	16	0.5767844268204758	93.5	1	0.03604902667627974	33.0	0	0.0	33.0	0	0.0
login	35	6	9834.5	0	0.0	9834.5	19	0.684931506849315	110.5	1	0.03604902667627974	39.0	0	0.0	39.0	0	0.0
login	35	7	11347.5	35	1.261715933669791	11347.5	5	0.1802451333813987	127.5	2	0.07209805335255948	45.0	0	0.0	45.0	0	0.0
login	35	8	12860.5	0	0.0	12860.5	17	0.6128334534967556	144.5	2	0.07209805335255948	51.0	0	0.0	51.0	0	0.0
login	35	9	14373.5	0	0.0	14373.5	16	0.5767844268204758	161.5	3	0.10814708002883922	57.0	0	0.0	57.0	0	0.0
login	35	10	15886.5	35	1.261715933669791	15886.5	9	0.32444124008651765	178.5	3	0.10814708002883922	63.0	0	0.0	63.0	0	0.0
login	35	11	17399.5	0	0.0	17399.5	22	0.7930785868781542	195.5	6	0.21629416005767843	69.0	0	0.0	69.0	0	0.0
login	35	12	18912.5	35	1.261715933669791	18912.5	5	0.1802451333813987	212.5	14	0.5046863734679163	75.0	0	0.0	75.0	0	0.0
login	35	13	20425.5	0	0.0	20425.5	18	0.6488824801730353	229.5	9	0.32444124008651765	81.0	0	0.0	81.0	0	0.0
login	35	14	21938.5	0	0.0	21938.5	16	0.5767844268204758	246.5	15	0.5407354001441961	87.0	0	0.0	87.0	0	0.0
login	35	15	23451.5	35	1.261715933669791	23451.5	8	0.2883922134102379	263.5	19	0.684931506849315	93.0	0	0.0	93.0	0	0.0
login	35	16	24964.5	0	0.0	24964.5	20	0.7209805335255948	280.5	23	0.829127613554434	99.0	0	0.0	99.0	0	0.0
login	35	17	26477.5	35	1.261715933669791	26477.5	8	0.2883922134102379	297.5	22	0.7930785868781542	105.0	0	0.0	105.0	0	0.0
login	35	18	27990.5	1	0.03604902667627974	27990.5	17	0.6128334534967556	314.5	12	0.43258832011535686	111.0	0	0.0	111.0	0	0.0
login	35	19	29503.5	0	0.0	29503.5	18	0.6488824801730353	331.5	15	0.5407354001441961	117.0	0	0.0	117.0	0	0.0
login	35	20	31016.5	35	1.261715933669791	31016.5	6	0.21629416005767843	348.5	19	0.684931506849315	123.0	0	0.0	123.0	0	0.0
login	35	21	32529.5	0	0.0	32529.5	18	0.6488824801730353	365.5	20	0.7209805335255948	129.0	0	0.0	129.0	0	0.0
login	35	22	34042.5	0	0.0	34042.5	11	0.3965392934390771	382.5	27	0.9733237202595529	135.0	0	0.0	135.0	0	0.0
login	35	23	35555.5	35	1.261715933669791	35555.5	14	0.5046863734679163	399.5	27	0.9733237202595529	141.0	0	0.0	141.0	0	0.0
login	35	24	37068.5	0	0.0	37068.5	21	0.7570295602018745	416.5	14	0.5046863734679163	147.0	0	0.0	147.0	0	0.0
login	35	25	38581.5	35	1.261715933669791	38581.5	6	0.21629416005767843	433.5	15	0.5407354001441961	153.0	0	0.0	153.0	0	0.0
login	35	26	40094.5	0	0.0	40094.5	16	0.5767844268204758	450.5	25	0.9012256669069935	159.0	0	0.0	159.0	0	0.0
login	35	27	41607.5	0	0.0	41607.5	13	0.4686373467916366	467.5	20	0.7209805335255948	165.0	0	0.0	165.0	0	0.0
login	35	28	43120.5	35	1.261715933669791	43120.5	13	0.4686373467916366	484.5	27	0.9733237202595529	171.0	0	0.0	171.0	0	0.0
login	35	29	44633.5	0	0.0	44633.5	22	0.7930785868781542	501.5	23	0.829127613554434	177.0	0	0.0	177.0	0	0.0
login	35	30	46146.5	35	1.261715933669791	46146.5	6	0.21629416005767843	518.5	20	0.7209805335255948	183.0	0	0.0	183.0	0	0.0
login	35	31	47659.5	0	0.0	47659.5	20	0.7209805335255948	535.5	18	0.6488824801730353	189.0	0	0.0	189.0	0	0.0
login	35	32	49172.5	0	0.0	49172.5	9	0.32444124008651765	552.5	21	0.7570295602018745	195.0	0	0.0	195.0	0	0.0
login	35	33	50685.5	35	1.261715933669791	50685.5	18	0.6488824801730353	569.5	16	0.5767844268204758	201.0	0	0.0	201.0	0	0.0
login	35	34	52198.5	0	0.0	52198.5	17	0.6128334534967556	586.5	29	1.0454217736121123	207.0	0	0.0	207.0	0	0.0
login	35	35	53711.5	35	1.261715933669791	53711.5	3	0.10814708002883922	603.5	22	0.7930785868781542	213.0	0	0.0	213.0	0	0.0
login	35	36	55224.5	0	0.0	55224.5	23	0.829127613554434	620.5	8	0.2883922134102379	219.0	0	0.0	219.0	0	0.0
login	35	37	56737.5	1	0.03604902667627974	56737.5	9	0.32444124008651765	637.5	19	0.684931506849315	225.0	0	0.0	225.0	0	0.0
login	35	38	58250.5	34	1.225666906993511	58250.5	16	0.5767844268204758	654.5	19	0.684931506849315	231.0	0	0.0	231.0	0	0.0
login	35	39	59763.5	0	0.0	59763.5	17	0.6128334534967556	671.5	14	0.5046863734679163	237.0	0	0.0	237.0	0	0.0
login	35	40	61276.5	35	1.261715933669791	61276.5	7	0.25234318673395817	688.5	16	0.5767844268204758	243.0	0	0.0	243.0	0	0.0
login	35	41	62789.5	0	0.0	62789.5	18	0.6488824801730353	705.5	14	0.5046863734679163	249.0	0	0.0	249.0	0	0.0
login	35	42	64302.5	0	0.0	64302.5	12	0.43258832011535686	722.5	23	0.829127613554434	255.0	0	0.0	255.0	0	0.0
login	35	43	65815.5	35	1.261715933669791	65815.5	12	0.43258832011535686	739.5	17	0.6128334534967556	261.0	0	0.0	261.0	0	0.0
login	35	44	67328.5	0	0.0	67328.5	18	0.6488824801730353	756.5	23	0.829127613554434	267.0	0	0.0	267.0	0	0.0
login	35	45	68841.5	35	1.261715933669791	68841.5	8	0.2883922134102379	773.5	22	0.7930785868781542	273.0	0	0.0	273.0	0	0.0
login	35	46	70354.5	0	0.0	70354.5	19	0.684931506849315	790.5	19	0.684931506849315	279.0	0	0.0	279.0	0	0.0
login	35	47	71867.5	0	0.0	71867.5	13	0.4686373467916366	807.5	13	0.4686373467916366	285.0	0	0.0	285.0	0	0.0
login	35	48	73380.5	35	1.261715933669791	73380.5	14	0.5046863734679163	824.5	10	0.3604902667627974	291.0	0	0.0	291.0	0	0.0
login	35	49	74893.5	0	0.0	74893.5	21	0.7570295602018745	841.5	10	0.3604902667627974	297.0	0	0.0	297.0	0	0.0
login	35	50	76406.5	35	1.261715933669791	76406.5	5	0.1802451333813987	858.5	22	0.7930785868781542	303.0	0	0.0	303.0	0	0.0
login	35	51	77919.5	0	0.0	77919.5	18	0.6488824801730353	875.5	15	0.5407354001441961	309.0	0	0.0	309.0	0	0.0
login	35	52	79432.5	0	0.0	79432.5	12	0.43258832011535686	892.5	17	0.6128334534967556	315.0	0	0.0	315.0	0	0.0
login	35	53	80945.5	35	1.261715933669791	80945.5	15	0.5407354001441961	909.5	22	0.7930785868781542	321.0	0	0.0	321.0	0	0.0
login	35	54	82458.5	0	0.0	82458.5	20	0.7209805335255948	926.5	13	0.4686373467916366	327.0	0	0.0	327.0	0	0.0
login	35	55	83971.5	35	1.261715933669791	83971.5	4	0.14419610670511895	943.5	17	0.6128334534967556	333.0	0	0.0	333.0	0	0.0
login	35	56	85484.5	0	0.0	85484.5	20	0.7209805335255948	960.5	25	0.9012256669069935	339.0	0	0.0	339.0	0	0.0
login	35	57	86997.5	0	0.0	86997.5	11	0.3965392934390771	977.5	17	0.6128334534967556	345.0	0	0.0	345.0	0	0.0
login	35	58	88510.5	35	1.261715933669791	88510.5	12	0.43258832011535686	994.5	30	1.0814708002883922	351.0	0	0.0	351.0	0	0.0
login	35	59	90023.5	0	0.0	90023.5	17	0.6128334534967556	1011.5	17	0.6128334534967556	357.0	0	0.0	357.0	0	0.0
login	35	60	91536.5	35	1.261715933669791	91536.5	6	0.21629416005767843	1028.5	22	0.7930785868781542	363.0	0	0.0	363.0	0	0.0
login	35	61	93049.5	0	0.0	93049.5	18	0.6488824801730353	1045.5	20	0.7209805335255948	369.0	0	0.0	369.0	0	0.0
login	35	62	94562.5	0	0.0	94562.5	17	0.6128334534967556	1062.5	21	0.7570295602018745	375.0	0	0.0	375.0	0	0.0
login	35	63	96075.5	35	1.261715933669791	96075.5	10	0.3604902667627974	1079.5	16	0.5767844268204758	381.0	0	0.0	381.0	0	0.0
login	35	64	97588.5	0	0.0	97588.5	20	0.7209805335255948	1096.5	21	0.7570295602018745	387.0	0	0.0	387.0	0	0.0
login	35	65	99101.5	32	1.1535688536409516	99101.5	5	0.1802451333813987	1113.5	9	0.32444124008651765	393.0	0	0.0	393.0	0	0.0
login	35	66	100614.5	3	0.10814708002883922	100614.5	19	0.684931506849315	1130.5	12	0.43258832011535686	399.0	0	0.0	399.0	0	0.0
login	35	67	102127.5	0	0.0	102127.5	16	0.5767844268204758	1147.5	19	0.684931506849315	405.0	0	0.0	405.0	0	0.0
login	35	68	103640.5	35	1.261715933669791	103640.5	8	0.2883922134102379	1164.5	14	0.5046863734679163	411.0	0	0.0	411.0	0	0.0
login	35	69	105153.5	0	0.0	105153.5	23	0.829127613554434	1181.5	11	0.3965392934390771	417.0	0	0.0	417.0	0	0.0
login	35	70	106666.5	35	1.261715933669791	106666.5	6	0.21629416005767843	1198.5	17	0.6128334534967556	423.0	0	0.0	423.0	0	0.0
login	35	71	108179.5	0	0.0	108179.5	17	0.6128334534967556	1215.5	15	0.5407354001441961	429.0	0	0.0	429.0	0	0.0
login	35	72	109692.5	0	0.0	109692.5	16	0.5767844268204758	1232.5	14	0.5046863734679163	435.0	0	0.0	435.0	0	0.0
login	35	73	111205.5	35	1.261715933669791	111205.5	8	0.2883922134102379	1249.5	19	0.684931506849315	441.0	0	0.0	441.0	0	0.0
login	35	74	112718.5	0	0.0	112718.5	16	0.5767844268204758	1266.5	24	0.8651766402307137	447.0	0	0.0	447.0	0	0.0
login	35	75	114231.5	0	0.0	114231.5	11	0.3965392934390771	1283.5	25	0.9012256669069935	453.0	0	0.0	453.0	0	0.0
login	35	76	115744.5	35	1.261715933669791	115744.5	12	0.43258832011535686	1300.5	14	0.5046863734679163	459.0	0	0.0	459.0	0	0.0
login	35	77	117257.5	0	0.0	117257.5	20	0.7209805335255948	1317.5	12	0.43258832011535686	465.0	0	0.0	465.0	0	0.0
login	35	78	118770.5	35	1.261715933669791	118770.5	4	0.14419610670511895	1334.5	16	0.5767844268204758	471.0	0	0.0	471.0	0	0.0
login	35	79	120283.5	0	0.0	120283.5	18	0.6488824801730353	1351.5	13	0.4686373467916366	477.0	0	0.0	477.0	0	0.0
login	35	80	121796.5	0	0.0	121796.5	16	0.5767844268204758	1368.5	18	0.6488824801730353	483.0	0	0.0	483.0	0	0.0
login	35	81	123309.5	35	1.261715933669791	123309.5	6	0.21629416005767843	1385.5	18	0.6488824801730353	489.0	0	0.0	489.0	0	0.0
login	35	82	124822.5	0	0.0	124822.5	20	0.7209805335255948	1402.5	14	0.5046863734679163	495.0	0	0.0	495.0	0	0.0
login	35	83	126335.5	35	1.261715933669791	126335.5	9	0.32444124008651765	1419.5	13	0.4686373467916366	501.0	0	0.0	501.0	0	0.0
login	35	84	127848.5	0	0.0	127848.5	20	0.7209805335255948	1436.5	22	0.7930785868781542	507.0	0	0.0	507.0	0	0.0
login	35	85	129361.5	0	0.0	129361.5	15	0.5407354001441961	1453.5	24	0.8651766402307137	513.0	0	0.0	513.0	0	0.0
login	35	86	130874.5	35	1.261715933669791	130874.5	13	0.4686373467916366	1470.5	16	0.5767844268204758	519.0	0	0.0	519.0	0	0.0
login	35	87	132387.5	0	0.0	132387.5	19	0.684931506849315	1487.5	19	0.684931506849315	525.0	0	0.0	525.0	0	0.0
login	35	88	133900.5	35	1.261715933669791	133900.5	4	0.14419610670511895	1504.5	15	0.5407354001441961	531.0	0	0.0	531.0	0	0.0
login	35	89	135413.5	0	0.0	135413.5	22	0.7930785868781542	1521.5	15	0.5407354001441961	537.0	0	0.0	537.0	0	0.0
login	35	90	136926.5	0	0.0	136926.5	12	0.43258832011535686	1538.5	22	0.7930785868781542	543.0	0	0.0	543.0	0	0.0
login	35	91	138439.5	35	1.261715933669791	138439.5	15	0.5407354001441961	1555.5	16	0.5767844268204758	549.0	0	0.0	549.0	0	0.0
login	35	92	139952.5	0	0.0	139952.5	20	0.7209805335255948	1572.5	21	0.7570295602018745	555.0	0	0.0	555.0	0	0.0
login	35	93	141465.5	35	1.261715933669791	141465.5	9	0.32444124008651765	1589.5	18	0.6488824801730353	561.0	0	0.0	561.0	0	0.0
login	35	94	142978.5	0	0.0	142978.5	16	0.5767844268204758	1606.5	16	0.5767844268204758	567.0	0	0.0	567.0	0	0.0
login	35	95	144491.5	0	0.0	144491.5	10	0.3604902667627974	1623.5	16	0.5767844268204758	573.0	0	0.0	573.0	0	0.0
login	35	96	146004.5	35	1.261715933669791	146004.5	16	0.5767844268204758	1640.5	18	0.6488824801730353	579.0	0	0.0	579.0	0	0.0
login	35	97	147517.5	0	0.0	147517.5	19	0.684931506849315	1657.5	24	0.8651766402307137	585.0	0	0.0	585.0	0	0.0
login	35	98	149030.5	35	1.261715933669791	149030.5	10	0.3604902667627974	1674.5	16	0.5767844268204758	591.0	0	0.0	591.0	0	0.0
login	35	99	150543.5	0	0.0	150543.5	18	0.6488824801730353	1691.5	18	0.6488824801730353	597.0	0	0.0	597.0	0	0.0
login	35	100	152056.5	35	1.261715933669791	152056.5	7	0.25234318673395817	1708.5	15	0.5407354001441961	603.0	0	0.0	603.0	0	0.0
login	35	101	153569.5	0	0.0	153569.5	20	0.7209805335255948	1725.5	12	0.43258832011535686	609.0	0	0.0	609.0	0	0.0
login	35	102	155082.5	0	0.0	155082.5	15	0.5407354001441961	1742.5	26	0.9372746935832732	615.0	0	0.0	615.0	0	0.0
login	35	103	156595.5	35	1.261715933669791	156595.5	14	0.5046863734679163	1759.5	13	0.4686373467916366	621.0	0	0.0	621.0	0	0.0
login	35	104	158108.5	0	0.0	158108.5	19	0.684931506849315	1776.5	15	0.5407354001441961	627.0	0	0.0	627.0	0	0.0
login	35	105	159621.5	35	1.261715933669791	159621.5	6	0.21629416005767843	1793.5	22	0.7930785868781542	633.0	0	0.0	633.0	0	0.0
login	35	106	161134.5	0	0.0	161134.5	18	0.6488824801730353	1810.5	16	0.5767844268204758	639.0	0	0.0	639.0	0	0.0
login	35	107	162647.5	0	0.0	162647.5	13	0.4686373467916366	1827.5	22	0.7930785868781542	645.0	0	0.0	645.0	0	0.0
login	35	108	164160.5	35	1.261715933669791	164160.5	11	0.3965392934390771	1844.5	25	0.9012256669069935	651.0	0	0.0	651.0	0	0.0
login	35	109	165673.5	0	0.0	165673.5	19	0.684931506849315	1861.5	17	0.6128334534967556	657.0	0	0.0	657.0	0	0.0
login	35	110	167186.5	35	1.261715933669791	167186.5	9	0.32444124008651765	1878.5	12	0.43258832011535686	663.0	0	0.0	663.0	0	0.0
login	35	111	168699.5	0	0.0	168699.5	16	0.5767844268204758	1895.5	14	0.5046863734679163	669.0	0	0.0	669.0	0	0.0
login	35	112	170212.5	0	0.0	170212.5	15	0.5407354001441961	1912.5	14	0.5046863734679163	675.0	0	0.0	675.0	0	0.0
login	35	113	171725.5	35	1.261715933669791	171725.5	9	0.32444124008651765	1929.5	20	0.7209805335255948	681.0	0	0.0	681.0	0	0.0
login	35	114	173238.5	0	0.0	173238.5	19	0.684931506849315	1946.5	17	0.6128334534967556	687.0	0	0.0	687.0	0	0.0
login	35	115	174751.5	9	0.32444124008651765	174751.5	7	0.25234318673395817	1963.5	18	0.6488824801730353	693.0	0	0.0	693.0	0	0.0
login	35	116	176264.5	26	0.9372746935832732	176264.5	18	0.6488824801730353	1980.5	25	0.9012256669069935	699.0	0	0.0	699.0	0	0.0
login	35	117	177777.5	0	0.0	177777.5	17	0.6128334534967556	1997.5	14	0.5046863734679163	705.0	0	0.0	705.0	0	0.0
login	35	118	179290.5	35	1.261715933669791	179290.5	9	0.32444124008651765	2014.5	13	0.4686373467916366	711.0	0	0.0	711.0	0	0.0
login	35	119	180803.5	0	0.0	180803.5	20	0.7209805335255948	2031.5	20	0.7209805335255948	717.0	0	0.0	717.0	0	0.0
login	35	120	182316.5	34	1.225666906993511	182316.5	6	0.21629416005767843	2048.5	15	0.5407354001441961	723.0	0	0.0	723.0	0	0.0
login	35	121	183829.5	1	0.03604902667627974	183829.5	18	0.6488824801730353	2065.5	12	0.43258832011535686	729.0	0	0.0	729.0	0	0.0
login	35	122	185342.5	0	0.0	185342.5	17	0.6128334534967556	2082.5	19	0.684931506849315	735.0	0	0.0	735.0	0	0.0
login	35	123	186855.5	35	1.261715933669791	186855.5	12	0.43258832011535686	2099.5	28	1.0093727469358327	741.0	0	0.0	741.0	0	0.0
login	35	124	188368.5	0	0.0	188368.5	16	0.5767844268204758	2116.5	21	0.7570295602018745	747.0	0	0.0	747.0	0	0.0
login	35	125	189881.5	34	1.225666906993511	189881.5	7	0.25234318673395817	2133.5	11	0.3965392934390771	753.0	0	0.0	753.0	0	0.0
login	35	126	191394.5	1	0.03604902667627974	191394.5	18	0.6488824801730353	2150.5	17	0.6128334534967556	759.0	0	0.0	759.0	0	0.0
login	35	127	192907.5	0	0.0	192907.5	17	0.6128334534967556	2167.5	12	0.43258832011535686	765.0	0	0.0	765.0	0	0.0
login	35	128	194420.5	35	1.261715933669791	194420.5	12	0.43258832011535686	2184.5	23	0.829127613554434	771.0	0	0.0	771.0	0	0.0
login	35	129	195933.5	0	0.0	195933.5	18	0.6488824801730353	2201.5	14	0.5046863734679163	777.0	0	0.0	777.0	0	0.0
login	35	130	197446.5	35	1.261715933669791	197446.5	5	0.1802451333813987	2218.5	14	0.5046863734679163	783.0	0	0.0	783.0	0	0.0
login	35	131	198959.5	0	0.0	198959.5	18	0.6488824801730353	2235.5	16	0.5767844268204758	789.0	0	0.0	789.0	0	0.0
login	35	132	200472.5	0	0.0	200472.5	16	0.5767844268204758	2252.5	8	0.2883922134102379	795.0	0	0.0	795.0	0	0.0
login	35	133	201985.5	35	1.261715933669791	201985.5	6	0.21629416005767843	2269.5	14	0.5046863734679163	801.0	0	0.0	801.0	0	0.0
login	35	134	203498.5	0	0.0	203498.5	20	0.7209805335255948	2286.5	17	0.6128334534967556	807.0	0	0.0	807.0	0	0.0
login	35	135	205011.5	0	0.0	205011.5	10	0.3604902667627974	2303.5	11	0.3965392934390771	813.0	0	0.0	813.0	0	0.0
login	35	136	206524.5	35	1.261715933669791	206524.5	14	0.5046863734679163	2320.5	26	0.9372746935832732	819.0	0	0.0	819.0	0	0.0
login	35	137	208037.5	0	0.0	208037.5	18	0.6488824801730353	2337.5	20	0.7209805335255948	825.0	0	0.0	825.0	0	0.0
login	35	138	209550.5	35	1.261715933669791	209550.5	6	0.21629416005767843	2354.5	17	0.6128334534967556	831.0	0	0.0	831.0	0	0.0
login	35	139	211063.5	0	0.0	211063.5	15	0.5407354001441961	2371.5	10	0.3604902667627974	837.0	0	0.0	837.0	0	0.0
login	35	140	212576.5	0	0.0	212576.5	17	0.6128334534967556	2388.5	22	0.7930785868781542	843.0	0	0.0	843.0	0	0.0
login	35	141	214089.5	35	1.261715933669791	214089.5	9	0.32444124008651765	2405.5	18	0.6488824801730353	849.0	0	0.0	849.0	0	0.0
login	35	142	215602.5	0	0.0	215602.5	18	0.6488824801730353	2422.5	15	0.5407354001441961	855.0	0	0.0	855.0	0	0.0
login	35	143	217115.5	32	1.1535688536409516	217115.5	8	0.2883922134102379	2439.5	19	0.684931506849315	861.0	0	0.0	861.0	0	0.0
login	35	144	218628.5	3	0.10814708002883922	218628.5	14	0.5046863734679163	2456.5	18	0.6488824801730353	867.0	0	0.0	867.0	0	0.0
login	35	145	220141.5	0	0.0	220141.5	18	0.6488824801730353	2473.5	11	0.3965392934390771	873.0	0	0.0	873.0	0	0.0
login	35	146	221654.5	35	1.261715933669791	221654.5	6	0.21629416005767843	2490.5	12	0.43258832011535686	879.0	0	0.0	879.0	0	0.0
login	35	147	223167.5	0	0.0	223167.5	24	0.8651766402307137	2507.5	14	0.5046863734679163	885.0	0	0.0	885.0	0	0.0
login	35	148	224680.5	0	0.0	224680.5	8	0.2883922134102379	2524.5	21	0.7570295602018745	891.0	0	0.0	891.0	0	0.0
login	35	149	226193.5	35	1.261715933669791	226193.5	16	0.5767844268204758	2541.5	12	0.43258832011535686	897.0	0	0.0	897.0	0	0.0
login	35	150	227706.5	0	0.0	227706.5	19	0.684931506849315	2558.5	13	0.4686373467916366	903.0	0	0.0	903.0	0	0.0
login	35	151	229219.5	35	1.261715933669791	229219.5	5	0.1802451333813987	2575.5	23	0.829127613554434	909.0	0	0.0	909.0	0	0.0
login	35	152	230732.5	0	0.0	230732.5	19	0.684931506849315	2592.5	17	0.6128334534967556	915.0	0	0.0	915.0	0	0.0
login	35	153	232245.5	0	0.0	232245.5	11	0.3965392934390771	2609.5	14	0.5046863734679163	921.0	0	0.0	921.0	0	0.0
login	35	154	233758.5	35	1.261715933669791	233758.5	14	0.5046863734679163	2626.5	15	0.5407354001441961	927.0	0	0.0	927.0	0	0.0
login	35	155	235271.5	0	0.0	235271.5	21	0.7570295602018745	2643.5	10	0.3604902667627974	933.0	0	0.0	933.0	0	0.0
login	35	156	236784.5	35	1.261715933669791	236784.5	6	0.21629416005767843	2660.5	17	0.6128334534967556	939.0	0	0.0	939.0	0	0.0
login	35	157	238297.5	0	0.0	238297.5	18	0.6488824801730353	2677.5	12	0.43258832011535686	945.0	0	0.0	945.0	0	0.0
login	35	158	239810.5	0	0.0	239810.5	11	0.3965392934390771	2694.5	12	0.43258832011535686	951.0	0	0.0	951.0	0	0.0
login	35	159	241323.5	35	1.261715933669791	241323.5	11	0.3965392934390771	2711.5	13	0.4686373467916366	957.0	0	0.0	957.0	0	0.0
login	35	160	242836.5	0	0.0	242836.5	18	0.6488824801730353	2728.5	7	0.25234318673395817	963.0	0	0.0	963.0	0	0.0
login	35	161	244349.5	35	1.261715933669791	244349.5	6	0.21629416005767843	2745.5	10	0.3604902667627974	969.0	0	0.0	969.0	0	0.0
login	35	162	245862.5	0	0.0	245862.5	17	0.6128334534967556	2762.5	12	0.43258832011535686	975.0	0	0.0	975.0	0	0.0
login	35	163	247375.5	0	0.0	247375.5	18	0.6488824801730353	2779.5	14	0.5046863734679163	981.0	0	0.0	981.0	0	0.0
login	35	164	248888.5	35	1.261715933669791	248888.5	9	0.32444124008651765	2796.5	11	0.3965392934390771	987.0	0	0.0	987.0	0	0.0
login	35	165	250401.5	0	0.0	250401.5	19	0.684931506849315	2813.5	11	0.3965392934390771	993.0	0	0.0	993.0	0	0.0
login	35	166	251914.5	2	0.07209805335255948	251914.5	7	0.25234318673395817	2830.5	10	0.3604902667627974	999.0	0	0.0	999.0	0	0.0
login	35	167	253427.5	33	1.1896178803172313	253427.5	16	0.5767844268204758	2847.5	13	0.4686373467916366	1005.0	0	0.0	1005.0	0	0.0
login	35	168	254940.5	0	0.0	254940.5	19	0.684931506849315	2864.5	10	0.3604902667627974	1011.0	0	0.0	1011.0	0	0.0
login	35	169	256453.5	35	1.261715933669791	256453.5	8	0.2883922134102379	2881.5	9	0.32444124008651765	1017.0	0	0.0	1017.0	0	0.0
login	35	170	257966.5	0	0.0	257966.5	19	0.684931506849315	2898.5	9	0.32444124008651765	1023.0	0	0.0	1023.0	0	0.0
login	35	171	259479.5	0	0.0	259479.5	8	0.2883922134102379	2915.5	8	0.2883922134102379	1029.0	0	0.0	1029.0	0	0.0
login	35	172	260992.5	35	1.261715933669791	260992.5	15	0.5407354001441961	2932.5	8	0.2883922134102379	1035.0	0	0.0	1035.0	0	0.0
login	35	173	262505.5	0	0.0	262505.5	20	0.7209805335255948	2949.5	7	0.25234318673395817	1041.0	0	0.0	1041.0	0	0.0
login	35	174	264018.5	35	1.261715933669791	264018.5	6	0.21629416005767843	2966.5	4	0.14419610670511895	1047.0	0	0.0	1047.0	0	0.0
login	35	175	265531.5	0	0.0	265531.5	21	0.7570295602018745	2983.5	1	0.03604902667627974	1053.0	0	0.0	1053.0	0	0.0
login	35	176	267044.5	0	0.0	267044.5	8	0.2883922134102379	3000.5	11	0.3965392934390771	1059.0	0	0.0	1059.0	0	0.0
login	35	177	268557.5	35	1.261715933669791	268557.5	18	0.6488824801730353	3017.5	5	0.1802451333813987	1065.0	0	0.0	1065.0	0	0.0
login	35	178	270070.5	0	0.0	270070.5	17	0.6128334534967556	3034.5	3	0.10814708002883922	1071.0	0	0.0	1071.0	0	0.0
login	35	179	271583.5	35	1.261715933669791	271583.5	5	0.1802451333813987	3051.5	4	0.14419610670511895	1077.0	0	0.0	1077.0	0	0.0
login	35	180	273096.5	0	0.0	273096.5	19	0.684931506849315	3068.5	4	0.14419610670511895	1083.0	0	0.0	1083.0	0	0.0
login	35	181	274609.5	0	0.0	274609.5	11	0.3965392934390771	3085.5	3	0.10814708002883922	1089.0	0	0.0	1089.0	0	0.0
login	35	182	276122.5	35	1.261715933669791	276122.5	13	0.4686373467916366	3102.5	1	0.03604902667627974	1095.0	0	0.0	1095.0	0	0.0
login	35	183	277635.5	0	0.0	277635.5	19	0.684931506849315	3119.5	1	0.03604902667627974	1101.0	0	0.0	1101.0	0	0.0
login	35	184	279148.5	35	1.261715933669791	279148.5	3	0.10814708002883922	3136.5	1	0.03604902667627974	1107.0	0	0.0	1107.0	0	0.0
login	35	185	280661.5	0	0.0	280661.5	20	0.7209805335255948	3153.5	2	0.07209805335255948	1113.0	0	0.0	1113.0	0	0.0
login	35	186	282174.5	0	0.0	282174.5	15	0.5407354001441961	3170.5	2	0.07209805335255948	1119.0	0	0.0	1119.0	0	0.0
login	35	187	283687.5	35	1.261715933669791	283687.5	7	0.25234318673395817	3187.5	1	0.03604902667627974	1125.0	0	0.0	1125.0	0	0.0
login	35	188	285200.5	0	0.0	285200.5	20	0.7209805335255948	3204.5	0	0.0	1131.0	0	0.0	1131.0	0	0.0
login	35	189	286713.5	6	0.21629416005767843	286713.5	8	0.2883922134102379	3221.5	0	0.0	1137.0	0	0.0	1137.0	0	0.0
login	35	190	288226.5	29	1.0454217736121123	288226.5	17	0.6128334534967556	3238.5	0	0.0	1143.0	0	0.0	1143.0	0	0.0
login	35	191	289739.5	0	0.0	289739.5	14	0.5046863734679163	3255.5	0	0.0	1149.0	0	0.0	1149.0	0	0.0
login	35	192	291252.5	35	1.261715933669791	291252.5	5	0.1802451333813987	3272.5	1	0.03604902667627974	1155.0	0	0.0	1155.0	0	0.0
login	35	193	292765.5	0	0.0	292765.5	21	0.7570295602018745	3289.5	0	0.0	1161.0	0	0.0	1161.0	0	0.0
login	35	194	294278.5	0	0.0	294278.5	13	0.4686373467916366	3306.5	0	0.0	1167.0	0	0.0	1167.0	0	0.0
login	35	195	295791.5	35	1.261715933669791	295791.5	11	0.3965392934390771	3323.5	0	0.0	1173.0	0	0.0	1173.0	0	0.0
login	35	196	297304.5	0	0.0	297304.5	21	0.7570295602018745	3340.5	0	0.0	1179.0	0	0.0	1179.0	0	0.0
login	35	197	298817.5	35	1.261715933669791	298817.5	3	0.10814708002883922	3357.5	0	0.0	1185.0	0	0.0	1185.0	0	0.0
login	35	198	300330.5	0	0.0	300330.5	18	0.6488824801730353	3374.5	0	0.0	1191.0	0	0.0	1191.0	0	0.0
login	35	199	301843.5	0	0.0	301843.5	17	0.6128334534967556	3391.5	0	0.0	1197.0	0	0.0	1197.0	0	0.0
info	35	0	755.0	20	0.7285974499089254	755.0	8	0.29143897996357016	7.5	65	2.3679417122040074	3.0	2745	100.00000000000001	3.0	2745	100.00000000000001
info	35	1	2265.0	17	0.6193078324225866	2265.0	28	1.0200364298724955	22.5	15	0.546448087431694	9.0	0	0.0	9.0	0	0.0
info	35	2	3775.0	10	0.3642987249544627	3775.0	7	0.2550091074681239	37.5	46	1.6757741347905284	15.0	0	0.0	15.0	0	0.0
info	35	3	5285.0	20	0.7285974499089254	5285.0	0	0.0	52.5	42	1.5300546448087433	21.0	0	0.0	21.0	0	0.0
info	35	4	6795.0	11	0.40072859744990896	6795.0	35	1.2750455373406195	67.5	31	1.1293260473588345	27.0	0	0.0	27.0	0	0.0
info	35	5	8305.0	18	0.6557377049180328	8305.0	0	0.0	82.5	54	1.9672131147540985	33.0	0	0.0	33.0	0	0.0
info	35	6	9815.0	17	0.6193078324225866	9815.0	35	1.2750455373406195	97.5	40	1.4571948998178508	39.0	0	0.0	39.0	0	0.0
info	35	7	11325.0	7	0.2550091074681239	11325.0	0	0.0	112.5	37	1.3479052823315119	45.0	0	0.0	45.0	0	0.0
info	35	8	12835.0	18	0.6557377049180328	12835.0	0	0.0	127.5	12	0.43715846994535523	51.0	0	0.0	51.0	0	0.0
info	35	9	14345.0	10	0.3642987249544627	14345.0	35	1.2750455373406195	142.5	14	0.5100182149362478	57.0	0	0.0	57.0	0	0.0
info	35	10	15855.0	13	0.4735883424408015	15855.0	1	0.03642987249544627	157.5	11	0.40072859744990896	63.0	0	0.0	63.0	0	0.0
info	35	11	17365.0	22	0.8014571948998179	17365.0	34	1.2386156648451732	172.5	15	0.546448087431694	69.0	0	0.0	69.0	0	0.0
info	35	12	18875.0	5	0.18214936247723135	18875.0	0	0.0	187.5	14	0.5100182149362478	75.0	0	0.0	75.0	0	0.0
info	35	13	20385.0	19	0.6921675774134791	20385.0	0	0.0	202.5	13	0.4735883424408015	81.0	0	0.0	81.0	0	0.0
info	35	14	21895.0	11	0.40072859744990896	21895.0	35	1.2750455373406195	217.5	12	0.43715846994535523	87.0	0	0.0	87.0	0	0.0
info	35	15	23405.0	12	0.43715846994535523	23405.0	0	0.0	232.5	8	0.29143897996357016	93.0	0	0.0	93.0	0	0.0
info	35	16	24915.0	21	0.7650273224043717	24915.0	31	1.1293260473588345	247.5	16	0.5828779599271403	99.0	0	0.0	99.0	0	0.0
info	35	17	26425.0	8	0.29143897996357016	26425.0	5	0.18214936247723135	262.5	10	0.3642987249544627	105.0	0	0.0	105.0	0	0.0
info	35	18	27935.0	19	0.6921675774134791	27935.0	1	0.03642987249544627	277.5	12	0.43715846994535523	111.0	0	0.0	111.0	0	0.0
info	35	19	29445.0	11	0.40072859744990896	29445.0	34	1.2386156648451732	292.5	15	0.546448087431694	117.0	0	0.0	117.0	0	0.0
info	35	20	30955.0	10	0.3642987249544627	30955.0	0	0.0	307.5	21	0.7650273224043717	123.0	0	0.0	123.0	0	0.0
info	35	21	32465.0	18	0.6557377049180328	32465.0	0	0.0	322.5	13	0.4735883424408015	129.0	0	0.0	129.0	0	0.0
info	35	22	33975.0	7	0.2550091074681239	33975.0	35	1.2750455373406195	337.5	13	0.4735883424408015	135.0	0	0.0	135.0	0	0.0
info	35	23	35485.0	18	0.6557377049180328	35485.0	0	0.0	352.5	14	0.5100182149362478	141.0	0	0.0	141.0	0	0.0
info	35	24	36995.0	17	0.6193078324225866	36995.0	35	1.2750455373406195	367.5	16	0.5828779599271403	147.0	0	0.0	147.0	0	0.0
info	35	25	38505.0	7	0.2550091074681239	38505.0	0	0.0	382.5	17	0.6193078324225866	153.0	0	0.0	153.0	0	0.0
info	35	26	40015.0	20	0.7285974499089254	40015.0	0	0.0	397.5	15	0.546448087431694	159.0	0	0.0	159.0	0	0.0
info	35	27	41525.0	8	0.29143897996357016	41525.0	35	1.2750455373406195	412.5	21	0.7650273224043717	165.0	0	0.0	165.0	0	0.0
info	35	28	43035.0	18	0.6557377049180328	43035.0	0	0.0	427.5	11	0.40072859744990896	171.0	0	0.0	171.0	0	0.0
info	35	29	44545.0	17	0.6193078324225866	44545.0	35	1.2750455373406195	442.5	20	0.7285974499089254	177.0	0	0.0	177.0	0	0.0
info	35	30	46055.0	10	0.3642987249544627	46055.0	0	0.0	457.5	11	0.40072859744990896	183.0	0	0.0	183.0	0	0.0
info	35	31	47565.0	20	0.7285974499089254	47565.0	2	0.07285974499089254	472.5	20	0.7285974499089254	189.0	0	0.0	189.0	0	0.0
info	35	32	49075.0	5	0.18214936247723135	49075.0	33	1.2021857923497268	487.5	22	0.8014571948998179	195.0	0	0.0	195.0	0	0.0
info	35	33	50585.0	19	0.6921675774134791	50585.0	2	0.07285974499089254	502.5	18	0.6557377049180328	201.0	0	0.0	201.0	0	0.0
info	35	34	52095.0	16	0.5828779599271403	52095.0	33	1.2021857923497268	517.5	18	0.6557377049180328	207.0	0	0.0	207.0	0	0.0
info	35	35	53605.0	7	0.2550091074681239	53605.0	1	0.03642987249544627	532.5	11	0.40072859744990896	213.0	0	0.0	213.0	0	0.0
info	35	36	55115.0	24	0.8743169398907105	55115.0	0	0.0	547.5	11	0.40072859744990896	219.0	0	0.0	219.0	0	0.0
info	35	37	56625.0	6	0.21857923497267762	56625.0	34	1.2386156648451732	562.5	7	0.2550091074681239	225.0	0	0.0	225.0	0	0.0
info	35	38	58135.0	17	0.6193078324225866	58135.0	1	0.03642987249544627	577.5	12	0.43715846994535523	231.0	0	0.0	231.0	0	0.0
info	35	39	59645.0	16	0.5828779599271403	59645.0	34	1.2386156648451732	592.5	21	0.7650273224043717	237.0	0	0.0	237.0	0	0.0
info	35	40	61155.0	9	0.3278688524590164	61155.0	1	0.03642987249544627	607.5	14	0.5100182149362478	243.0	0	0.0	243.0	0	0.0
info	35	41	62665.0	18	0.6557377049180328	62665.0	0	0.0	622.5	19	0.6921675774134791	249.0	0	0.0	249.0	0	0.0
info	35	42	64175.0	8	0.29143897996357016	64175.0	34	1.2386156648451732	637.5	10	0.3642987249544627	255.0	0	0.0	255.0	0	0.0
info	35	43	65685.0	13	0.4735883424408015	65685.0	0	0.0	652.5	14	0.5100182149362478	261.0	0	0.0	261.0	0	0.0
info	35	44	67195.0	20	0.7285974499089254	67195.0	33	1.2021857923497268	667.5	15	0.546448087431694	267.0	0	0.0	267.0	0	0.0
info	35	45	68705.0	9	0.3278688524590164	68705.0	3	0.10928961748633881	682.5	13	0.4735883424408015	273.0	0	0.0	273.0	0	0.0
info	35	46	70215.0	18	0.6557377049180328	70215.0	0	0.0	697.5	19	0.6921675774134791	279.0	0	0.0	279.0	0	0.0
info	35	47	71725.0	10	0.3642987249544627	71725.0	34	1.2386156648451732	712.5	23	0.8378870673952642	285.0	0	0.0	285.0	0	0.0
info	35	48	73235.0	16	0.5828779599271403	73235.0	0	0.0	727.5	10	0.3642987249544627	291.0	0	0.0	291.0	0	0.0
info	35	49	74745.0	19	0.6921675774134791	74745.0	35	1.2750455373406195	742.5	12	0.43715846994535523	297.0	0	0.0	297.0	0	0.0
info	35	50	76255.0	9	0.3278688524590164	76255.0	0	0.0	757.5	11	0.40072859744990896	303.0	0	0.0	303.0	0	0.0
info	35	51	77765.0	19	0.6921675774134791	77765.0	0	0.0	772.5	23	0.8378870673952642	309.0	0	0.0	309.0	0	0.0
info	35	52	79275.0	7	0.2550091074681239	79275.0	35	1.2750455373406195	787.5	19	0.6921675774134791	315.0	0	0.0	315.0	0	0.0
info	35	53	80785.0	18	0.6557377049180328	80785.0	0	0.0	802.5	17	0.6193078324225866	321.0	0	0.0	321.0	0	0.0
info	35	54	82295.0	17	0.6193078324225866	82295.0	35	1.2750455373406195	817.5	20	0.7285974499089254	327.0	0	0.0	327.0	0	0.0
info	35	55	83805.0	7	0.2550091074681239	83805.0	0	0.0	832.5	12	0.43715846994535523	333.0	0	0.0	333.0	0	0.0
info	35	56	85315.0	20	0.7285974499089254	85315.0	0	0.0	847.5	14	0.5100182149362478	339.0	0	0.0	339.0	0	0.0
info	35	57	86825.0	8	0.29143897996357016	86825.0	35	1.2750455373406195	862.5	14	0.5100182149362478	345.0	0	0.0	345.0	0	0.0
info	35	58	88335.0	15	0.546448087431694	88335.0	0	0.0	877.5	13	0.4735883424408015	351.0	0	0.0	351.0	0	0.0
info	35	59	89845.0	17	0.6193078324225866	89845.0	5	0.18214936247723135	892.5	15	0.546448087431694	357.0	0	0.0	357.0	0	0.0
info	35	60	91355.0	5	0.18214936247723135	91355.0	30	1.092896174863388	907.5	15	0.546448087431694	363.0	0	0.0	363.0	0	0.0
info	35	61	92865.0	20	0.7285974499089254	92865.0	0	0.0	922.5	18	0.6557377049180328	369.0	0	0.0	369.0	0	0.0
info	35	62	94375.0	13	0.4735883424408015	94375.0	35	1.2750455373406195	937.5	20	0.7285974499089254	375.0	0	0.0	375.0	0	0.0
info	35	63	95885.0	11	0.40072859744990896	95885.0	0	0.0	952.5	14	0.5100182149362478	381.0	0	0.0	381.0	0	0.0
info	35	64	97395.0	20	0.7285974499089254	97395.0	1	0.03642987249544627	967.5	9	0.3278688524590164	387.0	0	0.0	387.0	0	0.0
info	35	65	98905.0	6	0.21857923497267762	98905.0	34	1.2386156648451732	982.5	21	0.7650273224043717	393.0	0	0.0	393.0	0	0.0
info	35	66	100415.0	20	0.7285974499089254	100415.0	0	0.0	997.5	20	0.7285974499089254	399.0	0	0.0	399.0	0	0.0
info	35	67	101925.0	13	0.4735883424408015	101925.0	35	1.2750455373406195	1012.5	9	0.3278688524590164	405.0	0	0.0	405.0	0	0.0
info	35	68	103435.0	12	0.43715846994535523	103435.0	0	0.0	1027.5	20	0.7285974499089254	411.0	0	0.0	411.0	0	0.0
info	35	69	104945.0	21	0.7650273224043717	104945.0	31	1.1293260473588345	1042.5	10	0.3642987249544627	417.0	0	0.0	417.0	0	0.0
info	35	70	106455.0	6	0.21857923497267762	106455.0	5	0.18214936247723135	1057.5	10	0.3642987249544627	423.0	0	0.0	423.0	0	0.0
info	35	71	107965.0	17	0.6193078324225866	107965.0	0	0.0	1072.5	15	0.546448087431694	429.0	0	0.0	429.0	0	0.0
info	35	72	109475.0	14	0.5100182149362478	109475.0	34	1.2386156648451732	1087.5	14	0.5100182149362478	435.0	0	0.0	435.0	0	0.0
info	35	73	110985.0	10	0.3642987249544627	110985.0	0	0.0	1102.5	15	0.546448087431694	441.0	0	0.0	441.0	0	0.0
info	35	74	112495.0	17	0.6193078324225866	112495.0	1	0.03642987249544627	1117.5	15	0.546448087431694	447.0	0	0.0	447.0	0	0.0
info	35	75	114005.0	8	0.29143897996357016	114005.0	34	1.2386156648451732	1132.5	10	0.3642987249544627	453.0	0	0.0	453.0	0	0.0
info	35	76	115515.0	14	0.5100182149362478	115515.0	0	0.0	1147.5	12	0.43715846994535523	459.0	0	0.0	459.0	0	0.0
info	35	77	117025.0	20	0.7285974499089254	117025.0	33	1.2021857923497268	1162.5	16	0.5828779599271403	465.0	0	0.0	465.0	0	0.0
info	35	78	118535.0	5	0.18214936247723135	118535.0	2	0.07285974499089254	1177.5	12	0.43715846994535523	471.0	0	0.0	471.0	0	0.0
info	35	79	120045.0	17	0.6193078324225866	120045.0	0	0.0	1192.5	23	0.8378870673952642	477.0	0	0.0	477.0	0	0.0
info	35	80	121555.0	14	0.5100182149362478	121555.0	35	1.2750455373406195	1207.5	17	0.6193078324225866	483.0	0	0.0	483.0	0	0.0
info	35	81	123065.0	8	0.29143897996357016	123065.0	0	0.0	1222.5	19	0.6921675774134791	489.0	0	0.0	489.0	0	0.0
info	35	82	124575.0	21	0.7650273224043717	124575.0	0	0.0	1237.5	20	0.7285974499089254	495.0	0	0.0	495.0	0	0.0
info	35	83	126085.0	6	0.21857923497267762	126085.0	35	1.2750455373406195	1252.5	14	0.5100182149362478	501.0	0	0.0	501.0	0	0.0
info	35	84	127595.0	22	0.8014571948998179	127595.0	0	0.0	1267.5	14	0.5100182149362478	507.0	0	0.0	507.0	0	0.0
info	35	85	129105.0	13	0.4735883424408015	129105.0	35	1.2750455373406195	1282.5	15	0.546448087431694	513.0	0	0.0	513.0	0	0.0
info	35	86	130615.0	14	0.5100182149362478	130615.0	0	0.0	1297.5	16	0.5828779599271403	519.0	0	0.0	519.0	0	0.0
info	35	87	132125.0	20	0.7285974499089254	132125.0	31	1.1293260473588345	1312.5	17	0.6193078324225866	525.0	0	0.0	525.0	0	0.0
info	35	88	133635.0	4	0.14571948998178508	133635.0	4	0.14571948998178508	1327.5	16	0.5828779599271403	531.0	0	0.0	531.0	0	0.0
info	35	89	135145.0	22	0.8014571948998179	135145.0	0	0.0	1342.5	7	0.2550091074681239	537.0	0	0.0	537.0	0	0.0
info	35	90	136655.0	10	0.3642987249544627	136655.0	35	1.2750455373406195	1357.5	12	0.43715846994535523	543.0	0	0.0	543.0	0	0.0
info	35	91	138165.0	17	0.6193078324225866	138165.0	0	0.0	1372.5	14	0.5100182149362478	549.0	0	0.0	549.0	0	0.0
info	35	92	139675.0	18	0.6557377049180328	139675.0	35	1.2750455373406195	1387.5	10	0.3642987249544627	555.0	0	0.0	555.0	0	0.0
info	35	93	141185.0	9	0.3278688524590164	141185.0	0	0.0	1402.5	16	0.5828779599271403	561.0	0	0.0	561.0	0	0.0
info	35	94	142695.0	16	0.5828779599271403	142695.0	0	0.0	1417.5	21	0.7650273224043717	567.0	0	0.0	567.0	0	0.0
info	35	95	144205.0	10	0.3642987249544627	144205.0	35	1.2750455373406195	1432.5	11	0.40072859744990896	573.0	0	0.0	573.0	0	0.0
info	35	96	145715.0	16	0.5828779599271403	145715.0	0	0.0	1447.5	16	0.5828779599271403	579.0	0	0.0	579.0	0	0.0
info	35	97	147225.0	19	0.6921675774134791	147225.0	35	1.2750455373406195	1462.5	10	0.3642987249544627	585.0	0	0.0	585.0	0	0.0
info	35	98	148735.0	10	0.3642987249544627	148735.0	0	0.0	1477.5	20	0.7285974499089254	591.0	0	0.0	591.0	0	0.0
info	35	99	150245.0	19	0.6921675774134791	150245.0	0	0.0	1492.5	19	0.6921675774134791	597.0	0	0.0	597.0	0	0.0
info	35	100	151755.0	7	0.2550091074681239	151755.0	35	1.2750455373406195	1507.5	19	0.6921675774134791	603.0	0	0.0	603.0	0	0.0
info	35	101	153265.0	20	0.7285974499089254	153265.0	1	0.03642987249544627	1522.5	14	0.5100182149362478	609.0	0	0.0	609.0	0	0.0
info	35	102	154775.0	14	0.5100182149362478	154775.0	34	1.2386156648451732	1537.5	9	0.3278688524590164	615.0	0	0.0	615.0	0	0.0
info	35	103	156285.0	14	0.5100182149362478	156285.0	1	0.03642987249544627	1552.5	17	0.6193078324225866	621.0	0	0.0	621.0	0	0.0
info	35	104	157795.0	21	0.7650273224043717	157795.0	32	1.1657559198542806	1567.5	16	0.5828779599271403	627.0	0	0.0	627.0	0	0.0
info	35	105	159305.0	4	0.14571948998178508	159305.0	2	0.07285974499089254	1582.5	12	0.43715846994535523	633.0	0	0.0	633.0	0	0.0
info	35	106	160815.0	18	0.6557377049180328	160815.0	0	0.0	1597.5	25	0.9107468123861567	639.0	0	0.0	639.0	0	0.0
info	35	107	162325.0	13	0.4735883424408015	162325.0	35	1.2750455373406195	1612.5	20	0.7285974499089254	645.0	0	0.0	645.0	0	0.0
info	35	108	163835.0	11	0.40072859744990896	163835.0	0	0.0	1627.5	11	0.40072859744990896	651.0	0	0.0	651.0	0	0.0
info	35	109	165345.0	19	0.6921675774134791	165345.0	1	0.03642987249544627	1642.5	10	0.3642987249544627	657.0	0	0.0	657.0	0	0.0
info	35	110	166855.0	9	0.3278688524590164	166855.0	34	1.2386156648451732	1657.5	9	0.3278688524590164	663.0	0	0.0	663.0	0	0.0
info	35	111	168365.0	17	0.6193078324225866	168365.0	0	0.0	1672.5	9	0.3278688524590164	669.0	0	0.0	669.0	0	0.0
info	35	112	169875.0	14	0.5100182149362478	169875.0	35	1.2750455373406195	1687.5	17	0.6193078324225866	675.0	0	0.0	675.0	0	0.0
info	35	113	171385.0	11	0.40072859744990896	171385.0	1	0.03642987249544627	1702.5	15	0.546448087431694	681.0	0	0.0	681.0	0	0.0
info	35	114	172895.0	18	0.6557377049180328	172895.0	0	0.0	1717.5	25	0.9107468123861567	687.0	0	0.0	687.0	0	0.0
info	35	115	174405.0	6	0.21857923497267762	174405.0	34	1.2386156648451732	1732.5	14	0.5100182149362478	693.0	0	0.0	693.0	0	0.0
info	35	116	175915.0	18	0.6557377049180328	175915.0	0	0.0	1747.5	14	0.5100182149362478	699.0	0	0.0	699.0	0	0.0
info	35	117	177425.0	17	0.6193078324225866	177425.0	35	1.2750455373406195	1762.5	11	0.40072859744990896	705.0	0	0.0	705.0	0	0.0
info	35	118	178935.0	9	0.3278688524590164	178935.0	0	0.0	1777.5	13	0.4735883424408015	711.0	0	0.0	711.0	0	0.0
info	35	119	180445.0	20	0.7285974499089254	180445.0	0	0.0	1792.5	21	0.7650273224043717	717.0	0	0.0	717.0	0	0.0
info	35	120	181955.0	6	0.21857923497267762	181955.0	35	1.2750455373406195	1807.5	26	0.947176684881603	723.0	0	0.0	723.0	0	0.0
info	35	121	183465.0	18	0.6557377049180328	183465.0	0	0.0	1822.5	12	0.43715846994535523	729.0	0	0.0	729.0	0	0.0
info	35	122	184975.0	17	0.6193078324225866	184975.0	35	1.2750455373406195	1837.5	14	0.5100182149362478	735.0	0	0.0	735.0	0	0.0
info	35	123	186485.0	12	0.43715846994535523	186485.0	0	0.0	1852.5	15	0.546448087431694	741.0	0	0.0	741.0	0	0.0
info	35	124	187995.0	16	0.5828779599271403	187995.0	0	0.0	1867.5	10	0.3642987249544627	747.0	0	0.0	747.0	0	0.0
info	35	125	189505.0	7	0.2550091074681239	189505.0	35	1.2750455373406195	1882.5	24	0.8743169398907105	753.0	0	0.0	753.0	0	0.0
info	35	126	191015.0	18	0.6557377049180328	191015.0	0	0.0	1897.5	18	0.6557377049180328	759.0	0	0.0	759.0	0	0.0
info	35	127	192525.0	17	0.6193078324225866	192525.0	35	1.2750455373406195	1912.5	27	0.9836065573770493	765.0	0	0.0	765.0	0	0.0
info	35	128	194035.0	12	0.43715846994535523	194035.0	0	0.0	1927.5	12	0.43715846994535523	771.0	0	0.0	771.0	0	0.0
info	35	129	195545.0	18	0.6557377049180328	195545.0	0	0.0	1942.5	11	0.40072859744990896	777.0	0	0.0	777.0	0	0.0
info	35	130	197055.0	5	0.18214936247723135	197055.0	35	1.2750455373406195	1957.5	15	0.546448087431694	783.0	0	0.0	783.0	0	0.0
info	35	131	198565.0	18	0.6557377049180328	198565.0	0	0.0	1972.5	19	0.6921675774134791	789.0	0	0.0	789.0	0	0.0
info	35	132	200075.0	16	0.5828779599271403	200075.0	33	1.2021857923497268	1987.5	15	0.546448087431694	795.0	0	0.0	795.0	0	0.0
info	35	133	201585.0	5	0.18214936247723135	201585.0	2	0.07285974499089254	2002.5	23	0.8378870673952642	801.0	0	0.0	801.0	0	0.0
info	35	134	203095.0	19	0.6921675774134791	203095.0	0	0.0	2017.5	15	0.546448087431694	807.0	0	0.0	807.0	0	0.0
info	35	135	204605.0	12	0.43715846994535523	204605.0	35	1.2750455373406195	2032.5	12	0.43715846994535523	813.0	0	0.0	813.0	0	0.0
info	35	136	206115.0	14	0.5100182149362478	206115.0	0	0.0	2047.5	9	0.3278688524590164	819.0	0	0.0	819.0	0	0.0
info	35	137	207625.0	17	0.6193078324225866	207625.0	0	0.0	2062.5	9	0.3278688524590164	825.0	0	0.0	825.0	0	0.0
info	35	138	209135.0	6	0.21857923497267762	209135.0	35	1.2750455373406195	2077.5	25	0.9107468123861567	831.0	0	0.0	831.0	0	0.0
info	35	139	210645.0	16	0.5828779599271403	210645.0	0	0.0	2092.5	24	0.8743169398907105	837.0	0	0.0	837.0	0	0.0
info	35	140	212155.0	17	0.6193078324225866	212155.0	35	1.2750455373406195	2107.5	12	0.43715846994535523	843.0	0	0.0	843.0	0	0.0
info	35	141	213665.0	5	0.18214936247723135	213665.0	0	0.0	2122.5	16	0.5828779599271403	849.0	0	0.0	849.0	0	0.0
info	35	142	215175.0	22	0.8014571948998179	215175.0	1	0.03642987249544627	2137.5	14	0.5100182149362478	855.0	0	0.0	855.0	0	0.0
info	35	143	216685.0	8	0.29143897996357016	216685.0	34	1.2386156648451732	2152.5	16	0.5828779599271403	861.0	0	0.0	861.0	0	0.0
info	35	144	218195.0	14	0.5100182149362478	218195.0	0	0.0	2167.5	11	0.40072859744990896	867.0	0	0.0	867.0	0	0.0
info	35	145	219705.0	18	0.6557377049180328	219705.0	3	0.10928961748633881	2182.5	11	0.40072859744990896	873.0	0	0.0	873.0	0	0.0
info	35	146	221215.0	5	0.18214936247723135	221215.0	32	1.1657559198542806	2197.5	23	0.8378870673952642	879.0	0	0.0	879.0	0	0.0
info	35	147	222725.0	24	0.8743169398907105	222725.0	0	0.0	2212.5	20	0.7285974499089254	885.0	0	0.0	885.0	0	0.0
info	35	148	224235.0	9	0.3278688524590164	224235.0	35	1.2750455373406195	2227.5	14	0.5100182149362478	891.0	0	0.0	891.0	0	0.0
info	35	149	225745.0	14	0.5100182149362478	225745.0	0	0.0	2242.5	10	0.3642987249544627	897.0	0	0.0	897.0	0	0.0
info	35	150	227255.0	19	0.6921675774134791	227255.0	32	1.1657559198542806	2257.5	19	0.6921675774134791	903.0	0	0.0	903.0	0	0.0
info	35	151	228765.0	7	0.2550091074681239	228765.0	3	0.10928961748633881	2272.5	19	0.6921675774134791	909.0	0	0.0	909.0	0	0.0
info	35	152	230275.0	18	0.6557377049180328	230275.0	0	0.0	2287.5	12	0.43715846994535523	915.0	0	0.0	915.0	0	0.0
info	35	153	231785.0	12	0.43715846994535523	231785.0	35	1.2750455373406195	2302.5	12	0.43715846994535523	921.0	0	0.0	921.0	0	0.0
info	35	154	233295.0	13	0.4735883424408015	233295.0	1	0.03642987249544627	2317.5	10	0.3642987249544627	927.0	0	0.0	927.0	0	0.0
info	35	155	234805.0	22	0.8014571948998179	234805.0	33	1.2021857923497268	2332.5	11	0.40072859744990896	933.0	0	0.0	933.0	0	0.0
info	35	156	236315.0	5	0.18214936247723135	236315.0	1	0.03642987249544627	2347.5	13	0.4735883424408015	939.0	0	0.0	939.0	0	0.0
info	35	157	237825.0	16	0.5828779599271403	237825.0	0	0.0	2362.5	5	0.18214936247723135	945.0	0	0.0	945.0	0	0.0
info	35	158	239335.0	14	0.5100182149362478	239335.0	35	1.2750455373406195	2377.5	10	0.3642987249544627	951.0	0	0.0	951.0	0	0.0
info	35	159	240845.0	10	0.3642987249544627	240845.0	0	0.0	2392.5	10	0.3642987249544627	957.0	0	0.0	957.0	0	0.0
info	35	160	242355.0	18	0.6557377049180328	242355.0	0	0.0	2407.5	9	0.3278688524590164	963.0	0	0.0	963.0	0	0.0
info	35	161	243865.0	7	0.2550091074681239	243865.0	35	1.2750455373406195	2422.5	8	0.29143897996357016	969.0	0	0.0	969.0	0	0.0
info	35	162	245375.0	16	0.5828779599271403	245375.0	0	0.0	2437.5	8	0.29143897996357016	975.0	0	0.0	975.0	0	0.0
info	35	163	246885.0	19	0.6921675774134791	246885.0	35	1.2750455373406195	2452.5	4	0.14571948998178508	981.0	0	0.0	981.0	0	0.0
info	35	164	248395.0	9	0.3278688524590164	248395.0	0	0.0	2467.5	8	0.29143897996357016	987.0	0	0.0	987.0	0	0.0
info	35	165	249905.0	17	0.6193078324225866	249905.0	1	0.03642987249544627	2482.5	9	0.3278688524590164	993.0	0	0.0	993.0	0	0.0
info	35	166	251415.0	9	0.3278688524590164	251415.0	34	1.2386156648451732	2497.5	9	0.3278688524590164	999.0	0	0.0	999.0	0	0.0
info	35	167	252925.0	16	0.5828779599271403	252925.0	0	0.0	2512.5	15	0.546448087431694	1005.0	0	0.0	1005.0	0	0.0
info	35	168	254435.0	19	0.6921675774134791	254435.0	35	1.2750455373406195	2527.5	4	0.14571948998178508	1011.0	0	0.0	1011.0	0	0.0
info	35	169	255945.0	5	0.18214936247723135	255945.0	0	0.0	2542.5	2	0.07285974499089254	1017.0	0	0.0	1017.0	0	0.0
info	35	170	257455.0	21	0.7650273224043717	257455.0	0	0.0	2557.5	7	0.2550091074681239	1023.0	0	0.0	1023.0	0	0.0
info	35	171	258965.0	9	0.3278688524590164	258965.0	35	1.2750455373406195	2572.5	8	0.29143897996357016	1029.0	0	0.0	1029.0	0	0.0
info	35	172	260475.0	14	0.5100182149362478	260475.0	0	0.0	2587.5	12	0.43715846994535523	1035.0	0	0.0	1035.0	0	0.0
info	35	173	261985.0	18	0.6557377049180328	261985.0	15	0.546448087431694	2602.5	8	0.29143897996357016	1041.0	0	0.0	1041.0	0	0.0
info	35	174	263495.0	6	0.21857923497267762	263495.0	20	0.7285974499089254	2617.5	4	0.14571948998178508	1047.0	0	0.0	1047.0	0	0.0
info	35	175	265005.0	23	0.8378870673952642	265005.0	0	0.0	2632.5	6	0.21857923497267762	1053.0	0	0.0	1053.0	0	0.0
info	35	176	266515.0	9	0.3278688524590164	266515.0	35	1.2750455373406195	2647.5	3	0.10928961748633881	1059.0	0	0.0	1059.0	0	0.0
info	35	177	268025.0	16	0.5828779599271403	268025.0	1	0.03642987249544627	2662.5	0	0.0	1065.0	0	0.0	1065.0	0	0.0
info	35	178	269535.0	18	0.6557377049180328	269535.0	32	1.1657559198542806	2677.5	1	0.03642987249544627	1071.0	0	0.0	1071.0	0	0.0
info	35	179	271045.0	3	0.10928961748633881	271045.0	2	0.07285974499089254	2692.5	1	0.03642987249544627	1077.0	0	0.0	1077.0	0	0.0
info	35	180	272555.0	19	0.6921675774134791	272555.0	0	0.0	2707.5	5	0.18214936247723135	1083.0	0	0.0	1083.0	0	0.0
info	35	181	274065.0	14	0.5100182149362478	274065.0	35	1.2750455373406195	2722.5	3	0.10928961748633881	1089.0	0	0.0	1089.0	0	0.0
info	35	182	275575.0	10	0.3642987249544627	275575.0	0	0.0	2737.5	0	0.0	1095.0	0	0.0	1095.0	0	0.0
info	35	183	277085.0	20	0.7285974499089254	277085.0	0	0.0	2752.5	3	0.10928961748633881	1101.0	0	0.0	1101.0	0	0.0
info	35	184	278595.0	5	0.18214936247723135	278595.0	35	1.2750455373406195	2767.5	0	0.0	1107.0	0	0.0	1107.0	0	0.0
info	35	185	280105.0	18	0.6557377049180328	280105.0	0	0.0	2782.5	0	0.0	1113.0	0	0.0	1113.0	0	0.0
info	35	186	281615.0	17	0.6193078324225866	281615.0	35	1.2750455373406195	2797.5	1	0.03642987249544627	1119.0	0	0.0	1119.0	0	0.0
info	35	187	283125.0	6	0.21857923497267762	283125.0	0	0.0	2812.5	0	0.0	1125.0	0	0.0	1125.0	0	0.0
info	35	188	284635.0	19	0.6921675774134791	284635.0	1	0.03642987249544627	2827.5	0	0.0	1131.0	0	0.0	1131.0	0	0.0
info	35	189	286145.0	10	0.3642987249544627	286145.0	34	1.2386156648451732	2842.5	0	0.0	1137.0	0	0.0	1137.0	0	0.0
info	35	190	287655.0	13	0.4735883424408015	287655.0	0	0.0	2857.5	0	0.0	1143.0	0	0.0	1143.0	0	0.0
info	35	191	289165.0	17	0.6193078324225866	289165.0	0	0.0	2872.5	0	0.0	1149.0	0	0.0	1149.0	0	0.0
info	35	192	290675.0	5	0.18214936247723135	290675.0	35	1.2750455373406195	2887.5	0	0.0	1155.0	0	0.0	1155.0	0	0.0
info	35	193	292185.0	19	0.6921675774134791	292185.0	0	0.0	2902.5	0	0.0	1161.0	0	0.0	1161.0	0	0.0
info	35	194	293695.0	16	0.5828779599271403	293695.0	35	1.2750455373406195	2917.5	0	0.0	1167.0	0	0.0	1167.0	0	0.0
info	35	195	295205.0	7	0.2550091074681239	295205.0	0	0.0	2932.5	0	0.0	1173.0	0	0.0	1173.0	0	0.0
info	35	196	296715.0	22	0.8014571948998179	296715.0	0	0.0	2947.5	0	0.0	1179.0	0	0.0	1179.0	0	0.0
info	35	197	298225.0	6	0.21857923497267762	298225.0	35	1.2750455373406195	2962.5	0	0.0	1185.0	0	0.0	1185.0	0	0.0
info	35	198	299735.0	6	0.21857923497267762	299735.0	0	0.0	2977.5	0	0.0	1191.0	0	0.0	1191.0	0	0.0
info	35	199	301245.0	0	0.0	301245.0	6	0.21857923497267762	2992.5	0	0.0	1197.0	0	0.0	1197.0	0	0.0
home	35	0	744.5	8	0.29207740051113545	744.5	4	0.14603870025556773	6.5	120	4.381161007667032	3.0	2739	100.0	3.0	2739	100.0
home	35	1	2233.5	31	1.1317999269806498	2233.5	35	1.2778386272362177	19.5	38	1.3873676524278935	9.0	0	0.0	9.0	0	0.0
home	35	2	3722.5	4	0.14603870025556773	3722.5	1	0.03650967506389193	32.5	28	1.0222709017889742	15.0	0	0.0	15.0	0	0.0
home	35	3	5211.5	0	0.0	5211.5	0	0.0	45.5	98	3.5779481562614093	21.0	0	0.0	21.0	0	0.0
home	35	4	6700.5	35	1.2778386272362177	6700.5	38	1.3873676524278935	58.5	133	4.855786783497627	27.0	0	0.0	27.0	0	0.0
home	35	5	8189.5	0	0.0	8189.5	0	0.0	71.5	199	7.265425337714494	33.0	0	0.0	33.0	0	0.0
home	35	6	9678.5	35	1.2778386272362177	9678.5	35	1.2778386272362177	84.5	273	9.967141292442497	39.0	0	0.0	39.0	0	0.0
home	35	7	11167.5	0	0.0	11167.5	0	0.0	97.5	382	13.946695874406718	45.0	0	0.0	45.0	0	0.0
home	35	8	12656.5	0	0.0	12656.5	0	0.0	110.5	346	12.632347572106609	51.0	0	0.0	51.0	0	0.0
home	35	9	14145.5	35	1.2778386272362177	14145.5	35	1.2778386272362177	123.5	221	8.068638189120117	57.0	0	0.0	57.0	0	0.0
home	35	10	15634.5	1	0.03650967506389193	15634.5	0	0.0	136.5	213	7.776560788608982	63.0	0	0.0	63.0	0	0.0
home	35	11	17123.5	34	1.2413289521723256	17123.5	35	1.2778386272362177	149.5	196	7.1558963125228185	69.0	0	0.0	69.0	0	0.0
home	35	12	18612.5	0	0.0	18612.5	0	0.0	162.5	126	4.600219058050383	75.0	0	0.0	75.0	0	0.0
home	35	13	20101.5	0	0.0	20101.5	0	0.0	175.5	88	3.21285140562249	81.0	0	0.0	81.0	0	0.0
home	35	14	21590.5	35	1.2778386272362177	21590.5	35	1.2778386272362177	188.5	83	3.0303030303030303	87.0	0	0.0	87.0	0	0.0
home	35	15	23079.5	0	0.0	23079.5	0	0.0	201.5	54	1.9715224534501643	93.0	0	0.0	93.0	0	0.0
home	35	16	24568.5	1	0.03650967506389193	24568.5	0	0.0	214.5	30	1.095290251916758	99.0	0	0.0	99.0	0	0.0
home	35	17	26057.5	35	1.2778386272362177	26057.5	36	1.3143483023001095	227.5	3	0.10952902519167579	105.0	0	0.0	105.0	0	0.0
home	35	18	27546.5	1	0.03650967506389193	27546.5	0	0.0	240.5	10	0.36509675063891933	111.0	0	0.0	111.0	0	0.0
home	35	19	29035.5	34	1.2413289521723256	29035.5	35	1.2778386272362177	253.5	13	0.4746257758305951	117.0	0	0.0	117.0	0	0.0
home	35	20	30524.5	0	0.0	30524.5	0	0.0	266.5	5	0.18254837531945967	123.0	0	0.0	123.0	0	0.0
home	35	21	32013.5	0	0.0	32013.5	0	0.0	279.5	10	0.36509675063891933	129.0	0	0.0	129.0	0	0.0
home	35	22	33502.5	35	1.2778386272362177	33502.5	35	1.2778386272362177	292.5	4	0.14603870025556773	135.0	0	0.0	135.0	0	0.0
home	35	23	34991.5	0	0.0	34991.5	0	0.0	305.5	5	0.18254837531945967	141.0	0	0.0	141.0	0	0.0
home	35	24	36480.5	35	1.2778386272362177	36480.5	35	1.2778386272362177	318.5	0	0.0	147.0	0	0.0	147.0	0	0.0
home	35	25	37969.5	0	0.0	37969.5	0	0.0	331.5	1	0.03650967506389193	153.0	0	0.0	153.0	0	0.0
home	35	26	39458.5	0	0.0	39458.5	0	0.0	344.5	1	0.03650967506389193	159.0	0	0.0	159.0	0	0.0
home	35	27	40947.5	35	1.2778386272362177	40947.5	35	1.2778386272362177	357.5	2	0.07301935012778386	165.0	0	0.0	165.0	0	0.0
home	35	28	42436.5	0	0.0	42436.5	0	0.0	370.5	0	0.0	171.0	0	0.0	171.0	0	0.0
home	35	29	43925.5	35	1.2778386272362177	43925.5	35	1.2778386272362177	383.5	0	0.0	177.0	0	0.0	177.0	0	0.0
home	35	30	45414.5	0	0.0	45414.5	0	0.0	396.5	2	0.07301935012778386	183.0	0	0.0	183.0	0	0.0
home	35	31	46903.5	0	0.0	46903.5	0	0.0	409.5	1	0.03650967506389193	189.0	0	0.0	189.0	0	0.0
home	35	32	48392.5	35	1.2778386272362177	48392.5	35	1.2778386272362177	422.5	0	0.0	195.0	0	0.0	195.0	0	0.0
home	35	33	49881.5	2	0.07301935012778386	49881.5	0	0.0	435.5	0	0.0	201.0	0	0.0	201.0	0	0.0
home	35	34	51370.5	30	1.095290251916758	51370.5	0	0.0	448.5	0	0.0	207.0	0	0.0	207.0	0	0.0
home	35	35	52859.5	4	0.14603870025556773	52859.5	35	1.2778386272362177	461.5	3	0.10952902519167579	213.0	0	0.0	213.0	0	0.0
home	35	36	54348.5	0	0.0	54348.5	0	0.0	474.5	5	0.18254837531945967	219.0	0	0.0	219.0	0	0.0
home	35	37	55837.5	34	1.2413289521723256	55837.5	35	1.2778386272362177	487.5	4	0.14603870025556773	225.0	0	0.0	225.0	0	0.0
home	35	38	57326.5	1	0.03650967506389193	57326.5	0	0.0	500.5	3	0.10952902519167579	231.0	0	0.0	231.0	0	0.0
home	35	39	58815.5	0	0.0	58815.5	0	0.0	513.5	0	0.0	237.0	0	0.0	237.0	0	0.0
home	35	40	60304.5	34	1.2413289521723256	60304.5	35	1.2778386272362177	526.5	0	0.0	243.0	0	0.0	243.0	0	0.0
home	35	41	61793.5	1	0.03650967506389193	61793.5	0	0.0	539.5	0	0.0	249.0	0	0.0	249.0	0	0.0
home	35	42	63282.5	34	1.2413289521723256	63282.5	35	1.2778386272362177	552.5	2	0.07301935012778386	255.0	0	0.0	255.0	0	0.0
home	35	43	64771.5	0	0.0	64771.5	0	0.0	565.5	0	0.0	261.0	0	0.0	261.0	0	0.0
home	35	44	66260.5	0	0.0	66260.5	0	0.0	578.5	0	0.0	267.0	0	0.0	267.0	0	0.0
home	35	45	67749.5	35	1.2778386272362177	67749.5	35	1.2778386272362177	591.5	1	0.03650967506389193	273.0	0	0.0	273.0	0	0.0
home	35	46	69238.5	1	0.03650967506389193	69238.5	0	0.0	604.5	2	0.07301935012778386	279.0	0	0.0	279.0	0	0.0
home	35	47	70727.5	34	1.2413289521723256	70727.5	35	1.2778386272362177	617.5	1	0.03650967506389193	285.0	0	0.0	285.0	0	0.0
home	35	48	72216.5	0	0.0	72216.5	0	0.0	630.5	0	0.0	291.0	0	0.0	291.0	0	0.0
home	35	49	73705.5	0	0.0	73705.5	0	0.0	643.5	0	0.0	297.0	0	0.0	297.0	0	0.0
home	35	50	75194.5	35	1.2778386272362177	75194.5	35	1.2778386272362177	656.5	0	0.0	303.0	0	0.0	303.0	0	0.0
home	35	51	76683.5	0	0.0	76683.5	0	0.0	669.5	1	0.03650967506389193	309.0	0	0.0	309.0	0	0.0
home	35	52	78172.5	35	1.2778386272362177	78172.5	35	1.2778386272362177	682.5	0	0.0	315.0	0	0.0	315.0	0	0.0
home	35	53	79661.5	0	0.0	79661.5	0	0.0	695.5	0	0.0	321.0	0	0.0	321.0	0	0.0
home	35	54	81150.5	0	0.0	81150.5	0	0.0	708.5	0	0.0	327.0	0	0.0	327.0	0	0.0
home	35	55	82639.5	35	1.2778386272362177	82639.5	35	1.2778386272362177	721.5	1	0.03650967506389193	333.0	0	0.0	333.0	0	0.0
home	35	56	84128.5	0	0.0	84128.5	0	0.0	734.5	0	0.0	339.0	0	0.0	339.0	0	0.0
home	35	57	85617.5	18	0.6571741511500547	85617.5	0	0.0	747.5	0	0.0	345.0	0	0.0	345.0	0	0.0
home	35	58	87106.5	17	0.6206644760861628	87106.5	35	1.2778386272362177	760.5	1	0.03650967506389193	351.0	0	0.0	351.0	0	0.0
home	35	59	88595.5	0	0.0	88595.5	0	0.0	773.5	0	0.0	357.0	0	0.0	357.0	0	0.0
home	35	60	90084.5	35	1.2778386272362177	90084.5	35	1.2778386272362177	786.5	0	0.0	363.0	0	0.0	363.0	0	0.0
home	35	61	91573.5	0	0.0	91573.5	0	0.0	799.5	1	0.03650967506389193	369.0	0	0.0	369.0	0	0.0
home	35	62	93062.5	0	0.0	93062.5	0	0.0	812.5	0	0.0	375.0	0	0.0	375.0	0	0.0
home	35	63	94551.5	35	1.2778386272362177	94551.5	35	1.2778386272362177	825.5	1	0.03650967506389193	381.0	0	0.0	381.0	0	0.0
home	35	64	96040.5	0	0.0	96040.5	0	0.0	838.5	0	0.0	387.0	0	0.0	387.0	0	0.0
home	35	65	97529.5	35	1.2778386272362177	97529.5	35	1.2778386272362177	851.5	0	0.0	393.0	0	0.0	393.0	0	0.0
home	35	66	99018.5	0	0.0	99018.5	0	0.0	864.5	1	0.03650967506389193	399.0	0	0.0	399.0	0	0.0
home	35	67	100507.5	0	0.0	100507.5	0	0.0	877.5	0	0.0	405.0	0	0.0	405.0	0	0.0
home	35	68	101996.5	35	1.2778386272362177	101996.5	35	1.2778386272362177	890.5	0	0.0	411.0	0	0.0	411.0	0	0.0
home	35	69	103485.5	0	0.0	103485.5	0	0.0	903.5	0	0.0	417.0	0	0.0	417.0	0	0.0
home	35	70	104974.5	35	1.2778386272362177	104974.5	35	1.2778386272362177	916.5	0	0.0	423.0	0	0.0	423.0	0	0.0
home	35	71	106463.5	1	0.03650967506389193	106463.5	0	0.0	929.5	0	0.0	429.0	0	0.0	429.0	0	0.0
home	35	72	107952.5	0	0.0	107952.5	0	0.0	942.5	1	0.03650967506389193	435.0	0	0.0	435.0	0	0.0
home	35	73	109441.5	34	1.2413289521723256	109441.5	35	1.2778386272362177	955.5	0	0.0	441.0	0	0.0	441.0	0	0.0
home	35	74	110930.5	1	0.03650967506389193	110930.5	0	0.0	968.5	1	0.03650967506389193	447.0	0	0.0	447.0	0	0.0
home	35	75	112419.5	0	0.0	112419.5	0	0.0	981.5	0	0.0	453.0	0	0.0	453.0	0	0.0
home	35	76	113908.5	34	1.2413289521723256	113908.5	35	1.2778386272362177	994.5	0	0.0	459.0	0	0.0	459.0	0	0.0
home	35	77	115397.5	0	0.0	115397.5	0	0.0	1007.5	1	0.03650967506389193	465.0	0	0.0	465.0	0	0.0
home	35	78	116886.5	35	1.2778386272362177	116886.5	35	1.2778386272362177	1020.5	0	0.0	471.0	0	0.0	471.0	0	0.0
home	35	79	118375.5	0	0.0	118375.5	0	0.0	1033.5	0	0.0	477.0	0	0.0	477.0	0	0.0
home	35	80	119864.5	0	0.0	119864.5	0	0.0	1046.5	0	0.0	483.0	0	0.0	483.0	0	0.0
home	35	81	121353.5	35	1.2778386272362177	121353.5	35	1.2778386272362177	1059.5	0	0.0	489.0	0	0.0	489.0	0	0.0
home	35	82	122842.5	0	0.0	122842.5	0	0.0	1072.5	0	0.0	495.0	0	0.0	495.0	0	0.0
home	35	83	124331.5	0	0.0	124331.5	0	0.0	1085.5	0	0.0	501.0	0	0.0	501.0	0	0.0
home	35	84	125820.5	35	1.2778386272362177	125820.5	35	1.2778386272362177	1098.5	1	0.03650967506389193	507.0	0	0.0	507.0	0	0.0
home	35	85	127309.5	0	0.0	127309.5	0	0.0	1111.5	0	0.0	513.0	0	0.0	513.0	0	0.0
home	35	86	128798.5	35	1.2778386272362177	128798.5	35	1.2778386272362177	1124.5	0	0.0	519.0	0	0.0	519.0	0	0.0
home	35	87	130287.5	0	0.0	130287.5	0	0.0	1137.5	0	0.0	525.0	0	0.0	525.0	0	0.0
home	35	88	131776.5	0	0.0	131776.5	0	0.0	1150.5	0	0.0	531.0	0	0.0	531.0	0	0.0
home	35	89	133265.5	35	1.2778386272362177	133265.5	35	1.2778386272362177	1163.5	0	0.0	537.0	0	0.0	537.0	0	0.0
home	35	90	134754.5	0	0.0	134754.5	0	0.0	1176.5	0	0.0	543.0	0	0.0	543.0	0	0.0
home	35	91	136243.5	35	1.2778386272362177	136243.5	35	1.2778386272362177	1189.5	0	0.0	549.0	0	0.0	549.0	0	0.0
home	35	92	137732.5	0	0.0	137732.5	0	0.0	1202.5	0	0.0	555.0	0	0.0	555.0	0	0.0
home	35	93	139221.5	35	1.2778386272362177	139221.5	35	1.2778386272362177	1215.5	0	0.0	561.0	0	0.0	561.0	0	0.0
home	35	94	140710.5	0	0.0	140710.5	0	0.0	1228.5	0	0.0	567.0	0	0.0	567.0	0	0.0
home	35	95	142199.5	0	0.0	142199.5	0	0.0	1241.5	0	0.0	573.0	0	0.0	573.0	0	0.0
home	35	96	143688.5	35	1.2778386272362177	143688.5	35	1.2778386272362177	1254.5	1	0.03650967506389193	579.0	0	0.0	579.0	0	0.0
home	35	97	145177.5	0	0.0	145177.5	0	0.0	1267.5	0	0.0	585.0	0	0.0	585.0	0	0.0
home	35	98	146666.5	35	1.2778386272362177	146666.5	35	1.2778386272362177	1280.5	0	0.0	591.0	0	0.0	591.0	0	0.0
home	35	99	148155.5	0	0.0	148155.5	0	0.0	1293.5	0	0.0	597.0	0	0.0	597.0	0	0.0
home	35	100	149644.5	0	0.0	149644.5	0	0.0	1306.5	0	0.0	603.0	0	0.0	603.0	0	0.0
home	35	101	151133.5	35	1.2778386272362177	151133.5	35	1.2778386272362177	1319.5	0	0.0	609.0	0	0.0	609.0	0	0.0
home	35	102	152622.5	1	0.03650967506389193	152622.5	0	0.0	1332.5	0	0.0	615.0	0	0.0	615.0	0	0.0
home	35	103	154111.5	34	1.2413289521723256	154111.5	35	1.2778386272362177	1345.5	0	0.0	621.0	0	0.0	621.0	0	0.0
home	35	104	155600.5	1	0.03650967506389193	155600.5	0	0.0	1358.5	0	0.0	627.0	0	0.0	627.0	0	0.0
home	35	105	157089.5	0	0.0	157089.5	0	0.0	1371.5	0	0.0	633.0	0	0.0	633.0	0	0.0
home	35	106	158578.5	34	1.2413289521723256	158578.5	35	1.2778386272362177	1384.5	1	0.03650967506389193	639.0	0	0.0	639.0	0	0.0
home	35	107	160067.5	0	0.0	160067.5	0	0.0	1397.5	0	0.0	645.0	0	0.0	645.0	0	0.0
home	35	108	161556.5	32	1.1683096020445418	161556.5	2	0.07301935012778386	1410.5	0	0.0	651.0	0	0.0	651.0	0	0.0
home	35	109	163045.5	3	0.10952902519167579	163045.5	33	1.2048192771084338	1423.5	0	0.0	657.0	0	0.0	657.0	0	0.0
home	35	110	164534.5	0	0.0	164534.5	0	0.0	1436.5	0	0.0	663.0	0	0.0	663.0	0	0.0
home	35	111	166023.5	35	1.2778386272362177	166023.5	35	1.2778386272362177	1449.5	0	0.0	669.0	0	0.0	669.0	0	0.0
home	35	112	167512.5	0	0.0	167512.5	0	0.0	1462.5	0	0.0	675.0	0	0.0	675.0	0	0.0
home	35	113	169001.5	0	0.0	169001.5	0	0.0	1475.5	1	0.03650967506389193	681.0	0	0.0	681.0	0	0.0
home	35	114	170490.5	35	1.2778386272362177	170490.5	35	1.2778386272362177	1488.5	0	0.0	687.0	0	0.0	687.0	0	0.0
home	35	115	171979.5	1	0.03650967506389193	171979.5	0	0.0	1501.5	0	0.0	693.0	0	0.0	693.0	0	0.0
home	35	116	173468.5	34	1.2413289521723256	173468.5	35	1.2778386272362177	1514.5	0	0.0	699.0	0	0.0	699.0	0	0.0
home	35	117	174957.5	0	0.0	174957.5	0	0.0	1527.5	0	0.0	705.0	0	0.0	705.0	0	0.0
home	35	118	176446.5	0	0.0	176446.5	0	0.0	1540.5	0	0.0	711.0	0	0.0	711.0	0	0.0
home	35	119	177935.5	35	1.2778386272362177	177935.5	35	1.2778386272362177	1553.5	0	0.0	717.0	0	0.0	717.0	0	0.0
home	35	120	179424.5	0	0.0	179424.5	0	0.0	1566.5	0	0.0	723.0	0	0.0	723.0	0	0.0
home	35	121	180913.5	35	1.2778386272362177	180913.5	35	1.2778386272362177	1579.5	0	0.0	729.0	0	0.0	729.0	0	0.0
home	35	122	182402.5	0	0.0	182402.5	0	0.0	1592.5	0	0.0	735.0	0	0.0	735.0	0	0.0
home	35	123	183891.5	1	0.03650967506389193	183891.5	0	0.0	1605.5	0	0.0	741.0	0	0.0	741.0	0	0.0
home	35	124	185380.5	34	1.2413289521723256	185380.5	35	1.2778386272362177	1618.5	0	0.0	747.0	0	0.0	747.0	0	0.0
home	35	125	186869.5	0	0.0	186869.5	0	0.0	1631.5	0	0.0	753.0	0	0.0	753.0	0	0.0
home	35	126	188358.5	35	1.2778386272362177	188358.5	35	1.2778386272362177	1644.5	0	0.0	759.0	0	0.0	759.0	0	0.0
home	35	127	189847.5	0	0.0	189847.5	0	0.0	1657.5	0	0.0	765.0	0	0.0	765.0	0	0.0
home	35	128	191336.5	0	0.0	191336.5	0	0.0	1670.5	1	0.03650967506389193	771.0	0	0.0	771.0	0	0.0
home	35	129	192825.5	35	1.2778386272362177	192825.5	35	1.2778386272362177	1683.5	0	0.0	777.0	0	0.0	777.0	0	0.0
home	35	130	194314.5	0	0.0	194314.5	0	0.0	1696.5	0	0.0	783.0	0	0.0	783.0	0	0.0
home	35	131	195803.5	35	1.2778386272362177	195803.5	35	1.2778386272362177	1709.5	0	0.0	789.0	0	0.0	789.0	0	0.0
home	35	132	197292.5	0	0.0	197292.5	0	0.0	1722.5	0	0.0	795.0	0	0.0	795.0	0	0.0
home	35	133	198781.5	0	0.0	198781.5	0	0.0	1735.5	0	0.0	801.0	0	0.0	801.0	0	0.0
home	35	134	200270.5	35	1.2778386272362177	200270.5	35	1.2778386272362177	1748.5	0	0.0	807.0	0	0.0	807.0	0	0.0
home	35	135	201759.5	0	0.0	201759.5	0	0.0	1761.5	1	0.03650967506389193	813.0	0	0.0	813.0	0	0.0
home	35	136	203248.5	0	0.0	203248.5	0	0.0	1774.5	1	0.03650967506389193	819.0	0	0.0	819.0	0	0.0
home	35	137	204737.5	35	1.2778386272362177	204737.5	35	1.2778386272362177	1787.5	0	0.0	825.0	0	0.0	825.0	0	0.0
home	35	138	206226.5	0	0.0	206226.5	0	0.0	1800.5	0	0.0	831.0	0	0.0	831.0	0	0.0
home	35	139	207715.5	35	1.2778386272362177	207715.5	35	1.2778386272362177	1813.5	0	0.0	837.0	0	0.0	837.0	0	0.0
home	35	140	209204.5	0	0.0	209204.5	0	0.0	1826.5	0	0.0	843.0	0	0.0	843.0	0	0.0
home	35	141	210693.5	0	0.0	210693.5	0	0.0	1839.5	0	0.0	849.0	0	0.0	849.0	0	0.0
home	35	142	212182.5	35	1.2778386272362177	212182.5	35	1.2778386272362177	1852.5	0	0.0	855.0	0	0.0	855.0	0	0.0
home	35	143	213671.5	1	0.03650967506389193	213671.5	0	0.0	1865.5	0	0.0	861.0	0	0.0	861.0	0	0.0
home	35	144	215160.5	0	0.0	215160.5	0	0.0	1878.5	0	0.0	867.0	0	0.0	867.0	0	0.0
home	35	145	216649.5	34	1.2413289521723256	216649.5	35	1.2778386272362177	1891.5	0	0.0	873.0	0	0.0	873.0	0	0.0
home	35	146	218138.5	0	0.0	218138.5	0	0.0	1904.5	3	0.10952902519167579	879.0	0	0.0	879.0	0	0.0
home	35	147	219627.5	32	1.1683096020445418	219627.5	29	1.058780576852866	1917.5	0	0.0	885.0	0	0.0	885.0	0	0.0
home	35	148	221116.5	3	0.10952902519167579	221116.5	6	0.21905805038335158	1930.5	0	0.0	891.0	0	0.0	891.0	0	0.0
home	35	149	222605.5	0	0.0	222605.5	0	0.0	1943.5	1	0.03650967506389193	897.0	0	0.0	897.0	0	0.0
home	35	150	224094.5	35	1.2778386272362177	224094.5	35	1.2778386272362177	1956.5	0	0.0	903.0	0	0.0	903.0	0	0.0
home	35	151	225583.5	0	0.0	225583.5	0	0.0	1969.5	0	0.0	909.0	0	0.0	909.0	0	0.0
home	35	152	227072.5	35	1.2778386272362177	227072.5	35	1.2778386272362177	1982.5	0	0.0	915.0	0	0.0	915.0	0	0.0
home	35	153	228561.5	0	0.0	228561.5	0	0.0	1995.5	1	0.03650967506389193	921.0	0	0.0	921.0	0	0.0
home	35	154	230050.5	0	0.0	230050.5	0	0.0	2008.5	1	0.03650967506389193	927.0	0	0.0	927.0	0	0.0
home	35	155	231539.5	35	1.2778386272362177	231539.5	35	1.2778386272362177	2021.5	1	0.03650967506389193	933.0	0	0.0	933.0	0	0.0
home	35	156	233028.5	1	0.03650967506389193	233028.5	0	0.0	2034.5	1	0.03650967506389193	939.0	0	0.0	939.0	0	0.0
home	35	157	234517.5	31	1.1317999269806498	234517.5	3	0.10952902519167579	2047.5	0	0.0	945.0	0	0.0	945.0	0	0.0
home	35	158	236006.5	3	0.10952902519167579	236006.5	32	1.1683096020445418	2060.5	0	0.0	951.0	0	0.0	951.0	0	0.0
home	35	159	237495.5	0	0.0	237495.5	0	0.0	2073.5	0	0.0	957.0	0	0.0	957.0	0	0.0
home	35	160	238984.5	35	1.2778386272362177	238984.5	35	1.2778386272362177	2086.5	0	0.0	963.0	0	0.0	963.0	0	0.0
home	35	161	240473.5	0	0.0	240473.5	0	0.0	2099.5	0	0.0	969.0	0	0.0	969.0	0	0.0
home	35	162	241962.5	0	0.0	241962.5	0	0.0	2112.5	1	0.03650967506389193	975.0	0	0.0	975.0	0	0.0
home	35	163	243451.5	35	1.2778386272362177	243451.5	35	1.2778386272362177	2125.5	2	0.07301935012778386	981.0	0	0.0	981.0	0	0.0
home	35	164	244940.5	0	0.0	244940.5	0	0.0	2138.5	0	0.0	987.0	0	0.0	987.0	0	0.0
home	35	165	246429.5	32	1.1683096020445418	246429.5	2	0.07301935012778386	2151.5	0	0.0	993.0	0	0.0	993.0	0	0.0
home	35	166	247918.5	3	0.10952902519167579	247918.5	33	1.2048192771084338	2164.5	0	0.0	999.0	0	0.0	999.0	0	0.0
home	35	167	249407.5	1	0.03650967506389193	249407.5	0	0.0	2177.5	0	0.0	1005.0	0	0.0	1005.0	0	0.0
home	35	168	250896.5	34	1.2413289521723256	250896.5	35	1.2778386272362177	2190.5	0	0.0	1011.0	0	0.0	1011.0	0	0.0
home	35	169	252385.5	0	0.0	252385.5	0	0.0	2203.5	0	0.0	1017.0	0	0.0	1017.0	0	0.0
home	35	170	253874.5	3	0.10952902519167579	253874.5	0	0.0	2216.5	0	0.0	1023.0	0	0.0	1023.0	0	0.0
home	35	171	255363.5	32	1.1683096020445418	255363.5	35	1.2778386272362177	2229.5	0	0.0	1029.0	0	0.0	1029.0	0	0.0
home	35	172	256852.5	0	0.0	256852.5	0	0.0	2242.5	0	0.0	1035.0	0	0.0	1035.0	0	0.0
home	35	173	258341.5	35	1.2778386272362177	258341.5	35	1.2778386272362177	2255.5	0	0.0	1041.0	0	0.0	1041.0	0	0.0
home	35	174	259830.5	0	0.0	259830.5	0	0.0	2268.5	0	0.0	1047.0	0	0.0	1047.0	0	0.0
home	35	175	261319.5	0	0.0	261319.5	0	0.0	2281.5	1	0.03650967506389193	1053.0	0	0.0	1053.0	0	0.0
home	35	176	262808.5	35	1.2778386272362177	262808.5	35	1.2778386272362177	2294.5	0	0.0	1059.0	0	0.0	1059.0	0	0.0
home	35	177	264297.5	0	0.0	264297.5	0	0.0	2307.5	1	0.03650967506389193	1065.0	0	0.0	1065.0	0	0.0
home	35	178	265786.5	35	1.2778386272362177	265786.5	35	1.2778386272362177	2320.5	0	0.0	1071.0	0	0.0	1071.0	0	0.0
home	35	179	267275.5	1	0.03650967506389193	267275.5	0	0.0	2333.5	0	0.0	1077.0	0	0.0	1077.0	0	0.0
home	35	180	268764.5	0	0.0	268764.5	0	0.0	2346.5	0	0.0	1083.0	0	0.0	1083.0	0	0.0
home	35	181	270253.5	34	1.2413289521723256	270253.5	35	1.2778386272362177	2359.5	0	0.0	1089.0	0	0.0	1089.0	0	0.0
home	35	182	271742.5	0	0.0	271742.5	0	0.0	2372.5	0	0.0	1095.0	0	0.0	1095.0	0	0.0
home	35	183	273231.5	30	1.095290251916758	273231.5	0	0.0	2385.5	0	0.0	1101.0	0	0.0	1101.0	0	0.0
home	35	184	274720.5	5	0.18254837531945967	274720.5	35	1.2778386272362177	2398.5	0	0.0	1107.0	0	0.0	1107.0	0	0.0
home	35	185	276209.5	0	0.0	276209.5	0	0.0	2411.5	0	0.0	1113.0	0	0.0	1113.0	0	0.0
home	35	186	277698.5	35	1.2778386272362177	277698.5	35	1.2778386272362177	2424.5	0	0.0	1119.0	0	0.0	1119.0	0	0.0
home	35	187	279187.5	0	0.0	279187.5	0	0.0	2437.5	0	0.0	1125.0	0	0.0	1125.0	0	0.0
home	35	188	280676.5	0	0.0	280676.5	0	0.0	2450.5	0	0.0	1131.0	0	0.0	1131.0	0	0.0
home	35	189	282165.5	35	1.2778386272362177	282165.5	35	1.2778386272362177	2463.5	0	0.0	1137.0	0	0.0	1137.0	0	0.0
home	35	190	283654.5	0	0.0	283654.5	0	0.0	2476.5	0	0.0	1143.0	0	0.0	1143.0	0	0.0
home	35	191	285143.5	35	1.2778386272362177	285143.5	33	1.2048192771084338	2489.5	0	0.0	1149.0	0	0.0	1149.0	0	0.0
home	35	192	286632.5	0	0.0	286632.5	2	0.07301935012778386	2502.5	1	0.03650967506389193	1155.0	0	0.0	1155.0	0	0.0
home	35	193	288121.5	0	0.0	288121.5	0	0.0	2515.5	0	0.0	1161.0	0	0.0	1161.0	0	0.0
home	35	194	289610.5	35	1.2778386272362177	289610.5	35	1.2778386272362177	2528.5	0	0.0	1167.0	0	0.0	1167.0	0	0.0
home	35	195	291099.5	0	0.0	291099.5	0	0.0	2541.5	0	0.0	1173.0	0	0.0	1173.0	0	0.0
home	35	196	292588.5	0	0.0	292588.5	0	0.0	2554.5	0	0.0	1179.0	0	0.0	1179.0	0	0.0
home	35	197	294077.5	35	1.2778386272362177	294077.5	35	1.2778386272362177	2567.5	0	0.0	1185.0	0	0.0	1185.0	0	0.0
home	35	198	295566.5	0	0.0	295566.5	0	0.0	2580.5	2	0.07301935012778386	1191.0	0	0.0	1191.0	0	0.0
home	35	199	297055.5	35	1.2778386272362177	297055.5	35	1.2778386272362177	2593.5	1	0.03650967506389193	1197.0	0	0.0	1197.0	0	0.0
