'Request type'	'Load'	'Bucket'	'Start time'	'Absolute'	'Percent of requests'	'End time'	'Absolute'	'Percent of requests'	'Residence time'	'Absolute'	'Percent of requests'	'Theor. think time'	'Absolute'	'Percent of requests'	'Actual think time'	'Absolute'	'Percent of requests'
login	19	0	751.5	19	0.8315098468271335	751.5	18	0.787746170678337	5.0	0	0.0	3.0	2285	100.0	3.0	2285	100.0
login	19	1	2254.5	21	0.9190371991247265	2254.5	12	0.5251641137855579	15.0	0	0.0	9.0	0	0.0	9.0	0	0.0
login	19	2	3757.5	3	0.13129102844638948	3757.5	12	0.5251641137855579	25.0	0	0.0	15.0	0	0.0	15.0	0	0.0
login	19	3	5260.5	19	0.8315098468271335	5260.5	13	0.5689277899343544	35.0	0	0.0	21.0	0	0.0	21.0	0	0.0
login	19	4	6763.5	18	0.787746170678337	6763.5	7	0.3063457330415755	45.0	0	0.0	27.0	0	0.0	27.0	0	0.0
login	19	5	8266.5	1	0.0437636761487965	8266.5	16	0.700218818380744	55.0	0	0.0	33.0	0	0.0	33.0	0	0.0
login	19	6	9769.5	19	0.8315098468271335	9769.5	7	0.3063457330415755	65.0	0	0.0	39.0	0	0.0	39.0	0	0.0
login	19	7	11272.5	0	0.0	11272.5	15	0.6564551422319475	75.0	0	0.0	45.0	0	0.0	45.0	0	0.0
login	19	8	12775.5	19	0.8315098468271335	12775.5	8	0.350109409190372	85.0	0	0.0	51.0	0	0.0	51.0	0	0.0
login	19	9	14278.5	0	0.0	14278.5	11	0.4814004376367615	95.0	1	0.0437636761487965	57.0	0	0.0	57.0	0	0.0
login	19	10	15781.5	19	0.8315098468271335	15781.5	14	0.612691466083151	105.0	1	0.0437636761487965	63.0	0	0.0	63.0	0	0.0
login	19	11	17284.5	19	0.8315098468271335	17284.5	6	0.26258205689277897	115.0	2	0.087527352297593	69.0	0	0.0	69.0	0	0.0
login	19	12	18787.5	0	0.0	18787.5	18	0.787746170678337	125.0	1	0.0437636761487965	75.0	0	0.0	75.0	0	0.0
login	19	13	20290.5	19	0.8315098468271335	20290.5	11	0.4814004376367615	135.0	2	0.087527352297593	81.0	0	0.0	81.0	0	0.0
login	19	14	21793.5	18	0.787746170678337	21793.5	8	0.350109409190372	145.0	3	0.13129102844638948	87.0	0	0.0	87.0	0	0.0
login	19	15	23296.5	1	0.0437636761487965	23296.5	17	0.7439824945295405	155.0	2	0.087527352297593	93.0	0	0.0	93.0	0	0.0
login	19	16	24799.5	19	0.8315098468271335	24799.5	4	0.175054704595186	165.0	5	0.2188183807439825	99.0	0	0.0	99.0	0	0.0
login	19	17	26302.5	0	0.0	26302.5	17	0.7439824945295405	175.0	10	0.437636761487965	105.0	0	0.0	105.0	0	0.0
login	19	18	27805.5	19	0.8315098468271335	27805.5	9	0.3938730853391685	185.0	7	0.3063457330415755	111.0	0	0.0	111.0	0	0.0
login	19	19	29308.5	0	0.0	29308.5	10	0.437636761487965	195.0	8	0.350109409190372	117.0	0	0.0	117.0	0	0.0
login	19	20	30811.5	19	0.8315098468271335	30811.5	18	0.787746170678337	205.0	6	0.26258205689277897	123.0	0	0.0	123.0	0	0.0
login	19	21	32314.5	19	0.8315098468271335	32314.5	6	0.26258205689277897	215.0	13	0.5689277899343544	129.0	0	0.0	129.0	0	0.0
login	19	22	33817.5	0	0.0	33817.5	14	0.612691466083151	225.0	13	0.5689277899343544	135.0	0	0.0	135.0	0	0.0
login	19	23	35320.5	19	0.8315098468271335	35320.5	8	0.350109409190372	235.0	9	0.3938730853391685	141.0	0	0.0	141.0	0	0.0
login	19	24	36823.5	0	0.0	36823.5	11	0.4814004376367615	245.0	12	0.5251641137855579	147.0	0	0.0	147.0	0	0.0
login	19	25	38326.5	19	0.8315098468271335	38326.5	10	0.437636761487965	255.0	7	0.3063457330415755	153.0	0	0.0	153.0	0	0.0
login	19	26	39829.5	0	0.0	39829.5	9	0.3938730853391685	265.0	9	0.3938730853391685	159.0	0	0.0	159.0	0	0.0
login	19	27	41332.5	19	0.8315098468271335	41332.5	18	0.787746170678337	275.0	12	0.5251641137855579	165.0	0	0.0	165.0	0	0.0
login	19	28	42835.5	19	0.8315098468271335	42835.5	3	0.13129102844638948	285.0	12	0.5251641137855579	171.0	0	0.0	171.0	0	0.0
login	19	29	44338.5	0	0.0	44338.5	17	0.7439824945295405	295.0	16	0.700218818380744	177.0	0	0.0	177.0	0	0.0
login	19	30	45841.5	19	0.8315098468271335	45841.5	8	0.350109409190372	305.0	15	0.6564551422319475	183.0	0	0.0	183.0	0	0.0
login	19	31	47344.5	0	0.0	47344.5	11	0.4814004376367615	315.0	18	0.787746170678337	189.0	0	0.0	189.0	0	0.0
login	19	32	48847.5	19	0.8315098468271335	48847.5	14	0.612691466083151	325.0	10	0.437636761487965	195.0	0	0.0	195.0	0	0.0
login	19	33	50350.5	19	0.8315098468271335	50350.5	6	0.26258205689277897	335.0	15	0.6564551422319475	201.0	0	0.0	201.0	0	0.0
login	19	34	51853.5	0	0.0	51853.5	18	0.787746170678337	345.0	8	0.350109409190372	207.0	0	0.0	207.0	0	0.0
login	19	35	53356.5	19	0.8315098468271335	53356.5	8	0.350109409190372	355.0	14	0.612691466083151	213.0	0	0.0	213.0	0	0.0
login	19	36	54859.5	0	0.0	54859.5	11	0.4814004376367615	365.0	16	0.700218818380744	219.0	0	0.0	219.0	0	0.0
login	19	37	56362.5	19	0.8315098468271335	56362.5	12	0.5251641137855579	375.0	20	0.87527352297593	225.0	0	0.0	225.0	0	0.0
login	19	38	57865.5	18	0.787746170678337	57865.5	7	0.3063457330415755	385.0	16	0.700218818380744	231.0	0	0.0	231.0	0	0.0
login	19	39	59368.5	1	0.0437636761487965	59368.5	16	0.700218818380744	395.0	23	1.0065645514223194	237.0	0	0.0	237.0	0	0.0
login	19	40	60871.5	19	0.8315098468271335	60871.5	6	0.26258205689277897	405.0	33	1.4442013129102844	243.0	0	0.0	243.0	0	0.0
login	19	41	62374.5	0	0.0	62374.5	16	0.700218818380744	415.0	19	0.8315098468271335	249.0	0	0.0	249.0	0	0.0
login	19	42	63877.5	19	0.8315098468271335	63877.5	9	0.3938730853391685	425.0	25	1.0940919037199124	255.0	0	0.0	255.0	0	0.0
login	19	43	65380.5	0	0.0	65380.5	10	0.437636761487965	435.0	15	0.6564551422319475	261.0	0	0.0	261.0	0	0.0
login	19	44	66883.5	19	0.8315098468271335	66883.5	15	0.6564551422319475	445.0	18	0.787746170678337	267.0	0	0.0	267.0	0	0.0
login	19	45	68386.5	19	0.8315098468271335	68386.5	5	0.2188183807439825	455.0	15	0.6564551422319475	273.0	0	0.0	273.0	0	0.0
login	19	46	69889.5	0	0.0	69889.5	18	0.787746170678337	465.0	13	0.5689277899343544	279.0	0	0.0	279.0	0	0.0
login	19	47	71392.5	19	0.8315098468271335	71392.5	9	0.3938730853391685	475.0	13	0.5689277899343544	285.0	0	0.0	285.0	0	0.0
login	19	48	72895.5	3	0.13129102844638948	72895.5	10	0.437636761487965	485.0	18	0.787746170678337	291.0	0	0.0	291.0	0	0.0
login	19	49	74398.5	16	0.700218818380744	74398.5	17	0.7439824945295405	495.0	22	0.962800875273523	297.0	0	0.0	297.0	0	0.0
login	19	50	75901.5	19	0.8315098468271335	75901.5	5	0.2188183807439825	505.0	22	0.962800875273523	303.0	0	0.0	303.0	0	0.0
login	19	51	77404.5	0	0.0	77404.5	16	0.700218818380744	515.0	12	0.5251641137855579	309.0	0	0.0	309.0	0	0.0
login	19	52	78907.5	19	0.8315098468271335	78907.5	8	0.350109409190372	525.0	16	0.700218818380744	315.0	0	0.0	315.0	0	0.0
login	19	53	80410.5	0	0.0	80410.5	11	0.4814004376367615	535.0	11	0.4814004376367615	321.0	0	0.0	321.0	0	0.0
login	19	54	81913.5	19	0.8315098468271335	81913.5	16	0.700218818380744	545.0	11	0.4814004376367615	327.0	0	0.0	327.0	0	0.0
login	19	55	83416.5	19	0.8315098468271335	83416.5	5	0.2188183807439825	555.0	8	0.350109409190372	333.0	0	0.0	333.0	0	0.0
login	19	56	84919.5	0	0.0	84919.5	17	0.7439824945295405	565.0	18	0.787746170678337	339.0	0	0.0	339.0	0	0.0
login	19	57	86422.5	19	0.8315098468271335	86422.5	7	0.3063457330415755	575.0	18	0.787746170678337	345.0	0	0.0	345.0	0	0.0
login	19	58	87925.5	0	0.0	87925.5	12	0.5251641137855579	585.0	16	0.700218818380744	351.0	0	0.0	351.0	0	0.0
login	19	59	89428.5	19	0.8315098468271335	89428.5	14	0.612691466083151	595.0	16	0.700218818380744	357.0	0	0.0	357.0	0	0.0
login	19	60	90931.5	19	0.8315098468271335	90931.5	7	0.3063457330415755	605.0	17	0.7439824945295405	363.0	0	0.0	363.0	0	0.0
login	19	61	92434.5	0	0.0	92434.5	17	0.7439824945295405	615.0	20	0.87527352297593	369.0	0	0.0	369.0	0	0.0
login	19	62	93937.5	19	0.8315098468271335	93937.5	8	0.350109409190372	625.0	15	0.6564551422319475	375.0	0	0.0	375.0	0	0.0
login	19	63	95440.5	0	0.0	95440.5	11	0.4814004376367615	635.0	15	0.6564551422319475	381.0	0	0.0	381.0	0	0.0
login	19	64	96943.5	19	0.8315098468271335	96943.5	14	0.612691466083151	645.0	14	0.612691466083151	387.0	0	0.0	387.0	0	0.0
login	19	65	98446.5	19	0.8315098468271335	98446.5	6	0.26258205689277897	655.0	11	0.4814004376367615	393.0	0	0.0	393.0	0	0.0
login	19	66	99949.5	0	0.0	99949.5	18	0.787746170678337	665.0	15	0.6564551422319475	399.0	0	0.0	399.0	0	0.0
login	19	67	101452.5	19	0.8315098468271335	101452.5	11	0.4814004376367615	675.0	10	0.437636761487965	405.0	0	0.0	405.0	0	0.0
login	19	68	102955.5	14	0.612691466083151	102955.5	8	0.350109409190372	685.0	13	0.5689277899343544	411.0	0	0.0	411.0	0	0.0
login	19	69	104458.5	5	0.2188183807439825	104458.5	14	0.612691466083151	695.0	24	1.0503282275711159	417.0	0	0.0	417.0	0	0.0
login	19	70	105961.5	19	0.8315098468271335	105961.5	6	0.26258205689277897	705.0	20	0.87527352297593	423.0	0	0.0	423.0	0	0.0
login	19	71	107464.5	0	0.0	107464.5	18	0.787746170678337	715.0	14	0.612691466083151	429.0	0	0.0	429.0	0	0.0
login	19	72	108967.5	19	0.8315098468271335	108967.5	6	0.26258205689277897	725.0	10	0.437636761487965	435.0	0	0.0	435.0	0	0.0
login	19	73	110470.5	0	0.0	110470.5	13	0.5689277899343544	735.0	17	0.7439824945295405	441.0	0	0.0	441.0	0	0.0
login	19	74	111973.5	19	0.8315098468271335	111973.5	19	0.8315098468271335	745.0	20	0.87527352297593	447.0	0	0.0	447.0	0	0.0
login	19	75	113476.5	19	0.8315098468271335	113476.5	6	0.26258205689277897	755.0	16	0.700218818380744	453.0	0	0.0	453.0	0	0.0
login	19	76	114979.5	0	0.0	114979.5	13	0.5689277899343544	765.0	14	0.612691466083151	459.0	0	0.0	459.0	0	0.0
login	19	77	116482.5	19	0.8315098468271335	116482.5	10	0.437636761487965	775.0	13	0.5689277899343544	465.0	0	0.0	465.0	0	0.0
login	19	78	117985.5	0	0.0	117985.5	9	0.3938730853391685	785.0	19	0.8315098468271335	471.0	0	0.0	471.0	0	0.0
login	19	79	119488.5	19	0.8315098468271335	119488.5	16	0.700218818380744	795.0	12	0.5251641137855579	477.0	0	0.0	477.0	0	0.0
login	19	80	120991.5	19	0.8315098468271335	120991.5	7	0.3063457330415755	805.0	19	0.8315098468271335	483.0	0	0.0	483.0	0	0.0
login	19	81	122494.5	0	0.0	122494.5	15	0.6564551422319475	815.0	11	0.4814004376367615	489.0	0	0.0	489.0	0	0.0
login	19	82	123997.5	19	0.8315098468271335	123997.5	11	0.4814004376367615	825.0	11	0.4814004376367615	495.0	0	0.0	495.0	0	0.0
login	19	83	125500.5	18	0.787746170678337	125500.5	8	0.350109409190372	835.0	18	0.787746170678337	501.0	0	0.0	501.0	0	0.0
login	19	84	127003.5	1	0.0437636761487965	127003.5	18	0.787746170678337	845.0	12	0.5251641137855579	507.0	0	0.0	507.0	0	0.0
login	19	85	128506.5	19	0.8315098468271335	128506.5	5	0.2188183807439825	855.0	15	0.6564551422319475	513.0	0	0.0	513.0	0	0.0
login	19	86	130009.5	0	0.0	130009.5	15	0.6564551422319475	865.0	17	0.7439824945295405	519.0	0	0.0	519.0	0	0.0
login	19	87	131512.5	19	0.8315098468271335	131512.5	10	0.437636761487965	875.0	17	0.7439824945295405	525.0	0	0.0	525.0	0	0.0
login	19	88	133015.5	19	0.8315098468271335	133015.5	9	0.3938730853391685	885.0	17	0.7439824945295405	531.0	0	0.0	531.0	0	0.0
login	19	89	134518.5	0	0.0	134518.5	17	0.7439824945295405	895.0	14	0.612691466083151	537.0	0	0.0	537.0	0	0.0
login	19	90	136021.5	19	0.8315098468271335	136021.5	6	0.26258205689277897	905.0	19	0.8315098468271335	543.0	0	0.0	543.0	0	0.0
login	19	91	137524.5	0	0.0	137524.5	15	0.6564551422319475	915.0	11	0.4814004376367615	549.0	0	0.0	549.0	0	0.0
login	19	92	139027.5	19	0.8315098468271335	139027.5	12	0.5251641137855579	925.0	15	0.6564551422319475	555.0	0	0.0	555.0	0	0.0
login	19	93	140530.5	19	0.8315098468271335	140530.5	7	0.3063457330415755	935.0	16	0.700218818380744	561.0	0	0.0	561.0	0	0.0
login	19	94	142033.5	0	0.0	142033.5	19	0.8315098468271335	945.0	15	0.6564551422319475	567.0	0	0.0	567.0	0	0.0
login	19	95	143536.5	19	0.8315098468271335	143536.5	4	0.175054704595186	955.0	12	0.5251641137855579	573.0	0	0.0	573.0	0	0.0
login	19	96	145039.5	0	0.0	145039.5	15	0.6564551422319475	965.0	9	0.3938730853391685	579.0	0	0.0	579.0	0	0.0
login	19	97	146542.5	19	0.8315098468271335	146542.5	9	0.3938730853391685	975.0	12	0.5251641137855579	585.0	0	0.0	585.0	0	0.0
login	19	98	148045.5	0	0.0	148045.5	10	0.437636761487965	985.0	17	0.7439824945295405	591.0	0	0.0	591.0	0	0.0
login	19	99	149548.5	19	0.8315098468271335	149548.5	16	0.700218818380744	995.0	22	0.962800875273523	597.0	0	0.0	597.0	0	0.0
login	19	100	151051.5	19	0.8315098468271335	151051.5	5	0.2188183807439825	1005.0	21	0.9190371991247265	603.0	0	0.0	603.0	0	0.0
login	19	101	152554.5	0	0.0	152554.5	17	0.7439824945295405	1015.0	13	0.5689277899343544	609.0	0	0.0	609.0	0	0.0
login	19	102	154057.5	19	0.8315098468271335	154057.5	10	0.437636761487965	1025.0	17	0.7439824945295405	615.0	0	0.0	615.0	0	0.0
login	19	103	155560.5	0	0.0	155560.5	9	0.3938730853391685	1035.0	16	0.700218818380744	621.0	0	0.0	621.0	0	0.0
login	19	104	157063.5	19	0.8315098468271335	157063.5	17	0.7439824945295405	1045.0	12	0.5251641137855579	627.0	0	0.0	627.0	0	0.0
login	19	105	158566.5	19	0.8315098468271335	158566.5	6	0.26258205689277897	1055.0	14	0.612691466083151	633.0	0	0.0	633.0	0	0.0
login	19	106	160069.5	0	0.0	160069.5	15	0.6564551422319475	1065.0	13	0.5689277899343544	639.0	0	0.0	639.0	0	0.0
login	19	107	161572.5	19	0.8315098468271335	161572.5	11	0.4814004376367615	1075.0	15	0.6564551422319475	645.0	0	0.0	645.0	0	0.0
login	19	108	163075.5	19	0.8315098468271335	163075.5	8	0.350109409190372	1085.0	26	1.1378555798687089	651.0	0	0.0	651.0	0	0.0
login	19	109	164578.5	0	0.0	164578.5	18	0.787746170678337	1095.0	23	1.0065645514223194	657.0	0	0.0	657.0	0	0.0
login	19	110	166081.5	19	0.8315098468271335	166081.5	5	0.2188183807439825	1105.0	13	0.5689277899343544	663.0	0	0.0	663.0	0	0.0
login	19	111	167584.5	0	0.0	167584.5	15	0.6564551422319475	1115.0	17	0.7439824945295405	669.0	0	0.0	669.0	0	0.0
login	19	112	169087.5	19	0.8315098468271335	169087.5	8	0.350109409190372	1125.0	20	0.87527352297593	675.0	0	0.0	675.0	0	0.0
login	19	113	170590.5	3	0.13129102844638948	170590.5	11	0.4814004376367615	1135.0	17	0.7439824945295405	681.0	0	0.0	681.0	0	0.0
login	19	114	172093.5	16	0.700218818380744	172093.5	19	0.8315098468271335	1145.0	14	0.612691466083151	687.0	0	0.0	687.0	0	0.0
login	19	115	173596.5	19	0.8315098468271335	173596.5	5	0.2188183807439825	1155.0	15	0.6564551422319475	693.0	0	0.0	693.0	0	0.0
login	19	116	175099.5	0	0.0	175099.5	14	0.612691466083151	1165.0	12	0.5251641137855579	699.0	0	0.0	699.0	0	0.0
login	19	117	176602.5	19	0.8315098468271335	176602.5	14	0.612691466083151	1175.0	17	0.7439824945295405	705.0	0	0.0	705.0	0	0.0
login	19	118	178105.5	19	0.8315098468271335	178105.5	5	0.2188183807439825	1185.0	14	0.612691466083151	711.0	0	0.0	711.0	0	0.0
login	19	119	179608.5	0	0.0	179608.5	19	0.8315098468271335	1195.0	21	0.9190371991247265	717.0	0	0.0	717.0	0	0.0
login	19	120	181111.5	19	0.8315098468271335	181111.5	4	0.175054704595186	1205.0	15	0.6564551422319475	723.0	0	0.0	723.0	0	0.0
login	19	121	182614.5	0	0.0	182614.5	15	0.6564551422319475	1215.0	19	0.8315098468271335	729.0	0	0.0	729.0	0	0.0
login	19	122	184117.5	19	0.8315098468271335	184117.5	12	0.5251641137855579	1225.0	25	1.0940919037199124	735.0	0	0.0	735.0	0	0.0
login	19	123	185620.5	3	0.13129102844638948	185620.5	7	0.3063457330415755	1235.0	17	0.7439824945295405	741.0	0	0.0	741.0	0	0.0
login	19	124	187123.5	16	0.700218818380744	187123.5	16	0.700218818380744	1245.0	11	0.4814004376367615	747.0	0	0.0	747.0	0	0.0
login	19	125	188626.5	19	0.8315098468271335	188626.5	5	0.2188183807439825	1255.0	12	0.5251641137855579	753.0	0	0.0	753.0	0	0.0
login	19	126	190129.5	0	0.0	190129.5	17	0.7439824945295405	1265.0	13	0.5689277899343544	759.0	0	0.0	759.0	0	0.0
login	19	127	191632.5	19	0.8315098468271335	191632.5	9	0.3938730853391685	1275.0	10	0.437636761487965	765.0	0	0.0	765.0	0	0.0
login	19	128	193135.5	17	0.7439824945295405	193135.5	10	0.437636761487965	1285.0	25	1.0940919037199124	771.0	0	0.0	771.0	0	0.0
login	19	129	194638.5	2	0.087527352297593	194638.5	16	0.700218818380744	1295.0	31	1.3566739606126914	777.0	0	0.0	777.0	0	0.0
login	19	130	196141.5	19	0.8315098468271335	196141.5	8	0.350109409190372	1305.0	15	0.6564551422319475	783.0	0	0.0	783.0	0	0.0
login	19	131	197644.5	0	0.0	197644.5	14	0.612691466083151	1315.0	19	0.8315098468271335	789.0	0	0.0	789.0	0	0.0
login	19	132	199147.5	19	0.8315098468271335	199147.5	10	0.437636761487965	1325.0	19	0.8315098468271335	795.0	0	0.0	795.0	0	0.0
login	19	133	200650.5	19	0.8315098468271335	200650.5	9	0.3938730853391685	1335.0	18	0.787746170678337	801.0	0	0.0	801.0	0	0.0
login	19	134	202153.5	0	0.0	202153.5	19	0.8315098468271335	1345.0	26	1.1378555798687089	807.0	0	0.0	807.0	0	0.0
login	19	135	203656.5	19	0.8315098468271335	203656.5	6	0.26258205689277897	1355.0	19	0.8315098468271335	813.0	0	0.0	813.0	0	0.0
login	19	136	205159.5	0	0.0	205159.5	13	0.5689277899343544	1365.0	10	0.437636761487965	819.0	0	0.0	819.0	0	0.0
login	19	137	206662.5	19	0.8315098468271335	206662.5	14	0.612691466083151	1375.0	23	1.0065645514223194	825.0	0	0.0	825.0	0	0.0
login	19	138	208165.5	19	0.8315098468271335	208165.5	6	0.26258205689277897	1385.0	20	0.87527352297593	831.0	0	0.0	831.0	0	0.0
login	19	139	209668.5	0	0.0	209668.5	18	0.787746170678337	1395.0	16	0.700218818380744	837.0	0	0.0	837.0	0	0.0
login	19	140	211171.5	19	0.8315098468271335	211171.5	9	0.3938730853391685	1405.0	25	1.0940919037199124	843.0	0	0.0	843.0	0	0.0
login	19	141	212674.5	0	0.0	212674.5	10	0.437636761487965	1415.0	15	0.6564551422319475	849.0	0	0.0	849.0	0	0.0
login	19	142	214177.5	19	0.8315098468271335	214177.5	13	0.5689277899343544	1425.0	9	0.3938730853391685	855.0	0	0.0	855.0	0	0.0
login	19	143	215680.5	19	0.8315098468271335	215680.5	7	0.3063457330415755	1435.0	13	0.5689277899343544	861.0	0	0.0	861.0	0	0.0
login	19	144	217183.5	0	0.0	217183.5	18	0.787746170678337	1445.0	14	0.612691466083151	867.0	0	0.0	867.0	0	0.0
login	19	145	218686.5	19	0.8315098468271335	218686.5	7	0.3063457330415755	1455.0	23	1.0065645514223194	873.0	0	0.0	873.0	0	0.0
login	19	146	220189.5	0	0.0	220189.5	12	0.5251641137855579	1465.0	14	0.612691466083151	879.0	0	0.0	879.0	0	0.0
login	19	147	221692.5	19	0.8315098468271335	221692.5	13	0.5689277899343544	1475.0	11	0.4814004376367615	885.0	0	0.0	885.0	0	0.0
login	19	148	223195.5	19	0.8315098468271335	223195.5	8	0.350109409190372	1485.0	18	0.787746170678337	891.0	0	0.0	891.0	0	0.0
login	19	149	224698.5	0	0.0	224698.5	17	0.7439824945295405	1495.0	14	0.612691466083151	897.0	0	0.0	897.0	0	0.0
login	19	150	226201.5	19	0.8315098468271335	226201.5	7	0.3063457330415755	1505.0	15	0.6564551422319475	903.0	0	0.0	903.0	0	0.0
login	19	151	227704.5	0	0.0	227704.5	12	0.5251641137855579	1515.0	13	0.5689277899343544	909.0	0	0.0	909.0	0	0.0
login	19	152	229207.5	19	0.8315098468271335	229207.5	9	0.3938730853391685	1525.0	11	0.4814004376367615	915.0	0	0.0	915.0	0	0.0
login	19	153	230710.5	19	0.8315098468271335	230710.5	10	0.437636761487965	1535.0	9	0.3938730853391685	921.0	0	0.0	921.0	0	0.0
login	19	154	232213.5	0	0.0	232213.5	19	0.8315098468271335	1545.0	11	0.4814004376367615	927.0	0	0.0	927.0	0	0.0
login	19	155	233716.5	19	0.8315098468271335	233716.5	5	0.2188183807439825	1555.0	10	0.437636761487965	933.0	0	0.0	933.0	0	0.0
login	19	156	235219.5	0	0.0	235219.5	14	0.612691466083151	1565.0	9	0.3938730853391685	939.0	0	0.0	939.0	0	0.0
login	19	157	236722.5	19	0.8315098468271335	236722.5	9	0.3938730853391685	1575.0	9	0.3938730853391685	945.0	0	0.0	945.0	0	0.0
login	19	158	238225.5	0	0.0	238225.5	10	0.437636761487965	1585.0	10	0.437636761487965	951.0	0	0.0	951.0	0	0.0
login	19	159	239728.5	19	0.8315098468271335	239728.5	16	0.700218818380744	1595.0	9	0.3938730853391685	957.0	0	0.0	957.0	0	0.0
login	19	160	241231.5	19	0.8315098468271335	241231.5	5	0.2188183807439825	1605.0	9	0.3938730853391685	963.0	0	0.0	963.0	0	0.0
login	19	161	242734.5	0	0.0	242734.5	17	0.7439824945295405	1615.0	5	0.2188183807439825	969.0	0	0.0	969.0	0	0.0
login	19	162	244237.5	19	0.8315098468271335	244237.5	9	0.3938730853391685	1625.0	6	0.26258205689277897	975.0	0	0.0	975.0	0	0.0
login	19	163	245740.5	0	0.0	245740.5	10	0.437636761487965	1635.0	7	0.3063457330415755	981.0	0	0.0	981.0	0	0.0
login	19	164	247243.5	19	0.8315098468271335	247243.5	14	0.612691466083151	1645.0	6	0.26258205689277897	987.0	0	0.0	987.0	0	0.0
login	19	165	248746.5	19	0.8315098468271335	248746.5	8	0.350109409190372	1655.0	8	0.350109409190372	993.0	0	0.0	993.0	0	0.0
login	19	166	250249.5	0	0.0	250249.5	16	0.700218818380744	1665.0	6	0.26258205689277897	999.0	0	0.0	999.0	0	0.0
login	19	167	251752.5	19	0.8315098468271335	251752.5	10	0.437636761487965	1675.0	3	0.13129102844638948	1005.0	0	0.0	1005.0	0	0.0
login	19	168	253255.5	19	0.8315098468271335	253255.5	10	0.437636761487965	1685.0	4	0.175054704595186	1011.0	0	0.0	1011.0	0	0.0
login	19	169	254758.5	0	0.0	254758.5	18	0.787746170678337	1695.0	1	0.0437636761487965	1017.0	0	0.0	1017.0	0	0.0
login	19	170	256261.5	19	0.8315098468271335	256261.5	9	0.3938730853391685	1705.0	4	0.175054704595186	1023.0	0	0.0	1023.0	0	0.0
login	19	171	257764.5	0	0.0	257764.5	10	0.437636761487965	1715.0	2	0.087527352297593	1029.0	0	0.0	1029.0	0	0.0
login	19	172	259267.5	19	0.8315098468271335	259267.5	13	0.5689277899343544	1725.0	1	0.0437636761487965	1035.0	0	0.0	1035.0	0	0.0
login	19	173	260770.5	19	0.8315098468271335	260770.5	7	0.3063457330415755	1735.0	1	0.0437636761487965	1041.0	0	0.0	1041.0	0	0.0
login	19	174	262273.5	0	0.0	262273.5	18	0.787746170678337	1745.0	1	0.0437636761487965	1047.0	0	0.0	1047.0	0	0.0
login	19	175	263776.5	19	0.8315098468271335	263776.5	7	0.3063457330415755	1755.0	3	0.13129102844638948	1053.0	0	0.0	1053.0	0	0.0
login	19	176	265279.5	0	0.0	265279.5	12	0.5251641137855579	1765.0	0	0.0	1059.0	0	0.0	1059.0	0	0.0
login	19	177	266782.5	19	0.8315098468271335	266782.5	12	0.5251641137855579	1775.0	2	0.087527352297593	1065.0	0	0.0	1065.0	0	0.0
login	19	178	268285.5	19	0.8315098468271335	268285.5	7	0.3063457330415755	1785.0	2	0.087527352297593	1071.0	0	0.0	1071.0	0	0.0
login	19	179	269788.5	0	0.0	269788.5	19	0.8315098468271335	1795.0	1	0.0437636761487965	1077.0	0	0.0	1077.0	0	0.0
login	19	180	271291.5	19	0.8315098468271335	271291.5	4	0.175054704595186	1805.0	2	0.087527352297593	1083.0	0	0.0	1083.0	0	0.0
login	19	181	272794.5	0	0.0	272794.5	15	0.6564551422319475	1815.0	0	0.0	1089.0	0	0.0	1089.0	0	0.0
login	19	182	274297.5	19	0.8315098468271335	274297.5	14	0.612691466083151	1825.0	2	0.087527352297593	1095.0	0	0.0	1095.0	0	0.0
login	19	183	275800.5	19	0.8315098468271335	275800.5	8	0.350109409190372	1835.0	1	0.0437636761487965	1101.0	0	0.0	1101.0	0	0.0
login	19	184	277303.5	0	0.0	277303.5	16	0.700218818380744	1845.0	0	0.0	1107.0	0	0.0	1107.0	0	0.0
login	19	185	278806.5	19	0.8315098468271335	278806.5	10	0.437636761487965	1855.0	0	0.0	1113.0	0	0.0	1113.0	0	0.0
login	19	186	280309.5	0	0.0	280309.5	9	0.3938730853391685	1865.0	0	0.0	1119.0	0	0.0	1119.0	0	0.0
login	19	187	281812.5	19	0.8315098468271335	281812.5	15	0.6564551422319475	1875.0	0	0.0	1125.0	0	0.0	1125.0	0	0.0
login	19	188	283315.5	19	0.8315098468271335	283315.5	7	0.3063457330415755	1885.0	0	0.0	1131.0	0	0.0	1131.0	0	0.0
login	19	189	284818.5	0	0.0	284818.5	16	0.700218818380744	1895.0	0	0.0	1137.0	0	0.0	1137.0	0	0.0
login	19	190	286321.5	19	0.8315098468271335	286321.5	8	0.350109409190372	1905.0	0	0.0	1143.0	0	0.0	1143.0	0	0.0
login	19	191	287824.5	0	0.0	287824.5	11	0.4814004376367615	1915.0	0	0.0	1149.0	0	0.0	1149.0	0	0.0
login	19	192	289327.5	19	0.8315098468271335	289327.5	12	0.5251641137855579	1925.0	0	0.0	1155.0	0	0.0	1155.0	0	0.0
login	19	193	290830.5	19	0.8315098468271335	290830.5	7	0.3063457330415755	1935.0	0	0.0	1161.0	0	0.0	1161.0	0	0.0
login	19	194	292333.5	0	0.0	292333.5	19	0.8315098468271335	1945.0	0	0.0	1167.0	0	0.0	1167.0	0	0.0
login	19	195	293836.5	19	0.8315098468271335	293836.5	7	0.3063457330415755	1955.0	0	0.0	1173.0	0	0.0	1173.0	0	0.0
login	19	196	295339.5	0	0.0	295339.5	12	0.5251641137855579	1965.0	0	0.0	1179.0	0	0.0	1179.0	0	0.0
login	19	197	296842.5	19	0.8315098468271335	296842.5	13	0.5689277899343544	1975.0	0	0.0	1185.0	0	0.0	1185.0	0	0.0
login	19	198	298345.5	19	0.8315098468271335	298345.5	6	0.26258205689277897	1985.0	0	0.0	1191.0	0	0.0	1191.0	0	0.0
login	19	199	299848.5	0	0.0	299848.5	19	0.8315098468271335	1995.0	0	0.0	1197.0	0	0.0	1197.0	0	0.0
info	19	0	750.5	19	0.8344312692138779	750.5	19	0.8344312692138779	4.0	164	7.20245937637242	3.0	2277	100.0	3.0	2277	100.0
info	19	1	2251.5	13	0.5709266578831796	2251.5	5	0.21958717610891523	12.0	49	2.1519543258673695	9.0	0	0.0	9.0	0	0.0
info	19	2	3752.5	11	0.4830917874396135	3752.5	19	0.8344312692138779	20.0	55	2.4154589371980677	15.0	0	0.0	15.0	0	0.0
info	19	3	5253.5	14	0.6148440931049627	5253.5	0	0.0	28.0	43	1.888449714536671	21.0	0	0.0	21.0	0	0.0
info	19	4	6754.5	7	0.30742204655248134	6754.5	19	0.8344312692138779	36.0	40	1.7566974088713219	27.0	0	0.0	27.0	0	0.0
info	19	5	8255.5	17	0.7465963987703118	8255.5	19	0.8344312692138779	44.0	33	1.4492753623188406	33.0	0	0.0	33.0	0	0.0
info	19	6	9756.5	8	0.3513394817742644	9756.5	0	0.0	52.0	32	1.4053579270970575	39.0	0	0.0	39.0	0	0.0
info	19	7	11257.5	11	0.4830917874396135	11257.5	19	0.8344312692138779	60.0	37	1.6249451032059727	45.0	0	0.0	45.0	0	0.0
info	19	8	12758.5	12	0.5270092226613966	12758.5	0	0.0	68.0	22	0.966183574879227	51.0	0	0.0	51.0	0	0.0
info	19	9	14259.5	7	0.30742204655248134	14259.5	19	0.8344312692138779	76.0	23	1.0101010101010102	57.0	0	0.0	57.0	0	0.0
info	19	10	15760.5	19	0.8344312692138779	15760.5	19	0.8344312692138779	84.0	36	1.5810276679841897	63.0	0	0.0	63.0	0	0.0
info	19	11	17261.5	5	0.21958717610891523	17261.5	0	0.0	92.0	16	0.7026789635485288	69.0	0	0.0	69.0	0	0.0
info	19	12	18762.5	14	0.6148440931049627	18762.5	19	0.8344312692138779	100.0	16	0.7026789635485288	75.0	0	0.0	75.0	0	0.0
info	19	13	20263.5	15	0.6587615283267457	20263.5	0	0.0	108.0	22	0.966183574879227	81.0	0	0.0	81.0	0	0.0
info	19	14	21764.5	7	0.30742204655248134	21764.5	19	0.8344312692138779	116.0	14	0.6148440931049627	87.0	0	0.0	87.0	0	0.0
info	19	15	23265.5	16	0.7026789635485288	23265.5	19	0.8344312692138779	124.0	8	0.3513394817742644	93.0	0	0.0	93.0	0	0.0
info	19	16	24766.5	7	0.30742204655248134	24766.5	0	0.0	132.0	8	0.3513394817742644	99.0	0	0.0	99.0	0	0.0
info	19	17	26267.5	12	0.5270092226613966	26267.5	19	0.8344312692138779	140.0	14	0.6148440931049627	105.0	0	0.0	105.0	0	0.0
info	19	18	27768.5	13	0.5709266578831796	27768.5	0	0.0	148.0	10	0.43917435221783047	111.0	0	0.0	111.0	0	0.0
info	19	19	29269.5	6	0.2635046113306983	29269.5	19	0.8344312692138779	156.0	11	0.4830917874396135	117.0	0	0.0	117.0	0	0.0
info	19	20	30770.5	19	0.8344312692138779	30770.5	19	0.8344312692138779	164.0	12	0.5270092226613966	123.0	0	0.0	123.0	0	0.0
info	19	21	32271.5	8	0.3513394817742644	32271.5	0	0.0	172.0	11	0.4830917874396135	129.0	0	0.0	129.0	0	0.0
info	19	22	33772.5	11	0.4830917874396135	33772.5	19	0.8344312692138779	180.0	6	0.2635046113306983	135.0	0	0.0	135.0	0	0.0
info	19	23	35273.5	11	0.4830917874396135	35273.5	0	0.0	188.0	20	0.8783487044356609	141.0	0	0.0	141.0	0	0.0
info	19	24	36774.5	8	0.3513394817742644	36774.5	19	0.8344312692138779	196.0	8	0.3513394817742644	147.0	0	0.0	147.0	0	0.0
info	19	25	38275.5	14	0.6148440931049627	38275.5	0	0.0	204.0	16	0.7026789635485288	153.0	0	0.0	153.0	0	0.0
info	19	26	39776.5	6	0.2635046113306983	39776.5	19	0.8344312692138779	212.0	14	0.6148440931049627	159.0	0	0.0	159.0	0	0.0
info	19	27	41277.5	18	0.7905138339920948	41277.5	19	0.8344312692138779	220.0	7	0.30742204655248134	165.0	0	0.0	165.0	0	0.0
info	19	28	42778.5	7	0.30742204655248134	42778.5	0	0.0	228.0	8	0.3513394817742644	171.0	0	0.0	171.0	0	0.0
info	19	29	44279.5	12	0.5270092226613966	44279.5	19	0.8344312692138779	236.0	7	0.30742204655248134	177.0	0	0.0	177.0	0	0.0
info	19	30	45780.5	12	0.5270092226613966	45780.5	0	0.0	244.0	9	0.3952569169960474	183.0	0	0.0	183.0	0	0.0
info	19	31	47281.5	7	0.30742204655248134	47281.5	19	0.8344312692138779	252.0	8	0.3513394817742644	189.0	0	0.0	189.0	0	0.0
info	19	32	48782.5	17	0.7465963987703118	48782.5	16	0.7026789635485288	260.0	9	0.3952569169960474	195.0	0	0.0	195.0	0	0.0
info	19	33	50283.5	8	0.3513394817742644	50283.5	3	0.13175230566534915	268.0	5	0.21958717610891523	201.0	0	0.0	201.0	0	0.0
info	19	34	51784.5	13	0.5709266578831796	51784.5	19	0.8344312692138779	276.0	12	0.5270092226613966	207.0	0	0.0	207.0	0	0.0
info	19	35	53285.5	10	0.43917435221783047	53285.5	0	0.0	284.0	11	0.4830917874396135	213.0	0	0.0	213.0	0	0.0
info	19	36	54786.5	9	0.3952569169960474	54786.5	19	0.8344312692138779	292.0	11	0.4830917874396135	219.0	0	0.0	219.0	0	0.0
info	19	37	56287.5	14	0.6148440931049627	56287.5	0	0.0	300.0	14	0.6148440931049627	225.0	0	0.0	225.0	0	0.0
info	19	38	57788.5	6	0.2635046113306983	57788.5	19	0.8344312692138779	308.0	17	0.7465963987703118	231.0	0	0.0	231.0	0	0.0
info	19	39	59289.5	18	0.7905138339920948	59289.5	19	0.8344312692138779	316.0	16	0.7026789635485288	237.0	0	0.0	237.0	0	0.0
info	19	40	60790.5	5	0.21958717610891523	60790.5	0	0.0	324.0	23	1.0101010101010102	243.0	0	0.0	243.0	0	0.0
info	19	41	62291.5	14	0.6148440931049627	62291.5	19	0.8344312692138779	332.0	11	0.4830917874396135	249.0	0	0.0	249.0	0	0.0
info	19	42	63792.5	13	0.5709266578831796	63792.5	0	0.0	340.0	13	0.5709266578831796	255.0	0	0.0	255.0	0	0.0
info	19	43	65293.5	6	0.2635046113306983	65293.5	19	0.8344312692138779	348.0	17	0.7465963987703118	261.0	0	0.0	261.0	0	0.0
info	19	44	66794.5	19	0.8344312692138779	66794.5	19	0.8344312692138779	356.0	11	0.4830917874396135	267.0	0	0.0	267.0	0	0.0
info	19	45	68295.5	5	0.21958717610891523	68295.5	0	0.0	364.0	9	0.3952569169960474	273.0	0	0.0	273.0	0	0.0
info	19	46	69796.5	14	0.6148440931049627	69796.5	19	0.8344312692138779	372.0	15	0.6587615283267457	279.0	0	0.0	279.0	0	0.0
info	19	47	71297.5	13	0.5709266578831796	71297.5	0	0.0	380.0	11	0.4830917874396135	285.0	0	0.0	285.0	0	0.0
info	19	48	72798.5	7	0.30742204655248134	72798.5	19	0.8344312692138779	388.0	19	0.8344312692138779	291.0	0	0.0	291.0	0	0.0
info	19	49	74299.5	18	0.7905138339920948	74299.5	19	0.8344312692138779	396.0	12	0.5270092226613966	297.0	0	0.0	297.0	0	0.0
info	19	50	75800.5	6	0.2635046113306983	75800.5	0	0.0	404.0	21	0.922266139657444	303.0	0	0.0	303.0	0	0.0
info	19	51	77301.5	13	0.5709266578831796	77301.5	19	0.8344312692138779	412.0	14	0.6148440931049627	309.0	0	0.0	309.0	0	0.0
info	19	52	78802.5	12	0.5270092226613966	78802.5	0	0.0	420.0	11	0.4830917874396135	315.0	0	0.0	315.0	0	0.0
info	19	53	80303.5	7	0.30742204655248134	80303.5	19	0.8344312692138779	428.0	10	0.43917435221783047	321.0	0	0.0	321.0	0	0.0
info	19	54	81804.5	19	0.8344312692138779	81804.5	19	0.8344312692138779	436.0	10	0.43917435221783047	327.0	0	0.0	327.0	0	0.0
info	19	55	83305.5	4	0.1756697408871322	83305.5	0	0.0	444.0	9	0.3952569169960474	333.0	0	0.0	333.0	0	0.0
info	19	56	84806.5	15	0.6587615283267457	84806.5	19	0.8344312692138779	452.0	17	0.7465963987703118	339.0	0	0.0	339.0	0	0.0
info	19	57	86307.5	11	0.4830917874396135	86307.5	0	0.0	460.0	9	0.3952569169960474	345.0	0	0.0	345.0	0	0.0
info	19	58	87808.5	8	0.3513394817742644	87808.5	19	0.8344312692138779	468.0	6	0.2635046113306983	351.0	0	0.0	351.0	0	0.0
info	19	59	89309.5	18	0.7905138339920948	89309.5	18	0.7905138339920948	476.0	7	0.30742204655248134	357.0	0	0.0	357.0	0	0.0
info	19	60	90810.5	7	0.30742204655248134	90810.5	1	0.04391743522178305	484.0	15	0.6587615283267457	363.0	0	0.0	363.0	0	0.0
info	19	61	92311.5	13	0.5709266578831796	92311.5	19	0.8344312692138779	492.0	19	0.8344312692138779	369.0	0	0.0	369.0	0	0.0
info	19	62	93812.5	10	0.43917435221783047	93812.5	0	0.0	500.0	16	0.7026789635485288	375.0	0	0.0	375.0	0	0.0
info	19	63	95313.5	9	0.3952569169960474	95313.5	19	0.8344312692138779	508.0	17	0.7465963987703118	381.0	0	0.0	381.0	0	0.0
info	19	64	96814.5	17	0.7465963987703118	96814.5	17	0.7465963987703118	516.0	18	0.7905138339920948	387.0	0	0.0	387.0	0	0.0
info	19	65	98315.5	7	0.30742204655248134	98315.5	2	0.0878348704435661	524.0	10	0.43917435221783047	393.0	0	0.0	393.0	0	0.0
info	19	66	99816.5	14	0.6148440931049627	99816.5	19	0.8344312692138779	532.0	9	0.3952569169960474	399.0	0	0.0	399.0	0	0.0
info	19	67	101317.5	12	0.5270092226613966	101317.5	0	0.0	540.0	10	0.43917435221783047	405.0	0	0.0	405.0	0	0.0
info	19	68	102818.5	7	0.30742204655248134	102818.5	19	0.8344312692138779	548.0	9	0.3952569169960474	411.0	0	0.0	411.0	0	0.0
info	19	69	104319.5	18	0.7905138339920948	104319.5	17	0.7465963987703118	556.0	9	0.3952569169960474	417.0	0	0.0	417.0	0	0.0
info	19	70	105820.5	4	0.1756697408871322	105820.5	2	0.0878348704435661	564.0	15	0.6587615283267457	423.0	0	0.0	423.0	0	0.0
info	19	71	107321.5	16	0.7026789635485288	107321.5	19	0.8344312692138779	572.0	13	0.5709266578831796	429.0	0	0.0	429.0	0	0.0
info	19	72	108822.5	9	0.3952569169960474	108822.5	0	0.0	580.0	12	0.5270092226613966	435.0	0	0.0	435.0	0	0.0
info	19	73	110323.5	10	0.43917435221783047	110323.5	19	0.8344312692138779	588.0	9	0.3952569169960474	441.0	0	0.0	441.0	0	0.0
info	19	74	111824.5	19	0.8344312692138779	111824.5	19	0.8344312692138779	596.0	12	0.5270092226613966	447.0	0	0.0	447.0	0	0.0
info	19	75	113325.5	7	0.30742204655248134	113325.5	0	0.0	604.0	19	0.8344312692138779	453.0	0	0.0	453.0	0	0.0
info	19	76	114826.5	12	0.5270092226613966	114826.5	19	0.8344312692138779	612.0	9	0.3952569169960474	459.0	0	0.0	459.0	0	0.0
info	19	77	116327.5	13	0.5709266578831796	116327.5	0	0.0	620.0	14	0.6148440931049627	465.0	0	0.0	465.0	0	0.0
info	19	78	117828.5	6	0.2635046113306983	117828.5	19	0.8344312692138779	628.0	12	0.5270092226613966	471.0	0	0.0	471.0	0	0.0
info	19	79	119329.5	19	0.8344312692138779	119329.5	19	0.8344312692138779	636.0	5	0.21958717610891523	477.0	0	0.0	477.0	0	0.0
info	19	80	120830.5	6	0.2635046113306983	120830.5	0	0.0	644.0	10	0.43917435221783047	483.0	0	0.0	483.0	0	0.0
info	19	81	122331.5	13	0.5709266578831796	122331.5	19	0.8344312692138779	652.0	14	0.6148440931049627	489.0	0	0.0	489.0	0	0.0
info	19	82	123832.5	13	0.5709266578831796	123832.5	1	0.04391743522178305	660.0	12	0.5270092226613966	495.0	0	0.0	495.0	0	0.0
info	19	83	125333.5	6	0.2635046113306983	125333.5	18	0.7905138339920948	668.0	11	0.4830917874396135	501.0	0	0.0	501.0	0	0.0
info	19	84	126834.5	19	0.8344312692138779	126834.5	19	0.8344312692138779	676.0	9	0.3952569169960474	507.0	0	0.0	507.0	0	0.0
info	19	85	128335.5	6	0.2635046113306983	128335.5	0	0.0	684.0	17	0.7465963987703118	513.0	0	0.0	513.0	0	0.0
info	19	86	129836.5	13	0.5709266578831796	129836.5	19	0.8344312692138779	692.0	9	0.3952569169960474	519.0	0	0.0	519.0	0	0.0
info	19	87	131337.5	12	0.5270092226613966	131337.5	0	0.0	700.0	15	0.6587615283267457	525.0	0	0.0	525.0	0	0.0
info	19	88	132838.5	7	0.30742204655248134	132838.5	19	0.8344312692138779	708.0	19	0.8344312692138779	531.0	0	0.0	531.0	0	0.0
info	19	89	134339.5	19	0.8344312692138779	134339.5	19	0.8344312692138779	716.0	14	0.6148440931049627	537.0	0	0.0	537.0	0	0.0
info	19	90	135840.5	5	0.21958717610891523	135840.5	0	0.0	724.0	7	0.30742204655248134	543.0	0	0.0	543.0	0	0.0
info	19	91	137341.5	14	0.6148440931049627	137341.5	19	0.8344312692138779	732.0	9	0.3952569169960474	549.0	0	0.0	549.0	0	0.0
info	19	92	138842.5	13	0.5709266578831796	138842.5	0	0.0	740.0	15	0.6587615283267457	555.0	0	0.0	555.0	0	0.0
info	19	93	140343.5	7	0.30742204655248134	140343.5	19	0.8344312692138779	748.0	10	0.43917435221783047	561.0	0	0.0	561.0	0	0.0
info	19	94	141844.5	18	0.7905138339920948	141844.5	19	0.8344312692138779	756.0	12	0.5270092226613966	567.0	0	0.0	567.0	0	0.0
info	19	95	143345.5	8	0.3513394817742644	143345.5	0	0.0	764.0	15	0.6587615283267457	573.0	0	0.0	573.0	0	0.0
info	19	96	144846.5	11	0.4830917874396135	144846.5	19	0.8344312692138779	772.0	10	0.43917435221783047	579.0	0	0.0	579.0	0	0.0
info	19	97	146347.5	11	0.4830917874396135	146347.5	0	0.0	780.0	15	0.6587615283267457	585.0	0	0.0	585.0	0	0.0
info	19	98	147848.5	8	0.3513394817742644	147848.5	19	0.8344312692138779	788.0	8	0.3513394817742644	591.0	0	0.0	591.0	0	0.0
info	19	99	149349.5	19	0.8344312692138779	149349.5	19	0.8344312692138779	796.0	14	0.6148440931049627	597.0	0	0.0	597.0	0	0.0
info	19	100	150850.5	4	0.1756697408871322	150850.5	0	0.0	804.0	5	0.21958717610891523	603.0	0	0.0	603.0	0	0.0
info	19	101	152351.5	15	0.6587615283267457	152351.5	19	0.8344312692138779	812.0	12	0.5270092226613966	609.0	0	0.0	609.0	0	0.0
info	19	102	153852.5	12	0.5270092226613966	153852.5	0	0.0	820.0	4	0.1756697408871322	615.0	0	0.0	615.0	0	0.0
info	19	103	155353.5	7	0.30742204655248134	155353.5	19	0.8344312692138779	828.0	7	0.30742204655248134	621.0	0	0.0	621.0	0	0.0
info	19	104	156854.5	19	0.8344312692138779	156854.5	19	0.8344312692138779	836.0	6	0.2635046113306983	627.0	0	0.0	627.0	0	0.0
info	19	105	158355.5	8	0.3513394817742644	158355.5	0	0.0	844.0	9	0.3952569169960474	633.0	0	0.0	633.0	0	0.0
info	19	106	159856.5	11	0.4830917874396135	159856.5	19	0.8344312692138779	852.0	16	0.7026789635485288	639.0	0	0.0	639.0	0	0.0
info	19	107	161357.5	14	0.6148440931049627	161357.5	0	0.0	860.0	14	0.6148440931049627	645.0	0	0.0	645.0	0	0.0
info	19	108	162858.5	6	0.2635046113306983	162858.5	19	0.8344312692138779	868.0	15	0.6587615283267457	651.0	0	0.0	651.0	0	0.0
info	19	109	164359.5	18	0.7905138339920948	164359.5	19	0.8344312692138779	876.0	15	0.6587615283267457	657.0	0	0.0	657.0	0	0.0
info	19	110	165860.5	4	0.1756697408871322	165860.5	0	0.0	884.0	16	0.7026789635485288	663.0	0	0.0	663.0	0	0.0
info	19	111	167361.5	15	0.6587615283267457	167361.5	19	0.8344312692138779	892.0	15	0.6587615283267457	669.0	0	0.0	669.0	0	0.0
info	19	112	168862.5	9	0.3952569169960474	168862.5	0	0.0	900.0	17	0.7465963987703118	675.0	0	0.0	675.0	0	0.0
info	19	113	170363.5	10	0.43917435221783047	170363.5	19	0.8344312692138779	908.0	13	0.5709266578831796	681.0	0	0.0	681.0	0	0.0
info	19	114	171864.5	19	0.8344312692138779	171864.5	19	0.8344312692138779	916.0	12	0.5270092226613966	687.0	0	0.0	687.0	0	0.0
info	19	115	173365.5	7	0.30742204655248134	173365.5	0	0.0	924.0	17	0.7465963987703118	693.0	0	0.0	693.0	0	0.0
info	19	116	174866.5	12	0.5270092226613966	174866.5	19	0.8344312692138779	932.0	16	0.7026789635485288	699.0	0	0.0	699.0	0	0.0
info	19	117	176367.5	14	0.6148440931049627	176367.5	0	0.0	940.0	11	0.4830917874396135	705.0	0	0.0	705.0	0	0.0
info	19	118	177868.5	5	0.21958717610891523	177868.5	19	0.8344312692138779	948.0	15	0.6587615283267457	711.0	0	0.0	711.0	0	0.0
info	19	119	179369.5	19	0.8344312692138779	179369.5	19	0.8344312692138779	956.0	6	0.2635046113306983	717.0	0	0.0	717.0	0	0.0
info	19	120	180870.5	6	0.2635046113306983	180870.5	0	0.0	964.0	8	0.3513394817742644	723.0	0	0.0	723.0	0	0.0
info	19	121	182371.5	13	0.5709266578831796	182371.5	19	0.8344312692138779	972.0	8	0.3513394817742644	729.0	0	0.0	729.0	0	0.0
info	19	122	183872.5	12	0.5270092226613966	183872.5	0	0.0	980.0	15	0.6587615283267457	735.0	0	0.0	735.0	0	0.0
info	19	123	185373.5	7	0.30742204655248134	185373.5	19	0.8344312692138779	988.0	16	0.7026789635485288	741.0	0	0.0	741.0	0	0.0
info	19	124	186874.5	16	0.7026789635485288	186874.5	16	0.7026789635485288	996.0	11	0.4830917874396135	747.0	0	0.0	747.0	0	0.0
info	19	125	188375.5	6	0.2635046113306983	188375.5	3	0.13175230566534915	1004.0	17	0.7465963987703118	753.0	0	0.0	753.0	0	0.0
info	19	126	189876.5	16	0.7026789635485288	189876.5	19	0.8344312692138779	1012.0	23	1.0101010101010102	759.0	0	0.0	759.0	0	0.0
info	19	127	191377.5	9	0.3952569169960474	191377.5	0	0.0	1020.0	14	0.6148440931049627	765.0	0	0.0	765.0	0	0.0
info	19	128	192878.5	10	0.43917435221783047	192878.5	19	0.8344312692138779	1028.0	10	0.43917435221783047	771.0	0	0.0	771.0	0	0.0
info	19	129	194379.5	18	0.7905138339920948	194379.5	18	0.7905138339920948	1036.0	19	0.8344312692138779	777.0	0	0.0	777.0	0	0.0
info	19	130	195880.5	6	0.2635046113306983	195880.5	1	0.04391743522178305	1044.0	13	0.5709266578831796	783.0	0	0.0	783.0	0	0.0
info	19	131	197381.5	14	0.6148440931049627	197381.5	19	0.8344312692138779	1052.0	10	0.43917435221783047	789.0	0	0.0	789.0	0	0.0
info	19	132	198882.5	10	0.43917435221783047	198882.5	0	0.0	1060.0	8	0.3513394817742644	795.0	0	0.0	795.0	0	0.0
info	19	133	200383.5	9	0.3952569169960474	200383.5	19	0.8344312692138779	1068.0	10	0.43917435221783047	801.0	0	0.0	801.0	0	0.0
info	19	134	201884.5	19	0.8344312692138779	201884.5	19	0.8344312692138779	1076.0	12	0.5270092226613966	807.0	0	0.0	807.0	0	0.0
info	19	135	203385.5	7	0.30742204655248134	203385.5	0	0.0	1084.0	13	0.5709266578831796	813.0	0	0.0	813.0	0	0.0
info	19	136	204886.5	12	0.5270092226613966	204886.5	19	0.8344312692138779	1092.0	16	0.7026789635485288	819.0	0	0.0	819.0	0	0.0
info	19	137	206387.5	15	0.6587615283267457	206387.5	0	0.0	1100.0	9	0.3952569169960474	825.0	0	0.0	825.0	0	0.0
info	19	138	207888.5	8	0.3513394817742644	207888.5	19	0.8344312692138779	1108.0	17	0.7465963987703118	831.0	0	0.0	831.0	0	0.0
info	19	139	209389.5	15	0.6587615283267457	209389.5	19	0.8344312692138779	1116.0	14	0.6148440931049627	837.0	0	0.0	837.0	0	0.0
info	19	140	210890.5	10	0.43917435221783047	210890.5	1	0.04391743522178305	1124.0	10	0.43917435221783047	843.0	0	0.0	843.0	0	0.0
info	19	141	212391.5	9	0.3952569169960474	212391.5	18	0.7905138339920948	1132.0	5	0.21958717610891523	849.0	0	0.0	849.0	0	0.0
info	19	142	213892.5	14	0.6148440931049627	213892.5	0	0.0	1140.0	2	0.0878348704435661	855.0	0	0.0	855.0	0	0.0
info	19	143	215393.5	6	0.2635046113306983	215393.5	19	0.8344312692138779	1148.0	6	0.2635046113306983	861.0	0	0.0	861.0	0	0.0
info	19	144	216894.5	18	0.7905138339920948	216894.5	19	0.8344312692138779	1156.0	3	0.13175230566534915	867.0	0	0.0	867.0	0	0.0
info	19	145	218395.5	8	0.3513394817742644	218395.5	0	0.0	1164.0	8	0.3513394817742644	873.0	0	0.0	873.0	0	0.0
info	19	146	219896.5	11	0.4830917874396135	219896.5	19	0.8344312692138779	1172.0	8	0.3513394817742644	879.0	0	0.0	879.0	0	0.0
info	19	147	221397.5	14	0.6148440931049627	221397.5	0	0.0	1180.0	7	0.30742204655248134	885.0	0	0.0	885.0	0	0.0
info	19	148	222898.5	7	0.30742204655248134	222898.5	19	0.8344312692138779	1188.0	5	0.21958717610891523	891.0	0	0.0	891.0	0	0.0
info	19	149	224399.5	17	0.7465963987703118	224399.5	19	0.8344312692138779	1196.0	7	0.30742204655248134	897.0	0	0.0	897.0	0	0.0
info	19	150	225900.5	7	0.30742204655248134	225900.5	0	0.0	1204.0	10	0.43917435221783047	903.0	0	0.0	903.0	0	0.0
info	19	151	227401.5	12	0.5270092226613966	227401.5	19	0.8344312692138779	1212.0	10	0.43917435221783047	909.0	0	0.0	909.0	0	0.0
info	19	152	228902.5	11	0.4830917874396135	228902.5	0	0.0	1220.0	3	0.13175230566534915	915.0	0	0.0	915.0	0	0.0
info	19	153	230403.5	8	0.3513394817742644	230403.5	19	0.8344312692138779	1228.0	5	0.21958717610891523	921.0	0	0.0	921.0	0	0.0
info	19	154	231904.5	19	0.8344312692138779	231904.5	19	0.8344312692138779	1236.0	7	0.30742204655248134	927.0	0	0.0	927.0	0	0.0
info	19	155	233405.5	5	0.21958717610891523	233405.5	0	0.0	1244.0	3	0.13175230566534915	933.0	0	0.0	933.0	0	0.0
info	19	156	234906.5	14	0.6148440931049627	234906.5	19	0.8344312692138779	1252.0	4	0.1756697408871322	939.0	0	0.0	939.0	0	0.0
info	19	157	236407.5	9	0.3952569169960474	236407.5	0	0.0	1260.0	6	0.2635046113306983	945.0	0	0.0	945.0	0	0.0
info	19	158	237908.5	10	0.43917435221783047	237908.5	19	0.8344312692138779	1268.0	8	0.3513394817742644	951.0	0	0.0	951.0	0	0.0
info	19	159	239409.5	16	0.7026789635485288	239409.5	15	0.6587615283267457	1276.0	4	0.1756697408871322	957.0	0	0.0	957.0	0	0.0
info	19	160	240910.5	5	0.21958717610891523	240910.5	4	0.1756697408871322	1284.0	4	0.1756697408871322	963.0	0	0.0	963.0	0	0.0
info	19	161	242411.5	17	0.7465963987703118	242411.5	19	0.8344312692138779	1292.0	2	0.0878348704435661	969.0	0	0.0	969.0	0	0.0
info	19	162	243912.5	9	0.3952569169960474	243912.5	0	0.0	1300.0	3	0.13175230566534915	975.0	0	0.0	975.0	0	0.0
info	19	163	245413.5	10	0.43917435221783047	245413.5	19	0.8344312692138779	1308.0	3	0.13175230566534915	981.0	0	0.0	981.0	0	0.0
info	19	164	246914.5	14	0.6148440931049627	246914.5	1	0.04391743522178305	1316.0	1	0.04391743522178305	987.0	0	0.0	987.0	0	0.0
info	19	165	248415.5	8	0.3513394817742644	248415.5	18	0.7905138339920948	1324.0	0	0.0	993.0	0	0.0	993.0	0	0.0
info	19	166	249916.5	16	0.7026789635485288	249916.5	19	0.8344312692138779	1332.0	0	0.0	999.0	0	0.0	999.0	0	0.0
info	19	167	251417.5	10	0.43917435221783047	251417.5	0	0.0	1340.0	2	0.0878348704435661	1005.0	0	0.0	1005.0	0	0.0
info	19	168	252918.5	10	0.43917435221783047	252918.5	19	0.8344312692138779	1348.0	1	0.04391743522178305	1011.0	0	0.0	1011.0	0	0.0
info	19	169	254419.5	18	0.7905138339920948	254419.5	19	0.8344312692138779	1356.0	2	0.0878348704435661	1017.0	0	0.0	1017.0	0	0.0
info	19	170	255920.5	9	0.3952569169960474	255920.5	0	0.0	1364.0	0	0.0	1023.0	0	0.0	1023.0	0	0.0
info	19	171	257421.5	10	0.43917435221783047	257421.5	19	0.8344312692138779	1372.0	0	0.0	1029.0	0	0.0	1029.0	0	0.0
info	19	172	258922.5	13	0.5709266578831796	258922.5	0	0.0	1380.0	0	0.0	1035.0	0	0.0	1035.0	0	0.0
info	19	173	260423.5	7	0.30742204655248134	260423.5	19	0.8344312692138779	1388.0	2	0.0878348704435661	1041.0	0	0.0	1041.0	0	0.0
info	19	174	261924.5	18	0.7905138339920948	261924.5	19	0.8344312692138779	1396.0	2	0.0878348704435661	1047.0	0	0.0	1047.0	0	0.0
info	19	175	263425.5	7	0.30742204655248134	263425.5	0	0.0	1404.0	1	0.04391743522178305	1053.0	0	0.0	1053.0	0	0.0
info	19	176	264926.5	12	0.5270092226613966	264926.5	19	0.8344312692138779	1412.0	0	0.0	1059.0	0	0.0	1059.0	0	0.0
info	19	177	266427.5	11	0.4830917874396135	266427.5	0	0.0	1420.0	0	0.0	1065.0	0	0.0	1065.0	0	0.0
info	19	178	267928.5	8	0.3513394817742644	267928.5	19	0.8344312692138779	1428.0	0	0.0	1071.0	0	0.0	1071.0	0	0.0
info	19	179	269429.5	19	0.8344312692138779	269429.5	19	0.8344312692138779	1436.0	0	0.0	1077.0	0	0.0	1077.0	0	0.0
info	19	180	270930.5	4	0.1756697408871322	270930.5	0	0.0	1444.0	0	0.0	1083.0	0	0.0	1083.0	0	0.0
info	19	181	272431.5	15	0.6587615283267457	272431.5	19	0.8344312692138779	1452.0	0	0.0	1089.0	0	0.0	1089.0	0	0.0
info	19	182	273932.5	14	0.6148440931049627	273932.5	1	0.04391743522178305	1460.0	1	0.04391743522178305	1095.0	0	0.0	1095.0	0	0.0
info	19	183	275433.5	8	0.3513394817742644	275433.5	18	0.7905138339920948	1468.0	1	0.04391743522178305	1101.0	0	0.0	1101.0	0	0.0
info	19	184	276934.5	16	0.7026789635485288	276934.5	19	0.8344312692138779	1476.0	0	0.0	1107.0	0	0.0	1107.0	0	0.0
info	19	185	278435.5	8	0.3513394817742644	278435.5	0	0.0	1484.0	1	0.04391743522178305	1113.0	0	0.0	1113.0	0	0.0
info	19	186	279936.5	11	0.4830917874396135	279936.5	19	0.8344312692138779	1492.0	0	0.0	1119.0	0	0.0	1119.0	0	0.0
info	19	187	281437.5	15	0.6587615283267457	281437.5	0	0.0	1500.0	0	0.0	1125.0	0	0.0	1125.0	0	0.0
info	19	188	282938.5	6	0.2635046113306983	282938.5	19	0.8344312692138779	1508.0	0	0.0	1131.0	0	0.0	1131.0	0	0.0
info	19	189	284439.5	17	0.7465963987703118	284439.5	19	0.8344312692138779	1516.0	0	0.0	1137.0	0	0.0	1137.0	0	0.0
info	19	190	285940.5	7	0.30742204655248134	285940.5	0	0.0	1524.0	0	0.0	1143.0	0	0.0	1143.0	0	0.0
info	19	191	287441.5	12	0.5270092226613966	287441.5	19	0.8344312692138779	1532.0	0	0.0	1149.0	0	0.0	1149.0	0	0.0
info	19	192	288942.5	11	0.4830917874396135	288942.5	0	0.0	1540.0	0	0.0	1155.0	0	0.0	1155.0	0	0.0
info	19	193	290443.5	8	0.3513394817742644	290443.5	19	0.8344312692138779	1548.0	0	0.0	1161.0	0	0.0	1161.0	0	0.0
info	19	194	291944.5	19	0.8344312692138779	291944.5	19	0.8344312692138779	1556.0	0	0.0	1167.0	0	0.0	1167.0	0	0.0
info	19	195	293445.5	7	0.30742204655248134	293445.5	0	0.0	1564.0	0	0.0	1173.0	0	0.0	1173.0	0	0.0
info	19	196	294946.5	12	0.5270092226613966	294946.5	19	0.8344312692138779	1572.0	0	0.0	1179.0	0	0.0	1179.0	0	0.0
info	19	197	296447.5	12	0.5270092226613966	296447.5	0	0.0	1580.0	0	0.0	1185.0	0	0.0	1185.0	0	0.0
info	19	198	297948.5	7	0.30742204655248134	297948.5	19	0.8344312692138779	1588.0	0	0.0	1191.0	0	0.0	1191.0	0	0.0
info	19	199	299449.5	11	0.4830917874396135	299449.5	11	0.4830917874396135	1596.0	0	0.0	1197.0	0	0.0	1197.0	0	0.0
home	19	0	744.5	20	0.88261253309797	744.5	19	0.8384819064430715	2.5	72	3.1774051191526924	3.0	2266	100.0	3.0	2266	100.0
home	19	1	2233.5	5	0.2206531332744925	2233.5	4	0.176522506619594	7.5	176	7.766990291262136	9.0	0	0.0	9.0	0	0.0
home	19	2	3722.5	18	0.7943512797881731	3722.5	20	0.88261253309797	12.5	31	1.3680494263018537	15.0	0	0.0	15.0	0	0.0
home	19	3	5211.5	6	0.264783759929391	5211.5	0	0.0	17.5	34	1.5004413062665491	21.0	0	0.0	21.0	0	0.0
home	19	4	6700.5	13	0.5736981465136806	6700.5	19	0.8384819064430715	22.5	47	2.0741394527802295	27.0	0	0.0	27.0	0	0.0
home	19	5	8189.5	19	0.8384819064430715	8189.5	19	0.8384819064430715	27.5	87	3.83936451897617	33.0	0	0.0	33.0	0	0.0
home	19	6	9678.5	0	0.0	9678.5	0	0.0	32.5	72	3.1774051191526924	39.0	0	0.0	39.0	0	0.0
home	19	7	11167.5	19	0.8384819064430715	11167.5	19	0.8384819064430715	37.5	101	4.457193292144749	45.0	0	0.0	45.0	0	0.0
home	19	8	12656.5	0	0.0	12656.5	0	0.0	42.5	78	3.4421888790820834	51.0	0	0.0	51.0	0	0.0
home	19	9	14145.5	19	0.8384819064430715	14145.5	19	0.8384819064430715	47.5	89	3.9276257722859667	57.0	0	0.0	57.0	0	0.0
home	19	10	15634.5	19	0.8384819064430715	15634.5	19	0.8384819064430715	52.5	85	3.7511032656663725	63.0	0	0.0	63.0	0	0.0
home	19	11	17123.5	0	0.0	17123.5	0	0.0	57.5	87	3.83936451897617	69.0	0	0.0	69.0	0	0.0
home	19	12	18612.5	19	0.8384819064430715	18612.5	19	0.8384819064430715	62.5	76	3.353927625772286	75.0	0	0.0	75.0	0	0.0
home	19	13	20101.5	0	0.0	20101.5	0	0.0	67.5	84	3.7069726390114743	81.0	0	0.0	81.0	0	0.0
home	19	14	21590.5	19	0.8384819064430715	21590.5	19	0.8384819064430715	72.5	75	3.309796999117388	87.0	0	0.0	87.0	0	0.0
home	19	15	23079.5	19	0.8384819064430715	23079.5	19	0.8384819064430715	77.5	85	3.7511032656663725	93.0	0	0.0	93.0	0	0.0
home	19	16	24568.5	0	0.0	24568.5	0	0.0	82.5	104	4.5895851721094445	99.0	0	0.0	99.0	0	0.0
home	19	17	26057.5	19	0.8384819064430715	26057.5	19	0.8384819064430715	87.5	105	4.633715798764343	105.0	0	0.0	105.0	0	0.0
home	19	18	27546.5	0	0.0	27546.5	0	0.0	92.5	108	4.766107678729038	111.0	0	0.0	111.0	0	0.0
home	19	19	29035.5	19	0.8384819064430715	29035.5	19	0.8384819064430715	97.5	120	5.29567519858782	117.0	0	0.0	117.0	0	0.0
home	19	20	30524.5	19	0.8384819064430715	30524.5	19	0.8384819064430715	102.5	106	4.677846425419241	123.0	0	0.0	123.0	0	0.0
home	19	21	32013.5	0	0.0	32013.5	0	0.0	107.5	78	3.4421888790820834	129.0	0	0.0	129.0	0	0.0
home	19	22	33502.5	19	0.8384819064430715	33502.5	19	0.8384819064430715	112.5	68	3.0008826125330983	135.0	0	0.0	135.0	0	0.0
home	19	23	34991.5	0	0.0	34991.5	0	0.0	117.5	54	2.383053839364519	141.0	0	0.0	141.0	0	0.0
home	19	24	36480.5	19	0.8384819064430715	36480.5	19	0.8384819064430715	122.5	29	1.2797881729920566	147.0	0	0.0	147.0	0	0.0
home	19	25	37969.5	0	0.0	37969.5	0	0.0	127.5	24	1.059135039717564	153.0	0	0.0	153.0	0	0.0
home	19	26	39458.5	19	0.8384819064430715	39458.5	19	0.8384819064430715	132.5	25	1.1032656663724625	159.0	0	0.0	159.0	0	0.0
home	19	27	40947.5	18	0.7943512797881731	40947.5	10	0.441306266548985	137.5	24	1.059135039717564	165.0	0	0.0	165.0	0	0.0
home	19	28	42436.5	1	0.0441306266548985	42436.5	9	0.39717563989408655	142.5	22	0.970873786407767	171.0	0	0.0	171.0	0	0.0
home	19	29	43925.5	19	0.8384819064430715	43925.5	19	0.8384819064430715	147.5	21	0.9267431597528686	177.0	0	0.0	177.0	0	0.0
home	19	30	45414.5	0	0.0	45414.5	0	0.0	152.5	15	0.6619593998234775	183.0	0	0.0	183.0	0	0.0
home	19	31	46903.5	19	0.8384819064430715	46903.5	19	0.8384819064430715	157.5	18	0.7943512797881731	189.0	0	0.0	189.0	0	0.0
home	19	32	48392.5	1	0.0441306266548985	48392.5	0	0.0	162.5	11	0.4854368932038835	195.0	0	0.0	195.0	0	0.0
home	19	33	49881.5	18	0.7943512797881731	49881.5	19	0.8384819064430715	167.5	9	0.39717563989408655	201.0	0	0.0	201.0	0	0.0
home	19	34	51370.5	19	0.8384819064430715	51370.5	19	0.8384819064430715	172.5	2	0.088261253309797	207.0	0	0.0	207.0	0	0.0
home	19	35	52859.5	0	0.0	52859.5	0	0.0	177.5	6	0.264783759929391	213.0	0	0.0	213.0	0	0.0
home	19	36	54348.5	19	0.8384819064430715	54348.5	19	0.8384819064430715	182.5	0	0.0	219.0	0	0.0	219.0	0	0.0
home	19	37	55837.5	0	0.0	55837.5	0	0.0	187.5	0	0.0	225.0	0	0.0	225.0	0	0.0
home	19	38	57326.5	19	0.8384819064430715	57326.5	19	0.8384819064430715	192.5	1	0.0441306266548985	231.0	0	0.0	231.0	0	0.0
home	19	39	58815.5	0	0.0	58815.5	0	0.0	197.5	4	0.176522506619594	237.0	0	0.0	237.0	0	0.0
home	19	40	60304.5	19	0.8384819064430715	60304.5	19	0.8384819064430715	202.5	0	0.0	243.0	0	0.0	243.0	0	0.0
home	19	41	61793.5	19	0.8384819064430715	61793.5	19	0.8384819064430715	207.5	1	0.0441306266548985	249.0	0	0.0	249.0	0	0.0
home	19	42	63282.5	0	0.0	63282.5	0	0.0	212.5	3	0.1323918799646955	255.0	0	0.0	255.0	0	0.0
home	19	43	64771.5	19	0.8384819064430715	64771.5	19	0.8384819064430715	217.5	2	0.088261253309797	261.0	0	0.0	261.0	0	0.0
home	19	44	66260.5	0	0.0	66260.5	0	0.0	222.5	1	0.0441306266548985	267.0	0	0.0	267.0	0	0.0
home	19	45	67749.5	19	0.8384819064430715	67749.5	19	0.8384819064430715	227.5	1	0.0441306266548985	273.0	0	0.0	273.0	0	0.0
home	19	46	69238.5	19	0.8384819064430715	69238.5	19	0.8384819064430715	232.5	0	0.0	279.0	0	0.0	279.0	0	0.0
home	19	47	70727.5	0	0.0	70727.5	0	0.0	237.5	0	0.0	285.0	0	0.0	285.0	0	0.0
home	19	48	72216.5	19	0.8384819064430715	72216.5	19	0.8384819064430715	242.5	0	0.0	291.0	0	0.0	291.0	0	0.0
home	19	49	73705.5	0	0.0	73705.5	0	0.0	247.5	0	0.0	297.0	0	0.0	297.0	0	0.0
home	19	50	75194.5	19	0.8384819064430715	75194.5	19	0.8384819064430715	252.5	0	0.0	303.0	0	0.0	303.0	0	0.0
home	19	51	76683.5	17	0.7502206531332746	76683.5	17	0.7502206531332746	257.5	0	0.0	309.0	0	0.0	309.0	0	0.0
home	19	52	78172.5	2	0.088261253309797	78172.5	2	0.088261253309797	262.5	0	0.0	315.0	0	0.0	315.0	0	0.0
home	19	53	79661.5	19	0.8384819064430715	79661.5	19	0.8384819064430715	267.5	0	0.0	321.0	0	0.0	321.0	0	0.0
home	19	54	81150.5	0	0.0	81150.5	0	0.0	272.5	1	0.0441306266548985	327.0	0	0.0	327.0	0	0.0
home	19	55	82639.5	19	0.8384819064430715	82639.5	19	0.8384819064430715	277.5	1	0.0441306266548985	333.0	0	0.0	333.0	0	0.0
home	19	56	84128.5	0	0.0	84128.5	0	0.0	282.5	0	0.0	339.0	0	0.0	339.0	0	0.0
home	19	57	85617.5	19	0.8384819064430715	85617.5	19	0.8384819064430715	287.5	0	0.0	345.0	0	0.0	345.0	0	0.0
home	19	58	87106.5	19	0.8384819064430715	87106.5	19	0.8384819064430715	292.5	0	0.0	351.0	0	0.0	351.0	0	0.0
home	19	59	88595.5	0	0.0	88595.5	0	0.0	297.5	0	0.0	357.0	0	0.0	357.0	0	0.0
home	19	60	90084.5	19	0.8384819064430715	90084.5	19	0.8384819064430715	302.5	2	0.088261253309797	363.0	0	0.0	363.0	0	0.0
home	19	61	91573.5	1	0.0441306266548985	91573.5	0	0.0	307.5	0	0.0	369.0	0	0.0	369.0	0	0.0
home	19	62	93062.5	18	0.7943512797881731	93062.5	19	0.8384819064430715	312.5	0	0.0	375.0	0	0.0	375.0	0	0.0
home	19	63	94551.5	19	0.8384819064430715	94551.5	19	0.8384819064430715	317.5	1	0.0441306266548985	381.0	0	0.0	381.0	0	0.0
home	19	64	96040.5	0	0.0	96040.5	0	0.0	322.5	0	0.0	387.0	0	0.0	387.0	0	0.0
home	19	65	97529.5	19	0.8384819064430715	97529.5	19	0.8384819064430715	327.5	0	0.0	393.0	0	0.0	393.0	0	0.0
home	19	66	99018.5	16	0.706090026478376	99018.5	2	0.088261253309797	332.5	1	0.0441306266548985	399.0	0	0.0	399.0	0	0.0
home	19	67	100507.5	3	0.1323918799646955	100507.5	17	0.7502206531332746	337.5	0	0.0	405.0	0	0.0	405.0	0	0.0
home	19	68	101996.5	19	0.8384819064430715	101996.5	19	0.8384819064430715	342.5	0	0.0	411.0	0	0.0	411.0	0	0.0
home	19	69	103485.5	0	0.0	103485.5	0	0.0	347.5	0	0.0	417.0	0	0.0	417.0	0	0.0
home	19	70	104974.5	19	0.8384819064430715	104974.5	19	0.8384819064430715	352.5	0	0.0	423.0	0	0.0	423.0	0	0.0
home	19	71	106463.5	0	0.0	106463.5	0	0.0	357.5	0	0.0	429.0	0	0.0	429.0	0	0.0
home	19	72	107952.5	19	0.8384819064430715	107952.5	19	0.8384819064430715	362.5	0	0.0	435.0	0	0.0	435.0	0	0.0
home	19	73	109441.5	19	0.8384819064430715	109441.5	19	0.8384819064430715	367.5	1	0.0441306266548985	441.0	0	0.0	441.0	0	0.0
home	19	74	110930.5	0	0.0	110930.5	0	0.0	372.5	0	0.0	447.0	0	0.0	447.0	0	0.0
home	19	75	112419.5	19	0.8384819064430715	112419.5	19	0.8384819064430715	377.5	0	0.0	453.0	0	0.0	453.0	0	0.0
home	19	76	113908.5	0	0.0	113908.5	0	0.0	382.5	1	0.0441306266548985	459.0	0	0.0	459.0	0	0.0
home	19	77	115397.5	19	0.8384819064430715	115397.5	19	0.8384819064430715	387.5	0	0.0	465.0	0	0.0	465.0	0	0.0
home	19	78	116886.5	19	0.8384819064430715	116886.5	19	0.8384819064430715	392.5	0	0.0	471.0	0	0.0	471.0	0	0.0
home	19	79	118375.5	0	0.0	118375.5	0	0.0	397.5	5	0.2206531332744925	477.0	0	0.0	477.0	0	0.0
home	19	80	119864.5	19	0.8384819064430715	119864.5	19	0.8384819064430715	402.5	2	0.088261253309797	483.0	0	0.0	483.0	0	0.0
home	19	81	121353.5	3	0.1323918799646955	121353.5	0	0.0	407.5	2	0.088261253309797	489.0	0	0.0	489.0	0	0.0
home	19	82	122842.5	16	0.706090026478376	122842.5	19	0.8384819064430715	412.5	1	0.0441306266548985	495.0	0	0.0	495.0	0	0.0
home	19	83	124331.5	19	0.8384819064430715	124331.5	19	0.8384819064430715	417.5	0	0.0	501.0	0	0.0	501.0	0	0.0
home	19	84	125820.5	0	0.0	125820.5	0	0.0	422.5	0	0.0	507.0	0	0.0	507.0	0	0.0
home	19	85	127309.5	19	0.8384819064430715	127309.5	19	0.8384819064430715	427.5	0	0.0	513.0	0	0.0	513.0	0	0.0
home	19	86	128798.5	1	0.0441306266548985	128798.5	0	0.0	432.5	0	0.0	519.0	0	0.0	519.0	0	0.0
home	19	87	130287.5	18	0.7943512797881731	130287.5	19	0.8384819064430715	437.5	0	0.0	525.0	0	0.0	525.0	0	0.0
home	19	88	131776.5	19	0.8384819064430715	131776.5	19	0.8384819064430715	442.5	0	0.0	531.0	0	0.0	531.0	0	0.0
home	19	89	133265.5	0	0.0	133265.5	0	0.0	447.5	0	0.0	537.0	0	0.0	537.0	0	0.0
home	19	90	134754.5	19	0.8384819064430715	134754.5	19	0.8384819064430715	452.5	0	0.0	543.0	0	0.0	543.0	0	0.0
home	19	91	136243.5	0	0.0	136243.5	0	0.0	457.5	0	0.0	549.0	0	0.0	549.0	0	0.0
home	19	92	137732.5	19	0.8384819064430715	137732.5	19	0.8384819064430715	462.5	1	0.0441306266548985	555.0	0	0.0	555.0	0	0.0
home	19	93	139221.5	19	0.8384819064430715	139221.5	19	0.8384819064430715	467.5	0	0.0	561.0	0	0.0	561.0	0	0.0
home	19	94	140710.5	0	0.0	140710.5	0	0.0	472.5	0	0.0	567.0	0	0.0	567.0	0	0.0
home	19	95	142199.5	19	0.8384819064430715	142199.5	19	0.8384819064430715	477.5	0	0.0	573.0	0	0.0	573.0	0	0.0
home	19	96	143688.5	0	0.0	143688.5	0	0.0	482.5	0	0.0	579.0	0	0.0	579.0	0	0.0
home	19	97	145177.5	19	0.8384819064430715	145177.5	19	0.8384819064430715	487.5	0	0.0	585.0	0	0.0	585.0	0	0.0
home	19	98	146666.5	12	0.529567519858782	146666.5	0	0.0	492.5	0	0.0	591.0	0	0.0	591.0	0	0.0
home	19	99	148155.5	7	0.3089143865842895	148155.5	19	0.8384819064430715	497.5	0	0.0	597.0	0	0.0	597.0	0	0.0
home	19	100	149644.5	19	0.8384819064430715	149644.5	19	0.8384819064430715	502.5	0	0.0	603.0	0	0.0	603.0	0	0.0
home	19	101	151133.5	0	0.0	151133.5	0	0.0	507.5	0	0.0	609.0	0	0.0	609.0	0	0.0
home	19	102	152622.5	19	0.8384819064430715	152622.5	19	0.8384819064430715	512.5	0	0.0	615.0	0	0.0	615.0	0	0.0
home	19	103	154111.5	16	0.706090026478376	154111.5	0	0.0	517.5	0	0.0	621.0	0	0.0	621.0	0	0.0
home	19	104	155600.5	3	0.1323918799646955	155600.5	19	0.8384819064430715	522.5	0	0.0	627.0	0	0.0	627.0	0	0.0
home	19	105	157089.5	19	0.8384819064430715	157089.5	19	0.8384819064430715	527.5	0	0.0	633.0	0	0.0	633.0	0	0.0
home	19	106	158578.5	0	0.0	158578.5	0	0.0	532.5	0	0.0	639.0	0	0.0	639.0	0	0.0
home	19	107	160067.5	19	0.8384819064430715	160067.5	19	0.8384819064430715	537.5	0	0.0	645.0	0	0.0	645.0	0	0.0
home	19	108	161556.5	19	0.8384819064430715	161556.5	19	0.8384819064430715	542.5	0	0.0	651.0	0	0.0	651.0	0	0.0
home	19	109	163045.5	0	0.0	163045.5	0	0.0	547.5	0	0.0	657.0	0	0.0	657.0	0	0.0
home	19	110	164534.5	19	0.8384819064430715	164534.5	19	0.8384819064430715	552.5	0	0.0	663.0	0	0.0	663.0	0	0.0
home	19	111	166023.5	0	0.0	166023.5	0	0.0	557.5	0	0.0	669.0	0	0.0	669.0	0	0.0
home	19	112	167512.5	19	0.8384819064430715	167512.5	19	0.8384819064430715	562.5	0	0.0	675.0	0	0.0	675.0	0	0.0
home	19	113	169001.5	0	0.0	169001.5	0	0.0	567.5	1	0.0441306266548985	681.0	0	0.0	681.0	0	0.0
home	19	114	170490.5	19	0.8384819064430715	170490.5	19	0.8384819064430715	572.5	0	0.0	687.0	0	0.0	687.0	0	0.0
home	19	115	171979.5	19	0.8384819064430715	171979.5	19	0.8384819064430715	577.5	0	0.0	693.0	0	0.0	693.0	0	0.0
home	19	116	173468.5	0	0.0	173468.5	0	0.0	582.5	0	0.0	699.0	0	0.0	699.0	0	0.0
home	19	117	174957.5	19	0.8384819064430715	174957.5	19	0.8384819064430715	587.5	0	0.0	705.0	0	0.0	705.0	0	0.0
home	19	118	176446.5	1	0.0441306266548985	176446.5	0	0.0	592.5	1	0.0441306266548985	711.0	0	0.0	711.0	0	0.0
home	19	119	177935.5	18	0.7943512797881731	177935.5	19	0.8384819064430715	597.5	0	0.0	717.0	0	0.0	717.0	0	0.0
home	19	120	179424.5	19	0.8384819064430715	179424.5	19	0.8384819064430715	602.5	0	0.0	723.0	0	0.0	723.0	0	0.0
home	19	121	180913.5	0	0.0	180913.5	0	0.0	607.5	0	0.0	729.0	0	0.0	729.0	0	0.0
home	19	122	182402.5	19	0.8384819064430715	182402.5	19	0.8384819064430715	612.5	0	0.0	735.0	0	0.0	735.0	0	0.0
home	19	123	183891.5	0	0.0	183891.5	0	0.0	617.5	1	0.0441306266548985	741.0	0	0.0	741.0	0	0.0
home	19	124	185380.5	19	0.8384819064430715	185380.5	19	0.8384819064430715	622.5	0	0.0	747.0	0	0.0	747.0	0	0.0
home	19	125	186869.5	19	0.8384819064430715	186869.5	19	0.8384819064430715	627.5	0	0.0	753.0	0	0.0	753.0	0	0.0
home	19	126	188358.5	0	0.0	188358.5	0	0.0	632.5	0	0.0	759.0	0	0.0	759.0	0	0.0
home	19	127	189847.5	19	0.8384819064430715	189847.5	19	0.8384819064430715	637.5	0	0.0	765.0	0	0.0	765.0	0	0.0
home	19	128	191336.5	0	0.0	191336.5	0	0.0	642.5	0	0.0	771.0	0	0.0	771.0	0	0.0
home	19	129	192825.5	19	0.8384819064430715	192825.5	19	0.8384819064430715	647.5	0	0.0	777.0	0	0.0	777.0	0	0.0
home	19	130	194314.5	19	0.8384819064430715	194314.5	19	0.8384819064430715	652.5	0	0.0	783.0	0	0.0	783.0	0	0.0
home	19	131	195803.5	0	0.0	195803.5	0	0.0	657.5	0	0.0	789.0	0	0.0	789.0	0	0.0
home	19	132	197292.5	19	0.8384819064430715	197292.5	19	0.8384819064430715	662.5	0	0.0	795.0	0	0.0	795.0	0	0.0
home	19	133	198781.5	0	0.0	198781.5	0	0.0	667.5	0	0.0	801.0	0	0.0	801.0	0	0.0
home	19	134	200270.5	19	0.8384819064430715	200270.5	19	0.8384819064430715	672.5	0	0.0	807.0	0	0.0	807.0	0	0.0
home	19	135	201759.5	19	0.8384819064430715	201759.5	19	0.8384819064430715	677.5	0	0.0	813.0	0	0.0	813.0	0	0.0
home	19	136	203248.5	0	0.0	203248.5	0	0.0	682.5	0	0.0	819.0	0	0.0	819.0	0	0.0
home	19	137	204737.5	19	0.8384819064430715	204737.5	19	0.8384819064430715	687.5	0	0.0	825.0	0	0.0	825.0	0	0.0
home	19	138	206226.5	0	0.0	206226.5	0	0.0	692.5	0	0.0	831.0	0	0.0	831.0	0	0.0
home	19	139	207715.5	19	0.8384819064430715	207715.5	19	0.8384819064430715	697.5	0	0.0	837.0	0	0.0	837.0	0	0.0
home	19	140	209204.5	19	0.8384819064430715	209204.5	19	0.8384819064430715	702.5	0	0.0	843.0	0	0.0	843.0	0	0.0
home	19	141	210693.5	0	0.0	210693.5	0	0.0	707.5	0	0.0	849.0	0	0.0	849.0	0	0.0
home	19	142	212182.5	19	0.8384819064430715	212182.5	19	0.8384819064430715	712.5	0	0.0	855.0	0	0.0	855.0	0	0.0
home	19	143	213671.5	0	0.0	213671.5	0	0.0	717.5	0	0.0	861.0	0	0.0	861.0	0	0.0
home	19	144	215160.5	19	0.8384819064430715	215160.5	19	0.8384819064430715	722.5	0	0.0	867.0	0	0.0	867.0	0	0.0
home	19	145	216649.5	18	0.7943512797881731	216649.5	17	0.7502206531332746	727.5	1	0.0441306266548985	873.0	0	0.0	873.0	0	0.0
home	19	146	218138.5	1	0.0441306266548985	218138.5	2	0.088261253309797	732.5	0	0.0	879.0	0	0.0	879.0	0	0.0
home	19	147	219627.5	19	0.8384819064430715	219627.5	19	0.8384819064430715	737.5	0	0.0	885.0	0	0.0	885.0	0	0.0
home	19	148	221116.5	0	0.0	221116.5	0	0.0	742.5	1	0.0441306266548985	891.0	0	0.0	891.0	0	0.0
home	19	149	222605.5	19	0.8384819064430715	222605.5	19	0.8384819064430715	747.5	0	0.0	897.0	0	0.0	897.0	0	0.0
home	19	150	224094.5	17	0.7502206531332746	224094.5	15	0.6619593998234775	752.5	0	0.0	903.0	0	0.0	903.0	0	0.0
home	19	151	225583.5	2	0.088261253309797	225583.5	4	0.176522506619594	757.5	0	0.0	909.0	0	0.0	909.0	0	0.0
home	19	152	227072.5	19	0.8384819064430715	227072.5	19	0.8384819064430715	762.5	0	0.0	915.0	0	0.0	915.0	0	0.0
home	19	153	228561.5	0	0.0	228561.5	0	0.0	767.5	0	0.0	921.0	0	0.0	921.0	0	0.0
home	19	154	230050.5	19	0.8384819064430715	230050.5	19	0.8384819064430715	772.5	0	0.0	927.0	0	0.0	927.0	0	0.0
home	19	155	231539.5	0	0.0	231539.5	0	0.0	777.5	0	0.0	933.0	0	0.0	933.0	0	0.0
home	19	156	233028.5	19	0.8384819064430715	233028.5	19	0.8384819064430715	782.5	0	0.0	939.0	0	0.0	939.0	0	0.0
home	19	157	234517.5	19	0.8384819064430715	234517.5	19	0.8384819064430715	787.5	0	0.0	945.0	0	0.0	945.0	0	0.0
home	19	158	236006.5	0	0.0	236006.5	0	0.0	792.5	0	0.0	951.0	0	0.0	951.0	0	0.0
home	19	159	237495.5	19	0.8384819064430715	237495.5	19	0.8384819064430715	797.5	0	0.0	957.0	0	0.0	957.0	0	0.0
home	19	160	238984.5	0	0.0	238984.5	0	0.0	802.5	0	0.0	963.0	0	0.0	963.0	0	0.0
home	19	161	240473.5	19	0.8384819064430715	240473.5	19	0.8384819064430715	807.5	0	0.0	969.0	0	0.0	969.0	0	0.0
home	19	162	241962.5	18	0.7943512797881731	241962.5	18	0.7943512797881731	812.5	0	0.0	975.0	0	0.0	975.0	0	0.0
home	19	163	243451.5	1	0.0441306266548985	243451.5	1	0.0441306266548985	817.5	0	0.0	981.0	0	0.0	981.0	0	0.0
home	19	164	244940.5	19	0.8384819064430715	244940.5	19	0.8384819064430715	822.5	0	0.0	987.0	0	0.0	987.0	0	0.0
home	19	165	246429.5	0	0.0	246429.5	0	0.0	827.5	0	0.0	993.0	0	0.0	993.0	0	0.0
home	19	166	247918.5	19	0.8384819064430715	247918.5	19	0.8384819064430715	832.5	0	0.0	999.0	0	0.0	999.0	0	0.0
home	19	167	249407.5	19	0.8384819064430715	249407.5	19	0.8384819064430715	837.5	0	0.0	1005.0	0	0.0	1005.0	0	0.0
home	19	168	250896.5	0	0.0	250896.5	0	0.0	842.5	0	0.0	1011.0	0	0.0	1011.0	0	0.0
home	19	169	252385.5	19	0.8384819064430715	252385.5	19	0.8384819064430715	847.5	0	0.0	1017.0	0	0.0	1017.0	0	0.0
home	19	170	253874.5	17	0.7502206531332746	253874.5	2	0.088261253309797	852.5	0	0.0	1023.0	0	0.0	1023.0	0	0.0
home	19	171	255363.5	2	0.088261253309797	255363.5	17	0.7502206531332746	857.5	0	0.0	1029.0	0	0.0	1029.0	0	0.0
home	19	172	256852.5	19	0.8384819064430715	256852.5	19	0.8384819064430715	862.5	0	0.0	1035.0	0	0.0	1035.0	0	0.0
home	19	173	258341.5	0	0.0	258341.5	0	0.0	867.5	1	0.0441306266548985	1041.0	0	0.0	1041.0	0	0.0
home	19	174	259830.5	19	0.8384819064430715	259830.5	19	0.8384819064430715	872.5	0	0.0	1047.0	0	0.0	1047.0	0	0.0
home	19	175	261319.5	0	0.0	261319.5	0	0.0	877.5	0	0.0	1053.0	0	0.0	1053.0	0	0.0
home	19	176	262808.5	19	0.8384819064430715	262808.5	19	0.8384819064430715	882.5	0	0.0	1059.0	0	0.0	1059.0	0	0.0
home	19	177	264297.5	19	0.8384819064430715	264297.5	19	0.8384819064430715	887.5	0	0.0	1065.0	0	0.0	1065.0	0	0.0
home	19	178	265786.5	0	0.0	265786.5	0	0.0	892.5	0	0.0	1071.0	0	0.0	1071.0	0	0.0
home	19	179	267275.5	19	0.8384819064430715	267275.5	19	0.8384819064430715	897.5	0	0.0	1077.0	0	0.0	1077.0	0	0.0
home	19	180	268764.5	0	0.0	268764.5	0	0.0	902.5	0	0.0	1083.0	0	0.0	1083.0	0	0.0
home	19	181	270253.5	19	0.8384819064430715	270253.5	19	0.8384819064430715	907.5	0	0.0	1089.0	0	0.0	1089.0	0	0.0
home	19	182	271742.5	18	0.7943512797881731	271742.5	16	0.706090026478376	912.5	0	0.0	1095.0	0	0.0	1095.0	0	0.0
home	19	183	273231.5	1	0.0441306266548985	273231.5	3	0.1323918799646955	917.5	0	0.0	1101.0	0	0.0	1101.0	0	0.0
home	19	184	274720.5	19	0.8384819064430715	274720.5	19	0.8384819064430715	922.5	0	0.0	1107.0	0	0.0	1107.0	0	0.0
home	19	185	276209.5	0	0.0	276209.5	0	0.0	927.5	0	0.0	1113.0	0	0.0	1113.0	0	0.0
home	19	186	277698.5	19	0.8384819064430715	277698.5	19	0.8384819064430715	932.5	0	0.0	1119.0	0	0.0	1119.0	0	0.0
home	19	187	279187.5	19	0.8384819064430715	279187.5	19	0.8384819064430715	937.5	0	0.0	1125.0	0	0.0	1125.0	0	0.0
home	19	188	280676.5	0	0.0	280676.5	0	0.0	942.5	0	0.0	1131.0	0	0.0	1131.0	0	0.0
home	19	189	282165.5	19	0.8384819064430715	282165.5	19	0.8384819064430715	947.5	0	0.0	1137.0	0	0.0	1137.0	0	0.0
home	19	190	283654.5	0	0.0	283654.5	0	0.0	952.5	0	0.0	1143.0	0	0.0	1143.0	0	0.0
home	19	191	285143.5	19	0.8384819064430715	285143.5	19	0.8384819064430715	957.5	0	0.0	1149.0	0	0.0	1149.0	0	0.0
home	19	192	286632.5	16	0.706090026478376	286632.5	3	0.1323918799646955	962.5	0	0.0	1155.0	0	0.0	1155.0	0	0.0
home	19	193	288121.5	3	0.1323918799646955	288121.5	16	0.706090026478376	967.5	0	0.0	1161.0	0	0.0	1161.0	0	0.0
home	19	194	289610.5	19	0.8384819064430715	289610.5	19	0.8384819064430715	972.5	0	0.0	1167.0	0	0.0	1167.0	0	0.0
home	19	195	291099.5	0	0.0	291099.5	0	0.0	977.5	0	0.0	1173.0	0	0.0	1173.0	0	0.0
home	19	196	292588.5	19	0.8384819064430715	292588.5	19	0.8384819064430715	982.5	0	0.0	1179.0	0	0.0	1179.0	0	0.0
home	19	197	294077.5	19	0.8384819064430715	294077.5	19	0.8384819064430715	987.5	0	0.0	1185.0	0	0.0	1185.0	0	0.0
home	19	198	295566.5	0	0.0	295566.5	0	0.0	992.5	0	0.0	1191.0	0	0.0	1191.0	0	0.0
home	19	199	297055.5	19	0.8384819064430715	297055.5	19	0.8384819064430715	997.5	0	0.0	1197.0	0	0.0	1197.0	0	0.0
