'Request type'	'Load'	'Bucket'	'Start time'	'Absolute'	'Percent of requests'	'End time'	'Absolute'	'Percent of requests'	'Residence time'	'Absolute'	'Percent of requests'	'Theor. think time'	'Absolute'	'Percent of requests'	'Actual think time'	'Absolute'	'Percent of requests'
login	9	0	751.0	9	0.5678233438485805	751.0	9	0.5678233438485805	3.0	0	0.0	3.0	1585	100.0	3.0	1585	100.0
login	9	1	2253.0	9	0.5678233438485805	2253.0	9	0.5678233438485805	9.0	0	0.0	9.0	0	0.0	9.0	0	0.0
login	9	2	3755.0	9	0.5678233438485805	3755.0	9	0.5678233438485805	15.0	0	0.0	15.0	0	0.0	15.0	0	0.0
login	9	3	5257.0	9	0.5678233438485805	5257.0	9	0.5678233438485805	21.0	0	0.0	21.0	0	0.0	21.0	0	0.0
login	9	4	6759.0	9	0.5678233438485805	6759.0	9	0.5678233438485805	27.0	0	0.0	27.0	0	0.0	27.0	0	0.0
login	9	5	8261.0	9	0.5678233438485805	8261.0	8	0.5047318611987381	33.0	0	0.0	33.0	0	0.0	33.0	0	0.0
login	9	6	9763.0	9	0.5678233438485805	9763.0	8	0.5047318611987381	39.0	0	0.0	39.0	0	0.0	39.0	0	0.0
login	9	7	11265.0	9	0.5678233438485805	11265.0	6	0.3785488958990536	45.0	0	0.0	45.0	0	0.0	45.0	0	0.0
login	9	8	12767.0	9	0.5678233438485805	12767.0	5	0.31545741324921134	51.0	0	0.0	51.0	0	0.0	51.0	0	0.0
login	9	9	14269.0	0	0.0	14269.0	9	0.5678233438485805	57.0	0	0.0	57.0	0	0.0	57.0	0	0.0
login	9	10	15771.0	9	0.5678233438485805	15771.0	9	0.5678233438485805	63.0	0	0.0	63.0	0	0.0	63.0	0	0.0
login	9	11	17273.0	9	0.5678233438485805	17273.0	9	0.5678233438485805	69.0	0	0.0	69.0	0	0.0	69.0	0	0.0
login	9	12	18775.0	9	0.5678233438485805	18775.0	9	0.5678233438485805	75.0	1	0.06309148264984227	75.0	0	0.0	75.0	0	0.0
login	9	13	20277.0	9	0.5678233438485805	20277.0	6	0.3785488958990536	81.0	1	0.06309148264984227	81.0	0	0.0	81.0	0	0.0
login	9	14	21779.0	9	0.5678233438485805	21779.0	5	0.31545741324921134	87.0	2	0.12618296529968454	87.0	0	0.0	87.0	0	0.0
login	9	15	23281.0	9	0.5678233438485805	23281.0	7	0.4416403785488959	93.0	0	0.0	93.0	0	0.0	93.0	0	0.0
login	9	16	24783.0	1	0.06309148264984227	24783.0	9	0.5678233438485805	99.0	0	0.0	99.0	0	0.0	99.0	0	0.0
login	9	17	26285.0	8	0.5047318611987381	26285.0	9	0.5678233438485805	105.0	1	0.06309148264984227	105.0	0	0.0	105.0	0	0.0
login	9	18	27787.0	9	0.5678233438485805	27787.0	9	0.5678233438485805	111.0	1	0.06309148264984227	111.0	0	0.0	111.0	0	0.0
login	9	19	29289.0	9	0.5678233438485805	29289.0	9	0.5678233438485805	117.0	2	0.12618296529968454	117.0	0	0.0	117.0	0	0.0
login	9	20	30791.0	9	0.5678233438485805	30791.0	9	0.5678233438485805	123.0	0	0.0	123.0	0	0.0	123.0	0	0.0
login	9	21	32293.0	9	0.5678233438485805	32293.0	8	0.5047318611987381	129.0	3	0.1892744479495268	129.0	0	0.0	129.0	0	0.0
login	9	22	33795.0	9	0.5678233438485805	33795.0	6	0.3785488958990536	135.0	0	0.0	135.0	0	0.0	135.0	0	0.0
login	9	23	35297.0	9	0.5678233438485805	35297.0	6	0.3785488958990536	141.0	0	0.0	141.0	0	0.0	141.0	0	0.0
login	9	24	36799.0	9	0.5678233438485805	36799.0	7	0.4416403785488959	147.0	1	0.06309148264984227	147.0	0	0.0	147.0	0	0.0
login	9	25	38301.0	8	0.5047318611987381	38301.0	9	0.5678233438485805	153.0	0	0.0	153.0	0	0.0	153.0	0	0.0
login	9	26	39803.0	1	0.06309148264984227	39803.0	9	0.5678233438485805	159.0	3	0.1892744479495268	159.0	0	0.0	159.0	0	0.0
login	9	27	41305.0	9	0.5678233438485805	41305.0	9	0.5678233438485805	165.0	2	0.12618296529968454	165.0	0	0.0	165.0	0	0.0
login	9	28	42807.0	9	0.5678233438485805	42807.0	9	0.5678233438485805	171.0	4	0.25236593059936907	171.0	0	0.0	171.0	0	0.0
login	9	29	44309.0	9	0.5678233438485805	44309.0	7	0.4416403785488959	177.0	5	0.31545741324921134	177.0	0	0.0	177.0	0	0.0
login	9	30	45811.0	9	0.5678233438485805	45811.0	4	0.25236593059936907	183.0	4	0.25236593059936907	183.0	0	0.0	183.0	0	0.0
login	9	31	47313.0	9	0.5678233438485805	47313.0	11	0.6940063091482649	189.0	10	0.6309148264984227	189.0	0	0.0	189.0	0	0.0
login	9	32	48815.0	9	0.5678233438485805	48815.0	5	0.31545741324921134	195.0	7	0.4416403785488959	195.0	0	0.0	195.0	0	0.0
login	9	33	50317.0	6	0.3785488958990536	50317.0	9	0.5678233438485805	201.0	7	0.4416403785488959	201.0	0	0.0	201.0	0	0.0
login	9	34	51819.0	3	0.1892744479495268	51819.0	9	0.5678233438485805	207.0	8	0.5047318611987381	207.0	0	0.0	207.0	0	0.0
login	9	35	53321.0	9	0.5678233438485805	53321.0	9	0.5678233438485805	213.0	8	0.5047318611987381	213.0	0	0.0	213.0	0	0.0
login	9	36	54823.0	9	0.5678233438485805	54823.0	9	0.5678233438485805	219.0	5	0.31545741324921134	219.0	0	0.0	219.0	0	0.0
login	9	37	56325.0	9	0.5678233438485805	56325.0	9	0.5678233438485805	225.0	6	0.3785488958990536	225.0	0	0.0	225.0	0	0.0
login	9	38	57827.0	9	0.5678233438485805	57827.0	3	0.1892744479495268	231.0	3	0.1892744479495268	231.0	0	0.0	231.0	0	0.0
login	9	39	59329.0	9	0.5678233438485805	59329.0	9	0.5678233438485805	237.0	1	0.06309148264984227	237.0	0	0.0	237.0	0	0.0
login	9	40	60831.0	9	0.5678233438485805	60831.0	6	0.3785488958990536	243.0	4	0.25236593059936907	243.0	0	0.0	243.0	0	0.0
login	9	41	62333.0	0	0.0	62333.0	9	0.5678233438485805	249.0	0	0.0	249.0	0	0.0	249.0	0	0.0
login	9	42	63835.0	9	0.5678233438485805	63835.0	9	0.5678233438485805	255.0	2	0.12618296529968454	255.0	0	0.0	255.0	0	0.0
login	9	43	65337.0	9	0.5678233438485805	65337.0	9	0.5678233438485805	261.0	2	0.12618296529968454	261.0	0	0.0	261.0	0	0.0
login	9	44	66839.0	9	0.5678233438485805	66839.0	9	0.5678233438485805	267.0	6	0.3785488958990536	267.0	0	0.0	267.0	0	0.0
login	9	45	68341.0	9	0.5678233438485805	68341.0	7	0.4416403785488959	273.0	7	0.4416403785488959	273.0	0	0.0	273.0	0	0.0
login	9	46	69843.0	9	0.5678233438485805	69843.0	3	0.1892744479495268	279.0	5	0.31545741324921134	279.0	0	0.0	279.0	0	0.0
login	9	47	71345.0	9	0.5678233438485805	71345.0	8	0.5047318611987381	285.0	9	0.5678233438485805	285.0	0	0.0	285.0	0	0.0
login	9	48	72847.0	0	0.0	72847.0	9	0.5678233438485805	291.0	10	0.6309148264984227	291.0	0	0.0	291.0	0	0.0
login	9	49	74349.0	9	0.5678233438485805	74349.0	9	0.5678233438485805	297.0	17	1.0725552050473186	297.0	0	0.0	297.0	0	0.0
login	9	50	75851.0	9	0.5678233438485805	75851.0	9	0.5678233438485805	303.0	19	1.198738170347003	303.0	0	0.0	303.0	0	0.0
login	9	51	77353.0	9	0.5678233438485805	77353.0	9	0.5678233438485805	309.0	15	0.946372239747634	309.0	0	0.0	309.0	0	0.0
login	9	52	78855.0	9	0.5678233438485805	78855.0	9	0.5678233438485805	315.0	21	1.3249211356466877	315.0	0	0.0	315.0	0	0.0
login	9	53	80357.0	9	0.5678233438485805	80357.0	6	0.3785488958990536	321.0	19	1.198738170347003	321.0	0	0.0	321.0	0	0.0
login	9	54	81859.0	9	0.5678233438485805	81859.0	9	0.5678233438485805	327.0	17	1.0725552050473186	327.0	0	0.0	327.0	0	0.0
login	9	55	83361.0	9	0.5678233438485805	83361.0	5	0.31545741324921134	333.0	9	0.5678233438485805	333.0	0	0.0	333.0	0	0.0
login	9	56	84863.0	8	0.5047318611987381	84863.0	8	0.5047318611987381	339.0	2	0.12618296529968454	339.0	0	0.0	339.0	0	0.0
login	9	57	86365.0	7	0.4416403785488959	86365.0	8	0.5047318611987381	345.0	1	0.06309148264984227	345.0	0	0.0	345.0	0	0.0
login	9	58	87867.0	3	0.1892744479495268	87867.0	9	0.5678233438485805	351.0	2	0.12618296529968454	351.0	0	0.0	351.0	0	0.0
login	9	59	89369.0	9	0.5678233438485805	89369.0	9	0.5678233438485805	357.0	6	0.3785488958990536	357.0	0	0.0	357.0	0	0.0
login	9	60	90871.0	9	0.5678233438485805	90871.0	9	0.5678233438485805	363.0	9	0.5678233438485805	363.0	0	0.0	363.0	0	0.0
login	9	61	92373.0	9	0.5678233438485805	92373.0	9	0.5678233438485805	369.0	13	0.8201892744479495	369.0	0	0.0	369.0	0	0.0
login	9	62	93875.0	9	0.5678233438485805	93875.0	8	0.5047318611987381	375.0	21	1.3249211356466877	375.0	0	0.0	375.0	0	0.0
login	9	63	95377.0	9	0.5678233438485805	95377.0	5	0.31545741324921134	381.0	19	1.198738170347003	381.0	0	0.0	381.0	0	0.0
login	9	64	96879.0	9	0.5678233438485805	96879.0	5	0.31545741324921134	387.0	35	2.2082018927444795	387.0	0	0.0	387.0	0	0.0
login	9	65	98381.0	8	0.5047318611987381	98381.0	9	0.5678233438485805	393.0	38	2.397476340694006	393.0	0	0.0	393.0	0	0.0
login	9	66	99883.0	1	0.06309148264984227	99883.0	9	0.5678233438485805	399.0	33	2.082018927444795	399.0	0	0.0	399.0	0	0.0
login	9	67	101385.0	9	0.5678233438485805	101385.0	9	0.5678233438485805	405.0	20	1.2618296529968454	405.0	0	0.0	405.0	0	0.0
login	9	68	102887.0	9	0.5678233438485805	102887.0	9	0.5678233438485805	411.0	22	1.3880126182965298	411.0	0	0.0	411.0	0	0.0
login	9	69	104389.0	9	0.5678233438485805	104389.0	9	0.5678233438485805	417.0	21	1.3249211356466877	417.0	0	0.0	417.0	0	0.0
login	9	70	105891.0	9	0.5678233438485805	105891.0	6	0.3785488958990536	423.0	15	0.946372239747634	423.0	0	0.0	423.0	0	0.0
login	9	71	107393.0	9	0.5678233438485805	107393.0	5	0.31545741324921134	429.0	7	0.4416403785488959	429.0	0	0.0	429.0	0	0.0
login	9	72	108895.0	9	0.5678233438485805	108895.0	10	0.6309148264984227	435.0	5	0.31545741324921134	435.0	0	0.0	435.0	0	0.0
login	9	73	110397.0	9	0.5678233438485805	110397.0	7	0.4416403785488959	441.0	8	0.5047318611987381	441.0	0	0.0	441.0	0	0.0
login	9	74	111899.0	7	0.4416403785488959	111899.0	8	0.5047318611987381	447.0	5	0.31545741324921134	447.0	0	0.0	447.0	0	0.0
login	9	75	113401.0	2	0.12618296529968454	113401.0	9	0.5678233438485805	453.0	5	0.31545741324921134	453.0	0	0.0	453.0	0	0.0
login	9	76	114903.0	9	0.5678233438485805	114903.0	9	0.5678233438485805	459.0	3	0.1892744479495268	459.0	0	0.0	459.0	0	0.0
login	9	77	116405.0	9	0.5678233438485805	116405.0	9	0.5678233438485805	465.0	18	1.135646687697161	465.0	0	0.0	465.0	0	0.0
login	9	78	117907.0	9	0.5678233438485805	117907.0	9	0.5678233438485805	471.0	19	1.198738170347003	471.0	0	0.0	471.0	0	0.0
login	9	79	119409.0	9	0.5678233438485805	119409.0	7	0.4416403785488959	477.0	23	1.451104100946372	477.0	0	0.0	477.0	0	0.0
login	9	80	120911.0	9	0.5678233438485805	120911.0	6	0.3785488958990536	483.0	18	1.135646687697161	483.0	0	0.0	483.0	0	0.0
login	9	81	122413.0	9	0.5678233438485805	122413.0	9	0.5678233438485805	489.0	20	1.2618296529968454	489.0	0	0.0	489.0	0	0.0
login	9	82	123915.0	9	0.5678233438485805	123915.0	6	0.3785488958990536	495.0	35	2.2082018927444795	495.0	0	0.0	495.0	0	0.0
login	9	83	125417.0	2	0.12618296529968454	125417.0	8	0.5047318611987381	501.0	26	1.640378548895899	501.0	0	0.0	501.0	0	0.0
login	9	84	126919.0	7	0.4416403785488959	126919.0	9	0.5678233438485805	507.0	18	1.135646687697161	507.0	0	0.0	507.0	0	0.0
login	9	85	128421.0	9	0.5678233438485805	128421.0	9	0.5678233438485805	513.0	13	0.8201892744479495	513.0	0	0.0	513.0	0	0.0
login	9	86	129923.0	9	0.5678233438485805	129923.0	9	0.5678233438485805	519.0	23	1.451104100946372	519.0	0	0.0	519.0	0	0.0
login	9	87	131425.0	9	0.5678233438485805	131425.0	8	0.5047318611987381	525.0	9	0.5678233438485805	525.0	0	0.0	525.0	0	0.0
login	9	88	132927.0	9	0.5678233438485805	132927.0	6	0.3785488958990536	531.0	12	0.7570977917981072	531.0	0	0.0	531.0	0	0.0
login	9	89	134429.0	9	0.5678233438485805	134429.0	6	0.3785488958990536	537.0	8	0.5047318611987381	537.0	0	0.0	537.0	0	0.0
login	9	90	135931.0	9	0.5678233438485805	135931.0	8	0.5047318611987381	543.0	5	0.31545741324921134	543.0	0	0.0	543.0	0	0.0
login	9	91	137433.0	8	0.5047318611987381	137433.0	8	0.5047318611987381	549.0	7	0.4416403785488959	549.0	0	0.0	549.0	0	0.0
login	9	92	138935.0	1	0.06309148264984227	138935.0	9	0.5678233438485805	555.0	8	0.5047318611987381	555.0	0	0.0	555.0	0	0.0
login	9	93	140437.0	9	0.5678233438485805	140437.0	9	0.5678233438485805	561.0	10	0.6309148264984227	561.0	0	0.0	561.0	0	0.0
login	9	94	141939.0	9	0.5678233438485805	141939.0	9	0.5678233438485805	567.0	9	0.5678233438485805	567.0	0	0.0	567.0	0	0.0
login	9	95	143441.0	9	0.5678233438485805	143441.0	4	0.25236593059936907	573.0	10	0.6309148264984227	573.0	0	0.0	573.0	0	0.0
login	9	96	144943.0	9	0.5678233438485805	144943.0	7	0.4416403785488959	579.0	19	1.198738170347003	579.0	0	0.0	579.0	0	0.0
login	9	97	146445.0	9	0.5678233438485805	146445.0	7	0.4416403785488959	585.0	28	1.7665615141955835	585.0	0	0.0	585.0	0	0.0
login	9	98	147947.0	2	0.12618296529968454	147947.0	9	0.5678233438485805	591.0	43	2.7129337539432177	591.0	0	0.0	591.0	0	0.0
login	9	99	149449.0	7	0.4416403785488959	149449.0	9	0.5678233438485805	597.0	41	2.586750788643533	597.0	0	0.0	597.0	0	0.0
login	9	100	150951.0	9	0.5678233438485805	150951.0	9	0.5678233438485805	603.0	23	1.451104100946372	603.0	0	0.0	603.0	0	0.0
login	9	101	152453.0	9	0.5678233438485805	152453.0	9	0.5678233438485805	609.0	31	1.9558359621451102	609.0	0	0.0	609.0	0	0.0
login	9	102	153955.0	9	0.5678233438485805	153955.0	9	0.5678233438485805	615.0	19	1.198738170347003	615.0	0	0.0	615.0	0	0.0
login	9	103	155457.0	9	0.5678233438485805	155457.0	6	0.3785488958990536	621.0	25	1.5772870662460567	621.0	0	0.0	621.0	0	0.0
login	9	104	156959.0	9	0.5678233438485805	156959.0	9	0.5678233438485805	627.0	19	1.198738170347003	627.0	0	0.0	627.0	0	0.0
login	9	105	158461.0	9	0.5678233438485805	158461.0	5	0.31545741324921134	633.0	15	0.946372239747634	633.0	0	0.0	633.0	0	0.0
login	9	106	159963.0	9	0.5678233438485805	159963.0	7	0.4416403785488959	639.0	8	0.5047318611987381	639.0	0	0.0	639.0	0	0.0
login	9	107	161465.0	0	0.0	161465.0	9	0.5678233438485805	645.0	5	0.31545741324921134	645.0	0	0.0	645.0	0	0.0
login	9	108	162967.0	9	0.5678233438485805	162967.0	9	0.5678233438485805	651.0	6	0.3785488958990536	651.0	0	0.0	651.0	0	0.0
login	9	109	164469.0	9	0.5678233438485805	164469.0	9	0.5678233438485805	657.0	14	0.8832807570977917	657.0	0	0.0	657.0	0	0.0
login	9	110	165971.0	9	0.5678233438485805	165971.0	9	0.5678233438485805	663.0	18	1.135646687697161	663.0	0	0.0	663.0	0	0.0
login	9	111	167473.0	9	0.5678233438485805	167473.0	6	0.3785488958990536	669.0	14	0.8832807570977917	669.0	0	0.0	669.0	0	0.0
login	9	112	168975.0	9	0.5678233438485805	168975.0	7	0.4416403785488959	675.0	26	1.640378548895899	675.0	0	0.0	675.0	0	0.0
login	9	113	170477.0	9	0.5678233438485805	170477.0	5	0.31545741324921134	681.0	25	1.5772870662460567	681.0	0	0.0	681.0	0	0.0
login	9	114	171979.0	0	0.0	171979.0	9	0.5678233438485805	687.0	22	1.3880126182965298	687.0	0	0.0	687.0	0	0.0
login	9	115	173481.0	9	0.5678233438485805	173481.0	9	0.5678233438485805	693.0	35	2.2082018927444795	693.0	0	0.0	693.0	0	0.0
login	9	116	174983.0	9	0.5678233438485805	174983.0	9	0.5678233438485805	699.0	32	2.0189274447949526	699.0	0	0.0	699.0	0	0.0
login	9	117	176485.0	9	0.5678233438485805	176485.0	6	0.3785488958990536	705.0	21	1.3249211356466877	705.0	0	0.0	705.0	0	0.0
login	9	118	177987.0	9	0.5678233438485805	177987.0	8	0.5047318611987381	711.0	25	1.5772870662460567	711.0	0	0.0	711.0	0	0.0
login	9	119	179489.0	9	0.5678233438485805	179489.0	6	0.3785488958990536	717.0	20	1.2618296529968454	717.0	0	0.0	717.0	0	0.0
login	9	120	180991.0	8	0.5047318611987381	180991.0	7	0.4416403785488959	723.0	12	0.7570977917981072	723.0	0	0.0	723.0	0	0.0
login	9	121	182493.0	7	0.4416403785488959	182493.0	9	0.5678233438485805	729.0	11	0.6940063091482649	729.0	0	0.0	729.0	0	0.0
login	9	122	183995.0	3	0.1892744479495268	183995.0	9	0.5678233438485805	735.0	7	0.4416403785488959	735.0	0	0.0	735.0	0	0.0
login	9	123	185497.0	9	0.5678233438485805	185497.0	9	0.5678233438485805	741.0	8	0.5047318611987381	741.0	0	0.0	741.0	0	0.0
login	9	124	186999.0	9	0.5678233438485805	186999.0	9	0.5678233438485805	747.0	5	0.31545741324921134	747.0	0	0.0	747.0	0	0.0
login	9	125	188501.0	10	0.6309148264984227	188501.0	10	0.6309148264984227	753.0	6	0.3785488958990536	753.0	0	0.0	753.0	0	0.0
login	9	126	190003.0	9	0.5678233438485805	190003.0	9	0.5678233438485805	759.0	5	0.31545741324921134	759.0	0	0.0	759.0	0	0.0
login	9	127	191505.0	9	0.5678233438485805	191505.0	8	0.5047318611987381	765.0	16	1.0094637223974763	765.0	0	0.0	765.0	0	0.0
login	9	128	193007.0	9	0.5678233438485805	193007.0	3	0.1892744479495268	771.0	8	0.5047318611987381	771.0	0	0.0	771.0	0	0.0
login	9	129	194509.0	9	0.5678233438485805	194509.0	8	0.5047318611987381	777.0	11	0.6940063091482649	777.0	0	0.0	777.0	0	0.0
login	9	130	196011.0	6	0.3785488958990536	196011.0	8	0.5047318611987381	783.0	15	0.946372239747634	783.0	0	0.0	783.0	0	0.0
login	9	131	197513.0	3	0.1892744479495268	197513.0	9	0.5678233438485805	789.0	16	1.0094637223974763	789.0	0	0.0	789.0	0	0.0
login	9	132	199015.0	9	0.5678233438485805	199015.0	9	0.5678233438485805	795.0	14	0.8832807570977917	795.0	0	0.0	795.0	0	0.0
login	9	133	200517.0	9	0.5678233438485805	200517.0	9	0.5678233438485805	801.0	12	0.7570977917981072	801.0	0	0.0	801.0	0	0.0
login	9	134	202019.0	9	0.5678233438485805	202019.0	6	0.3785488958990536	807.0	11	0.6940063091482649	807.0	0	0.0	807.0	0	0.0
login	9	135	203521.0	9	0.5678233438485805	203521.0	9	0.5678233438485805	813.0	4	0.25236593059936907	813.0	0	0.0	813.0	0	0.0
login	9	136	205023.0	9	0.5678233438485805	205023.0	5	0.31545741324921134	819.0	6	0.3785488958990536	819.0	0	0.0	819.0	0	0.0
login	9	137	206525.0	9	0.5678233438485805	206525.0	7	0.4416403785488959	825.0	4	0.25236593059936907	825.0	0	0.0	825.0	0	0.0
login	9	138	208027.0	2	0.12618296529968454	208027.0	9	0.5678233438485805	831.0	2	0.12618296529968454	831.0	0	0.0	831.0	0	0.0
login	9	139	209529.0	7	0.4416403785488959	209529.0	9	0.5678233438485805	837.0	0	0.0	837.0	0	0.0	837.0	0	0.0
login	9	140	211031.0	9	0.5678233438485805	211031.0	9	0.5678233438485805	843.0	1	0.06309148264984227	843.0	0	0.0	843.0	0	0.0
login	9	141	212533.0	9	0.5678233438485805	212533.0	6	0.3785488958990536	849.0	1	0.06309148264984227	849.0	0	0.0	849.0	0	0.0
login	9	142	214035.0	9	0.5678233438485805	214035.0	6	0.3785488958990536	855.0	3	0.1892744479495268	855.0	0	0.0	855.0	0	0.0
login	9	143	215537.0	9	0.5678233438485805	215537.0	7	0.4416403785488959	861.0	3	0.1892744479495268	861.0	0	0.0	861.0	0	0.0
login	9	144	217039.0	9	0.5678233438485805	217039.0	8	0.5047318611987381	867.0	4	0.25236593059936907	867.0	0	0.0	867.0	0	0.0
login	9	145	218541.0	0	0.0	218541.0	9	0.5678233438485805	873.0	3	0.1892744479495268	873.0	0	0.0	873.0	0	0.0
login	9	146	220043.0	9	0.5678233438485805	220043.0	9	0.5678233438485805	879.0	2	0.12618296529968454	879.0	0	0.0	879.0	0	0.0
login	9	147	221545.0	9	0.5678233438485805	221545.0	9	0.5678233438485805	885.0	5	0.31545741324921134	885.0	0	0.0	885.0	0	0.0
login	9	148	223047.0	9	0.5678233438485805	223047.0	9	0.5678233438485805	891.0	5	0.31545741324921134	891.0	0	0.0	891.0	0	0.0
login	9	149	224549.0	9	0.5678233438485805	224549.0	9	0.5678233438485805	897.0	3	0.1892744479495268	897.0	0	0.0	897.0	0	0.0
login	9	150	226051.0	9	0.5678233438485805	226051.0	5	0.31545741324921134	903.0	1	0.06309148264984227	903.0	0	0.0	903.0	0	0.0
login	9	151	227553.0	9	0.5678233438485805	227553.0	5	0.31545741324921134	909.0	3	0.1892744479495268	909.0	0	0.0	909.0	0	0.0
login	9	152	229055.0	7	0.4416403785488959	229055.0	8	0.5047318611987381	915.0	3	0.1892744479495268	915.0	0	0.0	915.0	0	0.0
login	9	153	230557.0	2	0.12618296529968454	230557.0	9	0.5678233438485805	921.0	2	0.12618296529968454	921.0	0	0.0	921.0	0	0.0
login	9	154	232059.0	9	0.5678233438485805	232059.0	9	0.5678233438485805	927.0	1	0.06309148264984227	927.0	0	0.0	927.0	0	0.0
login	9	155	233561.0	9	0.5678233438485805	233561.0	9	0.5678233438485805	933.0	0	0.0	933.0	0	0.0	933.0	0	0.0
login	9	156	235063.0	9	0.5678233438485805	235063.0	9	0.5678233438485805	939.0	0	0.0	939.0	0	0.0	939.0	0	0.0
login	9	157	236565.0	9	0.5678233438485805	236565.0	6	0.3785488958990536	945.0	0	0.0	945.0	0	0.0	945.0	0	0.0
login	9	158	238067.0	9	0.5678233438485805	238067.0	7	0.4416403785488959	951.0	0	0.0	951.0	0	0.0	951.0	0	0.0
login	9	159	239569.0	9	0.5678233438485805	239569.0	5	0.31545741324921134	957.0	0	0.0	957.0	0	0.0	957.0	0	0.0
login	9	160	241071.0	0	0.0	241071.0	9	0.5678233438485805	963.0	2	0.12618296529968454	963.0	0	0.0	963.0	0	0.0
login	9	161	242573.0	9	0.5678233438485805	242573.0	9	0.5678233438485805	969.0	1	0.06309148264984227	969.0	0	0.0	969.0	0	0.0
login	9	162	244075.0	9	0.5678233438485805	244075.0	9	0.5678233438485805	975.0	3	0.1892744479495268	975.0	0	0.0	975.0	0	0.0
login	9	163	245577.0	9	0.5678233438485805	245577.0	9	0.5678233438485805	981.0	1	0.06309148264984227	981.0	0	0.0	981.0	0	0.0
login	9	164	247079.0	9	0.5678233438485805	247079.0	8	0.5047318611987381	987.0	0	0.0	987.0	0	0.0	987.0	0	0.0
login	9	165	248581.0	9	0.5678233438485805	248581.0	5	0.31545741324921134	993.0	0	0.0	993.0	0	0.0	993.0	0	0.0
login	9	166	250083.0	9	0.5678233438485805	250083.0	6	0.3785488958990536	999.0	2	0.12618296529968454	999.0	0	0.0	999.0	0	0.0
login	9	167	251585.0	7	0.4416403785488959	251585.0	8	0.5047318611987381	1005.0	0	0.0	1005.0	0	0.0	1005.0	0	0.0
login	9	168	253087.0	3	0.1892744479495268	253087.0	9	0.5678233438485805	1011.0	0	0.0	1011.0	0	0.0	1011.0	0	0.0
login	9	169	254589.0	8	0.5047318611987381	254589.0	9	0.5678233438485805	1017.0	0	0.0	1017.0	0	0.0	1017.0	0	0.0
login	9	170	256091.0	9	0.5678233438485805	256091.0	9	0.5678233438485805	1023.0	0	0.0	1023.0	0	0.0	1023.0	0	0.0
login	9	171	257593.0	9	0.5678233438485805	257593.0	9	0.5678233438485805	1029.0	1	0.06309148264984227	1029.0	0	0.0	1029.0	0	0.0
login	9	172	259095.0	9	0.5678233438485805	259095.0	9	0.5678233438485805	1035.0	0	0.0	1035.0	0	0.0	1035.0	0	0.0
login	9	173	260597.0	9	0.5678233438485805	260597.0	9	0.5678233438485805	1041.0	0	0.0	1041.0	0	0.0	1041.0	0	0.0
login	9	174	262099.0	9	0.5678233438485805	262099.0	4	0.25236593059936907	1047.0	0	0.0	1047.0	0	0.0	1047.0	0	0.0
login	9	175	263601.0	9	0.5678233438485805	263601.0	8	0.5047318611987381	1053.0	0	0.0	1053.0	0	0.0	1053.0	0	0.0
login	9	176	265103.0	9	0.5678233438485805	265103.0	6	0.3785488958990536	1059.0	0	0.0	1059.0	0	0.0	1059.0	0	0.0
login	9	177	266605.0	6	0.3785488958990536	266605.0	9	0.5678233438485805	1065.0	0	0.0	1065.0	0	0.0	1065.0	0	0.0
login	9	178	268107.0	9	0.5678233438485805	268107.0	9	0.5678233438485805	1071.0	0	0.0	1071.0	0	0.0	1071.0	0	0.0
login	9	179	269609.0	9	0.5678233438485805	269609.0	9	0.5678233438485805	1077.0	0	0.0	1077.0	0	0.0	1077.0	0	0.0
login	9	180	271111.0	3	0.1892744479495268	271111.0	9	0.5678233438485805	1083.0	0	0.0	1083.0	0	0.0	1083.0	0	0.0
login	9	181	272613.0	9	0.5678233438485805	272613.0	9	0.5678233438485805	1089.0	0	0.0	1089.0	0	0.0	1089.0	0	0.0
login	9	182	274115.0	9	0.5678233438485805	274115.0	9	0.5678233438485805	1095.0	0	0.0	1095.0	0	0.0	1095.0	0	0.0
login	9	183	275617.0	9	0.5678233438485805	275617.0	8	0.5047318611987381	1101.0	0	0.0	1101.0	0	0.0	1101.0	0	0.0
login	9	184	277119.0	9	0.5678233438485805	277119.0	5	0.31545741324921134	1107.0	0	0.0	1107.0	0	0.0	1107.0	0	0.0
login	9	185	278621.0	9	0.5678233438485805	278621.0	5	0.31545741324921134	1113.0	0	0.0	1113.0	0	0.0	1113.0	0	0.0
login	9	186	280123.0	0	0.0	280123.0	9	0.5678233438485805	1119.0	0	0.0	1119.0	0	0.0	1119.0	0	0.0
login	9	187	281625.0	9	0.5678233438485805	281625.0	9	0.5678233438485805	1125.0	0	0.0	1125.0	0	0.0	1125.0	0	0.0
login	9	188	283127.0	9	0.5678233438485805	283127.0	9	0.5678233438485805	1131.0	0	0.0	1131.0	0	0.0	1131.0	0	0.0
login	9	189	284629.0	9	0.5678233438485805	284629.0	9	0.5678233438485805	1137.0	0	0.0	1137.0	0	0.0	1137.0	0	0.0
login	9	190	286131.0	9	0.5678233438485805	286131.0	9	0.5678233438485805	1143.0	0	0.0	1143.0	0	0.0	1143.0	0	0.0
login	9	191	287633.0	9	0.5678233438485805	287633.0	9	0.5678233438485805	1149.0	0	0.0	1149.0	0	0.0	1149.0	0	0.0
login	9	192	289135.0	9	0.5678233438485805	289135.0	7	0.4416403785488959	1155.0	0	0.0	1155.0	0	0.0	1155.0	0	0.0
login	9	193	290637.0	9	0.5678233438485805	290637.0	8	0.5047318611987381	1161.0	0	0.0	1161.0	0	0.0	1161.0	0	0.0
login	9	194	292139.0	9	0.5678233438485805	292139.0	7	0.4416403785488959	1167.0	0	0.0	1167.0	0	0.0	1167.0	0	0.0
login	9	195	293641.0	9	0.5678233438485805	293641.0	6	0.3785488958990536	1173.0	0	0.0	1173.0	0	0.0	1173.0	0	0.0
login	9	196	295143.0	0	0.0	295143.0	8	0.5047318611987381	1179.0	0	0.0	1179.0	0	0.0	1179.0	0	0.0
login	9	197	296645.0	9	0.5678233438485805	296645.0	9	0.5678233438485805	1185.0	0	0.0	1185.0	0	0.0	1185.0	0	0.0
login	9	198	298147.0	9	0.5678233438485805	298147.0	9	0.5678233438485805	1191.0	0	0.0	1191.0	0	0.0	1191.0	0	0.0
login	9	199	299649.0	9	0.5678233438485805	299649.0	9	0.5678233438485805	1197.0	0	0.0	1197.0	0	0.0	1197.0	0	0.0
info	9	0	749.5	11	0.6962025316455697	749.5	10	0.6329113924050633	2.0	347	21.962025316455698	3.0	1580	100.0	3.0	1580	100.0
info	9	1	2248.5	9	0.569620253164557	2248.5	8	0.5063291139240507	6.0	133	8.417721518987342	9.0	0	0.0	9.0	0	0.0
info	9	2	3747.5	9	0.569620253164557	3747.5	9	0.569620253164557	10.0	81	5.126582278481013	15.0	0	0.0	15.0	0	0.0
info	9	3	5246.5	7	0.44303797468354433	5246.5	9	0.569620253164557	14.0	59	3.7341772151898738	21.0	0	0.0	21.0	0	0.0
info	9	4	6745.5	9	0.569620253164557	6745.5	9	0.569620253164557	18.0	50	3.1645569620253164	27.0	0	0.0	27.0	0	0.0
info	9	5	8244.5	9	0.569620253164557	8244.5	9	0.569620253164557	22.0	26	1.6455696202531647	33.0	0	0.0	33.0	0	0.0
info	9	6	9743.5	9	0.569620253164557	9743.5	9	0.569620253164557	26.0	23	1.4556962025316458	39.0	0	0.0	39.0	0	0.0
info	9	7	11242.5	9	0.569620253164557	11242.5	9	0.569620253164557	30.0	10	0.6329113924050633	45.0	0	0.0	45.0	0	0.0
info	9	8	12741.5	6	0.379746835443038	12741.5	6	0.379746835443038	34.0	7	0.44303797468354433	51.0	0	0.0	51.0	0	0.0
info	9	9	14240.5	4	0.25316455696202533	14240.5	3	0.189873417721519	38.0	4	0.25316455696202533	57.0	0	0.0	57.0	0	0.0
info	9	10	15739.5	8	0.5063291139240507	15739.5	9	0.569620253164557	42.0	5	0.31645569620253167	63.0	0	0.0	63.0	0	0.0
info	9	11	17238.5	9	0.569620253164557	17238.5	9	0.569620253164557	46.0	9	0.569620253164557	69.0	0	0.0	69.0	0	0.0
info	9	12	18737.5	9	0.569620253164557	18737.5	9	0.569620253164557	50.0	1	0.06329113924050633	75.0	0	0.0	75.0	0	0.0
info	9	13	20236.5	9	0.569620253164557	20236.5	9	0.569620253164557	54.0	10	0.6329113924050633	81.0	0	0.0	81.0	0	0.0
info	9	14	21735.5	9	0.569620253164557	21735.5	9	0.569620253164557	58.0	20	1.2658227848101267	87.0	0	0.0	87.0	0	0.0
info	9	15	23234.5	6	0.379746835443038	23234.5	6	0.379746835443038	62.0	27	1.708860759493671	93.0	0	0.0	93.0	0	0.0
info	9	16	24733.5	5	0.31645569620253167	24733.5	3	0.189873417721519	66.0	19	1.2025316455696204	99.0	0	0.0	99.0	0	0.0
info	9	17	26232.5	8	0.5063291139240507	26232.5	9	0.569620253164557	70.0	13	0.8227848101265823	105.0	0	0.0	105.0	0	0.0
info	9	18	27731.5	8	0.5063291139240507	27731.5	9	0.569620253164557	74.0	13	0.8227848101265823	111.0	0	0.0	111.0	0	0.0
info	9	19	29230.5	9	0.569620253164557	29230.5	9	0.569620253164557	78.0	18	1.139240506329114	117.0	0	0.0	117.0	0	0.0
info	9	20	30729.5	9	0.569620253164557	30729.5	9	0.569620253164557	82.0	16	1.0126582278481013	123.0	0	0.0	123.0	0	0.0
info	9	21	32228.5	9	0.569620253164557	32228.5	9	0.569620253164557	86.0	8	0.5063291139240507	129.0	0	0.0	129.0	0	0.0
info	9	22	33727.5	9	0.569620253164557	33727.5	9	0.569620253164557	90.0	7	0.44303797468354433	135.0	0	0.0	135.0	0	0.0
info	9	23	35226.5	9	0.569620253164557	35226.5	9	0.569620253164557	94.0	11	0.6962025316455697	141.0	0	0.0	141.0	0	0.0
info	9	24	36725.5	8	0.5063291139240507	36725.5	6	0.379746835443038	98.0	8	0.5063291139240507	147.0	0	0.0	147.0	0	0.0
info	9	25	38224.5	6	0.379746835443038	38224.5	4	0.25316455696202533	102.0	15	0.949367088607595	153.0	0	0.0	153.0	0	0.0
info	9	26	39723.5	4	0.25316455696202533	39723.5	8	0.5063291139240507	106.0	11	0.6962025316455697	159.0	0	0.0	159.0	0	0.0
info	9	27	41222.5	9	0.569620253164557	41222.5	9	0.569620253164557	110.0	6	0.379746835443038	165.0	0	0.0	165.0	0	0.0
info	9	28	42721.5	9	0.569620253164557	42721.5	9	0.569620253164557	114.0	9	0.569620253164557	171.0	0	0.0	171.0	0	0.0
info	9	29	44220.5	9	0.569620253164557	44220.5	9	0.569620253164557	118.0	3	0.189873417721519	177.0	0	0.0	177.0	0	0.0
info	9	30	45719.5	9	0.569620253164557	45719.5	9	0.569620253164557	122.0	9	0.569620253164557	183.0	0	0.0	183.0	0	0.0
info	9	31	47218.5	9	0.569620253164557	47218.5	9	0.569620253164557	126.0	7	0.44303797468354433	189.0	0	0.0	189.0	0	0.0
info	9	32	48717.5	5	0.31645569620253167	48717.5	0	0.0	130.0	5	0.31645569620253167	195.0	0	0.0	195.0	0	0.0
info	9	33	50216.5	7	0.44303797468354433	50216.5	9	0.569620253164557	134.0	6	0.379746835443038	201.0	0	0.0	201.0	0	0.0
info	9	34	51715.5	7	0.44303797468354433	51715.5	9	0.569620253164557	138.0	3	0.189873417721519	207.0	0	0.0	207.0	0	0.0
info	9	35	53214.5	8	0.5063291139240507	53214.5	9	0.569620253164557	142.0	2	0.12658227848101267	213.0	0	0.0	213.0	0	0.0
info	9	36	54713.5	9	0.569620253164557	54713.5	9	0.569620253164557	146.0	1	0.06329113924050633	219.0	0	0.0	219.0	0	0.0
info	9	37	56212.5	9	0.569620253164557	56212.5	9	0.569620253164557	150.0	2	0.12658227848101267	225.0	0	0.0	225.0	0	0.0
info	9	38	57711.5	9	0.569620253164557	57711.5	9	0.569620253164557	154.0	2	0.12658227848101267	231.0	0	0.0	231.0	0	0.0
info	9	39	59210.5	8	0.5063291139240507	59210.5	8	0.5063291139240507	158.0	1	0.06329113924050633	237.0	0	0.0	237.0	0	0.0
info	9	40	60709.5	5	0.31645569620253167	60709.5	1	0.06329113924050633	162.0	1	0.06329113924050633	243.0	0	0.0	243.0	0	0.0
info	9	41	62208.5	5	0.31645569620253167	62208.5	9	0.569620253164557	166.0	2	0.12658227848101267	249.0	0	0.0	249.0	0	0.0
info	9	42	63707.5	9	0.569620253164557	63707.5	9	0.569620253164557	170.0	4	0.25316455696202533	255.0	0	0.0	255.0	0	0.0
info	9	43	65206.5	9	0.569620253164557	65206.5	9	0.569620253164557	174.0	6	0.379746835443038	261.0	0	0.0	261.0	0	0.0
info	9	44	66705.5	9	0.569620253164557	66705.5	9	0.569620253164557	178.0	2	0.12658227848101267	267.0	0	0.0	267.0	0	0.0
info	9	45	68204.5	9	0.569620253164557	68204.5	9	0.569620253164557	182.0	1	0.06329113924050633	273.0	0	0.0	273.0	0	0.0
info	9	46	69703.5	7	0.44303797468354433	69703.5	7	0.44303797468354433	186.0	3	0.189873417721519	279.0	0	0.0	279.0	0	0.0
info	9	47	71202.5	6	0.379746835443038	71202.5	2	0.12658227848101267	190.0	7	0.44303797468354433	285.0	0	0.0	285.0	0	0.0
info	9	48	72701.5	6	0.379746835443038	72701.5	9	0.569620253164557	194.0	7	0.44303797468354433	291.0	0	0.0	291.0	0	0.0
info	9	49	74200.5	8	0.5063291139240507	74200.5	9	0.569620253164557	198.0	8	0.5063291139240507	297.0	0	0.0	297.0	0	0.0
info	9	50	75699.5	9	0.569620253164557	75699.5	9	0.569620253164557	202.0	9	0.569620253164557	303.0	0	0.0	303.0	0	0.0
info	9	51	77198.5	9	0.569620253164557	77198.5	9	0.569620253164557	206.0	14	0.8860759493670887	309.0	0	0.0	309.0	0	0.0
info	9	52	78697.5	9	0.569620253164557	78697.5	9	0.569620253164557	210.0	6	0.379746835443038	315.0	0	0.0	315.0	0	0.0
info	9	53	80196.5	9	0.569620253164557	80196.5	9	0.569620253164557	214.0	13	0.8227848101265823	321.0	0	0.0	321.0	0	0.0
info	9	54	81695.5	9	0.569620253164557	81695.5	9	0.569620253164557	218.0	10	0.6329113924050633	327.0	0	0.0	327.0	0	0.0
info	9	55	83194.5	6	0.379746835443038	83194.5	6	0.379746835443038	222.0	6	0.379746835443038	333.0	0	0.0	333.0	0	0.0
info	9	56	84693.5	6	0.379746835443038	84693.5	3	0.189873417721519	226.0	4	0.25316455696202533	339.0	0	0.0	339.0	0	0.0
info	9	57	86192.5	9	0.569620253164557	86192.5	9	0.569620253164557	230.0	4	0.25316455696202533	345.0	0	0.0	345.0	0	0.0
info	9	58	87691.5	6	0.379746835443038	87691.5	9	0.569620253164557	234.0	5	0.31645569620253167	351.0	0	0.0	351.0	0	0.0
info	9	59	89190.5	9	0.569620253164557	89190.5	9	0.569620253164557	238.0	6	0.379746835443038	357.0	0	0.0	357.0	0	0.0
info	9	60	90689.5	9	0.569620253164557	90689.5	9	0.569620253164557	242.0	1	0.06329113924050633	363.0	0	0.0	363.0	0	0.0
info	9	61	92188.5	9	0.569620253164557	92188.5	9	0.569620253164557	246.0	1	0.06329113924050633	369.0	0	0.0	369.0	0	0.0
info	9	62	93687.5	9	0.569620253164557	93687.5	9	0.569620253164557	250.0	1	0.06329113924050633	375.0	0	0.0	375.0	0	0.0
info	9	63	95186.5	8	0.5063291139240507	95186.5	8	0.5063291139240507	254.0	0	0.0	381.0	0	0.0	381.0	0	0.0
info	9	64	96685.5	5	0.31645569620253167	96685.5	1	0.06329113924050633	258.0	2	0.12658227848101267	387.0	0	0.0	387.0	0	0.0
info	9	65	98184.5	7	0.44303797468354433	98184.5	9	0.569620253164557	262.0	2	0.12658227848101267	393.0	0	0.0	393.0	0	0.0
info	9	66	99683.5	7	0.44303797468354433	99683.5	9	0.569620253164557	266.0	3	0.189873417721519	399.0	0	0.0	399.0	0	0.0
info	9	67	101182.5	9	0.569620253164557	101182.5	9	0.569620253164557	270.0	6	0.379746835443038	405.0	0	0.0	405.0	0	0.0
info	9	68	102681.5	9	0.569620253164557	102681.5	9	0.569620253164557	274.0	5	0.31645569620253167	411.0	0	0.0	411.0	0	0.0
info	9	69	104180.5	9	0.569620253164557	104180.5	9	0.569620253164557	278.0	7	0.44303797468354433	417.0	0	0.0	417.0	0	0.0
info	9	70	105679.5	9	0.569620253164557	105679.5	9	0.569620253164557	282.0	9	0.569620253164557	423.0	0	0.0	423.0	0	0.0
info	9	71	107178.5	6	0.379746835443038	107178.5	6	0.379746835443038	286.0	11	0.6962025316455697	429.0	0	0.0	429.0	0	0.0
info	9	72	108677.5	8	0.5063291139240507	108677.5	4	0.25316455696202533	290.0	12	0.759493670886076	435.0	0	0.0	435.0	0	0.0
info	9	73	110176.5	7	0.44303797468354433	110176.5	8	0.5063291139240507	294.0	20	1.2658227848101267	441.0	0	0.0	441.0	0	0.0
info	9	74	111675.5	8	0.5063291139240507	111675.5	9	0.569620253164557	298.0	26	1.6455696202531647	447.0	0	0.0	447.0	0	0.0
info	9	75	113174.5	7	0.44303797468354433	113174.5	9	0.569620253164557	302.0	40	2.5316455696202533	453.0	0	0.0	453.0	0	0.0
info	9	76	114673.5	9	0.569620253164557	114673.5	9	0.569620253164557	306.0	19	1.2025316455696204	459.0	0	0.0	459.0	0	0.0
info	9	77	116172.5	9	0.569620253164557	116172.5	9	0.569620253164557	310.0	25	1.5822784810126582	465.0	0	0.0	465.0	0	0.0
info	9	78	117671.5	9	0.569620253164557	117671.5	9	0.569620253164557	314.0	9	0.569620253164557	471.0	0	0.0	471.0	0	0.0
info	9	79	119170.5	9	0.569620253164557	119170.5	9	0.569620253164557	318.0	17	1.0759493670886076	477.0	0	0.0	477.0	0	0.0
info	9	80	120669.5	9	0.569620253164557	120669.5	9	0.569620253164557	322.0	13	0.8227848101265823	483.0	0	0.0	483.0	0	0.0
info	9	81	122168.5	4	0.25316455696202533	122168.5	0	0.0	326.0	9	0.569620253164557	489.0	0	0.0	489.0	0	0.0
info	9	82	123667.5	8	0.5063291139240507	123667.5	10	0.6329113924050633	330.0	6	0.379746835443038	495.0	0	0.0	495.0	0	0.0
info	9	83	125166.5	6	0.379746835443038	125166.5	8	0.5063291139240507	334.0	7	0.44303797468354433	501.0	0	0.0	501.0	0	0.0
info	9	84	126665.5	9	0.569620253164557	126665.5	9	0.569620253164557	338.0	5	0.31645569620253167	507.0	0	0.0	507.0	0	0.0
info	9	85	128164.5	9	0.569620253164557	128164.5	9	0.569620253164557	342.0	7	0.44303797468354433	513.0	0	0.0	513.0	0	0.0
info	9	86	129663.5	9	0.569620253164557	129663.5	9	0.569620253164557	346.0	1	0.06329113924050633	519.0	0	0.0	519.0	0	0.0
info	9	87	131162.5	9	0.569620253164557	131162.5	9	0.569620253164557	350.0	3	0.189873417721519	525.0	0	0.0	525.0	0	0.0
info	9	88	132661.5	6	0.379746835443038	132661.5	6	0.379746835443038	354.0	4	0.25316455696202533	531.0	0	0.0	531.0	0	0.0
info	9	89	134160.5	9	0.569620253164557	134160.5	9	0.569620253164557	358.0	8	0.5063291139240507	537.0	0	0.0	537.0	0	0.0
info	9	90	135659.5	7	0.44303797468354433	135659.5	3	0.189873417721519	362.0	11	0.6962025316455697	543.0	0	0.0	543.0	0	0.0
info	9	91	137158.5	5	0.31645569620253167	137158.5	9	0.569620253164557	366.0	9	0.569620253164557	549.0	0	0.0	549.0	0	0.0
info	9	92	138657.5	9	0.569620253164557	138657.5	9	0.569620253164557	370.0	1	0.06329113924050633	555.0	0	0.0	555.0	0	0.0
info	9	93	140156.5	9	0.569620253164557	140156.5	9	0.569620253164557	374.0	10	0.6329113924050633	561.0	0	0.0	561.0	0	0.0
info	9	94	141655.5	9	0.569620253164557	141655.5	9	0.569620253164557	378.0	11	0.6962025316455697	567.0	0	0.0	567.0	0	0.0
info	9	95	143154.5	9	0.569620253164557	143154.5	9	0.569620253164557	382.0	11	0.6962025316455697	573.0	0	0.0	573.0	0	0.0
info	9	96	144653.5	4	0.25316455696202533	144653.5	0	0.0	386.0	14	0.8860759493670887	579.0	0	0.0	579.0	0	0.0
info	9	97	146152.5	6	0.379746835443038	146152.5	9	0.569620253164557	390.0	9	0.569620253164557	585.0	0	0.0	585.0	0	0.0
info	9	98	147651.5	9	0.569620253164557	147651.5	9	0.569620253164557	394.0	13	0.8227848101265823	591.0	0	0.0	591.0	0	0.0
info	9	99	149150.5	8	0.5063291139240507	149150.5	9	0.569620253164557	398.0	7	0.44303797468354433	597.0	0	0.0	597.0	0	0.0
info	9	100	150649.5	9	0.569620253164557	150649.5	9	0.569620253164557	402.0	14	0.8860759493670887	603.0	0	0.0	603.0	0	0.0
info	9	101	152148.5	9	0.569620253164557	152148.5	9	0.569620253164557	406.0	14	0.8860759493670887	609.0	0	0.0	609.0	0	0.0
info	9	102	153647.5	9	0.569620253164557	153647.5	9	0.569620253164557	410.0	7	0.44303797468354433	615.0	0	0.0	615.0	0	0.0
info	9	103	155146.5	9	0.569620253164557	155146.5	9	0.569620253164557	414.0	12	0.759493670886076	621.0	0	0.0	621.0	0	0.0
info	9	104	156645.5	7	0.44303797468354433	156645.5	7	0.44303797468354433	418.0	1	0.06329113924050633	627.0	0	0.0	627.0	0	0.0
info	9	105	158144.5	6	0.379746835443038	158144.5	2	0.12658227848101267	422.0	1	0.06329113924050633	633.0	0	0.0	633.0	0	0.0
info	9	106	159643.5	5	0.31645569620253167	159643.5	9	0.569620253164557	426.0	0	0.0	639.0	0	0.0	639.0	0	0.0
info	9	107	161142.5	9	0.569620253164557	161142.5	9	0.569620253164557	430.0	2	0.12658227848101267	645.0	0	0.0	645.0	0	0.0
info	9	108	162641.5	9	0.569620253164557	162641.5	9	0.569620253164557	434.0	1	0.06329113924050633	651.0	0	0.0	651.0	0	0.0
info	9	109	164140.5	9	0.569620253164557	164140.5	9	0.569620253164557	438.0	2	0.12658227848101267	657.0	0	0.0	657.0	0	0.0
info	9	110	165639.5	9	0.569620253164557	165639.5	9	0.569620253164557	442.0	0	0.0	663.0	0	0.0	663.0	0	0.0
info	9	111	167138.5	9	0.569620253164557	167138.5	9	0.569620253164557	446.0	0	0.0	669.0	0	0.0	669.0	0	0.0
info	9	112	168637.5	4	0.25316455696202533	168637.5	0	0.0	450.0	0	0.0	675.0	0	0.0	675.0	0	0.0
info	9	113	170136.5	5	0.31645569620253167	170136.5	9	0.569620253164557	454.0	2	0.12658227848101267	681.0	0	0.0	681.0	0	0.0
info	9	114	171635.5	9	0.569620253164557	171635.5	9	0.569620253164557	458.0	1	0.06329113924050633	687.0	0	0.0	687.0	0	0.0
info	9	115	173134.5	9	0.569620253164557	173134.5	9	0.569620253164557	462.0	1	0.06329113924050633	693.0	0	0.0	693.0	0	0.0
info	9	116	174633.5	9	0.569620253164557	174633.5	9	0.569620253164557	466.0	1	0.06329113924050633	699.0	0	0.0	699.0	0	0.0
info	9	117	176132.5	9	0.569620253164557	176132.5	9	0.569620253164557	470.0	1	0.06329113924050633	705.0	0	0.0	705.0	0	0.0
info	9	118	177631.5	8	0.5063291139240507	177631.5	6	0.379746835443038	474.0	1	0.06329113924050633	711.0	0	0.0	711.0	0	0.0
info	9	119	179130.5	4	0.25316455696202533	179130.5	3	0.189873417721519	478.0	1	0.06329113924050633	717.0	0	0.0	717.0	0	0.0
info	9	120	180629.5	7	0.44303797468354433	180629.5	9	0.569620253164557	482.0	3	0.189873417721519	723.0	0	0.0	723.0	0	0.0
info	9	121	182128.5	9	0.569620253164557	182128.5	9	0.569620253164557	486.0	1	0.06329113924050633	729.0	0	0.0	729.0	0	0.0
info	9	122	183627.5	8	0.5063291139240507	183627.5	9	0.569620253164557	490.0	2	0.12658227848101267	735.0	0	0.0	735.0	0	0.0
info	9	123	185126.5	9	0.569620253164557	185126.5	9	0.569620253164557	494.0	1	0.06329113924050633	741.0	0	0.0	741.0	0	0.0
info	9	124	186625.5	9	0.569620253164557	186625.5	9	0.569620253164557	498.0	4	0.25316455696202533	747.0	0	0.0	747.0	0	0.0
info	9	125	188124.5	10	0.6329113924050633	188124.5	10	0.6329113924050633	502.0	0	0.0	753.0	0	0.0	753.0	0	0.0
info	9	126	189623.5	9	0.569620253164557	189623.5	9	0.569620253164557	506.0	2	0.12658227848101267	759.0	0	0.0	759.0	0	0.0
info	9	127	191122.5	9	0.569620253164557	191122.5	9	0.569620253164557	510.0	0	0.0	765.0	0	0.0	765.0	0	0.0
info	9	128	192621.5	4	0.25316455696202533	192621.5	0	0.0	514.0	1	0.06329113924050633	771.0	0	0.0	771.0	0	0.0
info	9	129	194120.5	7	0.44303797468354433	194120.5	9	0.569620253164557	518.0	0	0.0	777.0	0	0.0	777.0	0	0.0
info	9	130	195619.5	7	0.44303797468354433	195619.5	9	0.569620253164557	522.0	2	0.12658227848101267	783.0	0	0.0	783.0	0	0.0
info	9	131	197118.5	9	0.569620253164557	197118.5	9	0.569620253164557	526.0	0	0.0	789.0	0	0.0	789.0	0	0.0
info	9	132	198617.5	9	0.569620253164557	198617.5	9	0.569620253164557	530.0	0	0.0	795.0	0	0.0	795.0	0	0.0
info	9	133	200116.5	9	0.569620253164557	200116.5	9	0.569620253164557	534.0	0	0.0	801.0	0	0.0	801.0	0	0.0
info	9	134	201615.5	6	0.379746835443038	201615.5	6	0.379746835443038	538.0	0	0.0	807.0	0	0.0	807.0	0	0.0
info	9	135	203114.5	10	0.6329113924050633	203114.5	9	0.569620253164557	542.0	0	0.0	813.0	0	0.0	813.0	0	0.0
info	9	136	204613.5	5	0.31645569620253167	204613.5	3	0.189873417721519	546.0	0	0.0	819.0	0	0.0	819.0	0	0.0
info	9	137	206112.5	6	0.379746835443038	206112.5	9	0.569620253164557	550.0	0	0.0	825.0	0	0.0	825.0	0	0.0
info	9	138	207611.5	9	0.569620253164557	207611.5	9	0.569620253164557	554.0	0	0.0	831.0	0	0.0	831.0	0	0.0
info	9	139	209110.5	9	0.569620253164557	209110.5	9	0.569620253164557	558.0	0	0.0	837.0	0	0.0	837.0	0	0.0
info	9	140	210609.5	9	0.569620253164557	210609.5	9	0.569620253164557	562.0	0	0.0	843.0	0	0.0	843.0	0	0.0
info	9	141	212108.5	9	0.569620253164557	212108.5	9	0.569620253164557	566.0	0	0.0	849.0	0	0.0	849.0	0	0.0
info	9	142	213607.5	6	0.379746835443038	213607.5	0	0.0	570.0	1	0.06329113924050633	855.0	0	0.0	855.0	0	0.0
info	9	143	215106.5	5	0.31645569620253167	215106.5	9	0.569620253164557	574.0	0	0.0	861.0	0	0.0	861.0	0	0.0
info	9	144	216605.5	8	0.5063291139240507	216605.5	9	0.569620253164557	578.0	0	0.0	867.0	0	0.0	867.0	0	0.0
info	9	145	218104.5	8	0.5063291139240507	218104.5	9	0.569620253164557	582.0	0	0.0	873.0	0	0.0	873.0	0	0.0
info	9	146	219603.5	9	0.569620253164557	219603.5	9	0.569620253164557	586.0	0	0.0	879.0	0	0.0	879.0	0	0.0
info	9	147	221102.5	9	0.569620253164557	221102.5	9	0.569620253164557	590.0	0	0.0	885.0	0	0.0	885.0	0	0.0
info	9	148	222601.5	9	0.569620253164557	222601.5	9	0.569620253164557	594.0	0	0.0	891.0	0	0.0	891.0	0	0.0
info	9	149	224100.5	9	0.569620253164557	224100.5	9	0.569620253164557	598.0	0	0.0	897.0	0	0.0	897.0	0	0.0
info	9	150	225599.5	6	0.379746835443038	225599.5	6	0.379746835443038	602.0	0	0.0	903.0	0	0.0	903.0	0	0.0
info	9	151	227098.5	5	0.31645569620253167	227098.5	3	0.189873417721519	606.0	0	0.0	909.0	0	0.0	909.0	0	0.0
info	9	152	228597.5	7	0.44303797468354433	228597.5	9	0.569620253164557	610.0	0	0.0	915.0	0	0.0	915.0	0	0.0
info	9	153	230096.5	9	0.569620253164557	230096.5	9	0.569620253164557	614.0	0	0.0	921.0	0	0.0	921.0	0	0.0
info	9	154	231595.5	9	0.569620253164557	231595.5	9	0.569620253164557	618.0	0	0.0	927.0	0	0.0	927.0	0	0.0
info	9	155	233094.5	9	0.569620253164557	233094.5	9	0.569620253164557	622.0	0	0.0	933.0	0	0.0	933.0	0	0.0
info	9	156	234593.5	9	0.569620253164557	234593.5	9	0.569620253164557	626.0	0	0.0	939.0	0	0.0	939.0	0	0.0
info	9	157	236092.5	8	0.5063291139240507	236092.5	7	0.44303797468354433	630.0	0	0.0	945.0	0	0.0	945.0	0	0.0
info	9	158	237591.5	5	0.31645569620253167	237591.5	2	0.12658227848101267	634.0	0	0.0	951.0	0	0.0	951.0	0	0.0
info	9	159	239090.5	5	0.31645569620253167	239090.5	9	0.569620253164557	638.0	0	0.0	957.0	0	0.0	957.0	0	0.0
info	9	160	240589.5	9	0.569620253164557	240589.5	9	0.569620253164557	642.0	0	0.0	963.0	0	0.0	963.0	0	0.0
info	9	161	242088.5	9	0.569620253164557	242088.5	9	0.569620253164557	646.0	0	0.0	969.0	0	0.0	969.0	0	0.0
info	9	162	243587.5	9	0.569620253164557	243587.5	9	0.569620253164557	650.0	0	0.0	975.0	0	0.0	975.0	0	0.0
info	9	163	245086.5	9	0.569620253164557	245086.5	9	0.569620253164557	654.0	0	0.0	981.0	0	0.0	981.0	0	0.0
info	9	164	246585.5	8	0.5063291139240507	246585.5	8	0.5063291139240507	658.0	0	0.0	987.0	0	0.0	987.0	0	0.0
info	9	165	248084.5	5	0.31645569620253167	248084.5	1	0.06329113924050633	662.0	0	0.0	993.0	0	0.0	993.0	0	0.0
info	9	166	249583.5	6	0.379746835443038	249583.5	9	0.569620253164557	666.0	0	0.0	999.0	0	0.0	999.0	0	0.0
info	9	167	251082.5	8	0.5063291139240507	251082.5	9	0.569620253164557	670.0	0	0.0	1005.0	0	0.0	1005.0	0	0.0
info	9	168	252581.5	9	0.569620253164557	252581.5	9	0.569620253164557	674.0	0	0.0	1011.0	0	0.0	1011.0	0	0.0
info	9	169	254080.5	9	0.569620253164557	254080.5	9	0.569620253164557	678.0	0	0.0	1017.0	0	0.0	1017.0	0	0.0
info	9	170	255579.5	9	0.569620253164557	255579.5	9	0.569620253164557	682.0	0	0.0	1023.0	0	0.0	1023.0	0	0.0
info	9	171	257078.5	9	0.569620253164557	257078.5	9	0.569620253164557	686.0	0	0.0	1029.0	0	0.0	1029.0	0	0.0
info	9	172	258577.5	9	0.569620253164557	258577.5	9	0.569620253164557	690.0	0	0.0	1035.0	0	0.0	1035.0	0	0.0
info	9	173	260076.5	8	0.5063291139240507	260076.5	8	0.5063291139240507	694.0	1	0.06329113924050633	1041.0	0	0.0	1041.0	0	0.0
info	9	174	261575.5	5	0.31645569620253167	261575.5	1	0.06329113924050633	698.0	0	0.0	1047.0	0	0.0	1047.0	0	0.0
info	9	175	263074.5	6	0.379746835443038	263074.5	9	0.569620253164557	702.0	0	0.0	1053.0	0	0.0	1053.0	0	0.0
info	9	176	264573.5	8	0.5063291139240507	264573.5	9	0.569620253164557	706.0	0	0.0	1059.0	0	0.0	1059.0	0	0.0
info	9	177	266072.5	9	0.569620253164557	266072.5	9	0.569620253164557	710.0	0	0.0	1065.0	0	0.0	1065.0	0	0.0
info	9	178	267571.5	9	0.569620253164557	267571.5	9	0.569620253164557	714.0	0	0.0	1071.0	0	0.0	1071.0	0	0.0
info	9	179	269070.5	9	0.569620253164557	269070.5	9	0.569620253164557	718.0	0	0.0	1077.0	0	0.0	1077.0	0	0.0
info	9	180	270569.5	9	0.569620253164557	270569.5	9	0.569620253164557	722.0	0	0.0	1083.0	0	0.0	1083.0	0	0.0
info	9	181	272068.5	9	0.569620253164557	272068.5	9	0.569620253164557	726.0	0	0.0	1089.0	0	0.0	1089.0	0	0.0
info	9	182	273567.5	9	0.569620253164557	273567.5	9	0.569620253164557	730.0	0	0.0	1095.0	0	0.0	1095.0	0	0.0
info	9	183	275066.5	5	0.31645569620253167	275066.5	0	0.0	734.0	0	0.0	1101.0	0	0.0	1101.0	0	0.0
info	9	184	276565.5	8	0.5063291139240507	276565.5	9	0.569620253164557	738.0	0	0.0	1107.0	0	0.0	1107.0	0	0.0
info	9	185	278064.5	5	0.31645569620253167	278064.5	9	0.569620253164557	742.0	0	0.0	1113.0	0	0.0	1113.0	0	0.0
info	9	186	279563.5	9	0.569620253164557	279563.5	9	0.569620253164557	746.0	0	0.0	1119.0	0	0.0	1119.0	0	0.0
info	9	187	281062.5	9	0.569620253164557	281062.5	9	0.569620253164557	750.0	0	0.0	1125.0	0	0.0	1125.0	0	0.0
info	9	188	282561.5	9	0.569620253164557	282561.5	9	0.569620253164557	754.0	0	0.0	1131.0	0	0.0	1131.0	0	0.0
info	9	189	284060.5	9	0.569620253164557	284060.5	9	0.569620253164557	758.0	0	0.0	1137.0	0	0.0	1137.0	0	0.0
info	9	190	285559.5	9	0.569620253164557	285559.5	9	0.569620253164557	762.0	0	0.0	1143.0	0	0.0	1143.0	0	0.0
info	9	191	287058.5	9	0.569620253164557	287058.5	9	0.569620253164557	766.0	0	0.0	1149.0	0	0.0	1149.0	0	0.0
info	9	192	288557.5	5	0.31645569620253167	288557.5	0	0.0	770.0	0	0.0	1155.0	0	0.0	1155.0	0	0.0
info	9	193	290056.5	7	0.44303797468354433	290056.5	9	0.569620253164557	774.0	0	0.0	1161.0	0	0.0	1161.0	0	0.0
info	9	194	291555.5	10	0.6329113924050633	291555.5	9	0.569620253164557	778.0	0	0.0	1167.0	0	0.0	1167.0	0	0.0
info	9	195	293054.5	5	0.31645569620253167	293054.5	9	0.569620253164557	782.0	0	0.0	1173.0	0	0.0	1173.0	0	0.0
info	9	196	294553.5	9	0.569620253164557	294553.5	9	0.569620253164557	786.0	0	0.0	1179.0	0	0.0	1179.0	0	0.0
info	9	197	296052.5	9	0.569620253164557	296052.5	9	0.569620253164557	790.0	0	0.0	1185.0	0	0.0	1185.0	0	0.0
info	9	198	297551.5	9	0.569620253164557	297551.5	9	0.569620253164557	794.0	0	0.0	1191.0	0	0.0	1191.0	0	0.0
info	9	199	299050.5	4	0.25316455696202533	299050.5	4	0.25316455696202533	798.0	0	0.0	1197.0	0	0.0	1197.0	0	0.0
home	9	0	745.0	10	0.6345177664974619	745.0	9	0.5710659898477157	1.5	4	0.25380710659898476	3.0	1576	100.0	3.0	1576	100.0
home	9	1	2235.0	8	0.5076142131979695	2235.0	9	0.5710659898477157	4.5	381	24.1751269035533	9.0	0	0.0	9.0	0	0.0
home	9	2	3725.0	9	0.5710659898477157	3725.0	9	0.5710659898477157	7.5	111	7.043147208121827	15.0	0	0.0	15.0	0	0.0
home	9	3	5215.0	9	0.5710659898477157	5215.0	9	0.5710659898477157	10.5	74	4.695431472081218	21.0	0	0.0	21.0	0	0.0
home	9	4	6705.0	9	0.5710659898477157	6705.0	9	0.5710659898477157	13.5	68	4.314720812182741	27.0	0	0.0	27.0	0	0.0
home	9	5	8195.0	9	0.5710659898477157	8195.0	9	0.5710659898477157	16.5	76	4.822335025380711	33.0	0	0.0	33.0	0	0.0
home	9	6	9685.0	9	0.5710659898477157	9685.0	9	0.5710659898477157	19.5	59	3.7436548223350252	39.0	0	0.0	39.0	0	0.0
home	9	7	11175.0	9	0.5710659898477157	11175.0	9	0.5710659898477157	22.5	55	3.4898477157360404	45.0	0	0.0	45.0	0	0.0
home	9	8	12665.0	0	0.0	12665.0	0	0.0	25.5	62	3.9340101522842637	51.0	0	0.0	51.0	0	0.0
home	9	9	14155.0	9	0.5710659898477157	14155.0	9	0.5710659898477157	28.5	47	2.982233502538071	57.0	0	0.0	57.0	0	0.0
home	9	10	15645.0	9	0.5710659898477157	15645.0	9	0.5710659898477157	31.5	34	2.1573604060913705	63.0	0	0.0	63.0	0	0.0
home	9	11	17135.0	9	0.5710659898477157	17135.0	9	0.5710659898477157	34.5	25	1.5862944162436547	69.0	0	0.0	69.0	0	0.0
home	9	12	18625.0	9	0.5710659898477157	18625.0	9	0.5710659898477157	37.5	13	0.8248730964467005	75.0	0	0.0	75.0	0	0.0
home	9	13	20115.0	9	0.5710659898477157	20115.0	9	0.5710659898477157	40.5	15	0.9517766497461928	81.0	0	0.0	81.0	0	0.0
home	9	14	21605.0	9	0.5710659898477157	21605.0	9	0.5710659898477157	43.5	7	0.4441624365482233	87.0	0	0.0	87.0	0	0.0
home	9	15	23095.0	0	0.0	23095.0	0	0.0	46.5	2	0.12690355329949238	93.0	0	0.0	93.0	0	0.0
home	9	16	24585.0	9	0.5710659898477157	24585.0	9	0.5710659898477157	49.5	4	0.25380710659898476	99.0	0	0.0	99.0	0	0.0
home	9	17	26075.0	9	0.5710659898477157	26075.0	9	0.5710659898477157	52.5	10	0.6345177664974619	105.0	0	0.0	105.0	0	0.0
home	9	18	27565.0	9	0.5710659898477157	27565.0	9	0.5710659898477157	55.5	14	0.8883248730964466	111.0	0	0.0	111.0	0	0.0
home	9	19	29055.0	9	0.5710659898477157	29055.0	9	0.5710659898477157	58.5	9	0.5710659898477157	117.0	0	0.0	117.0	0	0.0
home	9	20	30545.0	9	0.5710659898477157	30545.0	9	0.5710659898477157	61.5	31	1.9670050761421318	123.0	0	0.0	123.0	0	0.0
home	9	21	32035.0	9	0.5710659898477157	32035.0	9	0.5710659898477157	64.5	41	2.6015228426395938	129.0	0	0.0	129.0	0	0.0
home	9	22	33525.0	6	0.38071065989847713	33525.0	6	0.38071065989847713	67.5	36	2.284263959390863	135.0	0	0.0	135.0	0	0.0
home	9	23	35015.0	10	0.6345177664974619	35015.0	10	0.6345177664974619	70.5	48	3.045685279187817	141.0	0	0.0	141.0	0	0.0
home	9	24	36505.0	2	0.12690355329949238	36505.0	2	0.12690355329949238	73.5	52	3.299492385786802	147.0	0	0.0	147.0	0	0.0
home	9	25	37995.0	9	0.5710659898477157	37995.0	9	0.5710659898477157	76.5	49	3.109137055837563	153.0	0	0.0	153.0	0	0.0
home	9	26	39485.0	9	0.5710659898477157	39485.0	9	0.5710659898477157	79.5	49	3.109137055837563	159.0	0	0.0	159.0	0	0.0
home	9	27	40975.0	9	0.5710659898477157	40975.0	9	0.5710659898477157	82.5	46	2.9187817258883246	165.0	0	0.0	165.0	0	0.0
home	9	28	42465.0	9	0.5710659898477157	42465.0	9	0.5710659898477157	85.5	31	1.9670050761421318	171.0	0	0.0	171.0	0	0.0
home	9	29	43955.0	9	0.5710659898477157	43955.0	8	0.5076142131979695	88.5	29	1.8401015228426394	177.0	0	0.0	177.0	0	0.0
home	9	30	45445.0	6	0.38071065989847713	45445.0	7	0.4441624365482233	91.5	27	1.7131979695431472	183.0	0	0.0	183.0	0	0.0
home	9	31	46935.0	3	0.19035532994923857	46935.0	3	0.19035532994923857	94.5	17	1.0786802030456852	189.0	0	0.0	189.0	0	0.0
home	9	32	48425.0	9	0.5710659898477157	48425.0	9	0.5710659898477157	97.5	17	1.0786802030456852	195.0	0	0.0	195.0	0	0.0
home	9	33	49915.0	9	0.5710659898477157	49915.0	9	0.5710659898477157	100.5	4	0.25380710659898476	201.0	0	0.0	201.0	0	0.0
home	9	34	51405.0	9	0.5710659898477157	51405.0	9	0.5710659898477157	103.5	7	0.4441624365482233	207.0	0	0.0	207.0	0	0.0
home	9	35	52895.0	9	0.5710659898477157	52895.0	9	0.5710659898477157	106.5	3	0.19035532994923857	213.0	0	0.0	213.0	0	0.0
home	9	36	54385.0	9	0.5710659898477157	54385.0	9	0.5710659898477157	109.5	1	0.06345177664974619	219.0	0	0.0	219.0	0	0.0
home	9	37	55875.0	9	0.5710659898477157	55875.0	9	0.5710659898477157	112.5	2	0.12690355329949238	225.0	0	0.0	225.0	0	0.0
home	9	38	57365.0	1	0.06345177664974619	57365.0	0	0.0	115.5	1	0.06345177664974619	231.0	0	0.0	231.0	0	0.0
home	9	39	58855.0	8	0.5076142131979695	58855.0	9	0.5710659898477157	118.5	0	0.0	237.0	0	0.0	237.0	0	0.0
home	9	40	60345.0	9	0.5710659898477157	60345.0	9	0.5710659898477157	121.5	0	0.0	243.0	0	0.0	243.0	0	0.0
home	9	41	61835.0	9	0.5710659898477157	61835.0	9	0.5710659898477157	124.5	1	0.06345177664974619	249.0	0	0.0	249.0	0	0.0
home	9	42	63325.0	9	0.5710659898477157	63325.0	9	0.5710659898477157	127.5	0	0.0	255.0	0	0.0	255.0	0	0.0
home	9	43	64815.0	9	0.5710659898477157	64815.0	9	0.5710659898477157	130.5	0	0.0	261.0	0	0.0	261.0	0	0.0
home	9	44	66305.0	9	0.5710659898477157	66305.0	9	0.5710659898477157	133.5	0	0.0	267.0	0	0.0	267.0	0	0.0
home	9	45	67795.0	0	0.0	67795.0	0	0.0	136.5	0	0.0	273.0	0	0.0	273.0	0	0.0
home	9	46	69285.0	9	0.5710659898477157	69285.0	9	0.5710659898477157	139.5	0	0.0	279.0	0	0.0	279.0	0	0.0
home	9	47	70775.0	9	0.5710659898477157	70775.0	9	0.5710659898477157	142.5	0	0.0	285.0	0	0.0	285.0	0	0.0
home	9	48	72265.0	9	0.5710659898477157	72265.0	9	0.5710659898477157	145.5	0	0.0	291.0	0	0.0	291.0	0	0.0
home	9	49	73755.0	9	0.5710659898477157	73755.0	9	0.5710659898477157	148.5	0	0.0	297.0	0	0.0	297.0	0	0.0
home	9	50	75245.0	9	0.5710659898477157	75245.0	9	0.5710659898477157	151.5	0	0.0	303.0	0	0.0	303.0	0	0.0
home	9	51	76735.0	9	0.5710659898477157	76735.0	9	0.5710659898477157	154.5	0	0.0	309.0	0	0.0	309.0	0	0.0
home	9	52	78225.0	9	0.5710659898477157	78225.0	9	0.5710659898477157	157.5	0	0.0	315.0	0	0.0	315.0	0	0.0
home	9	53	79715.0	6	0.38071065989847713	79715.0	6	0.38071065989847713	160.5	0	0.0	321.0	0	0.0	321.0	0	0.0
home	9	54	81205.0	3	0.19035532994923857	81205.0	3	0.19035532994923857	163.5	0	0.0	327.0	0	0.0	327.0	0	0.0
home	9	55	82695.0	9	0.5710659898477157	82695.0	9	0.5710659898477157	166.5	0	0.0	333.0	0	0.0	333.0	0	0.0
home	9	56	84185.0	9	0.5710659898477157	84185.0	9	0.5710659898477157	169.5	0	0.0	339.0	0	0.0	339.0	0	0.0
home	9	57	85675.0	9	0.5710659898477157	85675.0	9	0.5710659898477157	172.5	0	0.0	345.0	0	0.0	345.0	0	0.0
home	9	58	87165.0	9	0.5710659898477157	87165.0	9	0.5710659898477157	175.5	0	0.0	351.0	0	0.0	351.0	0	0.0
home	9	59	88655.0	9	0.5710659898477157	88655.0	9	0.5710659898477157	178.5	0	0.0	357.0	0	0.0	357.0	0	0.0
home	9	60	90145.0	9	0.5710659898477157	90145.0	9	0.5710659898477157	181.5	0	0.0	363.0	0	0.0	363.0	0	0.0
home	9	61	91635.0	8	0.5076142131979695	91635.0	6	0.38071065989847713	184.5	0	0.0	369.0	0	0.0	369.0	0	0.0
home	9	62	93125.0	1	0.06345177664974619	93125.0	3	0.19035532994923857	187.5	1	0.06345177664974619	375.0	0	0.0	375.0	0	0.0
home	9	63	94615.0	9	0.5710659898477157	94615.0	9	0.5710659898477157	190.5	0	0.0	381.0	0	0.0	381.0	0	0.0
home	9	64	96105.0	9	0.5710659898477157	96105.0	9	0.5710659898477157	193.5	0	0.0	387.0	0	0.0	387.0	0	0.0
home	9	65	97595.0	9	0.5710659898477157	97595.0	9	0.5710659898477157	196.5	1	0.06345177664974619	393.0	0	0.0	393.0	0	0.0
home	9	66	99085.0	9	0.5710659898477157	99085.0	9	0.5710659898477157	199.5	1	0.06345177664974619	399.0	0	0.0	399.0	0	0.0
home	9	67	100575.0	9	0.5710659898477157	100575.0	9	0.5710659898477157	202.5	0	0.0	405.0	0	0.0	405.0	0	0.0
home	9	68	102065.0	6	0.38071065989847713	102065.0	6	0.38071065989847713	205.5	0	0.0	411.0	0	0.0	411.0	0	0.0
home	9	69	103555.0	4	0.25380710659898476	103555.0	3	0.19035532994923857	208.5	2	0.12690355329949238	417.0	0	0.0	417.0	0	0.0
home	9	70	105045.0	8	0.5076142131979695	105045.0	9	0.5710659898477157	211.5	0	0.0	423.0	0	0.0	423.0	0	0.0
home	9	71	106535.0	9	0.5710659898477157	106535.0	9	0.5710659898477157	214.5	1	0.06345177664974619	429.0	0	0.0	429.0	0	0.0
home	9	72	108025.0	9	0.5710659898477157	108025.0	9	0.5710659898477157	217.5	0	0.0	435.0	0	0.0	435.0	0	0.0
home	9	73	109515.0	9	0.5710659898477157	109515.0	9	0.5710659898477157	220.5	1	0.06345177664974619	441.0	0	0.0	441.0	0	0.0
home	9	74	111005.0	9	0.5710659898477157	111005.0	9	0.5710659898477157	223.5	0	0.0	447.0	0	0.0	447.0	0	0.0
home	9	75	112495.0	9	0.5710659898477157	112495.0	9	0.5710659898477157	226.5	0	0.0	453.0	0	0.0	453.0	0	0.0
home	9	76	113985.0	9	0.5710659898477157	113985.0	9	0.5710659898477157	229.5	0	0.0	459.0	0	0.0	459.0	0	0.0
home	9	77	115475.0	8	0.5076142131979695	115475.0	8	0.5076142131979695	232.5	0	0.0	465.0	0	0.0	465.0	0	0.0
home	9	78	116965.0	1	0.06345177664974619	116965.0	1	0.06345177664974619	235.5	2	0.12690355329949238	471.0	0	0.0	471.0	0	0.0
home	9	79	118455.0	9	0.5710659898477157	118455.0	9	0.5710659898477157	238.5	0	0.0	477.0	0	0.0	477.0	0	0.0
home	9	80	119945.0	9	0.5710659898477157	119945.0	9	0.5710659898477157	241.5	0	0.0	483.0	0	0.0	483.0	0	0.0
home	9	81	121435.0	9	0.5710659898477157	121435.0	9	0.5710659898477157	244.5	0	0.0	489.0	0	0.0	489.0	0	0.0
home	9	82	122925.0	9	0.5710659898477157	122925.0	9	0.5710659898477157	247.5	0	0.0	495.0	0	0.0	495.0	0	0.0
home	9	83	124415.0	9	0.5710659898477157	124415.0	9	0.5710659898477157	250.5	0	0.0	501.0	0	0.0	501.0	0	0.0
home	9	84	125905.0	9	0.5710659898477157	125905.0	9	0.5710659898477157	253.5	0	0.0	507.0	0	0.0	507.0	0	0.0
home	9	85	127395.0	6	0.38071065989847713	127395.0	1	0.06345177664974619	256.5	0	0.0	513.0	0	0.0	513.0	0	0.0
home	9	86	128885.0	5	0.31725888324873097	128885.0	8	0.5076142131979695	259.5	0	0.0	519.0	0	0.0	519.0	0	0.0
home	9	87	130375.0	7	0.4441624365482233	130375.0	9	0.5710659898477157	262.5	0	0.0	525.0	0	0.0	525.0	0	0.0
home	9	88	131865.0	9	0.5710659898477157	131865.0	9	0.5710659898477157	265.5	0	0.0	531.0	0	0.0	531.0	0	0.0
home	9	89	133355.0	9	0.5710659898477157	133355.0	9	0.5710659898477157	268.5	0	0.0	537.0	0	0.0	537.0	0	0.0
home	9	90	134845.0	9	0.5710659898477157	134845.0	9	0.5710659898477157	271.5	0	0.0	543.0	0	0.0	543.0	0	0.0
home	9	91	136335.0	9	0.5710659898477157	136335.0	9	0.5710659898477157	274.5	0	0.0	549.0	0	0.0	549.0	0	0.0
home	9	92	137825.0	7	0.4441624365482233	137825.0	7	0.4441624365482233	277.5	0	0.0	555.0	0	0.0	555.0	0	0.0
home	9	93	139315.0	2	0.12690355329949238	139315.0	2	0.12690355329949238	280.5	0	0.0	561.0	0	0.0	561.0	0	0.0
home	9	94	140805.0	9	0.5710659898477157	140805.0	9	0.5710659898477157	283.5	0	0.0	567.0	0	0.0	567.0	0	0.0
home	9	95	142295.0	9	0.5710659898477157	142295.0	9	0.5710659898477157	286.5	0	0.0	573.0	0	0.0	573.0	0	0.0
home	9	96	143785.0	9	0.5710659898477157	143785.0	9	0.5710659898477157	289.5	0	0.0	579.0	0	0.0	579.0	0	0.0
home	9	97	145275.0	9	0.5710659898477157	145275.0	9	0.5710659898477157	292.5	0	0.0	585.0	0	0.0	585.0	0	0.0
home	9	98	146765.0	9	0.5710659898477157	146765.0	9	0.5710659898477157	295.5	0	0.0	591.0	0	0.0	591.0	0	0.0
home	9	99	148255.0	7	0.4441624365482233	148255.0	7	0.4441624365482233	298.5	0	0.0	597.0	0	0.0	597.0	0	0.0
home	9	100	149745.0	7	0.4441624365482233	149745.0	2	0.12690355329949238	301.5	0	0.0	603.0	0	0.0	603.0	0	0.0
home	9	101	151235.0	4	0.25380710659898476	151235.0	9	0.5710659898477157	304.5	1	0.06345177664974619	609.0	0	0.0	609.0	0	0.0
home	9	102	152725.0	9	0.5710659898477157	152725.0	9	0.5710659898477157	307.5	0	0.0	615.0	0	0.0	615.0	0	0.0
home	9	103	154215.0	9	0.5710659898477157	154215.0	9	0.5710659898477157	310.5	0	0.0	621.0	0	0.0	621.0	0	0.0
home	9	104	155705.0	9	0.5710659898477157	155705.0	9	0.5710659898477157	313.5	0	0.0	627.0	0	0.0	627.0	0	0.0
home	9	105	157195.0	9	0.5710659898477157	157195.0	9	0.5710659898477157	316.5	0	0.0	633.0	0	0.0	633.0	0	0.0
home	9	106	158685.0	9	0.5710659898477157	158685.0	9	0.5710659898477157	319.5	0	0.0	639.0	0	0.0	639.0	0	0.0
home	9	107	160175.0	6	0.38071065989847713	160175.0	6	0.38071065989847713	322.5	0	0.0	645.0	0	0.0	645.0	0	0.0
home	9	108	161665.0	3	0.19035532994923857	161665.0	3	0.19035532994923857	325.5	0	0.0	651.0	0	0.0	651.0	0	0.0
home	9	109	163155.0	9	0.5710659898477157	163155.0	9	0.5710659898477157	328.5	1	0.06345177664974619	657.0	0	0.0	657.0	0	0.0
home	9	110	164645.0	9	0.5710659898477157	164645.0	9	0.5710659898477157	331.5	0	0.0	663.0	0	0.0	663.0	0	0.0
home	9	111	166135.0	9	0.5710659898477157	166135.0	9	0.5710659898477157	334.5	0	0.0	669.0	0	0.0	669.0	0	0.0
home	9	112	167625.0	9	0.5710659898477157	167625.0	9	0.5710659898477157	337.5	1	0.06345177664974619	675.0	0	0.0	675.0	0	0.0
home	9	113	169115.0	9	0.5710659898477157	169115.0	9	0.5710659898477157	340.5	0	0.0	681.0	0	0.0	681.0	0	0.0
home	9	114	170605.0	6	0.38071065989847713	170605.0	0	0.0	343.5	0	0.0	687.0	0	0.0	687.0	0	0.0
home	9	115	172095.0	3	0.19035532994923857	172095.0	9	0.5710659898477157	346.5	0	0.0	693.0	0	0.0	693.0	0	0.0
home	9	116	173585.0	9	0.5710659898477157	173585.0	9	0.5710659898477157	349.5	0	0.0	699.0	0	0.0	699.0	0	0.0
home	9	117	175075.0	9	0.5710659898477157	175075.0	9	0.5710659898477157	352.5	0	0.0	705.0	0	0.0	705.0	0	0.0
home	9	118	176565.0	9	0.5710659898477157	176565.0	9	0.5710659898477157	355.5	0	0.0	711.0	0	0.0	711.0	0	0.0
home	9	119	178055.0	9	0.5710659898477157	178055.0	9	0.5710659898477157	358.5	0	0.0	717.0	0	0.0	717.0	0	0.0
home	9	120	179545.0	9	0.5710659898477157	179545.0	9	0.5710659898477157	361.5	0	0.0	723.0	0	0.0	723.0	0	0.0
home	9	121	181035.0	7	0.4441624365482233	181035.0	7	0.4441624365482233	364.5	0	0.0	729.0	0	0.0	729.0	0	0.0
home	9	122	182525.0	6	0.38071065989847713	182525.0	2	0.12690355329949238	367.5	0	0.0	735.0	0	0.0	735.0	0	0.0
home	9	123	184015.0	5	0.31725888324873097	184015.0	9	0.5710659898477157	370.5	0	0.0	741.0	0	0.0	741.0	0	0.0
home	9	124	185505.0	10	0.6345177664974619	185505.0	9	0.5710659898477157	373.5	1	0.06345177664974619	747.0	0	0.0	747.0	0	0.0
home	9	125	186995.0	9	0.5710659898477157	186995.0	10	0.6345177664974619	376.5	0	0.0	753.0	0	0.0	753.0	0	0.0
home	9	126	188485.0	9	0.5710659898477157	188485.0	9	0.5710659898477157	379.5	0	0.0	759.0	0	0.0	759.0	0	0.0
home	9	127	189975.0	9	0.5710659898477157	189975.0	9	0.5710659898477157	382.5	0	0.0	765.0	0	0.0	765.0	0	0.0
home	9	128	191465.0	9	0.5710659898477157	191465.0	9	0.5710659898477157	385.5	0	0.0	771.0	0	0.0	771.0	0	0.0
home	9	129	192955.0	9	0.5710659898477157	192955.0	9	0.5710659898477157	388.5	0	0.0	777.0	0	0.0	777.0	0	0.0
home	9	130	194445.0	6	0.38071065989847713	194445.0	6	0.38071065989847713	391.5	0	0.0	783.0	0	0.0	783.0	0	0.0
home	9	131	195935.0	3	0.19035532994923857	195935.0	3	0.19035532994923857	394.5	0	0.0	789.0	0	0.0	789.0	0	0.0
home	9	132	197425.0	9	0.5710659898477157	197425.0	9	0.5710659898477157	397.5	0	0.0	795.0	0	0.0	795.0	0	0.0
home	9	133	198915.0	9	0.5710659898477157	198915.0	9	0.5710659898477157	400.5	0	0.0	801.0	0	0.0	801.0	0	0.0
home	9	134	200405.0	9	0.5710659898477157	200405.0	9	0.5710659898477157	403.5	0	0.0	807.0	0	0.0	807.0	0	0.0
home	9	135	201895.0	9	0.5710659898477157	201895.0	9	0.5710659898477157	406.5	0	0.0	813.0	0	0.0	813.0	0	0.0
home	9	136	203385.0	9	0.5710659898477157	203385.0	9	0.5710659898477157	409.5	0	0.0	819.0	0	0.0	819.0	0	0.0
home	9	137	204875.0	7	0.4441624365482233	204875.0	7	0.4441624365482233	412.5	0	0.0	825.0	0	0.0	825.0	0	0.0
home	9	138	206365.0	2	0.12690355329949238	206365.0	2	0.12690355329949238	415.5	0	0.0	831.0	0	0.0	831.0	0	0.0
home	9	139	207855.0	9	0.5710659898477157	207855.0	9	0.5710659898477157	418.5	0	0.0	837.0	0	0.0	837.0	0	0.0
home	9	140	209345.0	9	0.5710659898477157	209345.0	9	0.5710659898477157	421.5	0	0.0	843.0	0	0.0	843.0	0	0.0
home	9	141	210835.0	9	0.5710659898477157	210835.0	9	0.5710659898477157	424.5	0	0.0	849.0	0	0.0	849.0	0	0.0
home	9	142	212325.0	9	0.5710659898477157	212325.0	9	0.5710659898477157	427.5	0	0.0	855.0	0	0.0	855.0	0	0.0
home	9	143	213815.0	9	0.5710659898477157	213815.0	9	0.5710659898477157	430.5	0	0.0	861.0	0	0.0	861.0	0	0.0
home	9	144	215305.0	6	0.38071065989847713	215305.0	2	0.12690355329949238	433.5	0	0.0	867.0	0	0.0	867.0	0	0.0
home	9	145	216795.0	3	0.19035532994923857	216795.0	7	0.4441624365482233	436.5	0	0.0	873.0	0	0.0	873.0	0	0.0
home	9	146	218285.0	9	0.5710659898477157	218285.0	9	0.5710659898477157	439.5	0	0.0	879.0	0	0.0	879.0	0	0.0
home	9	147	219775.0	9	0.5710659898477157	219775.0	9	0.5710659898477157	442.5	0	0.0	885.0	0	0.0	885.0	0	0.0
home	9	148	221265.0	9	0.5710659898477157	221265.0	9	0.5710659898477157	445.5	0	0.0	891.0	0	0.0	891.0	0	0.0
home	9	149	222755.0	9	0.5710659898477157	222755.0	9	0.5710659898477157	448.5	0	0.0	897.0	0	0.0	897.0	0	0.0
home	9	150	224245.0	9	0.5710659898477157	224245.0	9	0.5710659898477157	451.5	0	0.0	903.0	0	0.0	903.0	0	0.0
home	9	151	225735.0	9	0.5710659898477157	225735.0	9	0.5710659898477157	454.5	0	0.0	909.0	0	0.0	909.0	0	0.0
home	9	152	227225.0	0	0.0	227225.0	0	0.0	457.5	0	0.0	915.0	0	0.0	915.0	0	0.0
home	9	153	228715.0	9	0.5710659898477157	228715.0	9	0.5710659898477157	460.5	0	0.0	921.0	0	0.0	921.0	0	0.0
home	9	154	230205.0	9	0.5710659898477157	230205.0	9	0.5710659898477157	463.5	0	0.0	927.0	0	0.0	927.0	0	0.0
home	9	155	231695.0	9	0.5710659898477157	231695.0	9	0.5710659898477157	466.5	0	0.0	933.0	0	0.0	933.0	0	0.0
home	9	156	233185.0	9	0.5710659898477157	233185.0	9	0.5710659898477157	469.5	0	0.0	939.0	0	0.0	939.0	0	0.0
home	9	157	234675.0	9	0.5710659898477157	234675.0	9	0.5710659898477157	472.5	0	0.0	945.0	0	0.0	945.0	0	0.0
home	9	158	236165.0	9	0.5710659898477157	236165.0	9	0.5710659898477157	475.5	0	0.0	951.0	0	0.0	951.0	0	0.0
home	9	159	237655.0	0	0.0	237655.0	0	0.0	478.5	0	0.0	957.0	0	0.0	957.0	0	0.0
home	9	160	239145.0	9	0.5710659898477157	239145.0	9	0.5710659898477157	481.5	0	0.0	963.0	0	0.0	963.0	0	0.0
home	9	161	240635.0	9	0.5710659898477157	240635.0	9	0.5710659898477157	484.5	0	0.0	969.0	0	0.0	969.0	0	0.0
home	9	162	242125.0	9	0.5710659898477157	242125.0	9	0.5710659898477157	487.5	0	0.0	975.0	0	0.0	975.0	0	0.0
home	9	163	243615.0	9	0.5710659898477157	243615.0	9	0.5710659898477157	490.5	0	0.0	981.0	0	0.0	981.0	0	0.0
home	9	164	245105.0	9	0.5710659898477157	245105.0	9	0.5710659898477157	493.5	1	0.06345177664974619	987.0	0	0.0	987.0	0	0.0
home	9	165	246595.0	8	0.5076142131979695	246595.0	8	0.5076142131979695	496.5	0	0.0	993.0	0	0.0	993.0	0	0.0
home	9	166	248085.0	1	0.06345177664974619	248085.0	1	0.06345177664974619	499.5	0	0.0	999.0	0	0.0	999.0	0	0.0
home	9	167	249575.0	9	0.5710659898477157	249575.0	9	0.5710659898477157	502.5	0	0.0	1005.0	0	0.0	1005.0	0	0.0
home	9	168	251065.0	9	0.5710659898477157	251065.0	9	0.5710659898477157	505.5	0	0.0	1011.0	0	0.0	1011.0	0	0.0
home	9	169	252555.0	9	0.5710659898477157	252555.0	9	0.5710659898477157	508.5	0	0.0	1017.0	0	0.0	1017.0	0	0.0
home	9	170	254045.0	9	0.5710659898477157	254045.0	9	0.5710659898477157	511.5	0	0.0	1023.0	0	0.0	1023.0	0	0.0
home	9	171	255535.0	9	0.5710659898477157	255535.0	9	0.5710659898477157	514.5	0	0.0	1029.0	0	0.0	1029.0	0	0.0
home	9	172	257025.0	9	0.5710659898477157	257025.0	9	0.5710659898477157	517.5	0	0.0	1035.0	0	0.0	1035.0	0	0.0
home	9	173	258515.0	9	0.5710659898477157	258515.0	9	0.5710659898477157	520.5	0	0.0	1041.0	0	0.0	1041.0	0	0.0
home	9	174	260005.0	8	0.5076142131979695	260005.0	8	0.5076142131979695	523.5	0	0.0	1047.0	0	0.0	1047.0	0	0.0
home	9	175	261495.0	1	0.06345177664974619	261495.0	1	0.06345177664974619	526.5	0	0.0	1053.0	0	0.0	1053.0	0	0.0
home	9	176	262985.0	9	0.5710659898477157	262985.0	9	0.5710659898477157	529.5	0	0.0	1059.0	0	0.0	1059.0	0	0.0
home	9	177	264475.0	9	0.5710659898477157	264475.0	9	0.5710659898477157	532.5	0	0.0	1065.0	0	0.0	1065.0	0	0.0
home	9	178	265965.0	9	0.5710659898477157	265965.0	9	0.5710659898477157	535.5	0	0.0	1071.0	0	0.0	1071.0	0	0.0
home	9	179	267455.0	9	0.5710659898477157	267455.0	9	0.5710659898477157	538.5	0	0.0	1077.0	0	0.0	1077.0	0	0.0
home	9	180	268945.0	9	0.5710659898477157	268945.0	9	0.5710659898477157	541.5	0	0.0	1083.0	0	0.0	1083.0	0	0.0
home	9	181	270435.0	9	0.5710659898477157	270435.0	9	0.5710659898477157	544.5	0	0.0	1089.0	0	0.0	1089.0	0	0.0
home	9	182	271925.0	9	0.5710659898477157	271925.0	9	0.5710659898477157	547.5	0	0.0	1095.0	0	0.0	1095.0	0	0.0
home	9	183	273415.0	8	0.5076142131979695	273415.0	8	0.5076142131979695	550.5	0	0.0	1101.0	0	0.0	1101.0	0	0.0
home	9	184	274905.0	1	0.06345177664974619	274905.0	1	0.06345177664974619	553.5	0	0.0	1107.0	0	0.0	1107.0	0	0.0
home	9	185	276395.0	9	0.5710659898477157	276395.0	9	0.5710659898477157	556.5	0	0.0	1113.0	0	0.0	1113.0	0	0.0
home	9	186	277885.0	9	0.5710659898477157	277885.0	9	0.5710659898477157	559.5	0	0.0	1119.0	0	0.0	1119.0	0	0.0
home	9	187	279375.0	9	0.5710659898477157	279375.0	9	0.5710659898477157	562.5	0	0.0	1125.0	0	0.0	1125.0	0	0.0
home	9	188	280865.0	9	0.5710659898477157	280865.0	9	0.5710659898477157	565.5	0	0.0	1131.0	0	0.0	1131.0	0	0.0
home	9	189	282355.0	9	0.5710659898477157	282355.0	9	0.5710659898477157	568.5	0	0.0	1137.0	0	0.0	1137.0	0	0.0
home	9	190	283845.0	9	0.5710659898477157	283845.0	9	0.5710659898477157	571.5	0	0.0	1143.0	0	0.0	1143.0	0	0.0
home	9	191	285335.0	9	0.5710659898477157	285335.0	9	0.5710659898477157	574.5	0	0.0	1149.0	0	0.0	1149.0	0	0.0
home	9	192	286825.0	0	0.0	286825.0	0	0.0	577.5	0	0.0	1155.0	0	0.0	1155.0	0	0.0
home	9	193	288315.0	9	0.5710659898477157	288315.0	9	0.5710659898477157	580.5	0	0.0	1161.0	0	0.0	1161.0	0	0.0
home	9	194	289805.0	9	0.5710659898477157	289805.0	9	0.5710659898477157	583.5	0	0.0	1167.0	0	0.0	1167.0	0	0.0
home	9	195	291295.0	9	0.5710659898477157	291295.0	9	0.5710659898477157	586.5	0	0.0	1173.0	0	0.0	1173.0	0	0.0
home	9	196	292785.0	9	0.5710659898477157	292785.0	9	0.5710659898477157	589.5	0	0.0	1179.0	0	0.0	1179.0	0	0.0
home	9	197	294275.0	9	0.5710659898477157	294275.0	9	0.5710659898477157	592.5	0	0.0	1185.0	0	0.0	1185.0	0	0.0
home	9	198	295765.0	9	0.5710659898477157	295765.0	9	0.5710659898477157	595.5	0	0.0	1191.0	0	0.0	1191.0	0	0.0
home	9	199	297255.0	9	0.5710659898477157	297255.0	9	0.5710659898477157	598.5	0	0.0	1197.0	0	0.0	1197.0	0	0.0
