'Request type'	'Load'	'Bucket'	'Start time'	'Absolute'	'Percent of requests'	'End time'	'Absolute'	'Percent of requests'	'Residence time'	'Absolute'	'Percent of requests'	'Theor. think time'	'Absolute'	'Percent of requests'	'Actual think time'	'Absolute'	'Percent of requests'
login	8	0	751.5	12	0.814663951120163	751.5	8	0.5431093007467753	2.5	0	0.0	3.0	1473	100.0	3.0	1473	100.0
login	8	1	2254.5	10	0.6788866259334692	2254.5	8	0.5431093007467753	7.5	0	0.0	9.0	0	0.0	9.0	0	0.0
login	8	2	3757.5	5	0.3394433129667346	3757.5	8	0.5431093007467753	12.5	0	0.0	15.0	0	0.0	15.0	0	0.0
login	8	3	5260.5	5	0.3394433129667346	5260.5	8	0.5431093007467753	17.5	0	0.0	21.0	0	0.0	21.0	0	0.0
login	8	4	6763.5	8	0.5431093007467753	6763.5	8	0.5431093007467753	22.5	0	0.0	27.0	0	0.0	27.0	0	0.0
login	8	5	8266.5	8	0.5431093007467753	8266.5	8	0.5431093007467753	27.5	0	0.0	33.0	0	0.0	33.0	0	0.0
login	8	6	9769.5	8	0.5431093007467753	9769.5	8	0.5431093007467753	32.5	0	0.0	39.0	0	0.0	39.0	0	0.0
login	8	7	11272.5	8	0.5431093007467753	11272.5	8	0.5431093007467753	37.5	0	0.0	45.0	0	0.0	45.0	0	0.0
login	8	8	12775.5	8	0.5431093007467753	12775.5	6	0.4073319755600815	42.5	0	0.0	51.0	0	0.0	51.0	0	0.0
login	8	9	14278.5	8	0.5431093007467753	14278.5	5	0.3394433129667346	47.5	0	0.0	57.0	0	0.0	57.0	0	0.0
login	8	10	15781.5	8	0.5431093007467753	15781.5	7	0.4752206381534284	52.5	0	0.0	63.0	0	0.0	63.0	0	0.0
login	8	11	17284.5	8	0.5431093007467753	17284.5	7	0.4752206381534284	57.5	0	0.0	69.0	0	0.0	69.0	0	0.0
login	8	12	18787.5	8	0.5431093007467753	18787.5	7	0.4752206381534284	62.5	0	0.0	75.0	0	0.0	75.0	0	0.0
login	8	13	20290.5	0	0.0	20290.5	8	0.5431093007467753	67.5	0	0.0	81.0	0	0.0	81.0	0	0.0
login	8	14	21793.5	8	0.5431093007467753	21793.5	8	0.5431093007467753	72.5	0	0.0	87.0	0	0.0	87.0	0	0.0
login	8	15	23296.5	8	0.5431093007467753	23296.5	8	0.5431093007467753	77.5	0	0.0	93.0	0	0.0	93.0	0	0.0
login	8	16	24799.5	8	0.5431093007467753	24799.5	8	0.5431093007467753	82.5	0	0.0	99.0	0	0.0	99.0	0	0.0
login	8	17	26302.5	8	0.5431093007467753	26302.5	8	0.5431093007467753	87.5	2	0.13577732518669383	105.0	0	0.0	105.0	0	0.0
login	8	18	27805.5	8	0.5431093007467753	27805.5	7	0.4752206381534284	92.5	3	0.20366598778004075	111.0	0	0.0	111.0	0	0.0
login	8	19	29308.5	8	0.5431093007467753	29308.5	7	0.4752206381534284	97.5	1	0.06788866259334692	117.0	0	0.0	117.0	0	0.0
login	8	20	30811.5	8	0.5431093007467753	30811.5	6	0.4073319755600815	102.5	2	0.13577732518669383	123.0	0	0.0	123.0	0	0.0
login	8	21	32314.5	8	0.5431093007467753	32314.5	5	0.3394433129667346	107.5	4	0.27155465037338766	129.0	0	0.0	129.0	0	0.0
login	8	22	33817.5	7	0.4752206381534284	33817.5	7	0.4752206381534284	112.5	1	0.06788866259334692	135.0	0	0.0	135.0	0	0.0
login	8	23	35320.5	7	0.4752206381534284	35320.5	8	0.5431093007467753	117.5	0	0.0	141.0	0	0.0	141.0	0	0.0
login	8	24	36823.5	2	0.13577732518669383	36823.5	8	0.5431093007467753	122.5	2	0.13577732518669383	147.0	0	0.0	147.0	0	0.0
login	8	25	38326.5	8	0.5431093007467753	38326.5	8	0.5431093007467753	127.5	0	0.0	153.0	0	0.0	153.0	0	0.0
login	8	26	39829.5	8	0.5431093007467753	39829.5	8	0.5431093007467753	132.5	1	0.06788866259334692	159.0	0	0.0	159.0	0	0.0
login	8	27	41332.5	8	0.5431093007467753	41332.5	8	0.5431093007467753	137.5	0	0.0	165.0	0	0.0	165.0	0	0.0
login	8	28	42835.5	8	0.5431093007467753	42835.5	8	0.5431093007467753	142.5	0	0.0	171.0	0	0.0	171.0	0	0.0
login	8	29	44338.5	8	0.5431093007467753	44338.5	8	0.5431093007467753	147.5	1	0.06788866259334692	177.0	0	0.0	177.0	0	0.0
login	8	30	45841.5	8	0.5431093007467753	45841.5	8	0.5431093007467753	152.5	0	0.0	183.0	0	0.0	183.0	0	0.0
login	8	31	47344.5	8	0.5431093007467753	47344.5	8	0.5431093007467753	157.5	1	0.06788866259334692	189.0	0	0.0	189.0	0	0.0
login	8	32	48847.5	8	0.5431093007467753	48847.5	3	0.20366598778004075	162.5	4	0.27155465037338766	195.0	0	0.0	195.0	0	0.0
login	8	33	50350.5	8	0.5431093007467753	50350.5	5	0.3394433129667346	167.5	6	0.4073319755600815	201.0	0	0.0	201.0	0	0.0
login	8	34	51853.5	6	0.4073319755600815	51853.5	9	0.6109979633401222	172.5	3	0.20366598778004075	207.0	0	0.0	207.0	0	0.0
login	8	35	53356.5	10	0.6788866259334692	53356.5	10	0.6788866259334692	177.5	3	0.20366598778004075	213.0	0	0.0	213.0	0	0.0
login	8	36	54859.5	8	0.5431093007467753	54859.5	6	0.4073319755600815	182.5	4	0.27155465037338766	219.0	0	0.0	219.0	0	0.0
login	8	37	56362.5	8	0.5431093007467753	56362.5	9	0.6109979633401222	187.5	8	0.5431093007467753	225.0	0	0.0	225.0	0	0.0
login	8	38	57865.5	8	0.5431093007467753	57865.5	7	0.4752206381534284	192.5	9	0.6109979633401222	231.0	0	0.0	231.0	0	0.0
login	8	39	59368.5	8	0.5431093007467753	59368.5	8	0.5431093007467753	197.5	9	0.6109979633401222	237.0	0	0.0	237.0	0	0.0
login	8	40	60871.5	8	0.5431093007467753	60871.5	7	0.4752206381534284	202.5	10	0.6788866259334692	243.0	0	0.0	243.0	0	0.0
login	8	41	62374.5	8	0.5431093007467753	62374.5	8	0.5431093007467753	207.5	11	0.7467752885268161	249.0	0	0.0	249.0	0	0.0
login	8	42	63877.5	6	0.4073319755600815	63877.5	8	0.5431093007467753	212.5	8	0.5431093007467753	255.0	0	0.0	255.0	0	0.0
login	8	43	65380.5	3	0.20366598778004075	65380.5	8	0.5431093007467753	217.5	7	0.4752206381534284	261.0	0	0.0	261.0	0	0.0
login	8	44	66883.5	7	0.4752206381534284	66883.5	8	0.5431093007467753	222.5	4	0.27155465037338766	267.0	0	0.0	267.0	0	0.0
login	8	45	68386.5	8	0.5431093007467753	68386.5	8	0.5431093007467753	227.5	5	0.3394433129667346	273.0	0	0.0	273.0	0	0.0
login	8	46	69889.5	8	0.5431093007467753	69889.5	8	0.5431093007467753	232.5	3	0.20366598778004075	279.0	0	0.0	279.0	0	0.0
login	8	47	71392.5	8	0.5431093007467753	71392.5	8	0.5431093007467753	237.5	2	0.13577732518669383	285.0	0	0.0	285.0	0	0.0
login	8	48	72895.5	8	0.5431093007467753	72895.5	8	0.5431093007467753	242.5	2	0.13577732518669383	291.0	0	0.0	291.0	0	0.0
login	8	49	74398.5	8	0.5431093007467753	74398.5	4	0.27155465037338766	247.5	3	0.20366598778004075	297.0	0	0.0	297.0	0	0.0
login	8	50	75901.5	8	0.5431093007467753	75901.5	4	0.27155465037338766	252.5	3	0.20366598778004075	303.0	0	0.0	303.0	0	0.0
login	8	51	77404.5	8	0.5431093007467753	77404.5	8	0.5431093007467753	257.5	0	0.0	309.0	0	0.0	309.0	0	0.0
login	8	52	78907.5	6	0.4073319755600815	78907.5	8	0.5431093007467753	262.5	2	0.13577732518669383	315.0	0	0.0	315.0	0	0.0
login	8	53	80410.5	8	0.5431093007467753	80410.5	8	0.5431093007467753	267.5	4	0.27155465037338766	321.0	0	0.0	321.0	0	0.0
login	8	54	81913.5	2	0.13577732518669383	81913.5	8	0.5431093007467753	272.5	6	0.4073319755600815	327.0	0	0.0	327.0	0	0.0
login	8	55	83416.5	8	0.5431093007467753	83416.5	8	0.5431093007467753	277.5	6	0.4073319755600815	333.0	0	0.0	333.0	0	0.0
login	8	56	84919.5	8	0.5431093007467753	84919.5	8	0.5431093007467753	282.5	8	0.5431093007467753	339.0	0	0.0	339.0	0	0.0
login	8	57	86422.5	8	0.5431093007467753	86422.5	8	0.5431093007467753	287.5	14	0.9504412763068568	345.0	0	0.0	345.0	0	0.0
login	8	58	87925.5	8	0.5431093007467753	87925.5	8	0.5431093007467753	292.5	13	0.8825526137135099	351.0	0	0.0	351.0	0	0.0
login	8	59	89428.5	8	0.5431093007467753	89428.5	7	0.4752206381534284	297.5	21	1.4256619144602851	357.0	0	0.0	357.0	0	0.0
login	8	60	90931.5	8	0.5431093007467753	90931.5	9	0.6109979633401222	302.5	16	1.0862186014935507	363.0	0	0.0	363.0	0	0.0
login	8	61	92434.5	8	0.5431093007467753	92434.5	5	0.3394433129667346	307.5	21	1.4256619144602851	369.0	0	0.0	369.0	0	0.0
login	8	62	93937.5	8	0.5431093007467753	93937.5	7	0.4752206381534284	312.5	14	0.9504412763068568	375.0	0	0.0	375.0	0	0.0
login	8	63	95440.5	8	0.5431093007467753	95440.5	7	0.4752206381534284	317.5	15	1.0183299389002038	381.0	0	0.0	381.0	0	0.0
login	8	64	96943.5	8	0.5431093007467753	96943.5	5	0.3394433129667346	322.5	10	0.6788866259334692	387.0	0	0.0	387.0	0	0.0
login	8	65	98446.5	0	0.0	98446.5	8	0.5431093007467753	327.5	15	1.0183299389002038	393.0	0	0.0	393.0	0	0.0
login	8	66	99949.5	8	0.5431093007467753	99949.5	8	0.5431093007467753	332.5	9	0.6109979633401222	399.0	0	0.0	399.0	0	0.0
login	8	67	101452.5	8	0.5431093007467753	101452.5	8	0.5431093007467753	337.5	7	0.4752206381534284	405.0	0	0.0	405.0	0	0.0
login	8	68	102955.5	8	0.5431093007467753	102955.5	8	0.5431093007467753	342.5	4	0.27155465037338766	411.0	0	0.0	411.0	0	0.0
login	8	69	104458.5	8	0.5431093007467753	104458.5	8	0.5431093007467753	347.5	4	0.27155465037338766	417.0	0	0.0	417.0	0	0.0
login	8	70	105961.5	8	0.5431093007467753	105961.5	8	0.5431093007467753	352.5	6	0.4073319755600815	423.0	0	0.0	423.0	0	0.0
login	8	71	107464.5	8	0.5431093007467753	107464.5	6	0.4073319755600815	357.5	7	0.4752206381534284	429.0	0	0.0	429.0	0	0.0
login	8	72	108967.5	8	0.5431093007467753	108967.5	8	0.5431093007467753	362.5	10	0.6788866259334692	435.0	0	0.0	435.0	0	0.0
login	8	73	110470.5	8	0.5431093007467753	110470.5	7	0.4752206381534284	367.5	6	0.4073319755600815	441.0	0	0.0	441.0	0	0.0
login	8	74	111973.5	8	0.5431093007467753	111973.5	7	0.4752206381534284	372.5	20	1.3577732518669383	447.0	0	0.0	447.0	0	0.0
login	8	75	113476.5	8	0.5431093007467753	113476.5	5	0.3394433129667346	377.5	21	1.4256619144602851	453.0	0	0.0	453.0	0	0.0
login	8	76	114979.5	8	0.5431093007467753	114979.5	8	0.5431093007467753	382.5	13	0.8825526137135099	459.0	0	0.0	459.0	0	0.0
login	8	77	116482.5	7	0.4752206381534284	116482.5	7	0.4752206381534284	387.5	16	1.0862186014935507	465.0	0	0.0	465.0	0	0.0
login	8	78	117985.5	5	0.3394433129667346	117985.5	8	0.5431093007467753	392.5	23	1.5614392396469792	471.0	0	0.0	471.0	0	0.0
login	8	79	119488.5	4	0.27155465037338766	119488.5	8	0.5431093007467753	397.5	21	1.4256619144602851	477.0	0	0.0	477.0	0	0.0
login	8	80	120991.5	8	0.5431093007467753	120991.5	8	0.5431093007467753	402.5	18	1.2219959266802445	483.0	0	0.0	483.0	0	0.0
login	8	81	122494.5	8	0.5431093007467753	122494.5	8	0.5431093007467753	407.5	14	0.9504412763068568	489.0	0	0.0	489.0	0	0.0
login	8	82	123997.5	8	0.5431093007467753	123997.5	8	0.5431093007467753	412.5	28	1.9008825526137136	495.0	0	0.0	495.0	0	0.0
login	8	83	125500.5	8	0.5431093007467753	125500.5	8	0.5431093007467753	417.5	23	1.5614392396469792	501.0	0	0.0	501.0	0	0.0
login	8	84	127003.5	8	0.5431093007467753	127003.5	8	0.5431093007467753	422.5	18	1.2219959266802445	507.0	0	0.0	507.0	0	0.0
login	8	85	128506.5	8	0.5431093007467753	128506.5	8	0.5431093007467753	427.5	4	0.27155465037338766	513.0	0	0.0	513.0	0	0.0
login	8	86	130009.5	8	0.5431093007467753	130009.5	8	0.5431093007467753	432.5	11	0.7467752885268161	519.0	0	0.0	519.0	0	0.0
login	8	87	131512.5	8	0.5431093007467753	131512.5	8	0.5431093007467753	437.5	8	0.5431093007467753	525.0	0	0.0	525.0	0	0.0
login	8	88	133015.5	8	0.5431093007467753	133015.5	8	0.5431093007467753	442.5	4	0.27155465037338766	531.0	0	0.0	531.0	0	0.0
login	8	89	134518.5	8	0.5431093007467753	134518.5	8	0.5431093007467753	447.5	1	0.06788866259334692	537.0	0	0.0	537.0	0	0.0
login	8	90	136021.5	9	0.6109979633401222	136021.5	9	0.6109979633401222	452.5	4	0.27155465037338766	543.0	0	0.0	543.0	0	0.0
login	8	91	137524.5	8	0.5431093007467753	137524.5	8	0.5431093007467753	457.5	6	0.4073319755600815	549.0	0	0.0	549.0	0	0.0
login	8	92	139027.5	8	0.5431093007467753	139027.5	5	0.3394433129667346	462.5	14	0.9504412763068568	555.0	0	0.0	555.0	0	0.0
login	8	93	140530.5	8	0.5431093007467753	140530.5	7	0.4752206381534284	467.5	14	0.9504412763068568	561.0	0	0.0	561.0	0	0.0
login	8	94	142033.5	8	0.5431093007467753	142033.5	6	0.4073319755600815	472.5	13	0.8825526137135099	567.0	0	0.0	567.0	0	0.0
login	8	95	143536.5	8	0.5431093007467753	143536.5	7	0.4752206381534284	477.5	22	1.4935505770536321	573.0	0	0.0	573.0	0	0.0
login	8	96	145039.5	6	0.4073319755600815	145039.5	7	0.4752206381534284	482.5	24	1.629327902240326	579.0	0	0.0	579.0	0	0.0
login	8	97	146542.5	2	0.13577732518669383	146542.5	8	0.5431093007467753	487.5	24	1.629327902240326	585.0	0	0.0	585.0	0	0.0
login	8	98	148045.5	8	0.5431093007467753	148045.5	8	0.5431093007467753	492.5	26	1.7651052274270198	591.0	0	0.0	591.0	0	0.0
login	8	99	149548.5	8	0.5431093007467753	149548.5	8	0.5431093007467753	497.5	26	1.7651052274270198	597.0	0	0.0	597.0	0	0.0
login	8	100	151051.5	8	0.5431093007467753	151051.5	8	0.5431093007467753	502.5	29	1.9687712152070604	603.0	0	0.0	603.0	0	0.0
login	8	101	152554.5	8	0.5431093007467753	152554.5	8	0.5431093007467753	507.5	29	1.9687712152070604	609.0	0	0.0	609.0	0	0.0
login	8	102	154057.5	8	0.5431093007467753	154057.5	6	0.4073319755600815	512.5	27	1.8329938900203668	615.0	0	0.0	615.0	0	0.0
login	8	103	155560.5	8	0.5431093007467753	155560.5	6	0.4073319755600815	517.5	25	1.6972165648336728	621.0	0	0.0	621.0	0	0.0
login	8	104	157063.5	8	0.5431093007467753	157063.5	8	0.5431093007467753	522.5	25	1.6972165648336728	627.0	0	0.0	627.0	0	0.0
login	8	105	158566.5	8	0.5431093007467753	158566.5	5	0.3394433129667346	527.5	19	1.2898845892735915	633.0	0	0.0	633.0	0	0.0
login	8	106	160069.5	6	0.4073319755600815	160069.5	7	0.4752206381534284	532.5	16	1.0862186014935507	639.0	0	0.0	639.0	0	0.0
login	8	107	161572.5	7	0.4752206381534284	161572.5	8	0.5431093007467753	537.5	11	0.7467752885268161	645.0	0	0.0	645.0	0	0.0
login	8	108	163075.5	3	0.20366598778004075	163075.5	8	0.5431093007467753	542.5	6	0.4073319755600815	651.0	0	0.0	651.0	0	0.0
login	8	109	164578.5	8	0.5431093007467753	164578.5	8	0.5431093007467753	547.5	2	0.13577732518669383	657.0	0	0.0	657.0	0	0.0
login	8	110	166081.5	8	0.5431093007467753	166081.5	8	0.5431093007467753	552.5	6	0.4073319755600815	663.0	0	0.0	663.0	0	0.0
login	8	111	167584.5	8	0.5431093007467753	167584.5	8	0.5431093007467753	557.5	7	0.4752206381534284	669.0	0	0.0	669.0	0	0.0
login	8	112	169087.5	8	0.5431093007467753	169087.5	5	0.3394433129667346	562.5	8	0.5431093007467753	675.0	0	0.0	675.0	0	0.0
login	8	113	170590.5	8	0.5431093007467753	170590.5	5	0.3394433129667346	567.5	8	0.5431093007467753	681.0	0	0.0	681.0	0	0.0
login	8	114	172093.5	8	0.5431093007467753	172093.5	6	0.4073319755600815	572.5	15	1.0183299389002038	687.0	0	0.0	687.0	0	0.0
login	8	115	173596.5	0	0.0	173596.5	8	0.5431093007467753	577.5	14	0.9504412763068568	693.0	0	0.0	693.0	0	0.0
login	8	116	175099.5	8	0.5431093007467753	175099.5	8	0.5431093007467753	582.5	23	1.5614392396469792	699.0	0	0.0	699.0	0	0.0
login	8	117	176602.5	8	0.5431093007467753	176602.5	8	0.5431093007467753	587.5	21	1.4256619144602851	705.0	0	0.0	705.0	0	0.0
login	8	118	178105.5	8	0.5431093007467753	178105.5	8	0.5431093007467753	592.5	19	1.2898845892735915	711.0	0	0.0	711.0	0	0.0
login	8	119	179608.5	8	0.5431093007467753	179608.5	8	0.5431093007467753	597.5	24	1.629327902240326	717.0	0	0.0	717.0	0	0.0
login	8	120	181111.5	8	0.5431093007467753	181111.5	8	0.5431093007467753	602.5	25	1.6972165648336728	723.0	0	0.0	723.0	0	0.0
login	8	121	182614.5	8	0.5431093007467753	182614.5	0	0.0	607.5	22	1.4935505770536321	729.0	0	0.0	729.0	0	0.0
login	8	122	184117.5	3	0.20366598778004075	184117.5	8	0.5431093007467753	612.5	19	1.2898845892735915	735.0	0	0.0	735.0	0	0.0
login	8	123	185620.5	5	0.3394433129667346	185620.5	8	0.5431093007467753	617.5	18	1.2219959266802445	741.0	0	0.0	741.0	0	0.0
login	8	124	187123.5	8	0.5431093007467753	187123.5	8	0.5431093007467753	622.5	9	0.6109979633401222	747.0	0	0.0	747.0	0	0.0
login	8	125	188626.5	8	0.5431093007467753	188626.5	8	0.5431093007467753	627.5	9	0.6109979633401222	753.0	0	0.0	753.0	0	0.0
login	8	126	190129.5	8	0.5431093007467753	190129.5	8	0.5431093007467753	632.5	15	1.0183299389002038	759.0	0	0.0	759.0	0	0.0
login	8	127	191632.5	8	0.5431093007467753	191632.5	6	0.4073319755600815	637.5	8	0.5431093007467753	765.0	0	0.0	765.0	0	0.0
login	8	128	193135.5	8	0.5431093007467753	193135.5	7	0.4752206381534284	642.5	4	0.27155465037338766	771.0	0	0.0	771.0	0	0.0
login	8	129	194638.5	8	0.5431093007467753	194638.5	7	0.4752206381534284	647.5	2	0.13577732518669383	777.0	0	0.0	777.0	0	0.0
login	8	130	196141.5	8	0.5431093007467753	196141.5	6	0.4073319755600815	652.5	3	0.20366598778004075	783.0	0	0.0	783.0	0	0.0
login	8	131	197644.5	8	0.5431093007467753	197644.5	6	0.4073319755600815	657.5	6	0.4073319755600815	789.0	0	0.0	789.0	0	0.0
login	8	132	199147.5	8	0.5431093007467753	199147.5	8	0.5431093007467753	662.5	10	0.6788866259334692	795.0	0	0.0	795.0	0	0.0
login	8	133	200650.5	0	0.0	200650.5	8	0.5431093007467753	667.5	16	1.0862186014935507	801.0	0	0.0	801.0	0	0.0
login	8	134	202153.5	8	0.5431093007467753	202153.5	8	0.5431093007467753	672.5	11	0.7467752885268161	807.0	0	0.0	807.0	0	0.0
login	8	135	203656.5	8	0.5431093007467753	203656.5	8	0.5431093007467753	677.5	9	0.6109979633401222	813.0	0	0.0	813.0	0	0.0
login	8	136	205159.5	8	0.5431093007467753	205159.5	8	0.5431093007467753	682.5	19	1.2898845892735915	819.0	0	0.0	819.0	0	0.0
login	8	137	206662.5	8	0.5431093007467753	206662.5	8	0.5431093007467753	687.5	14	0.9504412763068568	825.0	0	0.0	825.0	0	0.0
login	8	138	208165.5	8	0.5431093007467753	208165.5	7	0.4752206381534284	692.5	19	1.2898845892735915	831.0	0	0.0	831.0	0	0.0
login	8	139	209668.5	8	0.5431093007467753	209668.5	7	0.4752206381534284	697.5	15	1.0183299389002038	837.0	0	0.0	837.0	0	0.0
login	8	140	211171.5	8	0.5431093007467753	211171.5	5	0.3394433129667346	702.5	11	0.7467752885268161	843.0	0	0.0	843.0	0	0.0
login	8	141	212674.5	8	0.5431093007467753	212674.5	5	0.3394433129667346	707.5	13	0.8825526137135099	849.0	0	0.0	849.0	0	0.0
login	8	142	214177.5	6	0.4073319755600815	214177.5	8	0.5431093007467753	712.5	11	0.7467752885268161	855.0	0	0.0	855.0	0	0.0
login	8	143	215680.5	6	0.4073319755600815	215680.5	8	0.5431093007467753	717.5	5	0.3394433129667346	861.0	0	0.0	861.0	0	0.0
login	8	144	217183.5	4	0.27155465037338766	217183.5	8	0.5431093007467753	722.5	5	0.3394433129667346	867.0	0	0.0	867.0	0	0.0
login	8	145	218686.5	8	0.5431093007467753	218686.5	8	0.5431093007467753	727.5	1	0.06788866259334692	873.0	0	0.0	873.0	0	0.0
login	8	146	220189.5	8	0.5431093007467753	220189.5	8	0.5431093007467753	732.5	1	0.06788866259334692	879.0	0	0.0	879.0	0	0.0
login	8	147	221692.5	8	0.5431093007467753	221692.5	8	0.5431093007467753	737.5	2	0.13577732518669383	885.0	0	0.0	885.0	0	0.0
login	8	148	223195.5	8	0.5431093007467753	223195.5	8	0.5431093007467753	742.5	1	0.06788866259334692	891.0	0	0.0	891.0	0	0.0
login	8	149	224698.5	8	0.5431093007467753	224698.5	8	0.5431093007467753	747.5	3	0.20366598778004075	897.0	0	0.0	897.0	0	0.0
login	8	150	226201.5	8	0.5431093007467753	226201.5	4	0.27155465037338766	752.5	1	0.06788866259334692	903.0	0	0.0	903.0	0	0.0
login	8	151	227704.5	8	0.5431093007467753	227704.5	6	0.4073319755600815	757.5	5	0.3394433129667346	909.0	0	0.0	909.0	0	0.0
login	8	152	229207.5	8	0.5431093007467753	229207.5	7	0.4752206381534284	762.5	5	0.3394433129667346	915.0	0	0.0	915.0	0	0.0
login	8	153	230710.5	5	0.3394433129667346	230710.5	7	0.4752206381534284	767.5	4	0.27155465037338766	921.0	0	0.0	921.0	0	0.0
login	8	154	232213.5	3	0.20366598778004075	232213.5	8	0.5431093007467753	772.5	8	0.5431093007467753	927.0	0	0.0	927.0	0	0.0
login	8	155	233716.5	8	0.5431093007467753	233716.5	8	0.5431093007467753	777.5	7	0.4752206381534284	933.0	0	0.0	933.0	0	0.0
login	8	156	235219.5	8	0.5431093007467753	235219.5	8	0.5431093007467753	782.5	2	0.13577732518669383	939.0	0	0.0	939.0	0	0.0
login	8	157	236722.5	8	0.5431093007467753	236722.5	8	0.5431093007467753	787.5	7	0.4752206381534284	945.0	0	0.0	945.0	0	0.0
login	8	158	238225.5	8	0.5431093007467753	238225.5	8	0.5431093007467753	792.5	7	0.4752206381534284	951.0	0	0.0	951.0	0	0.0
login	8	159	239728.5	8	0.5431093007467753	239728.5	6	0.4073319755600815	797.5	3	0.20366598778004075	957.0	0	0.0	957.0	0	0.0
login	8	160	241231.5	8	0.5431093007467753	241231.5	4	0.27155465037338766	802.5	2	0.13577732518669383	963.0	0	0.0	963.0	0	0.0
login	8	161	242734.5	8	0.5431093007467753	242734.5	7	0.4752206381534284	807.5	5	0.3394433129667346	969.0	0	0.0	969.0	0	0.0
login	8	162	244237.5	8	0.5431093007467753	244237.5	8	0.5431093007467753	812.5	3	0.20366598778004075	975.0	0	0.0	975.0	0	0.0
login	8	163	245740.5	8	0.5431093007467753	245740.5	7	0.4752206381534284	817.5	2	0.13577732518669383	981.0	0	0.0	981.0	0	0.0
login	8	164	247243.5	6	0.4073319755600815	247243.5	8	0.5431093007467753	822.5	5	0.3394433129667346	987.0	0	0.0	987.0	0	0.0
login	8	165	248746.5	2	0.13577732518669383	248746.5	8	0.5431093007467753	827.5	1	0.06788866259334692	993.0	0	0.0	993.0	0	0.0
login	8	166	250249.5	8	0.5431093007467753	250249.5	8	0.5431093007467753	832.5	2	0.13577732518669383	999.0	0	0.0	999.0	0	0.0
login	8	167	251752.5	8	0.5431093007467753	251752.5	8	0.5431093007467753	837.5	0	0.0	1005.0	0	0.0	1005.0	0	0.0
login	8	168	253255.5	8	0.5431093007467753	253255.5	8	0.5431093007467753	842.5	1	0.06788866259334692	1011.0	0	0.0	1011.0	0	0.0
login	8	169	254758.5	8	0.5431093007467753	254758.5	8	0.5431093007467753	847.5	0	0.0	1017.0	0	0.0	1017.0	0	0.0
login	8	170	256261.5	8	0.5431093007467753	256261.5	8	0.5431093007467753	852.5	0	0.0	1023.0	0	0.0	1023.0	0	0.0
login	8	171	257764.5	8	0.5431093007467753	257764.5	8	0.5431093007467753	857.5	0	0.0	1029.0	0	0.0	1029.0	0	0.0
login	8	172	259267.5	8	0.5431093007467753	259267.5	7	0.4752206381534284	862.5	0	0.0	1035.0	0	0.0	1035.0	0	0.0
login	8	173	260770.5	8	0.5431093007467753	260770.5	7	0.4752206381534284	867.5	0	0.0	1041.0	0	0.0	1041.0	0	0.0
login	8	174	262273.5	8	0.5431093007467753	262273.5	8	0.5431093007467753	872.5	3	0.20366598778004075	1047.0	0	0.0	1047.0	0	0.0
login	8	175	263776.5	8	0.5431093007467753	263776.5	6	0.4073319755600815	877.5	0	0.0	1053.0	0	0.0	1053.0	0	0.0
login	8	176	265279.5	8	0.5431093007467753	265279.5	7	0.4752206381534284	882.5	2	0.13577732518669383	1059.0	0	0.0	1059.0	0	0.0
login	8	177	266782.5	8	0.5431093007467753	266782.5	6	0.4073319755600815	887.5	0	0.0	1065.0	0	0.0	1065.0	0	0.0
login	8	178	268285.5	8	0.5431093007467753	268285.5	7	0.4752206381534284	892.5	1	0.06788866259334692	1071.0	0	0.0	1071.0	0	0.0
login	8	179	269788.5	0	0.0	269788.5	8	0.5431093007467753	897.5	0	0.0	1077.0	0	0.0	1077.0	0	0.0
login	8	180	271291.5	8	0.5431093007467753	271291.5	8	0.5431093007467753	902.5	1	0.06788866259334692	1083.0	0	0.0	1083.0	0	0.0
login	8	181	272794.5	8	0.5431093007467753	272794.5	8	0.5431093007467753	907.5	0	0.0	1089.0	0	0.0	1089.0	0	0.0
login	8	182	274297.5	8	0.5431093007467753	274297.5	8	0.5431093007467753	912.5	0	0.0	1095.0	0	0.0	1095.0	0	0.0
login	8	183	275800.5	8	0.5431093007467753	275800.5	8	0.5431093007467753	917.5	0	0.0	1101.0	0	0.0	1101.0	0	0.0
login	8	184	277303.5	8	0.5431093007467753	277303.5	8	0.5431093007467753	922.5	0	0.0	1107.0	0	0.0	1107.0	0	0.0
login	8	185	278806.5	8	0.5431093007467753	278806.5	8	0.5431093007467753	927.5	0	0.0	1113.0	0	0.0	1113.0	0	0.0
login	8	186	280309.5	8	0.5431093007467753	280309.5	6	0.4073319755600815	932.5	0	0.0	1119.0	0	0.0	1119.0	0	0.0
login	8	187	281812.5	8	0.5431093007467753	281812.5	7	0.4752206381534284	937.5	0	0.0	1125.0	0	0.0	1125.0	0	0.0
login	8	188	283315.5	8	0.5431093007467753	283315.5	7	0.4752206381534284	942.5	0	0.0	1131.0	0	0.0	1131.0	0	0.0
login	8	189	284818.5	8	0.5431093007467753	284818.5	5	0.3394433129667346	947.5	0	0.0	1137.0	0	0.0	1137.0	0	0.0
login	8	190	286321.5	8	0.5431093007467753	286321.5	7	0.4752206381534284	952.5	0	0.0	1143.0	0	0.0	1143.0	0	0.0
login	8	191	287824.5	6	0.4073319755600815	287824.5	8	0.5431093007467753	957.5	0	0.0	1149.0	0	0.0	1149.0	0	0.0
login	8	192	289327.5	7	0.4752206381534284	289327.5	8	0.5431093007467753	962.5	0	0.0	1155.0	0	0.0	1155.0	0	0.0
login	8	193	290830.5	8	0.5431093007467753	290830.5	8	0.5431093007467753	967.5	0	0.0	1161.0	0	0.0	1161.0	0	0.0
login	8	194	292333.5	3	0.20366598778004075	292333.5	8	0.5431093007467753	972.5	0	0.0	1167.0	0	0.0	1167.0	0	0.0
login	8	195	293836.5	8	0.5431093007467753	293836.5	8	0.5431093007467753	977.5	0	0.0	1173.0	0	0.0	1173.0	0	0.0
login	8	196	295339.5	8	0.5431093007467753	295339.5	8	0.5431093007467753	982.5	0	0.0	1179.0	0	0.0	1179.0	0	0.0
login	8	197	296842.5	8	0.5431093007467753	296842.5	8	0.5431093007467753	987.5	0	0.0	1185.0	0	0.0	1185.0	0	0.0
login	8	198	298345.5	8	0.5431093007467753	298345.5	8	0.5431093007467753	992.5	0	0.0	1191.0	0	0.0	1191.0	0	0.0
login	8	199	299848.5	8	0.5431093007467753	299848.5	8	0.5431093007467753	997.5	0	0.0	1197.0	0	0.0	1197.0	0	0.0
info	8	0	746.5	11	0.7508532423208192	746.5	11	0.7508532423208192	1.5	127	8.668941979522184	3.0	1465	100.0	3.0	1465	100.0
info	8	1	2239.5	8	0.5460750853242321	2239.5	6	0.40955631399317405	4.5	271	18.498293515358363	9.0	0	0.0	9.0	0	0.0
info	8	2	3732.5	6	0.40955631399317405	3732.5	7	0.4778156996587031	7.5	92	6.279863481228669	15.0	0	0.0	15.0	0	0.0
info	8	3	5225.5	7	0.4778156996587031	5225.5	8	0.5460750853242321	10.5	71	4.84641638225256	21.0	0	0.0	21.0	0	0.0
info	8	4	6718.5	8	0.5460750853242321	6718.5	8	0.5460750853242321	13.5	65	4.436860068259386	27.0	0	0.0	27.0	0	0.0
info	8	5	8211.5	8	0.5460750853242321	8211.5	8	0.5460750853242321	16.5	44	3.0034129692832767	33.0	0	0.0	33.0	0	0.0
info	8	6	9704.5	8	0.5460750853242321	9704.5	8	0.5460750853242321	19.5	25	1.7064846416382253	39.0	0	0.0	39.0	0	0.0
info	8	7	11197.5	8	0.5460750853242321	11197.5	8	0.5460750853242321	22.5	15	1.0238907849829353	45.0	0	0.0	45.0	0	0.0
info	8	8	12690.5	8	0.5460750853242321	12690.5	8	0.5460750853242321	25.5	15	1.0238907849829353	51.0	0	0.0	51.0	0	0.0
info	8	9	14183.5	8	0.5460750853242321	14183.5	7	0.4778156996587031	28.5	4	0.27303754266211605	57.0	0	0.0	57.0	0	0.0
info	8	10	15676.5	5	0.3412969283276451	15676.5	6	0.40955631399317405	31.5	10	0.6825938566552902	63.0	0	0.0	63.0	0	0.0
info	8	11	17169.5	6	0.40955631399317405	17169.5	3	0.20477815699658702	34.5	4	0.27303754266211605	69.0	0	0.0	69.0	0	0.0
info	8	12	18662.5	6	0.40955631399317405	18662.5	8	0.5460750853242321	37.5	5	0.3412969283276451	75.0	0	0.0	75.0	0	0.0
info	8	13	20155.5	7	0.4778156996587031	20155.5	8	0.5460750853242321	40.5	7	0.4778156996587031	81.0	0	0.0	81.0	0	0.0
info	8	14	21648.5	8	0.5460750853242321	21648.5	8	0.5460750853242321	43.5	0	0.0	87.0	0	0.0	87.0	0	0.0
info	8	15	23141.5	8	0.5460750853242321	23141.5	8	0.5460750853242321	46.5	2	0.13651877133105803	93.0	0	0.0	93.0	0	0.0
info	8	16	24634.5	8	0.5460750853242321	24634.5	8	0.5460750853242321	49.5	3	0.20477815699658702	99.0	0	0.0	99.0	0	0.0
info	8	17	26127.5	8	0.5460750853242321	26127.5	8	0.5460750853242321	52.5	9	0.6143344709897611	105.0	0	0.0	105.0	0	0.0
info	8	18	27620.5	8	0.5460750853242321	27620.5	8	0.5460750853242321	55.5	10	0.6825938566552902	111.0	0	0.0	111.0	0	0.0
info	8	19	29113.5	8	0.5460750853242321	29113.5	8	0.5460750853242321	58.5	16	1.0921501706484642	117.0	0	0.0	117.0	0	0.0
info	8	20	30606.5	4	0.27303754266211605	30606.5	0	0.0	61.5	18	1.2286689419795223	123.0	0	0.0	123.0	0	0.0
info	8	21	32099.5	5	0.3412969283276451	32099.5	8	0.5460750853242321	64.5	16	1.0921501706484642	129.0	0	0.0	129.0	0	0.0
info	8	22	33592.5	8	0.5460750853242321	33592.5	8	0.5460750853242321	67.5	15	1.0238907849829353	135.0	0	0.0	135.0	0	0.0
info	8	23	35085.5	7	0.4778156996587031	35085.5	8	0.5460750853242321	70.5	17	1.1604095563139931	141.0	0	0.0	141.0	0	0.0
info	8	24	36578.5	8	0.5460750853242321	36578.5	8	0.5460750853242321	73.5	10	0.6825938566552902	147.0	0	0.0	147.0	0	0.0
info	8	25	38071.5	8	0.5460750853242321	38071.5	8	0.5460750853242321	76.5	12	0.8191126279863481	153.0	0	0.0	153.0	0	0.0
info	8	26	39564.5	8	0.5460750853242321	39564.5	8	0.5460750853242321	79.5	9	0.6143344709897611	159.0	0	0.0	159.0	0	0.0
info	8	27	41057.5	8	0.5460750853242321	41057.5	8	0.5460750853242321	82.5	10	0.6825938566552902	165.0	0	0.0	165.0	0	0.0
info	8	28	42550.5	8	0.5460750853242321	42550.5	8	0.5460750853242321	85.5	9	0.6143344709897611	171.0	0	0.0	171.0	0	0.0
info	8	29	44043.5	8	0.5460750853242321	44043.5	8	0.5460750853242321	88.5	12	0.8191126279863481	177.0	0	0.0	177.0	0	0.0
info	8	30	45536.5	8	0.5460750853242321	45536.5	8	0.5460750853242321	91.5	8	0.5460750853242321	183.0	0	0.0	183.0	0	0.0
info	8	31	47029.5	8	0.5460750853242321	47029.5	6	0.40955631399317405	94.5	7	0.4778156996587031	189.0	0	0.0	189.0	0	0.0
info	8	32	48522.5	3	0.20477815699658702	48522.5	2	0.13651877133105803	97.5	8	0.5460750853242321	195.0	0	0.0	195.0	0	0.0
info	8	33	50015.5	5	0.3412969283276451	50015.5	8	0.5460750853242321	100.5	3	0.20477815699658702	201.0	0	0.0	201.0	0	0.0
info	8	34	51508.5	9	0.6143344709897611	51508.5	8	0.5460750853242321	103.5	3	0.20477815699658702	207.0	0	0.0	207.0	0	0.0
info	8	35	53001.5	9	0.6143344709897611	53001.5	9	0.6143344709897611	106.5	5	0.3412969283276451	213.0	0	0.0	213.0	0	0.0
info	8	36	54494.5	7	0.4778156996587031	54494.5	7	0.4778156996587031	109.5	12	0.8191126279863481	219.0	0	0.0	219.0	0	0.0
info	8	37	55987.5	9	0.6143344709897611	55987.5	9	0.6143344709897611	112.5	4	0.27303754266211605	225.0	0	0.0	225.0	0	0.0
info	8	38	57480.5	7	0.4778156996587031	57480.5	7	0.4778156996587031	115.5	2	0.13651877133105803	231.0	0	0.0	231.0	0	0.0
info	8	39	58973.5	8	0.5460750853242321	58973.5	8	0.5460750853242321	118.5	5	0.3412969283276451	237.0	0	0.0	237.0	0	0.0
info	8	40	60466.5	7	0.4778156996587031	60466.5	8	0.5460750853242321	121.5	7	0.4778156996587031	243.0	0	0.0	243.0	0	0.0
info	8	41	61959.5	8	0.5460750853242321	61959.5	8	0.5460750853242321	124.5	4	0.27303754266211605	249.0	0	0.0	249.0	0	0.0
info	8	42	63452.5	8	0.5460750853242321	63452.5	8	0.5460750853242321	127.5	2	0.13651877133105803	255.0	0	0.0	255.0	0	0.0
info	8	43	64945.5	8	0.5460750853242321	64945.5	8	0.5460750853242321	130.5	4	0.27303754266211605	261.0	0	0.0	261.0	0	0.0
info	8	44	66438.5	8	0.5460750853242321	66438.5	8	0.5460750853242321	133.5	4	0.27303754266211605	267.0	0	0.0	267.0	0	0.0
info	8	45	67931.5	8	0.5460750853242321	67931.5	8	0.5460750853242321	136.5	3	0.20477815699658702	273.0	0	0.0	273.0	0	0.0
info	8	46	69424.5	8	0.5460750853242321	69424.5	8	0.5460750853242321	139.5	1	0.06825938566552901	279.0	0	0.0	279.0	0	0.0
info	8	47	70917.5	8	0.5460750853242321	70917.5	8	0.5460750853242321	142.5	6	0.40955631399317405	285.0	0	0.0	285.0	0	0.0
info	8	48	72410.5	5	0.3412969283276451	72410.5	0	0.0	145.5	2	0.13651877133105803	291.0	0	0.0	291.0	0	0.0
info	8	49	73903.5	7	0.4778156996587031	73903.5	8	0.5460750853242321	148.5	0	0.0	297.0	0	0.0	297.0	0	0.0
info	8	50	75396.5	4	0.27303754266211605	75396.5	8	0.5460750853242321	151.5	0	0.0	303.0	0	0.0	303.0	0	0.0
info	8	51	76889.5	8	0.5460750853242321	76889.5	8	0.5460750853242321	154.5	0	0.0	309.0	0	0.0	309.0	0	0.0
info	8	52	78382.5	8	0.5460750853242321	78382.5	8	0.5460750853242321	157.5	0	0.0	315.0	0	0.0	315.0	0	0.0
info	8	53	79875.5	8	0.5460750853242321	79875.5	8	0.5460750853242321	160.5	2	0.13651877133105803	321.0	0	0.0	321.0	0	0.0
info	8	54	81368.5	8	0.5460750853242321	81368.5	8	0.5460750853242321	163.5	0	0.0	327.0	0	0.0	327.0	0	0.0
info	8	55	82861.5	8	0.5460750853242321	82861.5	8	0.5460750853242321	166.5	0	0.0	333.0	0	0.0	333.0	0	0.0
info	8	56	84354.5	8	0.5460750853242321	84354.5	8	0.5460750853242321	169.5	2	0.13651877133105803	339.0	0	0.0	339.0	0	0.0
info	8	57	85847.5	6	0.40955631399317405	85847.5	6	0.40955631399317405	172.5	5	0.3412969283276451	345.0	0	0.0	345.0	0	0.0
info	8	58	87340.5	9	0.6143344709897611	87340.5	9	0.6143344709897611	175.5	1	0.06825938566552901	351.0	0	0.0	351.0	0	0.0
info	8	59	88833.5	4	0.27303754266211605	88833.5	1	0.06825938566552901	178.5	4	0.27303754266211605	357.0	0	0.0	357.0	0	0.0
info	8	60	90326.5	9	0.6143344709897611	90326.5	8	0.5460750853242321	181.5	5	0.3412969283276451	363.0	0	0.0	363.0	0	0.0
info	8	61	91819.5	6	0.40955631399317405	91819.5	8	0.5460750853242321	184.5	4	0.27303754266211605	369.0	0	0.0	369.0	0	0.0
info	8	62	93312.5	7	0.4778156996587031	93312.5	8	0.5460750853242321	187.5	7	0.4778156996587031	375.0	0	0.0	375.0	0	0.0
info	8	63	94805.5	7	0.4778156996587031	94805.5	8	0.5460750853242321	190.5	4	0.27303754266211605	381.0	0	0.0	381.0	0	0.0
info	8	64	96298.5	8	0.5460750853242321	96298.5	8	0.5460750853242321	193.5	7	0.4778156996587031	387.0	0	0.0	387.0	0	0.0
info	8	65	97791.5	8	0.5460750853242321	97791.5	8	0.5460750853242321	196.5	9	0.6143344709897611	393.0	0	0.0	393.0	0	0.0
info	8	66	99284.5	8	0.5460750853242321	99284.5	8	0.5460750853242321	199.5	8	0.5460750853242321	399.0	0	0.0	399.0	0	0.0
info	8	67	100777.5	8	0.5460750853242321	100777.5	8	0.5460750853242321	202.5	10	0.6825938566552902	405.0	0	0.0	405.0	0	0.0
info	8	68	102270.5	8	0.5460750853242321	102270.5	8	0.5460750853242321	205.5	10	0.6825938566552902	411.0	0	0.0	411.0	0	0.0
info	8	69	103763.5	3	0.20477815699658702	103763.5	1	0.06825938566552901	208.5	13	0.8873720136518771	417.0	0	0.0	417.0	0	0.0
info	8	70	105256.5	6	0.40955631399317405	105256.5	7	0.4778156996587031	211.5	6	0.40955631399317405	423.0	0	0.0	423.0	0	0.0
info	8	71	106749.5	9	0.6143344709897611	106749.5	8	0.5460750853242321	214.5	13	0.8873720136518771	429.0	0	0.0	429.0	0	0.0
info	8	72	108242.5	6	0.40955631399317405	108242.5	8	0.5460750853242321	217.5	8	0.5460750853242321	435.0	0	0.0	435.0	0	0.0
info	8	73	109735.5	8	0.5460750853242321	109735.5	8	0.5460750853242321	220.5	5	0.3412969283276451	441.0	0	0.0	441.0	0	0.0
info	8	74	111228.5	8	0.5460750853242321	111228.5	8	0.5460750853242321	223.5	4	0.27303754266211605	447.0	0	0.0	447.0	0	0.0
info	8	75	112721.5	8	0.5460750853242321	112721.5	8	0.5460750853242321	226.5	12	0.8191126279863481	453.0	0	0.0	453.0	0	0.0
info	8	76	114214.5	8	0.5460750853242321	114214.5	8	0.5460750853242321	229.5	3	0.20477815699658702	459.0	0	0.0	459.0	0	0.0
info	8	77	115707.5	8	0.5460750853242321	115707.5	8	0.5460750853242321	232.5	5	0.3412969283276451	465.0	0	0.0	465.0	0	0.0
info	8	78	117200.5	8	0.5460750853242321	117200.5	8	0.5460750853242321	235.5	5	0.3412969283276451	471.0	0	0.0	471.0	0	0.0
info	8	79	118693.5	8	0.5460750853242321	118693.5	8	0.5460750853242321	238.5	3	0.20477815699658702	477.0	0	0.0	477.0	0	0.0
info	8	80	120186.5	8	0.5460750853242321	120186.5	8	0.5460750853242321	241.5	6	0.40955631399317405	483.0	0	0.0	483.0	0	0.0
info	8	81	121679.5	8	0.5460750853242321	121679.5	8	0.5460750853242321	244.5	2	0.13651877133105803	489.0	0	0.0	489.0	0	0.0
info	8	82	123172.5	8	0.5460750853242321	123172.5	8	0.5460750853242321	247.5	1	0.06825938566552901	495.0	0	0.0	495.0	0	0.0
info	8	83	124665.5	5	0.3412969283276451	124665.5	5	0.3412969283276451	250.5	1	0.06825938566552901	501.0	0	0.0	501.0	0	0.0
info	8	84	126158.5	8	0.5460750853242321	126158.5	6	0.40955631399317405	253.5	0	0.0	507.0	0	0.0	507.0	0	0.0
info	8	85	127651.5	7	0.4778156996587031	127651.5	6	0.40955631399317405	256.5	2	0.13651877133105803	513.0	0	0.0	513.0	0	0.0
info	8	86	129144.5	6	0.40955631399317405	129144.5	7	0.4778156996587031	259.5	1	0.06825938566552901	519.0	0	0.0	519.0	0	0.0
info	8	87	130637.5	7	0.4778156996587031	130637.5	8	0.5460750853242321	262.5	0	0.0	525.0	0	0.0	525.0	0	0.0
info	8	88	132130.5	8	0.5460750853242321	132130.5	9	0.6143344709897611	265.5	1	0.06825938566552901	531.0	0	0.0	531.0	0	0.0
info	8	89	133623.5	9	0.6143344709897611	133623.5	9	0.6143344709897611	268.5	3	0.20477815699658702	537.0	0	0.0	537.0	0	0.0
info	8	90	135116.5	8	0.5460750853242321	135116.5	7	0.4778156996587031	271.5	1	0.06825938566552901	543.0	0	0.0	543.0	0	0.0
info	8	91	136609.5	7	0.4778156996587031	136609.5	8	0.5460750853242321	274.5	4	0.27303754266211605	549.0	0	0.0	549.0	0	0.0
info	8	92	138102.5	8	0.5460750853242321	138102.5	8	0.5460750853242321	277.5	4	0.27303754266211605	555.0	0	0.0	555.0	0	0.0
info	8	93	139595.5	8	0.5460750853242321	139595.5	8	0.5460750853242321	280.5	5	0.3412969283276451	561.0	0	0.0	561.0	0	0.0
info	8	94	141088.5	8	0.5460750853242321	141088.5	8	0.5460750853242321	283.5	7	0.4778156996587031	567.0	0	0.0	567.0	0	0.0
info	8	95	142581.5	8	0.5460750853242321	142581.5	8	0.5460750853242321	286.5	12	0.8191126279863481	573.0	0	0.0	573.0	0	0.0
info	8	96	144074.5	8	0.5460750853242321	144074.5	8	0.5460750853242321	289.5	9	0.6143344709897611	579.0	0	0.0	579.0	0	0.0
info	8	97	145567.5	8	0.5460750853242321	145567.5	8	0.5460750853242321	292.5	17	1.1604095563139931	585.0	0	0.0	585.0	0	0.0
info	8	98	147060.5	8	0.5460750853242321	147060.5	8	0.5460750853242321	295.5	14	0.9556313993174061	591.0	0	0.0	591.0	0	0.0
info	8	99	148553.5	4	0.27303754266211605	148553.5	0	0.0	298.5	17	1.1604095563139931	597.0	0	0.0	597.0	0	0.0
info	8	100	150046.5	6	0.40955631399317405	150046.5	8	0.5460750853242321	301.5	17	1.1604095563139931	603.0	0	0.0	603.0	0	0.0
info	8	101	151539.5	6	0.40955631399317405	151539.5	8	0.5460750853242321	304.5	17	1.1604095563139931	609.0	0	0.0	609.0	0	0.0
info	8	102	153032.5	8	0.5460750853242321	153032.5	8	0.5460750853242321	307.5	16	1.0921501706484642	615.0	0	0.0	615.0	0	0.0
info	8	103	154525.5	8	0.5460750853242321	154525.5	8	0.5460750853242321	310.5	7	0.4778156996587031	621.0	0	0.0	621.0	0	0.0
info	8	104	156018.5	8	0.5460750853242321	156018.5	8	0.5460750853242321	313.5	8	0.5460750853242321	627.0	0	0.0	627.0	0	0.0
info	8	105	157511.5	8	0.5460750853242321	157511.5	8	0.5460750853242321	316.5	8	0.5460750853242321	633.0	0	0.0	633.0	0	0.0
info	8	106	159004.5	8	0.5460750853242321	159004.5	8	0.5460750853242321	319.5	5	0.3412969283276451	639.0	0	0.0	639.0	0	0.0
info	8	107	160497.5	8	0.5460750853242321	160497.5	8	0.5460750853242321	322.5	8	0.5460750853242321	645.0	0	0.0	645.0	0	0.0
info	8	108	161990.5	7	0.4778156996587031	161990.5	7	0.4778156996587031	325.5	5	0.3412969283276451	651.0	0	0.0	651.0	0	0.0
info	8	109	163483.5	5	0.3412969283276451	163483.5	1	0.06825938566552901	328.5	3	0.20477815699658702	657.0	0	0.0	657.0	0	0.0
info	8	110	164976.5	5	0.3412969283276451	164976.5	8	0.5460750853242321	331.5	2	0.13651877133105803	663.0	0	0.0	663.0	0	0.0
info	8	111	166469.5	7	0.4778156996587031	166469.5	8	0.5460750853242321	334.5	3	0.20477815699658702	669.0	0	0.0	669.0	0	0.0
info	8	112	167962.5	8	0.5460750853242321	167962.5	8	0.5460750853242321	337.5	2	0.13651877133105803	675.0	0	0.0	675.0	0	0.0
info	8	113	169455.5	8	0.5460750853242321	169455.5	8	0.5460750853242321	340.5	0	0.0	681.0	0	0.0	681.0	0	0.0
info	8	114	170948.5	8	0.5460750853242321	170948.5	8	0.5460750853242321	343.5	0	0.0	687.0	0	0.0	687.0	0	0.0
info	8	115	172441.5	8	0.5460750853242321	172441.5	8	0.5460750853242321	346.5	0	0.0	693.0	0	0.0	693.0	0	0.0
info	8	116	173934.5	4	0.27303754266211605	173934.5	0	0.0	349.5	0	0.0	699.0	0	0.0	699.0	0	0.0
info	8	117	175427.5	6	0.40955631399317405	175427.5	8	0.5460750853242321	352.5	1	0.06825938566552901	705.0	0	0.0	705.0	0	0.0
info	8	118	176920.5	7	0.4778156996587031	176920.5	8	0.5460750853242321	355.5	5	0.3412969283276451	711.0	0	0.0	711.0	0	0.0
info	8	119	178413.5	7	0.4778156996587031	178413.5	8	0.5460750853242321	358.5	3	0.20477815699658702	717.0	0	0.0	717.0	0	0.0
info	8	120	179906.5	8	0.5460750853242321	179906.5	8	0.5460750853242321	361.5	2	0.13651877133105803	723.0	0	0.0	723.0	0	0.0
info	8	121	181399.5	8	0.5460750853242321	181399.5	8	0.5460750853242321	364.5	2	0.13651877133105803	729.0	0	0.0	729.0	0	0.0
info	8	122	182892.5	8	0.5460750853242321	182892.5	8	0.5460750853242321	367.5	2	0.13651877133105803	735.0	0	0.0	735.0	0	0.0
info	8	123	184385.5	8	0.5460750853242321	184385.5	7	0.4778156996587031	370.5	3	0.20477815699658702	741.0	0	0.0	741.0	0	0.0
info	8	124	185878.5	4	0.27303754266211605	185878.5	1	0.06825938566552901	373.5	3	0.20477815699658702	747.0	0	0.0	747.0	0	0.0
info	8	125	187371.5	5	0.3412969283276451	187371.5	8	0.5460750853242321	376.5	6	0.40955631399317405	753.0	0	0.0	753.0	0	0.0
info	8	126	188864.5	7	0.4778156996587031	188864.5	8	0.5460750853242321	379.5	4	0.27303754266211605	759.0	0	0.0	759.0	0	0.0
info	8	127	190357.5	8	0.5460750853242321	190357.5	8	0.5460750853242321	382.5	3	0.20477815699658702	765.0	0	0.0	765.0	0	0.0
info	8	128	191850.5	8	0.5460750853242321	191850.5	8	0.5460750853242321	385.5	6	0.40955631399317405	771.0	0	0.0	771.0	0	0.0
info	8	129	193343.5	8	0.5460750853242321	193343.5	8	0.5460750853242321	388.5	4	0.27303754266211605	777.0	0	0.0	777.0	0	0.0
info	8	130	194836.5	8	0.5460750853242321	194836.5	8	0.5460750853242321	391.5	3	0.20477815699658702	783.0	0	0.0	783.0	0	0.0
info	8	131	196329.5	8	0.5460750853242321	196329.5	8	0.5460750853242321	394.5	3	0.20477815699658702	789.0	0	0.0	789.0	0	0.0
info	8	132	197822.5	8	0.5460750853242321	197822.5	8	0.5460750853242321	397.5	3	0.20477815699658702	795.0	0	0.0	795.0	0	0.0
info	8	133	199315.5	3	0.20477815699658702	199315.5	0	0.0	400.5	8	0.5460750853242321	801.0	0	0.0	801.0	0	0.0
info	8	134	200808.5	6	0.40955631399317405	200808.5	8	0.5460750853242321	403.5	0	0.0	807.0	0	0.0	807.0	0	0.0
info	8	135	202301.5	7	0.4778156996587031	202301.5	8	0.5460750853242321	406.5	6	0.40955631399317405	813.0	0	0.0	813.0	0	0.0
info	8	136	203794.5	8	0.5460750853242321	203794.5	8	0.5460750853242321	409.5	1	0.06825938566552901	819.0	0	0.0	819.0	0	0.0
info	8	137	205287.5	8	0.5460750853242321	205287.5	8	0.5460750853242321	412.5	1	0.06825938566552901	825.0	0	0.0	825.0	0	0.0
info	8	138	206780.5	8	0.5460750853242321	206780.5	8	0.5460750853242321	415.5	2	0.13651877133105803	831.0	0	0.0	831.0	0	0.0
info	8	139	208273.5	8	0.5460750853242321	208273.5	8	0.5460750853242321	418.5	2	0.13651877133105803	837.0	0	0.0	837.0	0	0.0
info	8	140	209766.5	8	0.5460750853242321	209766.5	8	0.5460750853242321	421.5	0	0.0	843.0	0	0.0	843.0	0	0.0
info	8	141	211259.5	7	0.4778156996587031	211259.5	7	0.4778156996587031	424.5	2	0.13651877133105803	849.0	0	0.0	849.0	0	0.0
info	8	142	212752.5	5	0.3412969283276451	212752.5	1	0.06825938566552901	427.5	0	0.0	855.0	0	0.0	855.0	0	0.0
info	8	143	214245.5	6	0.40955631399317405	214245.5	9	0.6143344709897611	430.5	1	0.06825938566552901	861.0	0	0.0	861.0	0	0.0
info	8	144	215738.5	7	0.4778156996587031	215738.5	7	0.4778156996587031	433.5	0	0.0	867.0	0	0.0	867.0	0	0.0
info	8	145	217231.5	7	0.4778156996587031	217231.5	8	0.5460750853242321	436.5	0	0.0	873.0	0	0.0	873.0	0	0.0
info	8	146	218724.5	8	0.5460750853242321	218724.5	8	0.5460750853242321	439.5	0	0.0	879.0	0	0.0	879.0	0	0.0
info	8	147	220217.5	8	0.5460750853242321	220217.5	8	0.5460750853242321	442.5	0	0.0	885.0	0	0.0	885.0	0	0.0
info	8	148	221710.5	8	0.5460750853242321	221710.5	8	0.5460750853242321	445.5	0	0.0	891.0	0	0.0	891.0	0	0.0
info	8	149	223203.5	8	0.5460750853242321	223203.5	8	0.5460750853242321	448.5	0	0.0	897.0	0	0.0	897.0	0	0.0
info	8	150	224696.5	8	0.5460750853242321	224696.5	8	0.5460750853242321	451.5	0	0.0	903.0	0	0.0	903.0	0	0.0
info	8	151	226189.5	8	0.5460750853242321	226189.5	8	0.5460750853242321	454.5	0	0.0	909.0	0	0.0	909.0	0	0.0
info	8	152	227682.5	7	0.4778156996587031	227682.5	7	0.4778156996587031	457.5	0	0.0	915.0	0	0.0	915.0	0	0.0
info	8	153	229175.5	4	0.27303754266211605	229175.5	1	0.06825938566552901	460.5	0	0.0	921.0	0	0.0	921.0	0	0.0
info	8	154	230668.5	9	0.6143344709897611	230668.5	8	0.5460750853242321	463.5	1	0.06825938566552901	927.0	0	0.0	927.0	0	0.0
info	8	155	232161.5	5	0.3412969283276451	232161.5	8	0.5460750853242321	466.5	1	0.06825938566552901	933.0	0	0.0	933.0	0	0.0
info	8	156	233654.5	7	0.4778156996587031	233654.5	8	0.5460750853242321	469.5	2	0.13651877133105803	939.0	0	0.0	939.0	0	0.0
info	8	157	235147.5	8	0.5460750853242321	235147.5	8	0.5460750853242321	472.5	2	0.13651877133105803	945.0	0	0.0	945.0	0	0.0
info	8	158	236640.5	8	0.5460750853242321	236640.5	8	0.5460750853242321	475.5	0	0.0	951.0	0	0.0	951.0	0	0.0
info	8	159	238133.5	8	0.5460750853242321	238133.5	8	0.5460750853242321	478.5	1	0.06825938566552901	957.0	0	0.0	957.0	0	0.0
info	8	160	239626.5	8	0.5460750853242321	239626.5	8	0.5460750853242321	481.5	1	0.06825938566552901	963.0	0	0.0	963.0	0	0.0
info	8	161	241119.5	6	0.40955631399317405	241119.5	5	0.3412969283276451	484.5	0	0.0	969.0	0	0.0	969.0	0	0.0
info	8	162	242612.5	6	0.40955631399317405	242612.5	3	0.20477815699658702	487.5	0	0.0	975.0	0	0.0	975.0	0	0.0
info	8	163	244105.5	7	0.4778156996587031	244105.5	8	0.5460750853242321	490.5	0	0.0	981.0	0	0.0	981.0	0	0.0
info	8	164	245598.5	6	0.40955631399317405	245598.5	8	0.5460750853242321	493.5	0	0.0	987.0	0	0.0	987.0	0	0.0
info	8	165	247091.5	8	0.5460750853242321	247091.5	8	0.5460750853242321	496.5	1	0.06825938566552901	993.0	0	0.0	993.0	0	0.0
info	8	166	248584.5	7	0.4778156996587031	248584.5	8	0.5460750853242321	499.5	1	0.06825938566552901	999.0	0	0.0	999.0	0	0.0
info	8	167	250077.5	8	0.5460750853242321	250077.5	8	0.5460750853242321	502.5	1	0.06825938566552901	1005.0	0	0.0	1005.0	0	0.0
info	8	168	251570.5	8	0.5460750853242321	251570.5	8	0.5460750853242321	505.5	0	0.0	1011.0	0	0.0	1011.0	0	0.0
info	8	169	253063.5	8	0.5460750853242321	253063.5	8	0.5460750853242321	508.5	0	0.0	1017.0	0	0.0	1017.0	0	0.0
info	8	170	254556.5	8	0.5460750853242321	254556.5	8	0.5460750853242321	511.5	0	0.0	1023.0	0	0.0	1023.0	0	0.0
info	8	171	256049.5	8	0.5460750853242321	256049.5	8	0.5460750853242321	514.5	1	0.06825938566552901	1029.0	0	0.0	1029.0	0	0.0
info	8	172	257542.5	8	0.5460750853242321	257542.5	8	0.5460750853242321	517.5	0	0.0	1035.0	0	0.0	1035.0	0	0.0
info	8	173	259035.5	8	0.5460750853242321	259035.5	8	0.5460750853242321	520.5	0	0.0	1041.0	0	0.0	1041.0	0	0.0
info	8	174	260528.5	6	0.40955631399317405	260528.5	6	0.40955631399317405	523.5	0	0.0	1047.0	0	0.0	1047.0	0	0.0
info	8	175	262021.5	9	0.6143344709897611	262021.5	9	0.6143344709897611	526.5	0	0.0	1053.0	0	0.0	1053.0	0	0.0
info	8	176	263514.5	5	0.3412969283276451	263514.5	1	0.06825938566552901	529.5	0	0.0	1059.0	0	0.0	1059.0	0	0.0
info	8	177	265007.5	7	0.4778156996587031	265007.5	8	0.5460750853242321	532.5	0	0.0	1065.0	0	0.0	1065.0	0	0.0
info	8	178	266500.5	6	0.40955631399317405	266500.5	8	0.5460750853242321	535.5	0	0.0	1071.0	0	0.0	1071.0	0	0.0
info	8	179	267993.5	7	0.4778156996587031	267993.5	8	0.5460750853242321	538.5	0	0.0	1077.0	0	0.0	1077.0	0	0.0
info	8	180	269486.5	8	0.5460750853242321	269486.5	8	0.5460750853242321	541.5	0	0.0	1083.0	0	0.0	1083.0	0	0.0
info	8	181	270979.5	8	0.5460750853242321	270979.5	8	0.5460750853242321	544.5	0	0.0	1089.0	0	0.0	1089.0	0	0.0
info	8	182	272472.5	8	0.5460750853242321	272472.5	8	0.5460750853242321	547.5	0	0.0	1095.0	0	0.0	1095.0	0	0.0
info	8	183	273965.5	8	0.5460750853242321	273965.5	8	0.5460750853242321	550.5	0	0.0	1101.0	0	0.0	1101.0	0	0.0
info	8	184	275458.5	8	0.5460750853242321	275458.5	8	0.5460750853242321	553.5	0	0.0	1107.0	0	0.0	1107.0	0	0.0
info	8	185	276951.5	8	0.5460750853242321	276951.5	8	0.5460750853242321	556.5	0	0.0	1113.0	0	0.0	1113.0	0	0.0
info	8	186	278444.5	8	0.5460750853242321	278444.5	8	0.5460750853242321	559.5	0	0.0	1119.0	0	0.0	1119.0	0	0.0
info	8	187	279937.5	3	0.20477815699658702	279937.5	0	0.0	562.5	1	0.06825938566552901	1125.0	0	0.0	1125.0	0	0.0
info	8	188	281430.5	7	0.4778156996587031	281430.5	8	0.5460750853242321	565.5	0	0.0	1131.0	0	0.0	1131.0	0	0.0
info	8	189	282923.5	9	0.6143344709897611	282923.5	8	0.5460750853242321	568.5	0	0.0	1137.0	0	0.0	1137.0	0	0.0
info	8	190	284416.5	5	0.3412969283276451	284416.5	8	0.5460750853242321	571.5	0	0.0	1143.0	0	0.0	1143.0	0	0.0
info	8	191	285909.5	8	0.5460750853242321	285909.5	8	0.5460750853242321	574.5	0	0.0	1149.0	0	0.0	1149.0	0	0.0
info	8	192	287402.5	8	0.5460750853242321	287402.5	8	0.5460750853242321	577.5	0	0.0	1155.0	0	0.0	1155.0	0	0.0
info	8	193	288895.5	8	0.5460750853242321	288895.5	8	0.5460750853242321	580.5	0	0.0	1161.0	0	0.0	1161.0	0	0.0
info	8	194	290388.5	8	0.5460750853242321	290388.5	8	0.5460750853242321	583.5	0	0.0	1167.0	0	0.0	1167.0	0	0.0
info	8	195	291881.5	8	0.5460750853242321	291881.5	8	0.5460750853242321	586.5	0	0.0	1173.0	0	0.0	1173.0	0	0.0
info	8	196	293374.5	8	0.5460750853242321	293374.5	8	0.5460750853242321	589.5	0	0.0	1179.0	0	0.0	1179.0	0	0.0
info	8	197	294867.5	8	0.5460750853242321	294867.5	8	0.5460750853242321	592.5	0	0.0	1185.0	0	0.0	1185.0	0	0.0
info	8	198	296360.5	8	0.5460750853242321	296360.5	8	0.5460750853242321	595.5	0	0.0	1191.0	0	0.0	1191.0	0	0.0
info	8	199	297853.5	8	0.5460750853242321	297853.5	8	0.5460750853242321	598.5	0	0.0	1197.0	0	0.0	1197.0	0	0.0
home	8	0	746.5	11	0.7508532423208192	746.5	11	0.7508532423208192	1.5	0	0.0	3.0	1465	100.0	3.0	1465	100.0
home	8	1	2239.5	6	0.40955631399317405	2239.5	5	0.3412969283276451	4.5	347	23.686006825938566	9.0	0	0.0	9.0	0	0.0
home	8	2	3732.5	7	0.4778156996587031	3732.5	8	0.5460750853242321	7.5	104	7.098976109215017	15.0	0	0.0	15.0	0	0.0
home	8	3	5225.5	8	0.5460750853242321	5225.5	8	0.5460750853242321	10.5	85	5.802047781569966	21.0	0	0.0	21.0	0	0.0
home	8	4	6718.5	8	0.5460750853242321	6718.5	8	0.5460750853242321	13.5	85	5.802047781569966	27.0	0	0.0	27.0	0	0.0
home	8	5	8211.5	8	0.5460750853242321	8211.5	8	0.5460750853242321	16.5	85	5.802047781569966	33.0	0	0.0	33.0	0	0.0
home	8	6	9704.5	8	0.5460750853242321	9704.5	8	0.5460750853242321	19.5	71	4.84641638225256	39.0	0	0.0	39.0	0	0.0
home	8	7	11197.5	8	0.5460750853242321	11197.5	8	0.5460750853242321	22.5	61	4.163822525597269	45.0	0	0.0	45.0	0	0.0
home	8	8	12690.5	8	0.5460750853242321	12690.5	8	0.5460750853242321	25.5	31	2.1160409556313993	51.0	0	0.0	51.0	0	0.0
home	8	9	14183.5	8	0.5460750853242321	14183.5	8	0.5460750853242321	28.5	38	2.5938566552901023	57.0	0	0.0	57.0	0	0.0
home	8	10	15676.5	5	0.3412969283276451	15676.5	5	0.3412969283276451	31.5	20	1.3651877133105803	63.0	0	0.0	63.0	0	0.0
home	8	11	17169.5	3	0.20477815699658702	17169.5	3	0.20477815699658702	34.5	11	0.7508532423208192	69.0	0	0.0	69.0	0	0.0
home	8	12	18662.5	8	0.5460750853242321	18662.5	8	0.5460750853242321	37.5	9	0.6143344709897611	75.0	0	0.0	75.0	0	0.0
home	8	13	20155.5	8	0.5460750853242321	20155.5	8	0.5460750853242321	40.5	3	0.20477815699658702	81.0	0	0.0	81.0	0	0.0
home	8	14	21648.5	8	0.5460750853242321	21648.5	8	0.5460750853242321	43.5	1	0.06825938566552901	87.0	0	0.0	87.0	0	0.0
home	8	15	23141.5	8	0.5460750853242321	23141.5	8	0.5460750853242321	46.5	4	0.27303754266211605	93.0	0	0.0	93.0	0	0.0
home	8	16	24634.5	8	0.5460750853242321	24634.5	8	0.5460750853242321	49.5	10	0.6825938566552902	99.0	0	0.0	99.0	0	0.0
home	8	17	26127.5	8	0.5460750853242321	26127.5	8	0.5460750853242321	52.5	10	0.6825938566552902	105.0	0	0.0	105.0	0	0.0
home	8	18	27620.5	8	0.5460750853242321	27620.5	8	0.5460750853242321	55.5	14	0.9556313993174061	111.0	0	0.0	111.0	0	0.0
home	8	19	29113.5	8	0.5460750853242321	29113.5	8	0.5460750853242321	58.5	16	1.0921501706484642	117.0	0	0.0	117.0	0	0.0
home	8	20	30606.5	0	0.0	30606.5	0	0.0	61.5	30	2.0477815699658706	123.0	0	0.0	123.0	0	0.0
home	8	21	32099.5	8	0.5460750853242321	32099.5	8	0.5460750853242321	64.5	31	2.1160409556313993	129.0	0	0.0	129.0	0	0.0
home	8	22	33592.5	8	0.5460750853242321	33592.5	8	0.5460750853242321	67.5	61	4.163822525597269	135.0	0	0.0	135.0	0	0.0
home	8	23	35085.5	8	0.5460750853242321	35085.5	8	0.5460750853242321	70.5	61	4.163822525597269	141.0	0	0.0	141.0	0	0.0
home	8	24	36578.5	8	0.5460750853242321	36578.5	8	0.5460750853242321	73.5	57	3.8907849829351537	147.0	0	0.0	147.0	0	0.0
home	8	25	38071.5	8	0.5460750853242321	38071.5	8	0.5460750853242321	76.5	61	4.163822525597269	153.0	0	0.0	153.0	0	0.0
home	8	26	39564.5	8	0.5460750853242321	39564.5	8	0.5460750853242321	79.5	32	2.1843003412969284	159.0	0	0.0	159.0	0	0.0
home	8	27	41057.5	8	0.5460750853242321	41057.5	8	0.5460750853242321	82.5	31	2.1160409556313993	165.0	0	0.0	165.0	0	0.0
home	8	28	42550.5	8	0.5460750853242321	42550.5	8	0.5460750853242321	85.5	26	1.7747440273037542	171.0	0	0.0	171.0	0	0.0
home	8	29	44043.5	8	0.5460750853242321	44043.5	8	0.5460750853242321	88.5	14	0.9556313993174061	177.0	0	0.0	177.0	0	0.0
home	8	30	45536.5	8	0.5460750853242321	45536.5	8	0.5460750853242321	91.5	9	0.6143344709897611	183.0	0	0.0	183.0	0	0.0
home	8	31	47029.5	6	0.40955631399317405	47029.5	0	0.0	94.5	6	0.40955631399317405	189.0	0	0.0	189.0	0	0.0
home	8	32	48522.5	2	0.13651877133105803	48522.5	8	0.5460750853242321	97.5	6	0.40955631399317405	195.0	0	0.0	195.0	0	0.0
home	8	33	50015.5	8	0.5460750853242321	50015.5	8	0.5460750853242321	100.5	1	0.06825938566552901	201.0	0	0.0	201.0	0	0.0
home	8	34	51508.5	8	0.5460750853242321	51508.5	8	0.5460750853242321	103.5	4	0.27303754266211605	207.0	0	0.0	207.0	0	0.0
home	8	35	53001.5	9	0.6143344709897611	53001.5	8	0.5460750853242321	106.5	2	0.13651877133105803	213.0	0	0.0	213.0	0	0.0
home	8	36	54494.5	7	0.4778156996587031	54494.5	8	0.5460750853242321	109.5	5	0.3412969283276451	219.0	0	0.0	219.0	0	0.0
home	8	37	55987.5	9	0.6143344709897611	55987.5	8	0.5460750853242321	112.5	5	0.3412969283276451	225.0	0	0.0	225.0	0	0.0
home	8	38	57480.5	7	0.4778156996587031	57480.5	8	0.5460750853242321	115.5	3	0.20477815699658702	231.0	0	0.0	231.0	0	0.0
home	8	39	58973.5	8	0.5460750853242321	58973.5	8	0.5460750853242321	118.5	0	0.0	237.0	0	0.0	237.0	0	0.0
home	8	40	60466.5	8	0.5460750853242321	60466.5	8	0.5460750853242321	121.5	1	0.06825938566552901	243.0	0	0.0	243.0	0	0.0
home	8	41	61959.5	8	0.5460750853242321	61959.5	8	0.5460750853242321	124.5	0	0.0	249.0	0	0.0	249.0	0	0.0
home	8	42	63452.5	8	0.5460750853242321	63452.5	8	0.5460750853242321	127.5	1	0.06825938566552901	255.0	0	0.0	255.0	0	0.0
home	8	43	64945.5	8	0.5460750853242321	64945.5	8	0.5460750853242321	130.5	0	0.0	261.0	0	0.0	261.0	0	0.0
home	8	44	66438.5	8	0.5460750853242321	66438.5	8	0.5460750853242321	133.5	0	0.0	267.0	0	0.0	267.0	0	0.0
home	8	45	67931.5	8	0.5460750853242321	67931.5	8	0.5460750853242321	136.5	0	0.0	273.0	0	0.0	273.0	0	0.0
home	8	46	69424.5	8	0.5460750853242321	69424.5	8	0.5460750853242321	139.5	0	0.0	279.0	0	0.0	279.0	0	0.0
home	8	47	70917.5	8	0.5460750853242321	70917.5	8	0.5460750853242321	142.5	0	0.0	285.0	0	0.0	285.0	0	0.0
home	8	48	72410.5	0	0.0	72410.5	0	0.0	145.5	0	0.0	291.0	0	0.0	291.0	0	0.0
home	8	49	73903.5	8	0.5460750853242321	73903.5	8	0.5460750853242321	148.5	1	0.06825938566552901	297.0	0	0.0	297.0	0	0.0
home	8	50	75396.5	8	0.5460750853242321	75396.5	8	0.5460750853242321	151.5	0	0.0	303.0	0	0.0	303.0	0	0.0
home	8	51	76889.5	8	0.5460750853242321	76889.5	8	0.5460750853242321	154.5	0	0.0	309.0	0	0.0	309.0	0	0.0
home	8	52	78382.5	8	0.5460750853242321	78382.5	8	0.5460750853242321	157.5	0	0.0	315.0	0	0.0	315.0	0	0.0
home	8	53	79875.5	8	0.5460750853242321	79875.5	8	0.5460750853242321	160.5	0	0.0	321.0	0	0.0	321.0	0	0.0
home	8	54	81368.5	8	0.5460750853242321	81368.5	8	0.5460750853242321	163.5	0	0.0	327.0	0	0.0	327.0	0	0.0
home	8	55	82861.5	8	0.5460750853242321	82861.5	8	0.5460750853242321	166.5	0	0.0	333.0	0	0.0	333.0	0	0.0
home	8	56	84354.5	8	0.5460750853242321	84354.5	8	0.5460750853242321	169.5	0	0.0	339.0	0	0.0	339.0	0	0.0
home	8	57	85847.5	6	0.40955631399317405	85847.5	6	0.40955631399317405	172.5	0	0.0	345.0	0	0.0	345.0	0	0.0
home	8	58	87340.5	10	0.6825938566552902	87340.5	9	0.6143344709897611	175.5	0	0.0	351.0	0	0.0	351.0	0	0.0
home	8	59	88833.5	0	0.0	88833.5	1	0.06825938566552901	178.5	0	0.0	357.0	0	0.0	357.0	0	0.0
home	8	60	90326.5	8	0.5460750853242321	90326.5	8	0.5460750853242321	181.5	0	0.0	363.0	0	0.0	363.0	0	0.0
home	8	61	91819.5	8	0.5460750853242321	91819.5	8	0.5460750853242321	184.5	0	0.0	369.0	0	0.0	369.0	0	0.0
home	8	62	93312.5	8	0.5460750853242321	93312.5	8	0.5460750853242321	187.5	0	0.0	375.0	0	0.0	375.0	0	0.0
home	8	63	94805.5	8	0.5460750853242321	94805.5	8	0.5460750853242321	190.5	2	0.13651877133105803	381.0	0	0.0	381.0	0	0.0
home	8	64	96298.5	8	0.5460750853242321	96298.5	8	0.5460750853242321	193.5	0	0.0	387.0	0	0.0	387.0	0	0.0
home	8	65	97791.5	8	0.5460750853242321	97791.5	8	0.5460750853242321	196.5	1	0.06825938566552901	393.0	0	0.0	393.0	0	0.0
home	8	66	99284.5	8	0.5460750853242321	99284.5	8	0.5460750853242321	199.5	0	0.0	399.0	0	0.0	399.0	0	0.0
home	8	67	100777.5	8	0.5460750853242321	100777.5	8	0.5460750853242321	202.5	0	0.0	405.0	0	0.0	405.0	0	0.0
home	8	68	102270.5	8	0.5460750853242321	102270.5	8	0.5460750853242321	205.5	1	0.06825938566552901	411.0	0	0.0	411.0	0	0.0
home	8	69	103763.5	1	0.06825938566552901	103763.5	0	0.0	208.5	1	0.06825938566552901	417.0	0	0.0	417.0	0	0.0
home	8	70	105256.5	7	0.4778156996587031	105256.5	8	0.5460750853242321	211.5	1	0.06825938566552901	423.0	0	0.0	423.0	0	0.0
home	8	71	106749.5	8	0.5460750853242321	106749.5	8	0.5460750853242321	214.5	0	0.0	429.0	0	0.0	429.0	0	0.0
home	8	72	108242.5	8	0.5460750853242321	108242.5	8	0.5460750853242321	217.5	0	0.0	435.0	0	0.0	435.0	0	0.0
home	8	73	109735.5	8	0.5460750853242321	109735.5	8	0.5460750853242321	220.5	0	0.0	441.0	0	0.0	441.0	0	0.0
home	8	74	111228.5	8	0.5460750853242321	111228.5	8	0.5460750853242321	223.5	0	0.0	447.0	0	0.0	447.0	0	0.0
home	8	75	112721.5	8	0.5460750853242321	112721.5	8	0.5460750853242321	226.5	0	0.0	453.0	0	0.0	453.0	0	0.0
home	8	76	114214.5	8	0.5460750853242321	114214.5	8	0.5460750853242321	229.5	0	0.0	459.0	0	0.0	459.0	0	0.0
home	8	77	115707.5	8	0.5460750853242321	115707.5	8	0.5460750853242321	232.5	0	0.0	465.0	0	0.0	465.0	0	0.0
home	8	78	117200.5	8	0.5460750853242321	117200.5	8	0.5460750853242321	235.5	0	0.0	471.0	0	0.0	471.0	0	0.0
home	8	79	118693.5	8	0.5460750853242321	118693.5	8	0.5460750853242321	238.5	0	0.0	477.0	0	0.0	477.0	0	0.0
home	8	80	120186.5	8	0.5460750853242321	120186.5	8	0.5460750853242321	241.5	0	0.0	483.0	0	0.0	483.0	0	0.0
home	8	81	121679.5	8	0.5460750853242321	121679.5	8	0.5460750853242321	244.5	0	0.0	489.0	0	0.0	489.0	0	0.0
home	8	82	123172.5	8	0.5460750853242321	123172.5	8	0.5460750853242321	247.5	0	0.0	495.0	0	0.0	495.0	0	0.0
home	8	83	124665.5	5	0.3412969283276451	124665.5	5	0.3412969283276451	250.5	0	0.0	501.0	0	0.0	501.0	0	0.0
home	8	84	126158.5	7	0.4778156996587031	126158.5	3	0.20477815699658702	253.5	0	0.0	507.0	0	0.0	507.0	0	0.0
home	8	85	127651.5	5	0.3412969283276451	127651.5	8	0.5460750853242321	256.5	0	0.0	513.0	0	0.0	513.0	0	0.0
home	8	86	129144.5	7	0.4778156996587031	129144.5	8	0.5460750853242321	259.5	0	0.0	519.0	0	0.0	519.0	0	0.0
home	8	87	130637.5	8	0.5460750853242321	130637.5	8	0.5460750853242321	262.5	0	0.0	525.0	0	0.0	525.0	0	0.0
home	8	88	132130.5	9	0.6143344709897611	132130.5	8	0.5460750853242321	265.5	0	0.0	531.0	0	0.0	531.0	0	0.0
home	8	89	133623.5	9	0.6143344709897611	133623.5	9	0.6143344709897611	268.5	0	0.0	537.0	0	0.0	537.0	0	0.0
home	8	90	135116.5	7	0.4778156996587031	135116.5	8	0.5460750853242321	271.5	0	0.0	543.0	0	0.0	543.0	0	0.0
home	8	91	136609.5	8	0.5460750853242321	136609.5	8	0.5460750853242321	274.5	1	0.06825938566552901	549.0	0	0.0	549.0	0	0.0
home	8	92	138102.5	8	0.5460750853242321	138102.5	8	0.5460750853242321	277.5	0	0.0	555.0	0	0.0	555.0	0	0.0
home	8	93	139595.5	8	0.5460750853242321	139595.5	8	0.5460750853242321	280.5	0	0.0	561.0	0	0.0	561.0	0	0.0
home	8	94	141088.5	8	0.5460750853242321	141088.5	8	0.5460750853242321	283.5	0	0.0	567.0	0	0.0	567.0	0	0.0
home	8	95	142581.5	8	0.5460750853242321	142581.5	8	0.5460750853242321	286.5	0	0.0	573.0	0	0.0	573.0	0	0.0
home	8	96	144074.5	8	0.5460750853242321	144074.5	8	0.5460750853242321	289.5	0	0.0	579.0	0	0.0	579.0	0	0.0
home	8	97	145567.5	8	0.5460750853242321	145567.5	8	0.5460750853242321	292.5	0	0.0	585.0	0	0.0	585.0	0	0.0
home	8	98	147060.5	8	0.5460750853242321	147060.5	8	0.5460750853242321	295.5	1	0.06825938566552901	591.0	0	0.0	591.0	0	0.0
home	8	99	148553.5	0	0.0	148553.5	0	0.0	298.5	1	0.06825938566552901	597.0	0	0.0	597.0	0	0.0
home	8	100	150046.5	8	0.5460750853242321	150046.5	8	0.5460750853242321	301.5	0	0.0	603.0	0	0.0	603.0	0	0.0
home	8	101	151539.5	8	0.5460750853242321	151539.5	8	0.5460750853242321	304.5	0	0.0	609.0	0	0.0	609.0	0	0.0
home	8	102	153032.5	8	0.5460750853242321	153032.5	8	0.5460750853242321	307.5	0	0.0	615.0	0	0.0	615.0	0	0.0
home	8	103	154525.5	8	0.5460750853242321	154525.5	8	0.5460750853242321	310.5	0	0.0	621.0	0	0.0	621.0	0	0.0
home	8	104	156018.5	8	0.5460750853242321	156018.5	8	0.5460750853242321	313.5	0	0.0	627.0	0	0.0	627.0	0	0.0
home	8	105	157511.5	8	0.5460750853242321	157511.5	8	0.5460750853242321	316.5	0	0.0	633.0	0	0.0	633.0	0	0.0
home	8	106	159004.5	8	0.5460750853242321	159004.5	8	0.5460750853242321	319.5	1	0.06825938566552901	639.0	0	0.0	639.0	0	0.0
home	8	107	160497.5	8	0.5460750853242321	160497.5	8	0.5460750853242321	322.5	0	0.0	645.0	0	0.0	645.0	0	0.0
home	8	108	161990.5	7	0.4778156996587031	161990.5	7	0.4778156996587031	325.5	0	0.0	651.0	0	0.0	651.0	0	0.0
home	8	109	163483.5	1	0.06825938566552901	163483.5	1	0.06825938566552901	328.5	0	0.0	657.0	0	0.0	657.0	0	0.0
home	8	110	164976.5	8	0.5460750853242321	164976.5	8	0.5460750853242321	331.5	0	0.0	663.0	0	0.0	663.0	0	0.0
home	8	111	166469.5	8	0.5460750853242321	166469.5	8	0.5460750853242321	334.5	0	0.0	669.0	0	0.0	669.0	0	0.0
home	8	112	167962.5	8	0.5460750853242321	167962.5	8	0.5460750853242321	337.5	0	0.0	675.0	0	0.0	675.0	0	0.0
home	8	113	169455.5	8	0.5460750853242321	169455.5	8	0.5460750853242321	340.5	0	0.0	681.0	0	0.0	681.0	0	0.0
home	8	114	170948.5	8	0.5460750853242321	170948.5	8	0.5460750853242321	343.5	0	0.0	687.0	0	0.0	687.0	0	0.0
home	8	115	172441.5	8	0.5460750853242321	172441.5	6	0.40955631399317405	346.5	0	0.0	693.0	0	0.0	693.0	0	0.0
home	8	116	173934.5	0	0.0	173934.5	2	0.13651877133105803	349.5	0	0.0	699.0	0	0.0	699.0	0	0.0
home	8	117	175427.5	8	0.5460750853242321	175427.5	8	0.5460750853242321	352.5	0	0.0	705.0	0	0.0	705.0	0	0.0
home	8	118	176920.5	8	0.5460750853242321	176920.5	8	0.5460750853242321	355.5	0	0.0	711.0	0	0.0	711.0	0	0.0
home	8	119	178413.5	8	0.5460750853242321	178413.5	8	0.5460750853242321	358.5	0	0.0	717.0	0	0.0	717.0	0	0.0
home	8	120	179906.5	8	0.5460750853242321	179906.5	8	0.5460750853242321	361.5	0	0.0	723.0	0	0.0	723.0	0	0.0
home	8	121	181399.5	8	0.5460750853242321	181399.5	8	0.5460750853242321	364.5	0	0.0	729.0	0	0.0	729.0	0	0.0
home	8	122	182892.5	8	0.5460750853242321	182892.5	8	0.5460750853242321	367.5	0	0.0	735.0	0	0.0	735.0	0	0.0
home	8	123	184385.5	7	0.4778156996587031	184385.5	6	0.40955631399317405	370.5	1	0.06825938566552901	741.0	0	0.0	741.0	0	0.0
home	8	124	185878.5	1	0.06825938566552901	185878.5	2	0.13651877133105803	373.5	0	0.0	747.0	0	0.0	747.0	0	0.0
home	8	125	187371.5	8	0.5460750853242321	187371.5	8	0.5460750853242321	376.5	0	0.0	753.0	0	0.0	753.0	0	0.0
home	8	126	188864.5	8	0.5460750853242321	188864.5	8	0.5460750853242321	379.5	0	0.0	759.0	0	0.0	759.0	0	0.0
home	8	127	190357.5	8	0.5460750853242321	190357.5	8	0.5460750853242321	382.5	0	0.0	765.0	0	0.0	765.0	0	0.0
home	8	128	191850.5	8	0.5460750853242321	191850.5	8	0.5460750853242321	385.5	0	0.0	771.0	0	0.0	771.0	0	0.0
home	8	129	193343.5	8	0.5460750853242321	193343.5	8	0.5460750853242321	388.5	0	0.0	777.0	0	0.0	777.0	0	0.0
home	8	130	194836.5	8	0.5460750853242321	194836.5	8	0.5460750853242321	391.5	0	0.0	783.0	0	0.0	783.0	0	0.0
home	8	131	196329.5	8	0.5460750853242321	196329.5	8	0.5460750853242321	394.5	0	0.0	789.0	0	0.0	789.0	0	0.0
home	8	132	197822.5	8	0.5460750853242321	197822.5	8	0.5460750853242321	397.5	0	0.0	795.0	0	0.0	795.0	0	0.0
home	8	133	199315.5	0	0.0	199315.5	0	0.0	400.5	0	0.0	801.0	0	0.0	801.0	0	0.0
home	8	134	200808.5	8	0.5460750853242321	200808.5	8	0.5460750853242321	403.5	0	0.0	807.0	0	0.0	807.0	0	0.0
home	8	135	202301.5	8	0.5460750853242321	202301.5	8	0.5460750853242321	406.5	0	0.0	813.0	0	0.0	813.0	0	0.0
home	8	136	203794.5	8	0.5460750853242321	203794.5	8	0.5460750853242321	409.5	0	0.0	819.0	0	0.0	819.0	0	0.0
home	8	137	205287.5	8	0.5460750853242321	205287.5	8	0.5460750853242321	412.5	0	0.0	825.0	0	0.0	825.0	0	0.0
home	8	138	206780.5	8	0.5460750853242321	206780.5	8	0.5460750853242321	415.5	0	0.0	831.0	0	0.0	831.0	0	0.0
home	8	139	208273.5	8	0.5460750853242321	208273.5	8	0.5460750853242321	418.5	0	0.0	837.0	0	0.0	837.0	0	0.0
home	8	140	209766.5	8	0.5460750853242321	209766.5	8	0.5460750853242321	421.5	0	0.0	843.0	0	0.0	843.0	0	0.0
home	8	141	211259.5	7	0.4778156996587031	211259.5	7	0.4778156996587031	424.5	0	0.0	849.0	0	0.0	849.0	0	0.0
home	8	142	212752.5	1	0.06825938566552901	212752.5	1	0.06825938566552901	427.5	0	0.0	855.0	0	0.0	855.0	0	0.0
home	8	143	214245.5	9	0.6143344709897611	214245.5	8	0.5460750853242321	430.5	0	0.0	861.0	0	0.0	861.0	0	0.0
home	8	144	215738.5	7	0.4778156996587031	215738.5	8	0.5460750853242321	433.5	0	0.0	867.0	0	0.0	867.0	0	0.0
home	8	145	217231.5	8	0.5460750853242321	217231.5	8	0.5460750853242321	436.5	0	0.0	873.0	0	0.0	873.0	0	0.0
home	8	146	218724.5	8	0.5460750853242321	218724.5	8	0.5460750853242321	439.5	0	0.0	879.0	0	0.0	879.0	0	0.0
home	8	147	220217.5	8	0.5460750853242321	220217.5	8	0.5460750853242321	442.5	0	0.0	885.0	0	0.0	885.0	0	0.0
home	8	148	221710.5	8	0.5460750853242321	221710.5	8	0.5460750853242321	445.5	0	0.0	891.0	0	0.0	891.0	0	0.0
home	8	149	223203.5	8	0.5460750853242321	223203.5	8	0.5460750853242321	448.5	0	0.0	897.0	0	0.0	897.0	0	0.0
home	8	150	224696.5	8	0.5460750853242321	224696.5	8	0.5460750853242321	451.5	0	0.0	903.0	0	0.0	903.0	0	0.0
home	8	151	226189.5	8	0.5460750853242321	226189.5	8	0.5460750853242321	454.5	0	0.0	909.0	0	0.0	909.0	0	0.0
home	8	152	227682.5	7	0.4778156996587031	227682.5	7	0.4778156996587031	457.5	0	0.0	915.0	0	0.0	915.0	0	0.0
home	8	153	229175.5	1	0.06825938566552901	229175.5	1	0.06825938566552901	460.5	0	0.0	921.0	0	0.0	921.0	0	0.0
home	8	154	230668.5	8	0.5460750853242321	230668.5	8	0.5460750853242321	463.5	0	0.0	927.0	0	0.0	927.0	0	0.0
home	8	155	232161.5	8	0.5460750853242321	232161.5	8	0.5460750853242321	466.5	0	0.0	933.0	0	0.0	933.0	0	0.0
home	8	156	233654.5	8	0.5460750853242321	233654.5	8	0.5460750853242321	469.5	0	0.0	939.0	0	0.0	939.0	0	0.0
home	8	157	235147.5	8	0.5460750853242321	235147.5	8	0.5460750853242321	472.5	0	0.0	945.0	0	0.0	945.0	0	0.0
home	8	158	236640.5	8	0.5460750853242321	236640.5	8	0.5460750853242321	475.5	0	0.0	951.0	0	0.0	951.0	0	0.0
home	8	159	238133.5	8	0.5460750853242321	238133.5	8	0.5460750853242321	478.5	0	0.0	957.0	0	0.0	957.0	0	0.0
home	8	160	239626.5	8	0.5460750853242321	239626.5	8	0.5460750853242321	481.5	1	0.06825938566552901	963.0	0	0.0	963.0	0	0.0
home	8	161	241119.5	5	0.3412969283276451	241119.5	2	0.13651877133105803	484.5	0	0.0	969.0	0	0.0	969.0	0	0.0
home	8	162	242612.5	3	0.20477815699658702	242612.5	6	0.40955631399317405	487.5	0	0.0	975.0	0	0.0	975.0	0	0.0
home	8	163	244105.5	8	0.5460750853242321	244105.5	8	0.5460750853242321	490.5	0	0.0	981.0	0	0.0	981.0	0	0.0
home	8	164	245598.5	8	0.5460750853242321	245598.5	8	0.5460750853242321	493.5	0	0.0	987.0	0	0.0	987.0	0	0.0
home	8	165	247091.5	8	0.5460750853242321	247091.5	8	0.5460750853242321	496.5	0	0.0	993.0	0	0.0	993.0	0	0.0
home	8	166	248584.5	8	0.5460750853242321	248584.5	8	0.5460750853242321	499.5	0	0.0	999.0	0	0.0	999.0	0	0.0
home	8	167	250077.5	8	0.5460750853242321	250077.5	8	0.5460750853242321	502.5	0	0.0	1005.0	0	0.0	1005.0	0	0.0
home	8	168	251570.5	8	0.5460750853242321	251570.5	8	0.5460750853242321	505.5	0	0.0	1011.0	0	0.0	1011.0	0	0.0
home	8	169	253063.5	8	0.5460750853242321	253063.5	8	0.5460750853242321	508.5	0	0.0	1017.0	0	0.0	1017.0	0	0.0
home	8	170	254556.5	8	0.5460750853242321	254556.5	8	0.5460750853242321	511.5	0	0.0	1023.0	0	0.0	1023.0	0	0.0
home	8	171	256049.5	8	0.5460750853242321	256049.5	8	0.5460750853242321	514.5	0	0.0	1029.0	0	0.0	1029.0	0	0.0
home	8	172	257542.5	8	0.5460750853242321	257542.5	8	0.5460750853242321	517.5	0	0.0	1035.0	0	0.0	1035.0	0	0.0
home	8	173	259035.5	8	0.5460750853242321	259035.5	8	0.5460750853242321	520.5	0	0.0	1041.0	0	0.0	1041.0	0	0.0
home	8	174	260528.5	6	0.40955631399317405	260528.5	6	0.40955631399317405	523.5	0	0.0	1047.0	0	0.0	1047.0	0	0.0
home	8	175	262021.5	9	0.6143344709897611	262021.5	9	0.6143344709897611	526.5	0	0.0	1053.0	0	0.0	1053.0	0	0.0
home	8	176	263514.5	1	0.06825938566552901	263514.5	1	0.06825938566552901	529.5	0	0.0	1059.0	0	0.0	1059.0	0	0.0
home	8	177	265007.5	8	0.5460750853242321	265007.5	8	0.5460750853242321	532.5	0	0.0	1065.0	0	0.0	1065.0	0	0.0
home	8	178	266500.5	8	0.5460750853242321	266500.5	8	0.5460750853242321	535.5	0	0.0	1071.0	0	0.0	1071.0	0	0.0
home	8	179	267993.5	8	0.5460750853242321	267993.5	8	0.5460750853242321	538.5	0	0.0	1077.0	0	0.0	1077.0	0	0.0
home	8	180	269486.5	8	0.5460750853242321	269486.5	8	0.5460750853242321	541.5	0	0.0	1083.0	0	0.0	1083.0	0	0.0
home	8	181	270979.5	8	0.5460750853242321	270979.5	8	0.5460750853242321	544.5	0	0.0	1089.0	0	0.0	1089.0	0	0.0
home	8	182	272472.5	8	0.5460750853242321	272472.5	8	0.5460750853242321	547.5	0	0.0	1095.0	0	0.0	1095.0	0	0.0
home	8	183	273965.5	8	0.5460750853242321	273965.5	8	0.5460750853242321	550.5	0	0.0	1101.0	0	0.0	1101.0	0	0.0
home	8	184	275458.5	8	0.5460750853242321	275458.5	8	0.5460750853242321	553.5	0	0.0	1107.0	0	0.0	1107.0	0	0.0
home	8	185	276951.5	8	0.5460750853242321	276951.5	8	0.5460750853242321	556.5	0	0.0	1113.0	0	0.0	1113.0	0	0.0
home	8	186	278444.5	8	0.5460750853242321	278444.5	8	0.5460750853242321	559.5	0	0.0	1119.0	0	0.0	1119.0	0	0.0
home	8	187	279937.5	0	0.0	279937.5	0	0.0	562.5	0	0.0	1125.0	0	0.0	1125.0	0	0.0
home	8	188	281430.5	8	0.5460750853242321	281430.5	8	0.5460750853242321	565.5	0	0.0	1131.0	0	0.0	1131.0	0	0.0
home	8	189	282923.5	8	0.5460750853242321	282923.5	8	0.5460750853242321	568.5	0	0.0	1137.0	0	0.0	1137.0	0	0.0
home	8	190	284416.5	8	0.5460750853242321	284416.5	8	0.5460750853242321	571.5	0	0.0	1143.0	0	0.0	1143.0	0	0.0
home	8	191	285909.5	8	0.5460750853242321	285909.5	8	0.5460750853242321	574.5	0	0.0	1149.0	0	0.0	1149.0	0	0.0
home	8	192	287402.5	8	0.5460750853242321	287402.5	8	0.5460750853242321	577.5	0	0.0	1155.0	0	0.0	1155.0	0	0.0
home	8	193	288895.5	8	0.5460750853242321	288895.5	8	0.5460750853242321	580.5	0	0.0	1161.0	0	0.0	1161.0	0	0.0
home	8	194	290388.5	8	0.5460750853242321	290388.5	8	0.5460750853242321	583.5	0	0.0	1167.0	0	0.0	1167.0	0	0.0
home	8	195	291881.5	8	0.5460750853242321	291881.5	8	0.5460750853242321	586.5	0	0.0	1173.0	0	0.0	1173.0	0	0.0
home	8	196	293374.5	8	0.5460750853242321	293374.5	8	0.5460750853242321	589.5	0	0.0	1179.0	0	0.0	1179.0	0	0.0
home	8	197	294867.5	8	0.5460750853242321	294867.5	8	0.5460750853242321	592.5	0	0.0	1185.0	0	0.0	1185.0	0	0.0
home	8	198	296360.5	8	0.5460750853242321	296360.5	8	0.5460750853242321	595.5	0	0.0	1191.0	0	0.0	1191.0	0	0.0
home	8	199	297853.5	8	0.5460750853242321	297853.5	8	0.5460750853242321	598.5	0	0.0	1197.0	0	0.0	1197.0	0	0.0
