'Request type'	'Load'	'Bucket'	'Start time'	'Absolute'	'Percent of requests'	'End time'	'Absolute'	'Percent of requests'	'Residence time'	'Absolute'	'Percent of requests'	'Theor. think time'	'Absolute'	'Percent of requests'	'Actual think time'	'Absolute'	'Percent of requests'
login	18	0	752.5	18	0.8317929759704252	752.5	16	0.7393715341959335	5.0	0	0.0	3.0	2164	100.0	3.0	2164	100.0
login	18	1	2257.5	18	0.8317929759704252	2257.5	9	0.4158964879852126	15.0	0	0.0	9.0	0	0.0	9.0	0	0.0
login	18	2	3762.5	1	0.04621072088724584	3762.5	12	0.5545286506469501	25.0	0	0.0	15.0	0	0.0	15.0	0	0.0
login	18	3	5267.5	18	0.8317929759704252	5267.5	13	0.600739371534196	35.0	0	0.0	21.0	0	0.0	21.0	0	0.0
login	18	4	6772.5	18	0.8317929759704252	6772.5	5	0.23105360443622922	45.0	0	0.0	27.0	0	0.0	27.0	0	0.0
login	18	5	8277.5	0	0.0	8277.5	18	0.8317929759704252	55.0	0	0.0	33.0	0	0.0	33.0	0	0.0
login	18	6	9782.5	18	0.8317929759704252	9782.5	7	0.3234750462107209	65.0	0	0.0	39.0	0	0.0	39.0	0	0.0
login	18	7	11287.5	0	0.0	11287.5	11	0.5083179297597042	75.0	1	0.04621072088724584	45.0	0	0.0	45.0	0	0.0
login	18	8	12792.5	18	0.8317929759704252	12792.5	13	0.600739371534196	85.0	1	0.04621072088724584	51.0	0	0.0	51.0	0	0.0
login	18	9	14297.5	18	0.8317929759704252	14297.5	6	0.27726432532347506	95.0	3	0.13863216266173753	57.0	0	0.0	57.0	0	0.0
login	18	10	15802.5	0	0.0	15802.5	17	0.7855822550831794	105.0	0	0.0	63.0	0	0.0	63.0	0	0.0
login	18	11	17307.5	18	0.8317929759704252	17307.5	9	0.4158964879852126	115.0	1	0.04621072088724584	69.0	0	0.0	69.0	0	0.0
login	18	12	18812.5	0	0.0	18812.5	9	0.4158964879852126	125.0	1	0.04621072088724584	75.0	0	0.0	75.0	0	0.0
login	18	13	20317.5	18	0.8317929759704252	20317.5	13	0.600739371534196	135.0	1	0.04621072088724584	81.0	0	0.0	81.0	0	0.0
login	18	14	21822.5	18	0.8317929759704252	21822.5	5	0.23105360443622922	145.0	0	0.0	87.0	0	0.0	87.0	0	0.0
login	18	15	23327.5	0	0.0	23327.5	18	0.8317929759704252	155.0	2	0.09242144177449169	93.0	0	0.0	93.0	0	0.0
login	18	16	24832.5	18	0.8317929759704252	24832.5	6	0.27726432532347506	165.0	4	0.18484288354898337	99.0	0	0.0	99.0	0	0.0
login	18	17	26337.5	0	0.0	26337.5	12	0.5545286506469501	175.0	5	0.23105360443622922	105.0	0	0.0	105.0	0	0.0
login	18	18	27842.5	18	0.8317929759704252	27842.5	12	0.5545286506469501	185.0	10	0.46210720887245843	111.0	0	0.0	111.0	0	0.0
login	18	19	29347.5	18	0.8317929759704252	29347.5	6	0.27726432532347506	195.0	12	0.5545286506469501	117.0	0	0.0	117.0	0	0.0
login	18	20	30852.5	0	0.0	30852.5	18	0.8317929759704252	205.0	14	0.6469500924214417	123.0	0	0.0	123.0	0	0.0
login	18	21	32357.5	18	0.8317929759704252	32357.5	6	0.27726432532347506	215.0	8	0.36968576709796674	129.0	0	0.0	129.0	0	0.0
login	18	22	33862.5	0	0.0	33862.5	12	0.5545286506469501	225.0	10	0.46210720887245843	135.0	0	0.0	135.0	0	0.0
login	18	23	35367.5	18	0.8317929759704252	35367.5	15	0.6931608133086876	235.0	4	0.18484288354898337	141.0	0	0.0	141.0	0	0.0
login	18	24	36872.5	18	0.8317929759704252	36872.5	6	0.27726432532347506	245.0	4	0.18484288354898337	147.0	0	0.0	147.0	0	0.0
login	18	25	38377.5	0	0.0	38377.5	15	0.6931608133086876	255.0	3	0.13863216266173753	153.0	0	0.0	153.0	0	0.0
login	18	26	39882.5	18	0.8317929759704252	39882.5	7	0.3234750462107209	265.0	6	0.27726432532347506	159.0	0	0.0	159.0	0	0.0
login	18	27	41387.5	0	0.0	41387.5	11	0.5083179297597042	275.0	8	0.36968576709796674	165.0	0	0.0	165.0	0	0.0
login	18	28	42892.5	18	0.8317929759704252	42892.5	14	0.6469500924214417	285.0	10	0.46210720887245843	171.0	0	0.0	171.0	0	0.0
login	18	29	44397.5	18	0.8317929759704252	44397.5	6	0.27726432532347506	295.0	11	0.5083179297597042	177.0	0	0.0	177.0	0	0.0
login	18	30	45902.5	0	0.0	45902.5	16	0.7393715341959335	305.0	15	0.6931608133086876	183.0	0	0.0	183.0	0	0.0
login	18	31	47407.5	18	0.8317929759704252	47407.5	12	0.5545286506469501	315.0	22	1.0166358595194085	189.0	0	0.0	189.0	0	0.0
login	18	32	48912.5	18	0.8317929759704252	48912.5	6	0.27726432532347506	325.0	12	0.5545286506469501	195.0	0	0.0	195.0	0	0.0
login	18	33	50417.5	0	0.0	50417.5	15	0.6931608133086876	335.0	7	0.3234750462107209	201.0	0	0.0	201.0	0	0.0
login	18	34	51922.5	18	0.8317929759704252	51922.5	7	0.3234750462107209	345.0	1	0.04621072088724584	207.0	0	0.0	207.0	0	0.0
login	18	35	53427.5	0	0.0	53427.5	14	0.6469500924214417	355.0	7	0.3234750462107209	213.0	0	0.0	213.0	0	0.0
login	18	36	54932.5	18	0.8317929759704252	54932.5	9	0.4158964879852126	365.0	13	0.600739371534196	219.0	0	0.0	219.0	0	0.0
login	18	37	56437.5	15	0.6931608133086876	56437.5	9	0.4158964879852126	375.0	25	1.155268022181146	225.0	0	0.0	225.0	0	0.0
login	18	38	57942.5	3	0.13863216266173753	57942.5	18	0.8317929759704252	385.0	22	1.0166358595194085	231.0	0	0.0	231.0	0	0.0
login	18	39	59447.5	18	0.8317929759704252	59447.5	6	0.27726432532347506	395.0	44	2.033271719038817	237.0	0	0.0	237.0	0	0.0
login	18	40	60952.5	0	0.0	60952.5	12	0.5545286506469501	405.0	30	1.3863216266173752	243.0	0	0.0	243.0	0	0.0
login	18	41	62457.5	18	0.8317929759704252	62457.5	13	0.600739371534196	415.0	18	0.8317929759704252	249.0	0	0.0	249.0	0	0.0
login	18	42	63962.5	18	0.8317929759704252	63962.5	5	0.23105360443622922	425.0	10	0.46210720887245843	255.0	0	0.0	255.0	0	0.0
login	18	43	65467.5	0	0.0	65467.5	18	0.8317929759704252	435.0	8	0.36968576709796674	261.0	0	0.0	261.0	0	0.0
login	18	44	66972.5	18	0.8317929759704252	66972.5	6	0.27726432532347506	445.0	5	0.23105360443622922	267.0	0	0.0	267.0	0	0.0
login	18	45	68477.5	0	0.0	68477.5	12	0.5545286506469501	455.0	6	0.27726432532347506	273.0	0	0.0	273.0	0	0.0
login	18	46	69982.5	18	0.8317929759704252	69982.5	15	0.6931608133086876	465.0	15	0.6931608133086876	279.0	0	0.0	279.0	0	0.0
login	18	47	71487.5	18	0.8317929759704252	71487.5	8	0.36968576709796674	475.0	20	0.9242144177449169	285.0	0	0.0	285.0	0	0.0
login	18	48	72992.5	0	0.0	72992.5	13	0.600739371534196	485.0	33	1.5249537892791127	291.0	0	0.0	291.0	0	0.0
login	18	49	74497.5	18	0.8317929759704252	74497.5	10	0.46210720887245843	495.0	26	1.201478743068392	297.0	0	0.0	297.0	0	0.0
login	18	50	76002.5	14	0.6469500924214417	76002.5	8	0.36968576709796674	505.0	24	1.1090573012939002	303.0	0	0.0	303.0	0	0.0
login	18	51	77507.5	4	0.18484288354898337	77507.5	18	0.8317929759704252	515.0	28	1.2939001848428835	309.0	0	0.0	309.0	0	0.0
login	18	52	79012.5	18	0.8317929759704252	79012.5	8	0.36968576709796674	525.0	13	0.600739371534196	315.0	0	0.0	315.0	0	0.0
login	18	53	80517.5	0	0.0	80517.5	10	0.46210720887245843	535.0	6	0.27726432532347506	321.0	0	0.0	321.0	0	0.0
login	18	54	82022.5	18	0.8317929759704252	82022.5	17	0.7855822550831794	545.0	2	0.09242144177449169	327.0	0	0.0	327.0	0	0.0
login	18	55	83527.5	18	0.8317929759704252	83527.5	7	0.3234750462107209	555.0	7	0.3234750462107209	333.0	0	0.0	333.0	0	0.0
login	18	56	85032.5	0	0.0	85032.5	12	0.5545286506469501	565.0	16	0.7393715341959335	339.0	0	0.0	339.0	0	0.0
login	18	57	86537.5	18	0.8317929759704252	86537.5	13	0.600739371534196	575.0	20	0.9242144177449169	345.0	0	0.0	345.0	0	0.0
login	18	58	88042.5	18	0.8317929759704252	88042.5	6	0.27726432532347506	585.0	29	1.3401109057301295	351.0	0	0.0	351.0	0	0.0
login	18	59	89547.5	0	0.0	89547.5	17	0.7855822550831794	595.0	35	1.6173752310536045	357.0	0	0.0	357.0	0	0.0
login	18	60	91052.5	18	0.8317929759704252	91052.5	8	0.36968576709796674	605.0	24	1.1090573012939002	363.0	0	0.0	363.0	0	0.0
login	18	61	92557.5	0	0.0	92557.5	10	0.46210720887245843	615.0	16	0.7393715341959335	369.0	0	0.0	369.0	0	0.0
login	18	62	94062.5	18	0.8317929759704252	94062.5	13	0.600739371534196	625.0	12	0.5545286506469501	375.0	0	0.0	375.0	0	0.0
login	18	63	95567.5	18	0.8317929759704252	95567.5	6	0.27726432532347506	635.0	9	0.4158964879852126	381.0	0	0.0	381.0	0	0.0
login	18	64	97072.5	0	0.0	97072.5	17	0.7855822550831794	645.0	3	0.13863216266173753	387.0	0	0.0	387.0	0	0.0
login	18	65	98577.5	18	0.8317929759704252	98577.5	6	0.27726432532347506	655.0	5	0.23105360443622922	393.0	0	0.0	393.0	0	0.0
login	18	66	100082.5	0	0.0	100082.5	12	0.5545286506469501	665.0	12	0.5545286506469501	399.0	0	0.0	399.0	0	0.0
login	18	67	101587.5	18	0.8317929759704252	101587.5	10	0.46210720887245843	675.0	26	1.201478743068392	405.0	0	0.0	405.0	0	0.0
login	18	68	103092.5	0	0.0	103092.5	8	0.36968576709796674	685.0	21	0.9704251386321627	411.0	0	0.0	411.0	0	0.0
login	18	69	104597.5	18	0.8317929759704252	104597.5	18	0.8317929759704252	695.0	26	1.201478743068392	417.0	0	0.0	417.0	0	0.0
login	18	70	106102.5	18	0.8317929759704252	106102.5	8	0.36968576709796674	705.0	20	0.9242144177449169	423.0	0	0.0	423.0	0	0.0
login	18	71	107607.5	1	0.04621072088724584	107607.5	11	0.5083179297597042	715.0	16	0.7393715341959335	429.0	0	0.0	429.0	0	0.0
login	18	72	109112.5	18	0.8317929759704252	109112.5	14	0.6469500924214417	725.0	8	0.36968576709796674	435.0	0	0.0	435.0	0	0.0
login	18	73	110617.5	18	0.8317929759704252	110617.5	7	0.3234750462107209	735.0	10	0.46210720887245843	441.0	0	0.0	441.0	0	0.0
login	18	74	112122.5	0	0.0	112122.5	15	0.6931608133086876	745.0	3	0.13863216266173753	447.0	0	0.0	447.0	0	0.0
login	18	75	113627.5	18	0.8317929759704252	113627.5	6	0.27726432532347506	755.0	6	0.27726432532347506	453.0	0	0.0	453.0	0	0.0
login	18	76	115132.5	0	0.0	115132.5	12	0.5545286506469501	765.0	11	0.5083179297597042	459.0	0	0.0	459.0	0	0.0
login	18	77	116637.5	18	0.8317929759704252	116637.5	10	0.46210720887245843	775.0	9	0.4158964879852126	465.0	0	0.0	465.0	0	0.0
login	18	78	118142.5	0	0.0	118142.5	8	0.36968576709796674	785.0	14	0.6469500924214417	471.0	0	0.0	471.0	0	0.0
login	18	79	119647.5	18	0.8317929759704252	119647.5	16	0.7393715341959335	795.0	17	0.7855822550831794	477.0	0	0.0	477.0	0	0.0
login	18	80	121152.5	18	0.8317929759704252	121152.5	5	0.23105360443622922	805.0	19	0.878003696857671	483.0	0	0.0	483.0	0	0.0
login	18	81	122657.5	0	0.0	122657.5	15	0.6931608133086876	815.0	10	0.46210720887245843	489.0	0	0.0	489.0	0	0.0
login	18	82	124162.5	18	0.8317929759704252	124162.5	10	0.46210720887245843	825.0	14	0.6469500924214417	495.0	0	0.0	495.0	0	0.0
login	18	83	125667.5	0	0.0	125667.5	8	0.36968576709796674	835.0	6	0.27726432532347506	501.0	0	0.0	501.0	0	0.0
login	18	84	127172.5	18	0.8317929759704252	127172.5	17	0.7855822550831794	845.0	2	0.09242144177449169	507.0	0	0.0	507.0	0	0.0
login	18	85	128677.5	18	0.8317929759704252	128677.5	6	0.27726432532347506	855.0	7	0.3234750462107209	513.0	0	0.0	513.0	0	0.0
login	18	86	130182.5	0	0.0	130182.5	13	0.600739371534196	865.0	13	0.600739371534196	519.0	0	0.0	519.0	0	0.0
login	18	87	131687.5	18	0.8317929759704252	131687.5	8	0.36968576709796674	875.0	14	0.6469500924214417	525.0	0	0.0	525.0	0	0.0
login	18	88	133192.5	6	0.27726432532347506	133192.5	10	0.46210720887245843	885.0	26	1.201478743068392	531.0	0	0.0	531.0	0	0.0
login	18	89	134697.5	12	0.5545286506469501	134697.5	16	0.7393715341959335	895.0	27	1.2476894639556377	537.0	0	0.0	537.0	0	0.0
login	18	90	136202.5	18	0.8317929759704252	136202.5	7	0.3234750462107209	905.0	22	1.0166358595194085	543.0	0	0.0	543.0	0	0.0
login	18	91	137707.5	0	0.0	137707.5	13	0.600739371534196	915.0	11	0.5083179297597042	549.0	0	0.0	549.0	0	0.0
login	18	92	139212.5	18	0.8317929759704252	139212.5	10	0.46210720887245843	925.0	12	0.5545286506469501	555.0	0	0.0	555.0	0	0.0
login	18	93	140717.5	16	0.7393715341959335	140717.5	8	0.36968576709796674	935.0	8	0.36968576709796674	561.0	0	0.0	561.0	0	0.0
login	18	94	142222.5	2	0.09242144177449169	142222.5	16	0.7393715341959335	945.0	2	0.09242144177449169	567.0	0	0.0	567.0	0	0.0
login	18	95	143727.5	18	0.8317929759704252	143727.5	5	0.23105360443622922	955.0	10	0.46210720887245843	573.0	0	0.0	573.0	0	0.0
login	18	96	145232.5	0	0.0	145232.5	15	0.6931608133086876	965.0	15	0.6931608133086876	579.0	0	0.0	579.0	0	0.0
login	18	97	146737.5	18	0.8317929759704252	146737.5	11	0.5083179297597042	975.0	31	1.4325323475046212	585.0	0	0.0	585.0	0	0.0
login	18	98	148242.5	16	0.7393715341959335	148242.5	7	0.3234750462107209	985.0	39	1.802218114602588	591.0	0	0.0	591.0	0	0.0
login	18	99	149747.5	2	0.09242144177449169	149747.5	16	0.7393715341959335	995.0	27	1.2476894639556377	597.0	0	0.0	597.0	0	0.0
login	18	100	151252.5	18	0.8317929759704252	151252.5	7	0.3234750462107209	1005.0	33	1.5249537892791127	603.0	0	0.0	603.0	0	0.0
login	18	101	152757.5	0	0.0	152757.5	13	0.600739371534196	1015.0	21	0.9704251386321627	609.0	0	0.0	609.0	0	0.0
login	18	102	154262.5	18	0.8317929759704252	154262.5	12	0.5545286506469501	1025.0	11	0.5083179297597042	615.0	0	0.0	615.0	0	0.0
login	18	103	155767.5	18	0.8317929759704252	155767.5	6	0.27726432532347506	1035.0	5	0.23105360443622922	621.0	0	0.0	621.0	0	0.0
login	18	104	157272.5	0	0.0	157272.5	18	0.8317929759704252	1045.0	5	0.23105360443622922	627.0	0	0.0	627.0	0	0.0
login	18	105	158777.5	18	0.8317929759704252	158777.5	4	0.18484288354898337	1055.0	12	0.5545286506469501	633.0	0	0.0	633.0	0	0.0
login	18	106	160282.5	0	0.0	160282.5	14	0.6469500924214417	1065.0	11	0.5083179297597042	639.0	0	0.0	639.0	0	0.0
login	18	107	161787.5	18	0.8317929759704252	161787.5	10	0.46210720887245843	1075.0	20	0.9242144177449169	645.0	0	0.0	645.0	0	0.0
login	18	108	163292.5	15	0.6931608133086876	163292.5	8	0.36968576709796674	1085.0	19	0.878003696857671	651.0	0	0.0	651.0	0	0.0
login	18	109	164797.5	3	0.13863216266173753	164797.5	17	0.7855822550831794	1095.0	22	1.0166358595194085	657.0	0	0.0	657.0	0	0.0
login	18	110	166302.5	18	0.8317929759704252	166302.5	7	0.3234750462107209	1105.0	20	0.9242144177449169	663.0	0	0.0	663.0	0	0.0
login	18	111	167807.5	0	0.0	167807.5	12	0.5545286506469501	1115.0	13	0.600739371534196	669.0	0	0.0	669.0	0	0.0
login	18	112	169312.5	18	0.8317929759704252	169312.5	8	0.36968576709796674	1125.0	7	0.3234750462107209	675.0	0	0.0	675.0	0	0.0
login	18	113	170817.5	0	0.0	170817.5	10	0.46210720887245843	1135.0	5	0.23105360443622922	681.0	0	0.0	681.0	0	0.0
login	18	114	172322.5	18	0.8317929759704252	172322.5	12	0.5545286506469501	1145.0	5	0.23105360443622922	687.0	0	0.0	687.0	0	0.0
login	18	115	173827.5	18	0.8317929759704252	173827.5	6	0.27726432532347506	1155.0	7	0.3234750462107209	693.0	0	0.0	693.0	0	0.0
login	18	116	175332.5	0	0.0	175332.5	18	0.8317929759704252	1165.0	12	0.5545286506469501	699.0	0	0.0	699.0	0	0.0
login	18	117	176837.5	18	0.8317929759704252	176837.5	5	0.23105360443622922	1175.0	18	0.8317929759704252	705.0	0	0.0	705.0	0	0.0
login	18	118	178342.5	0	0.0	178342.5	13	0.600739371534196	1185.0	18	0.8317929759704252	711.0	0	0.0	711.0	0	0.0
login	18	119	179847.5	18	0.8317929759704252	179847.5	8	0.36968576709796674	1195.0	19	0.878003696857671	717.0	0	0.0	717.0	0	0.0
login	18	120	181352.5	0	0.0	181352.5	10	0.46210720887245843	1205.0	28	1.2939001848428835	723.0	0	0.0	723.0	0	0.0
login	18	121	182857.5	18	0.8317929759704252	182857.5	12	0.5545286506469501	1215.0	13	0.600739371534196	729.0	0	0.0	729.0	0	0.0
login	18	122	184362.5	17	0.7855822550831794	184362.5	7	0.3234750462107209	1225.0	10	0.46210720887245843	735.0	0	0.0	735.0	0	0.0
login	18	123	185867.5	1	0.04621072088724584	185867.5	17	0.7855822550831794	1235.0	9	0.4158964879852126	741.0	0	0.0	741.0	0	0.0
login	18	124	187372.5	18	0.8317929759704252	187372.5	6	0.27726432532347506	1245.0	7	0.3234750462107209	747.0	0	0.0	747.0	0	0.0
login	18	125	188877.5	0	0.0	188877.5	12	0.5545286506469501	1255.0	9	0.4158964879852126	753.0	0	0.0	753.0	0	0.0
login	18	126	190382.5	18	0.8317929759704252	190382.5	10	0.46210720887245843	1265.0	12	0.5545286506469501	759.0	0	0.0	759.0	0	0.0
login	18	127	191887.5	18	0.8317929759704252	191887.5	8	0.36968576709796674	1275.0	21	0.9704251386321627	765.0	0	0.0	765.0	0	0.0
login	18	128	193392.5	0	0.0	193392.5	18	0.8317929759704252	1285.0	29	1.3401109057301295	771.0	0	0.0	771.0	0	0.0
login	18	129	194897.5	18	0.8317929759704252	194897.5	6	0.27726432532347506	1295.0	25	1.155268022181146	777.0	0	0.0	777.0	0	0.0
login	18	130	196402.5	0	0.0	196402.5	12	0.5545286506469501	1305.0	24	1.1090573012939002	783.0	0	0.0	783.0	0	0.0
login	18	131	197907.5	18	0.8317929759704252	197907.5	12	0.5545286506469501	1315.0	22	1.0166358595194085	789.0	0	0.0	789.0	0	0.0
login	18	132	199412.5	18	0.8317929759704252	199412.5	6	0.27726432532347506	1325.0	6	0.27726432532347506	795.0	0	0.0	795.0	0	0.0
login	18	133	200917.5	0	0.0	200917.5	18	0.8317929759704252	1335.0	4	0.18484288354898337	801.0	0	0.0	801.0	0	0.0
login	18	134	202422.5	18	0.8317929759704252	202422.5	6	0.27726432532347506	1345.0	7	0.3234750462107209	807.0	0	0.0	807.0	0	0.0
login	18	135	203927.5	0	0.0	203927.5	12	0.5545286506469501	1355.0	11	0.5083179297597042	813.0	0	0.0	813.0	0	0.0
login	18	136	205432.5	18	0.8317929759704252	205432.5	12	0.5545286506469501	1365.0	8	0.36968576709796674	819.0	0	0.0	819.0	0	0.0
login	18	137	206937.5	18	0.8317929759704252	206937.5	6	0.27726432532347506	1375.0	16	0.7393715341959335	825.0	0	0.0	825.0	0	0.0
login	18	138	208442.5	0	0.0	208442.5	18	0.8317929759704252	1385.0	27	1.2476894639556377	831.0	0	0.0	831.0	0	0.0
login	18	139	209947.5	18	0.8317929759704252	209947.5	6	0.27726432532347506	1395.0	23	1.0628465804066545	837.0	0	0.0	837.0	0	0.0
login	18	140	211452.5	0	0.0	211452.5	12	0.5545286506469501	1405.0	38	1.756007393715342	843.0	0	0.0	843.0	0	0.0
login	18	141	212957.5	18	0.8317929759704252	212957.5	12	0.5545286506469501	1415.0	17	0.7855822550831794	849.0	0	0.0	849.0	0	0.0
login	18	142	214462.5	18	0.8317929759704252	214462.5	6	0.27726432532347506	1425.0	17	0.7855822550831794	855.0	0	0.0	855.0	0	0.0
login	18	143	215967.5	0	0.0	215967.5	15	0.6931608133086876	1435.0	5	0.23105360443622922	861.0	0	0.0	861.0	0	0.0
login	18	144	217472.5	18	0.8317929759704252	217472.5	5	0.23105360443622922	1445.0	8	0.36968576709796674	867.0	0	0.0	867.0	0	0.0
login	18	145	218977.5	0	0.0	218977.5	16	0.7393715341959335	1455.0	13	0.600739371534196	873.0	0	0.0	873.0	0	0.0
login	18	146	220482.5	18	0.8317929759704252	220482.5	6	0.27726432532347506	1465.0	16	0.7393715341959335	879.0	0	0.0	879.0	0	0.0
login	18	147	221987.5	0	0.0	221987.5	12	0.5545286506469501	1475.0	25	1.155268022181146	885.0	0	0.0	885.0	0	0.0
login	18	148	223492.5	18	0.8317929759704252	223492.5	12	0.5545286506469501	1485.0	18	0.8317929759704252	891.0	0	0.0	891.0	0	0.0
login	18	149	224997.5	18	0.8317929759704252	224997.5	7	0.3234750462107209	1495.0	26	1.201478743068392	897.0	0	0.0	897.0	0	0.0
login	18	150	226502.5	0	0.0	226502.5	17	0.7855822550831794	1505.0	17	0.7855822550831794	903.0	0	0.0	903.0	0	0.0
login	18	151	228007.5	18	0.8317929759704252	228007.5	8	0.36968576709796674	1515.0	12	0.5545286506469501	909.0	0	0.0	909.0	0	0.0
login	18	152	229512.5	1	0.04621072088724584	229512.5	11	0.5083179297597042	1525.0	16	0.7393715341959335	915.0	0	0.0	915.0	0	0.0
login	18	153	231017.5	18	0.8317929759704252	231017.5	13	0.600739371534196	1535.0	10	0.46210720887245843	921.0	0	0.0	921.0	0	0.0
login	18	154	232522.5	18	0.8317929759704252	232522.5	5	0.23105360443622922	1545.0	2	0.09242144177449169	927.0	0	0.0	927.0	0	0.0
login	18	155	234027.5	0	0.0	234027.5	18	0.8317929759704252	1555.0	4	0.18484288354898337	933.0	0	0.0	933.0	0	0.0
login	18	156	235532.5	18	0.8317929759704252	235532.5	4	0.18484288354898337	1565.0	10	0.46210720887245843	939.0	0	0.0	939.0	0	0.0
login	18	157	237037.5	0	0.0	237037.5	14	0.6469500924214417	1575.0	12	0.5545286506469501	945.0	0	0.0	945.0	0	0.0
login	18	158	238542.5	18	0.8317929759704252	238542.5	12	0.5545286506469501	1585.0	13	0.600739371534196	951.0	0	0.0	951.0	0	0.0
login	18	159	240047.5	16	0.7393715341959335	240047.5	6	0.27726432532347506	1595.0	13	0.600739371534196	957.0	0	0.0	957.0	0	0.0
login	18	160	241552.5	2	0.09242144177449169	241552.5	17	0.7855822550831794	1605.0	9	0.4158964879852126	963.0	0	0.0	963.0	0	0.0
login	18	161	243057.5	18	0.8317929759704252	243057.5	3	0.13863216266173753	1615.0	4	0.18484288354898337	969.0	0	0.0	969.0	0	0.0
login	18	162	244562.5	0	0.0	244562.5	16	0.7393715341959335	1625.0	5	0.23105360443622922	975.0	0	0.0	975.0	0	0.0
login	18	163	246067.5	18	0.8317929759704252	246067.5	8	0.36968576709796674	1635.0	1	0.04621072088724584	981.0	0	0.0	981.0	0	0.0
login	18	164	247572.5	0	0.0	247572.5	10	0.46210720887245843	1645.0	0	0.0	987.0	0	0.0	987.0	0	0.0
login	18	165	249077.5	18	0.8317929759704252	249077.5	14	0.6469500924214417	1655.0	2	0.09242144177449169	993.0	0	0.0	993.0	0	0.0
login	18	166	250582.5	18	0.8317929759704252	250582.5	6	0.27726432532347506	1665.0	3	0.13863216266173753	999.0	0	0.0	999.0	0	0.0
login	18	167	252087.5	0	0.0	252087.5	16	0.7393715341959335	1675.0	3	0.13863216266173753	1005.0	0	0.0	1005.0	0	0.0
login	18	168	253592.5	18	0.8317929759704252	253592.5	6	0.27726432532347506	1685.0	9	0.4158964879852126	1011.0	0	0.0	1011.0	0	0.0
login	18	169	255097.5	0	0.0	255097.5	12	0.5545286506469501	1695.0	4	0.18484288354898337	1017.0	0	0.0	1017.0	0	0.0
login	18	170	256602.5	18	0.8317929759704252	256602.5	7	0.3234750462107209	1705.0	2	0.09242144177449169	1023.0	0	0.0	1023.0	0	0.0
login	18	171	258107.5	0	0.0	258107.5	11	0.5083179297597042	1715.0	4	0.18484288354898337	1029.0	0	0.0	1029.0	0	0.0
login	18	172	259612.5	18	0.8317929759704252	259612.5	13	0.600739371534196	1725.0	1	0.04621072088724584	1035.0	0	0.0	1035.0	0	0.0
login	18	173	261117.5	18	0.8317929759704252	261117.5	6	0.27726432532347506	1735.0	1	0.04621072088724584	1041.0	0	0.0	1041.0	0	0.0
login	18	174	262622.5	0	0.0	262622.5	17	0.7855822550831794	1745.0	0	0.0	1047.0	0	0.0	1047.0	0	0.0
login	18	175	264127.5	18	0.8317929759704252	264127.5	3	0.13863216266173753	1755.0	0	0.0	1053.0	0	0.0	1053.0	0	0.0
login	18	176	265632.5	0	0.0	265632.5	15	0.6931608133086876	1765.0	1	0.04621072088724584	1059.0	0	0.0	1059.0	0	0.0
login	18	177	267137.5	18	0.8317929759704252	267137.5	9	0.4158964879852126	1775.0	1	0.04621072088724584	1065.0	0	0.0	1065.0	0	0.0
login	18	178	268642.5	0	0.0	268642.5	9	0.4158964879852126	1785.0	0	0.0	1071.0	0	0.0	1071.0	0	0.0
login	18	179	270147.5	18	0.8317929759704252	270147.5	15	0.6931608133086876	1795.0	1	0.04621072088724584	1077.0	0	0.0	1077.0	0	0.0
login	18	180	271652.5	18	0.8317929759704252	271652.5	7	0.3234750462107209	1805.0	0	0.0	1083.0	0	0.0	1083.0	0	0.0
login	18	181	273157.5	0	0.0	273157.5	14	0.6469500924214417	1815.0	0	0.0	1089.0	0	0.0	1089.0	0	0.0
login	18	182	274662.5	18	0.8317929759704252	274662.5	8	0.36968576709796674	1825.0	0	0.0	1095.0	0	0.0	1095.0	0	0.0
login	18	183	276167.5	0	0.0	276167.5	10	0.46210720887245843	1835.0	1	0.04621072088724584	1101.0	0	0.0	1101.0	0	0.0
login	18	184	277672.5	18	0.8317929759704252	277672.5	15	0.6931608133086876	1845.0	0	0.0	1107.0	0	0.0	1107.0	0	0.0
login	18	185	279177.5	18	0.8317929759704252	279177.5	5	0.23105360443622922	1855.0	0	0.0	1113.0	0	0.0	1113.0	0	0.0
login	18	186	280682.5	0	0.0	280682.5	16	0.7393715341959335	1865.0	2	0.09242144177449169	1119.0	0	0.0	1119.0	0	0.0
login	18	187	282187.5	18	0.8317929759704252	282187.5	9	0.4158964879852126	1875.0	2	0.09242144177449169	1125.0	0	0.0	1125.0	0	0.0
login	18	188	283692.5	17	0.7855822550831794	283692.5	9	0.4158964879852126	1885.0	1	0.04621072088724584	1131.0	0	0.0	1131.0	0	0.0
login	18	189	285197.5	1	0.04621072088724584	285197.5	18	0.8317929759704252	1895.0	0	0.0	1137.0	0	0.0	1137.0	0	0.0
login	18	190	286702.5	18	0.8317929759704252	286702.5	6	0.27726432532347506	1905.0	0	0.0	1143.0	0	0.0	1143.0	0	0.0
login	18	191	288207.5	0	0.0	288207.5	12	0.5545286506469501	1915.0	0	0.0	1149.0	0	0.0	1149.0	0	0.0
login	18	192	289712.5	18	0.8317929759704252	289712.5	12	0.5545286506469501	1925.0	0	0.0	1155.0	0	0.0	1155.0	0	0.0
login	18	193	291217.5	18	0.8317929759704252	291217.5	6	0.27726432532347506	1935.0	0	0.0	1161.0	0	0.0	1161.0	0	0.0
login	18	194	292722.5	0	0.0	292722.5	18	0.8317929759704252	1945.0	0	0.0	1167.0	0	0.0	1167.0	0	0.0
login	18	195	294227.5	18	0.8317929759704252	294227.5	7	0.3234750462107209	1955.0	0	0.0	1173.0	0	0.0	1173.0	0	0.0
login	18	196	295732.5	1	0.04621072088724584	295732.5	12	0.5545286506469501	1965.0	0	0.0	1179.0	0	0.0	1179.0	0	0.0
login	18	197	297237.5	18	0.8317929759704252	297237.5	13	0.600739371534196	1975.0	0	0.0	1185.0	0	0.0	1185.0	0	0.0
login	18	198	298742.5	18	0.8317929759704252	298742.5	5	0.23105360443622922	1985.0	0	0.0	1191.0	0	0.0	1191.0	0	0.0
login	18	199	300247.5	0	0.0	300247.5	18	0.8317929759704252	1995.0	0	0.0	1197.0	0	0.0	1197.0	0	0.0
info	18	0	751.0	18	0.8368200836820083	751.0	18	0.8368200836820083	4.0	161	7.484890748489075	3.0	2151	100.0	3.0	2151	100.0
info	18	1	2253.0	14	0.6508600650860066	2253.0	4	0.18596001859600186	12.0	84	3.905160390516039	9.0	0	0.0	9.0	0	0.0
info	18	2	3755.0	6	0.2789400278940028	3755.0	15	0.697350069735007	20.0	61	2.8358902835890283	15.0	0	0.0	15.0	0	0.0
info	18	3	5257.0	17	0.7903300790330079	5257.0	18	0.8368200836820083	28.0	31	1.4411901441190145	21.0	0	0.0	21.0	0	0.0
info	18	4	6759.0	6	0.2789400278940028	6759.0	0	0.0	36.0	20	0.9298000929800093	27.0	0	0.0	27.0	0	0.0
info	18	5	8261.0	12	0.5578800557880056	8261.0	18	0.8368200836820083	44.0	9	0.41841004184100417	33.0	0	0.0	33.0	0	0.0
info	18	6	9763.0	13	0.604370060437006	9763.0	0	0.0	52.0	12	0.5578800557880056	39.0	0	0.0	39.0	0	0.0
info	18	7	11265.0	6	0.2789400278940028	11265.0	18	0.8368200836820083	60.0	13	0.604370060437006	45.0	0	0.0	45.0	0	0.0
info	18	8	12767.0	17	0.7903300790330079	12767.0	18	0.8368200836820083	68.0	29	1.3482101348210136	51.0	0	0.0	51.0	0	0.0
info	18	9	14269.0	7	0.3254300325430033	14269.0	0	0.0	76.0	32	1.487680148768015	57.0	0	0.0	57.0	0	0.0
info	18	10	15771.0	11	0.5113900511390052	15771.0	18	0.8368200836820083	84.0	29	1.3482101348210136	63.0	0	0.0	63.0	0	0.0
info	18	11	17273.0	13	0.604370060437006	17273.0	0	0.0	92.0	31	1.4411901441190145	69.0	0	0.0	69.0	0	0.0
info	18	12	18775.0	5	0.23245002324500233	18775.0	18	0.8368200836820083	100.0	27	1.2552301255230125	75.0	0	0.0	75.0	0	0.0
info	18	13	20277.0	18	0.8368200836820083	20277.0	18	0.8368200836820083	108.0	12	0.5578800557880056	81.0	0	0.0	81.0	0	0.0
info	18	14	21779.0	6	0.2789400278940028	21779.0	0	0.0	116.0	16	0.7438400743840075	87.0	0	0.0	87.0	0	0.0
info	18	15	23281.0	12	0.5578800557880056	23281.0	18	0.8368200836820083	124.0	9	0.41841004184100417	93.0	0	0.0	93.0	0	0.0
info	18	16	24783.0	10	0.46490004649000466	24783.0	0	0.0	132.0	8	0.3719200371920037	99.0	0	0.0	99.0	0	0.0
info	18	17	26285.0	8	0.3719200371920037	26285.0	18	0.8368200836820083	140.0	10	0.46490004649000466	105.0	0	0.0	105.0	0	0.0
info	18	18	27787.0	18	0.8368200836820083	27787.0	18	0.8368200836820083	148.0	3	0.1394700139470014	111.0	0	0.0	111.0	0	0.0
info	18	19	29289.0	4	0.18596001859600186	29289.0	0	0.0	156.0	4	0.18596001859600186	117.0	0	0.0	117.0	0	0.0
info	18	20	30791.0	14	0.6508600650860066	30791.0	18	0.8368200836820083	164.0	10	0.46490004649000466	123.0	0	0.0	123.0	0	0.0
info	18	21	32293.0	12	0.5578800557880056	32293.0	0	0.0	172.0	6	0.2789400278940028	129.0	0	0.0	129.0	0	0.0
info	18	22	33795.0	6	0.2789400278940028	33795.0	18	0.8368200836820083	180.0	5	0.23245002324500233	135.0	0	0.0	135.0	0	0.0
info	18	23	35297.0	18	0.8368200836820083	35297.0	18	0.8368200836820083	188.0	12	0.5578800557880056	141.0	0	0.0	141.0	0	0.0
info	18	24	36799.0	8	0.3719200371920037	36799.0	0	0.0	196.0	11	0.5113900511390052	147.0	0	0.0	147.0	0	0.0
info	18	25	38301.0	10	0.46490004649000466	38301.0	18	0.8368200836820083	204.0	12	0.5578800557880056	153.0	0	0.0	153.0	0	0.0
info	18	26	39803.0	12	0.5578800557880056	39803.0	0	0.0	212.0	8	0.3719200371920037	159.0	0	0.0	159.0	0	0.0
info	18	27	41305.0	6	0.2789400278940028	41305.0	18	0.8368200836820083	220.0	11	0.5113900511390052	165.0	0	0.0	165.0	0	0.0
info	18	28	42807.0	18	0.8368200836820083	42807.0	18	0.8368200836820083	228.0	6	0.2789400278940028	171.0	0	0.0	171.0	0	0.0
info	18	29	44309.0	7	0.3254300325430033	44309.0	0	0.0	236.0	1	0.046490004649000466	177.0	0	0.0	177.0	0	0.0
info	18	30	45811.0	11	0.5113900511390052	45811.0	18	0.8368200836820083	244.0	1	0.046490004649000466	183.0	0	0.0	183.0	0	0.0
info	18	31	47313.0	14	0.6508600650860066	47313.0	1	0.046490004649000466	252.0	1	0.046490004649000466	189.0	0	0.0	189.0	0	0.0
info	18	32	48815.0	5	0.23245002324500233	48815.0	17	0.7903300790330079	260.0	4	0.18596001859600186	195.0	0	0.0	195.0	0	0.0
info	18	33	50317.0	17	0.7903300790330079	50317.0	18	0.8368200836820083	268.0	0	0.0	201.0	0	0.0	201.0	0	0.0
info	18	34	51819.0	6	0.2789400278940028	51819.0	0	0.0	276.0	10	0.46490004649000466	207.0	0	0.0	207.0	0	0.0
info	18	35	53321.0	12	0.5578800557880056	53321.0	18	0.8368200836820083	284.0	8	0.3719200371920037	213.0	0	0.0	213.0	0	0.0
info	18	36	54823.0	12	0.5578800557880056	54823.0	0	0.0	292.0	8	0.3719200371920037	219.0	0	0.0	219.0	0	0.0
info	18	37	56325.0	10	0.46490004649000466	56325.0	18	0.8368200836820083	300.0	15	0.697350069735007	225.0	0	0.0	225.0	0	0.0
info	18	38	57827.0	14	0.6508600650860066	57827.0	18	0.8368200836820083	308.0	31	1.4411901441190145	231.0	0	0.0	231.0	0	0.0
info	18	39	59329.0	8	0.3719200371920037	59329.0	0	0.0	316.0	37	1.7201301720130173	237.0	0	0.0	237.0	0	0.0
info	18	40	60831.0	10	0.46490004649000466	60831.0	18	0.8368200836820083	324.0	23	1.0692701069270107	243.0	0	0.0	243.0	0	0.0
info	18	41	62333.0	15	0.697350069735007	62333.0	15	0.697350069735007	332.0	14	0.6508600650860066	249.0	0	0.0	249.0	0	0.0
info	18	42	63835.0	6	0.2789400278940028	63835.0	3	0.1394700139470014	340.0	5	0.23245002324500233	255.0	0	0.0	255.0	0	0.0
info	18	43	65337.0	15	0.697350069735007	65337.0	18	0.8368200836820083	348.0	4	0.18596001859600186	261.0	0	0.0	261.0	0	0.0
info	18	44	66839.0	10	0.46490004649000466	66839.0	0	0.0	356.0	4	0.18596001859600186	267.0	0	0.0	267.0	0	0.0
info	18	45	68341.0	8	0.3719200371920037	68341.0	18	0.8368200836820083	364.0	5	0.23245002324500233	273.0	0	0.0	273.0	0	0.0
info	18	46	69843.0	18	0.8368200836820083	69843.0	18	0.8368200836820083	372.0	12	0.5578800557880056	279.0	0	0.0	279.0	0	0.0
info	18	47	71345.0	9	0.41841004184100417	71345.0	1	0.046490004649000466	380.0	19	0.8833100883310089	285.0	0	0.0	285.0	0	0.0
info	18	48	72847.0	9	0.41841004184100417	72847.0	17	0.7903300790330079	388.0	22	1.0227801022780103	291.0	0	0.0	291.0	0	0.0
info	18	49	74349.0	14	0.6508600650860066	74349.0	1	0.046490004649000466	396.0	30	1.394700139470014	297.0	0	0.0	297.0	0	0.0
info	18	50	75851.0	7	0.3254300325430033	75851.0	17	0.7903300790330079	404.0	15	0.697350069735007	303.0	0	0.0	303.0	0	0.0
info	18	51	77353.0	15	0.697350069735007	77353.0	18	0.8368200836820083	412.0	23	1.0692701069270107	309.0	0	0.0	309.0	0	0.0
info	18	52	78855.0	13	0.604370060437006	78855.0	1	0.046490004649000466	420.0	21	0.9762900976290098	315.0	0	0.0	315.0	0	0.0
info	18	53	80357.0	6	0.2789400278940028	80357.0	17	0.7903300790330079	428.0	14	0.6508600650860066	321.0	0	0.0	321.0	0	0.0
info	18	54	81859.0	17	0.7903300790330079	81859.0	18	0.8368200836820083	436.0	9	0.41841004184100417	327.0	0	0.0	327.0	0	0.0
info	18	55	83361.0	8	0.3719200371920037	83361.0	0	0.0	444.0	9	0.41841004184100417	333.0	0	0.0	333.0	0	0.0
info	18	56	84863.0	10	0.46490004649000466	84863.0	18	0.8368200836820083	452.0	1	0.046490004649000466	339.0	0	0.0	339.0	0	0.0
info	18	57	86365.0	18	0.8368200836820083	86365.0	18	0.8368200836820083	460.0	10	0.46490004649000466	345.0	0	0.0	345.0	0	0.0
info	18	58	87867.0	6	0.2789400278940028	87867.0	0	0.0	468.0	8	0.3719200371920037	351.0	0	0.0	351.0	0	0.0
info	18	59	89369.0	12	0.5578800557880056	89369.0	18	0.8368200836820083	476.0	9	0.41841004184100417	357.0	0	0.0	357.0	0	0.0
info	18	60	90871.0	10	0.46490004649000466	90871.0	0	0.0	484.0	26	1.208740120874012	363.0	0	0.0	363.0	0	0.0
info	18	61	92373.0	8	0.3719200371920037	92373.0	18	0.8368200836820083	492.0	24	1.1157601115760112	369.0	0	0.0	369.0	0	0.0
info	18	62	93875.0	15	0.697350069735007	93875.0	15	0.697350069735007	500.0	16	0.7438400743840075	375.0	0	0.0	375.0	0	0.0
info	18	63	95377.0	6	0.2789400278940028	95377.0	3	0.1394700139470014	508.0	20	0.9298000929800093	381.0	0	0.0	381.0	0	0.0
info	18	64	96879.0	15	0.697350069735007	96879.0	18	0.8368200836820083	516.0	13	0.604370060437006	387.0	0	0.0	387.0	0	0.0
info	18	65	98381.0	8	0.3719200371920037	98381.0	0	0.0	524.0	19	0.8833100883310089	393.0	0	0.0	393.0	0	0.0
info	18	66	99883.0	10	0.46490004649000466	99883.0	18	0.8368200836820083	532.0	5	0.23245002324500233	399.0	0	0.0	399.0	0	0.0
info	18	67	101385.0	12	0.5578800557880056	101385.0	0	0.0	540.0	2	0.09298000929800093	405.0	0	0.0	405.0	0	0.0
info	18	68	102887.0	7	0.3254300325430033	102887.0	19	0.8833100883310089	548.0	2	0.09298000929800093	411.0	0	0.0	411.0	0	0.0
info	18	69	104389.0	17	0.7903300790330079	104389.0	17	0.7903300790330079	556.0	0	0.0	417.0	0	0.0	417.0	0	0.0
info	18	70	105891.0	9	0.41841004184100417	105891.0	1	0.046490004649000466	564.0	2	0.09298000929800093	423.0	0	0.0	423.0	0	0.0
info	18	71	107393.0	10	0.46490004649000466	107393.0	18	0.8368200836820083	572.0	9	0.41841004184100417	429.0	0	0.0	429.0	0	0.0
info	18	72	108895.0	18	0.8368200836820083	108895.0	18	0.8368200836820083	580.0	11	0.5113900511390052	435.0	0	0.0	435.0	0	0.0
info	18	73	110397.0	5	0.23245002324500233	110397.0	0	0.0	588.0	13	0.604370060437006	441.0	0	0.0	441.0	0	0.0
info	18	74	111899.0	13	0.604370060437006	111899.0	18	0.8368200836820083	596.0	17	0.7903300790330079	447.0	0	0.0	447.0	0	0.0
info	18	75	113401.0	8	0.3719200371920037	113401.0	0	0.0	604.0	13	0.604370060437006	453.0	0	0.0	453.0	0	0.0
info	18	76	114903.0	10	0.46490004649000466	114903.0	18	0.8368200836820083	612.0	17	0.7903300790330079	459.0	0	0.0	459.0	0	0.0
info	18	77	116405.0	11	0.5113900511390052	116405.0	0	0.0	620.0	16	0.7438400743840075	465.0	0	0.0	465.0	0	0.0
info	18	78	117907.0	7	0.3254300325430033	117907.0	18	0.8368200836820083	628.0	11	0.5113900511390052	471.0	0	0.0	471.0	0	0.0
info	18	79	119409.0	18	0.8368200836820083	119409.0	18	0.8368200836820083	636.0	8	0.3719200371920037	477.0	0	0.0	477.0	0	0.0
info	18	80	120911.0	6	0.2789400278940028	120911.0	0	0.0	644.0	6	0.2789400278940028	483.0	0	0.0	483.0	0	0.0
info	18	81	122413.0	12	0.5578800557880056	122413.0	18	0.8368200836820083	652.0	1	0.046490004649000466	489.0	0	0.0	489.0	0	0.0
info	18	82	123915.0	12	0.5578800557880056	123915.0	0	0.0	660.0	2	0.09298000929800093	495.0	0	0.0	495.0	0	0.0
info	18	83	125417.0	6	0.2789400278940028	125417.0	18	0.8368200836820083	668.0	6	0.2789400278940028	501.0	0	0.0	501.0	0	0.0
info	18	84	126919.0	18	0.8368200836820083	126919.0	18	0.8368200836820083	676.0	10	0.46490004649000466	507.0	0	0.0	507.0	0	0.0
info	18	85	128421.0	5	0.23245002324500233	128421.0	0	0.0	684.0	23	1.0692701069270107	513.0	0	0.0	513.0	0	0.0
info	18	86	129923.0	13	0.604370060437006	129923.0	18	0.8368200836820083	692.0	17	0.7903300790330079	519.0	0	0.0	519.0	0	0.0
info	18	87	131425.0	11	0.5113900511390052	131425.0	0	0.0	700.0	18	0.8368200836820083	525.0	0	0.0	525.0	0	0.0
info	18	88	132927.0	7	0.3254300325430033	132927.0	18	0.8368200836820083	708.0	16	0.7438400743840075	531.0	0	0.0	531.0	0	0.0
info	18	89	134429.0	18	0.8368200836820083	134429.0	18	0.8368200836820083	716.0	10	0.46490004649000466	537.0	0	0.0	537.0	0	0.0
info	18	90	135931.0	6	0.2789400278940028	135931.0	0	0.0	724.0	17	0.7903300790330079	543.0	0	0.0	543.0	0	0.0
info	18	91	137433.0	12	0.5578800557880056	137433.0	18	0.8368200836820083	732.0	4	0.18596001859600186	549.0	0	0.0	549.0	0	0.0
info	18	92	138935.0	12	0.5578800557880056	138935.0	0	0.0	740.0	6	0.2789400278940028	555.0	0	0.0	555.0	0	0.0
info	18	93	140437.0	6	0.2789400278940028	140437.0	18	0.8368200836820083	748.0	1	0.046490004649000466	561.0	0	0.0	561.0	0	0.0
info	18	94	141939.0	18	0.8368200836820083	141939.0	18	0.8368200836820083	756.0	3	0.1394700139470014	567.0	0	0.0	567.0	0	0.0
info	18	95	143441.0	7	0.3254300325430033	143441.0	0	0.0	764.0	9	0.41841004184100417	573.0	0	0.0	573.0	0	0.0
info	18	96	144943.0	11	0.5113900511390052	144943.0	18	0.8368200836820083	772.0	8	0.3719200371920037	579.0	0	0.0	579.0	0	0.0
info	18	97	146445.0	12	0.5578800557880056	146445.0	0	0.0	780.0	13	0.604370060437006	585.0	0	0.0	585.0	0	0.0
info	18	98	147947.0	8	0.3719200371920037	147947.0	18	0.8368200836820083	788.0	13	0.604370060437006	591.0	0	0.0	591.0	0	0.0
info	18	99	149449.0	16	0.7438400743840075	149449.0	18	0.8368200836820083	796.0	19	0.8833100883310089	597.0	0	0.0	597.0	0	0.0
info	18	100	150951.0	6	0.2789400278940028	150951.0	0	0.0	804.0	16	0.7438400743840075	603.0	0	0.0	603.0	0	0.0
info	18	101	152453.0	12	0.5578800557880056	152453.0	18	0.8368200836820083	812.0	19	0.8833100883310089	609.0	0	0.0	609.0	0	0.0
info	18	102	153955.0	14	0.6508600650860066	153955.0	0	0.0	820.0	13	0.604370060437006	615.0	0	0.0	615.0	0	0.0
info	18	103	155457.0	5	0.23245002324500233	155457.0	18	0.8368200836820083	828.0	6	0.2789400278940028	621.0	0	0.0	621.0	0	0.0
info	18	104	156959.0	17	0.7903300790330079	156959.0	18	0.8368200836820083	836.0	8	0.3719200371920037	627.0	0	0.0	627.0	0	0.0
info	18	105	158461.0	6	0.2789400278940028	158461.0	0	0.0	844.0	5	0.23245002324500233	633.0	0	0.0	633.0	0	0.0
info	18	106	159963.0	12	0.5578800557880056	159963.0	18	0.8368200836820083	852.0	0	0.0	639.0	0	0.0	639.0	0	0.0
info	18	107	161465.0	11	0.5113900511390052	161465.0	0	0.0	860.0	3	0.1394700139470014	645.0	0	0.0	645.0	0	0.0
info	18	108	162967.0	7	0.3254300325430033	162967.0	18	0.8368200836820083	868.0	10	0.46490004649000466	651.0	0	0.0	651.0	0	0.0
info	18	109	164469.0	18	0.8368200836820083	164469.0	18	0.8368200836820083	876.0	10	0.46490004649000466	657.0	0	0.0	657.0	0	0.0
info	18	110	165971.0	6	0.2789400278940028	165971.0	0	0.0	884.0	16	0.7438400743840075	663.0	0	0.0	663.0	0	0.0
info	18	111	167473.0	12	0.5578800557880056	167473.0	18	0.8368200836820083	892.0	26	1.208740120874012	669.0	0	0.0	669.0	0	0.0
info	18	112	168975.0	10	0.46490004649000466	168975.0	0	0.0	900.0	31	1.4411901441190145	675.0	0	0.0	675.0	0	0.0
info	18	113	170477.0	8	0.3719200371920037	170477.0	18	0.8368200836820083	908.0	32	1.487680148768015	681.0	0	0.0	681.0	0	0.0
info	18	114	171979.0	14	0.6508600650860066	171979.0	0	0.0	916.0	18	0.8368200836820083	687.0	0	0.0	687.0	0	0.0
info	18	115	173481.0	5	0.23245002324500233	173481.0	18	0.8368200836820083	924.0	21	0.9762900976290098	693.0	0	0.0	693.0	0	0.0
info	18	116	174983.0	17	0.7903300790330079	174983.0	18	0.8368200836820083	932.0	14	0.6508600650860066	699.0	0	0.0	699.0	0	0.0
info	18	117	176485.0	5	0.23245002324500233	176485.0	0	0.0	940.0	3	0.1394700139470014	705.0	0	0.0	705.0	0	0.0
info	18	118	177987.0	13	0.604370060437006	177987.0	18	0.8368200836820083	948.0	0	0.0	711.0	0	0.0	711.0	0	0.0
info	18	119	179489.0	12	0.5578800557880056	179489.0	0	0.0	956.0	2	0.09298000929800093	717.0	0	0.0	717.0	0	0.0
info	18	120	180991.0	6	0.2789400278940028	180991.0	18	0.8368200836820083	964.0	8	0.3719200371920037	723.0	0	0.0	723.0	0	0.0
info	18	121	182493.0	13	0.604370060437006	182493.0	0	0.0	972.0	8	0.3719200371920037	729.0	0	0.0	729.0	0	0.0
info	18	122	183995.0	6	0.2789400278940028	183995.0	18	0.8368200836820083	980.0	18	0.8368200836820083	735.0	0	0.0	735.0	0	0.0
info	18	123	185497.0	17	0.7903300790330079	185497.0	18	0.8368200836820083	988.0	21	0.9762900976290098	741.0	0	0.0	741.0	0	0.0
info	18	124	186999.0	6	0.2789400278940028	186999.0	0	0.0	996.0	23	1.0692701069270107	747.0	0	0.0	747.0	0	0.0
info	18	125	188501.0	12	0.5578800557880056	188501.0	18	0.8368200836820083	1004.0	37	1.7201301720130173	753.0	0	0.0	753.0	0	0.0
info	18	126	190003.0	10	0.46490004649000466	190003.0	0	0.0	1012.0	24	1.1157601115760112	759.0	0	0.0	759.0	0	0.0
info	18	127	191505.0	8	0.3719200371920037	191505.0	18	0.8368200836820083	1020.0	22	1.0227801022780103	765.0	0	0.0	765.0	0	0.0
info	18	128	193007.0	18	0.8368200836820083	193007.0	18	0.8368200836820083	1028.0	11	0.5113900511390052	771.0	0	0.0	771.0	0	0.0
info	18	129	194509.0	6	0.2789400278940028	194509.0	0	0.0	1036.0	5	0.23245002324500233	777.0	0	0.0	777.0	0	0.0
info	18	130	196011.0	12	0.5578800557880056	196011.0	18	0.8368200836820083	1044.0	3	0.1394700139470014	783.0	0	0.0	783.0	0	0.0
info	18	131	197513.0	12	0.5578800557880056	197513.0	0	0.0	1052.0	1	0.046490004649000466	789.0	0	0.0	789.0	0	0.0
info	18	132	199015.0	6	0.2789400278940028	199015.0	18	0.8368200836820083	1060.0	4	0.18596001859600186	795.0	0	0.0	795.0	0	0.0
info	18	133	200517.0	18	0.8368200836820083	200517.0	18	0.8368200836820083	1068.0	9	0.41841004184100417	801.0	0	0.0	801.0	0	0.0
info	18	134	202019.0	6	0.2789400278940028	202019.0	0	0.0	1076.0	13	0.604370060437006	807.0	0	0.0	807.0	0	0.0
info	18	135	203521.0	12	0.5578800557880056	203521.0	18	0.8368200836820083	1084.0	12	0.5578800557880056	813.0	0	0.0	813.0	0	0.0
info	18	136	205023.0	13	0.604370060437006	205023.0	0	0.0	1092.0	14	0.6508600650860066	819.0	0	0.0	819.0	0	0.0
info	18	137	206525.0	5	0.23245002324500233	206525.0	18	0.8368200836820083	1100.0	12	0.5578800557880056	825.0	0	0.0	825.0	0	0.0
info	18	138	208027.0	18	0.8368200836820083	208027.0	18	0.8368200836820083	1108.0	11	0.5113900511390052	831.0	0	0.0	831.0	0	0.0
info	18	139	209529.0	7	0.3254300325430033	209529.0	0	0.0	1116.0	9	0.41841004184100417	837.0	0	0.0	837.0	0	0.0
info	18	140	211031.0	11	0.5113900511390052	211031.0	18	0.8368200836820083	1124.0	5	0.23245002324500233	843.0	0	0.0	843.0	0	0.0
info	18	141	212533.0	13	0.604370060437006	212533.0	0	0.0	1132.0	6	0.2789400278940028	849.0	0	0.0	849.0	0	0.0
info	18	142	214035.0	5	0.23245002324500233	214035.0	18	0.8368200836820083	1140.0	5	0.23245002324500233	855.0	0	0.0	855.0	0	0.0
info	18	143	215537.0	15	0.697350069735007	215537.0	1	0.046490004649000466	1148.0	1	0.046490004649000466	861.0	0	0.0	861.0	0	0.0
info	18	144	217039.0	5	0.23245002324500233	217039.0	17	0.7903300790330079	1156.0	0	0.0	867.0	0	0.0	867.0	0	0.0
info	18	145	218541.0	16	0.7438400743840075	218541.0	18	0.8368200836820083	1164.0	7	0.3254300325430033	873.0	0	0.0	873.0	0	0.0
info	18	146	220043.0	6	0.2789400278940028	220043.0	0	0.0	1172.0	7	0.3254300325430033	879.0	0	0.0	879.0	0	0.0
info	18	147	221545.0	12	0.5578800557880056	221545.0	18	0.8368200836820083	1180.0	10	0.46490004649000466	885.0	0	0.0	885.0	0	0.0
info	18	148	223047.0	12	0.5578800557880056	223047.0	0	0.0	1188.0	12	0.5578800557880056	891.0	0	0.0	891.0	0	0.0
info	18	149	224549.0	7	0.3254300325430033	224549.0	18	0.8368200836820083	1196.0	7	0.3254300325430033	897.0	0	0.0	897.0	0	0.0
info	18	150	226051.0	17	0.7903300790330079	226051.0	18	0.8368200836820083	1204.0	7	0.3254300325430033	903.0	0	0.0	903.0	0	0.0
info	18	151	227553.0	8	0.3719200371920037	227553.0	1	0.046490004649000466	1212.0	9	0.41841004184100417	909.0	0	0.0	909.0	0	0.0
info	18	152	229055.0	11	0.5113900511390052	229055.0	18	0.8368200836820083	1220.0	7	0.3254300325430033	915.0	0	0.0	915.0	0	0.0
info	18	153	230557.0	13	0.604370060437006	230557.0	0	0.0	1228.0	1	0.046490004649000466	921.0	0	0.0	921.0	0	0.0
info	18	154	232059.0	5	0.23245002324500233	232059.0	18	0.8368200836820083	1236.0	1	0.046490004649000466	927.0	0	0.0	927.0	0	0.0
info	18	155	233561.0	18	0.8368200836820083	233561.0	18	0.8368200836820083	1244.0	0	0.0	933.0	0	0.0	933.0	0	0.0
info	18	156	235063.0	4	0.18596001859600186	235063.0	0	0.0	1252.0	0	0.0	939.0	0	0.0	939.0	0	0.0
info	18	157	236565.0	14	0.6508600650860066	236565.0	18	0.8368200836820083	1260.0	3	0.1394700139470014	945.0	0	0.0	945.0	0	0.0
info	18	158	238067.0	12	0.5578800557880056	238067.0	0	0.0	1268.0	6	0.2789400278940028	951.0	0	0.0	951.0	0	0.0
info	18	159	239569.0	6	0.2789400278940028	239569.0	18	0.8368200836820083	1276.0	3	0.1394700139470014	957.0	0	0.0	957.0	0	0.0
info	18	160	241071.0	15	0.697350069735007	241071.0	15	0.697350069735007	1284.0	4	0.18596001859600186	963.0	0	0.0	963.0	0	0.0
info	18	161	242573.0	5	0.23245002324500233	242573.0	3	0.1394700139470014	1292.0	3	0.1394700139470014	969.0	0	0.0	969.0	0	0.0
info	18	162	244075.0	16	0.7438400743840075	244075.0	18	0.8368200836820083	1300.0	6	0.2789400278940028	975.0	0	0.0	975.0	0	0.0
info	18	163	245577.0	8	0.3719200371920037	245577.0	0	0.0	1308.0	1	0.046490004649000466	981.0	0	0.0	981.0	0	0.0
info	18	164	247079.0	10	0.46490004649000466	247079.0	18	0.8368200836820083	1316.0	3	0.1394700139470014	987.0	0	0.0	987.0	0	0.0
info	18	165	248581.0	14	0.6508600650860066	248581.0	1	0.046490004649000466	1324.0	1	0.046490004649000466	993.0	0	0.0	993.0	0	0.0
info	18	166	250083.0	5	0.23245002324500233	250083.0	17	0.7903300790330079	1332.0	1	0.046490004649000466	999.0	0	0.0	999.0	0	0.0
info	18	167	251585.0	17	0.7903300790330079	251585.0	18	0.8368200836820083	1340.0	0	0.0	1005.0	0	0.0	1005.0	0	0.0
info	18	168	253087.0	4	0.18596001859600186	253087.0	0	0.0	1348.0	0	0.0	1011.0	0	0.0	1011.0	0	0.0
info	18	169	254589.0	14	0.6508600650860066	254589.0	18	0.8368200836820083	1356.0	0	0.0	1017.0	0	0.0	1017.0	0	0.0
info	18	170	256091.0	6	0.2789400278940028	256091.0	0	0.0	1364.0	2	0.09298000929800093	1023.0	0	0.0	1023.0	0	0.0
info	18	171	257593.0	12	0.5578800557880056	257593.0	18	0.8368200836820083	1372.0	0	0.0	1029.0	0	0.0	1029.0	0	0.0
info	18	172	259095.0	12	0.5578800557880056	259095.0	0	0.0	1380.0	3	0.1394700139470014	1035.0	0	0.0	1035.0	0	0.0
info	18	173	260597.0	6	0.2789400278940028	260597.0	18	0.8368200836820083	1388.0	1	0.046490004649000466	1041.0	0	0.0	1041.0	0	0.0
info	18	174	262099.0	15	0.697350069735007	262099.0	14	0.6508600650860066	1396.0	2	0.09298000929800093	1047.0	0	0.0	1047.0	0	0.0
info	18	175	263601.0	5	0.23245002324500233	263601.0	4	0.18596001859600186	1404.0	1	0.046490004649000466	1053.0	0	0.0	1053.0	0	0.0
info	18	176	265103.0	16	0.7438400743840075	265103.0	18	0.8368200836820083	1412.0	0	0.0	1059.0	0	0.0	1059.0	0	0.0
info	18	177	266605.0	7	0.3254300325430033	266605.0	0	0.0	1420.0	1	0.046490004649000466	1065.0	0	0.0	1065.0	0	0.0
info	18	178	268107.0	11	0.5113900511390052	268107.0	18	0.8368200836820083	1428.0	2	0.09298000929800093	1071.0	0	0.0	1071.0	0	0.0
info	18	179	269609.0	13	0.604370060437006	269609.0	0	0.0	1436.0	2	0.09298000929800093	1077.0	0	0.0	1077.0	0	0.0
info	18	180	271111.0	6	0.2789400278940028	271111.0	18	0.8368200836820083	1444.0	0	0.0	1083.0	0	0.0	1083.0	0	0.0
info	18	181	272613.0	17	0.7903300790330079	272613.0	18	0.8368200836820083	1452.0	0	0.0	1089.0	0	0.0	1089.0	0	0.0
info	18	182	274115.0	8	0.3719200371920037	274115.0	0	0.0	1460.0	0	0.0	1095.0	0	0.0	1095.0	0	0.0
info	18	183	275617.0	10	0.46490004649000466	275617.0	18	0.8368200836820083	1468.0	1	0.046490004649000466	1101.0	0	0.0	1101.0	0	0.0
info	18	184	277119.0	15	0.697350069735007	277119.0	3	0.1394700139470014	1476.0	0	0.0	1107.0	0	0.0	1107.0	0	0.0
info	18	185	278621.0	5	0.23245002324500233	278621.0	15	0.697350069735007	1484.0	0	0.0	1113.0	0	0.0	1113.0	0	0.0
info	18	186	280123.0	16	0.7438400743840075	280123.0	18	0.8368200836820083	1492.0	0	0.0	1119.0	0	0.0	1119.0	0	0.0
info	18	187	281625.0	9	0.41841004184100417	281625.0	0	0.0	1500.0	0	0.0	1125.0	0	0.0	1125.0	0	0.0
info	18	188	283127.0	9	0.41841004184100417	283127.0	18	0.8368200836820083	1508.0	0	0.0	1131.0	0	0.0	1131.0	0	0.0
info	18	189	284629.0	17	0.7903300790330079	284629.0	17	0.7903300790330079	1516.0	0	0.0	1137.0	0	0.0	1137.0	0	0.0
info	18	190	286131.0	7	0.3254300325430033	286131.0	1	0.046490004649000466	1524.0	0	0.0	1143.0	0	0.0	1143.0	0	0.0
info	18	191	287633.0	12	0.5578800557880056	287633.0	18	0.8368200836820083	1532.0	0	0.0	1149.0	0	0.0	1149.0	0	0.0
info	18	192	289135.0	10	0.46490004649000466	289135.0	0	0.0	1540.0	0	0.0	1155.0	0	0.0	1155.0	0	0.0
info	18	193	290637.0	8	0.3719200371920037	290637.0	18	0.8368200836820083	1548.0	0	0.0	1161.0	0	0.0	1161.0	0	0.0
info	18	194	292139.0	17	0.7903300790330079	292139.0	16	0.7438400743840075	1556.0	0	0.0	1167.0	0	0.0	1167.0	0	0.0
info	18	195	293641.0	6	0.2789400278940028	293641.0	3	0.1394700139470014	1564.0	0	0.0	1173.0	0	0.0	1173.0	0	0.0
info	18	196	295143.0	14	0.6508600650860066	295143.0	18	0.8368200836820083	1572.0	0	0.0	1179.0	0	0.0	1179.0	0	0.0
info	18	197	296645.0	11	0.5113900511390052	296645.0	0	0.0	1580.0	0	0.0	1185.0	0	0.0	1185.0	0	0.0
info	18	198	298147.0	7	0.3254300325430033	298147.0	18	0.8368200836820083	1588.0	1	0.046490004649000466	1191.0	0	0.0	1191.0	0	0.0
info	18	199	299649.0	5	0.23245002324500233	299649.0	5	0.23245002324500233	1596.0	0	0.0	1197.0	0	0.0	1197.0	0	0.0
home	18	0	744.0	18	0.8387698042870456	744.0	18	0.8387698042870456	2.5	163	7.595526561043802	3.0	2146	100.0	3.0	2146	100.0
home	18	1	2232.0	17	0.7921714818266542	2232.0	11	0.5125815470643057	7.5	66	3.075489282385834	9.0	0	0.0	9.0	0	0.0
home	18	2	3720.0	2	0.09319664492078285	3720.0	8	0.3727865796831314	12.5	31	1.4445479962721341	15.0	0	0.0	15.0	0	0.0
home	18	3	5208.0	18	0.8387698042870456	5208.0	18	0.8387698042870456	17.5	134	6.244175209692451	21.0	0	0.0	21.0	0	0.0
home	18	4	6696.0	0	0.0	6696.0	0	0.0	22.5	156	7.269338303821062	27.0	0	0.0	27.0	0	0.0
home	18	5	8184.0	18	0.8387698042870456	8184.0	18	0.8387698042870456	27.5	110	5.125815470643056	33.0	0	0.0	33.0	0	0.0
home	18	6	9672.0	3	0.13979496738117428	9672.0	0	0.0	32.5	87	4.0540540540540535	39.0	0	0.0	39.0	0	0.0
home	18	7	11160.0	15	0.6989748369058714	11160.0	18	0.8387698042870456	37.5	68	3.168685927306617	45.0	0	0.0	45.0	0	0.0
home	18	8	12648.0	18	0.8387698042870456	12648.0	18	0.8387698042870456	42.5	45	2.096924510717614	51.0	0	0.0	51.0	0	0.0
home	18	9	14136.0	0	0.0	14136.0	0	0.0	47.5	16	0.7455731593662628	57.0	0	0.0	57.0	0	0.0
home	18	10	15624.0	18	0.8387698042870456	15624.0	18	0.8387698042870456	52.5	13	0.6057781919850885	63.0	0	0.0	63.0	0	0.0
home	18	11	17112.0	15	0.6989748369058714	17112.0	0	0.0	57.5	13	0.6057781919850885	69.0	0	0.0	69.0	0	0.0
home	18	12	18600.0	3	0.13979496738117428	18600.0	18	0.8387698042870456	62.5	28	1.30475302889096	75.0	0	0.0	75.0	0	0.0
home	18	13	20088.0	18	0.8387698042870456	20088.0	18	0.8387698042870456	67.5	65	3.0288909599254428	81.0	0	0.0	81.0	0	0.0
home	18	14	21576.0	0	0.0	21576.0	0	0.0	72.5	79	3.6812674743709226	87.0	0	0.0	87.0	0	0.0
home	18	15	23064.0	18	0.8387698042870456	23064.0	18	0.8387698042870456	77.5	121	5.638397017707362	93.0	0	0.0	93.0	0	0.0
home	18	16	24552.0	0	0.0	24552.0	0	0.0	82.5	121	5.638397017707362	99.0	0	0.0	99.0	0	0.0
home	18	17	26040.0	18	0.8387698042870456	26040.0	18	0.8387698042870456	87.5	130	6.0577819198508855	105.0	0	0.0	105.0	0	0.0
home	18	18	27528.0	18	0.8387698042870456	27528.0	18	0.8387698042870456	92.5	148	6.896551724137931	111.0	0	0.0	111.0	0	0.0
home	18	19	29016.0	0	0.0	29016.0	0	0.0	97.5	119	5.54520037278658	117.0	0	0.0	117.0	0	0.0
home	18	20	30504.0	18	0.8387698042870456	30504.0	18	0.8387698042870456	102.5	103	4.799627213420317	123.0	0	0.0	123.0	0	0.0
home	18	21	31992.0	0	0.0	31992.0	0	0.0	107.5	65	3.0288909599254428	129.0	0	0.0	129.0	0	0.0
home	18	22	33480.0	18	0.8387698042870456	33480.0	18	0.8387698042870456	112.5	36	1.6775396085740912	135.0	0	0.0	135.0	0	0.0
home	18	23	34968.0	18	0.8387698042870456	34968.0	18	0.8387698042870456	117.5	35	1.6309412861136998	141.0	0	0.0	141.0	0	0.0
home	18	24	36456.0	0	0.0	36456.0	0	0.0	122.5	29	1.3513513513513513	147.0	0	0.0	147.0	0	0.0
home	18	25	37944.0	18	0.8387698042870456	37944.0	18	0.8387698042870456	127.5	17	0.7921714818266542	153.0	0	0.0	153.0	0	0.0
home	18	26	39432.0	0	0.0	39432.0	0	0.0	132.5	14	0.65237651444548	159.0	0	0.0	159.0	0	0.0
home	18	27	40920.0	18	0.8387698042870456	40920.0	18	0.8387698042870456	137.5	13	0.6057781919850885	165.0	0	0.0	165.0	0	0.0
home	18	28	42408.0	18	0.8387698042870456	42408.0	18	0.8387698042870456	142.5	7	0.32618825722274	171.0	0	0.0	171.0	0	0.0
home	18	29	43896.0	0	0.0	43896.0	0	0.0	147.5	1	0.046598322460391424	177.0	0	0.0	177.0	0	0.0
home	18	30	45384.0	18	0.8387698042870456	45384.0	18	0.8387698042870456	152.5	6	0.27958993476234856	183.0	0	0.0	183.0	0	0.0
home	18	31	46872.0	1	0.046598322460391424	46872.0	0	0.0	157.5	12	0.5591798695246971	189.0	0	0.0	189.0	0	0.0
home	18	32	48360.0	17	0.7921714818266542	48360.0	18	0.8387698042870456	162.5	7	0.32618825722274	195.0	0	0.0	195.0	0	0.0
home	18	33	49848.0	18	0.8387698042870456	49848.0	18	0.8387698042870456	167.5	6	0.27958993476234856	201.0	0	0.0	201.0	0	0.0
home	18	34	51336.0	0	0.0	51336.0	0	0.0	172.5	8	0.3727865796831314	207.0	0	0.0	207.0	0	0.0
home	18	35	52824.0	18	0.8387698042870456	52824.0	18	0.8387698042870456	177.5	11	0.5125815470643057	213.0	0	0.0	213.0	0	0.0
home	18	36	54312.0	0	0.0	54312.0	0	0.0	182.5	6	0.27958993476234856	219.0	0	0.0	219.0	0	0.0
home	18	37	55800.0	18	0.8387698042870456	55800.0	18	0.8387698042870456	187.5	11	0.5125815470643057	225.0	0	0.0	225.0	0	0.0
home	18	38	57288.0	18	0.8387698042870456	57288.0	18	0.8387698042870456	192.5	9	0.4193849021435228	231.0	0	0.0	231.0	0	0.0
home	18	39	58776.0	0	0.0	58776.0	0	0.0	197.5	6	0.27958993476234856	237.0	0	0.0	237.0	0	0.0
home	18	40	60264.0	18	0.8387698042870456	60264.0	18	0.8387698042870456	202.5	6	0.27958993476234856	243.0	0	0.0	243.0	0	0.0
home	18	41	61752.0	0	0.0	61752.0	0	0.0	207.5	2	0.09319664492078285	249.0	0	0.0	249.0	0	0.0
home	18	42	63240.0	18	0.8387698042870456	63240.0	18	0.8387698042870456	212.5	1	0.046598322460391424	255.0	0	0.0	255.0	0	0.0
home	18	43	64728.0	18	0.8387698042870456	64728.0	18	0.8387698042870456	217.5	0	0.0	261.0	0	0.0	261.0	0	0.0
home	18	44	66216.0	0	0.0	66216.0	0	0.0	222.5	0	0.0	267.0	0	0.0	267.0	0	0.0
home	18	45	67704.0	18	0.8387698042870456	67704.0	18	0.8387698042870456	227.5	0	0.0	273.0	0	0.0	273.0	0	0.0
home	18	46	69192.0	14	0.65237651444548	69192.0	1	0.046598322460391424	232.5	0	0.0	279.0	0	0.0	279.0	0	0.0
home	18	47	70680.0	4	0.1863932898415657	70680.0	17	0.7921714818266542	237.5	0	0.0	285.0	0	0.0	285.0	0	0.0
home	18	48	72168.0	18	0.8387698042870456	72168.0	18	0.8387698042870456	242.5	0	0.0	291.0	0	0.0	291.0	0	0.0
home	18	49	73656.0	0	0.0	73656.0	0	0.0	247.5	0	0.0	297.0	0	0.0	297.0	0	0.0
home	18	50	75144.0	18	0.8387698042870456	75144.0	18	0.8387698042870456	252.5	0	0.0	303.0	0	0.0	303.0	0	0.0
home	18	51	76632.0	18	0.8387698042870456	76632.0	18	0.8387698042870456	257.5	0	0.0	309.0	0	0.0	309.0	0	0.0
home	18	52	78120.0	0	0.0	78120.0	0	0.0	262.5	0	0.0	315.0	0	0.0	315.0	0	0.0
home	18	53	79608.0	18	0.8387698042870456	79608.0	18	0.8387698042870456	267.5	0	0.0	321.0	0	0.0	321.0	0	0.0
home	18	54	81096.0	8	0.3727865796831314	81096.0	0	0.0	272.5	0	0.0	327.0	0	0.0	327.0	0	0.0
home	18	55	82584.0	10	0.4659832246039142	82584.0	18	0.8387698042870456	277.5	0	0.0	333.0	0	0.0	333.0	0	0.0
home	18	56	84072.0	18	0.8387698042870456	84072.0	18	0.8387698042870456	282.5	1	0.046598322460391424	339.0	0	0.0	339.0	0	0.0
home	18	57	85560.0	0	0.0	85560.0	0	0.0	287.5	0	0.0	345.0	0	0.0	345.0	0	0.0
home	18	58	87048.0	18	0.8387698042870456	87048.0	18	0.8387698042870456	292.5	0	0.0	351.0	0	0.0	351.0	0	0.0
home	18	59	88536.0	17	0.7921714818266542	88536.0	17	0.7921714818266542	297.5	0	0.0	357.0	0	0.0	357.0	0	0.0
home	18	60	90024.0	1	0.046598322460391424	90024.0	1	0.046598322460391424	302.5	0	0.0	363.0	0	0.0	363.0	0	0.0
home	18	61	91512.0	18	0.8387698042870456	91512.0	18	0.8387698042870456	307.5	0	0.0	369.0	0	0.0	369.0	0	0.0
home	18	62	93000.0	0	0.0	93000.0	0	0.0	312.5	0	0.0	375.0	0	0.0	375.0	0	0.0
home	18	63	94488.0	18	0.8387698042870456	94488.0	18	0.8387698042870456	317.5	0	0.0	381.0	0	0.0	381.0	0	0.0
home	18	64	95976.0	17	0.7921714818266542	95976.0	6	0.27958993476234856	322.5	2	0.09319664492078285	387.0	0	0.0	387.0	0	0.0
home	18	65	97464.0	1	0.046598322460391424	97464.0	12	0.5591798695246971	327.5	2	0.09319664492078285	393.0	0	0.0	393.0	0	0.0
home	18	66	98952.0	18	0.8387698042870456	98952.0	18	0.8387698042870456	332.5	1	0.046598322460391424	399.0	0	0.0	399.0	0	0.0
home	18	67	100440.0	0	0.0	100440.0	0	0.0	337.5	0	0.0	405.0	0	0.0	405.0	0	0.0
home	18	68	101928.0	18	0.8387698042870456	101928.0	18	0.8387698042870456	342.5	0	0.0	411.0	0	0.0	411.0	0	0.0
home	18	69	103416.0	1	0.046598322460391424	103416.0	1	0.046598322460391424	347.5	0	0.0	417.0	0	0.0	417.0	0	0.0
home	18	70	104904.0	18	0.8387698042870456	104904.0	18	0.8387698042870456	352.5	0	0.0	423.0	0	0.0	423.0	0	0.0
home	18	71	106392.0	18	0.8387698042870456	106392.0	18	0.8387698042870456	357.5	0	0.0	429.0	0	0.0	429.0	0	0.0
home	18	72	107880.0	0	0.0	107880.0	0	0.0	362.5	0	0.0	435.0	0	0.0	435.0	0	0.0
home	18	73	109368.0	18	0.8387698042870456	109368.0	18	0.8387698042870456	367.5	0	0.0	441.0	0	0.0	441.0	0	0.0
home	18	74	110856.0	15	0.6989748369058714	110856.0	0	0.0	372.5	3	0.13979496738117428	447.0	0	0.0	447.0	0	0.0
home	18	75	112344.0	3	0.13979496738117428	112344.0	18	0.8387698042870456	377.5	1	0.046598322460391424	453.0	0	0.0	453.0	0	0.0
home	18	76	113832.0	16	0.7455731593662628	113832.0	13	0.6057781919850885	382.5	0	0.0	459.0	0	0.0	459.0	0	0.0
home	18	77	115320.0	2	0.09319664492078285	115320.0	5	0.2329916123019571	387.5	0	0.0	465.0	0	0.0	465.0	0	0.0
home	18	78	116808.0	18	0.8387698042870456	116808.0	18	0.8387698042870456	392.5	0	0.0	471.0	0	0.0	471.0	0	0.0
home	18	79	118296.0	0	0.0	118296.0	0	0.0	397.5	0	0.0	477.0	0	0.0	477.0	0	0.0
home	18	80	119784.0	18	0.8387698042870456	119784.0	18	0.8387698042870456	402.5	0	0.0	483.0	0	0.0	483.0	0	0.0
home	18	81	121272.0	15	0.6989748369058714	121272.0	5	0.2329916123019571	407.5	2	0.09319664492078285	489.0	0	0.0	489.0	0	0.0
home	18	82	122760.0	3	0.13979496738117428	122760.0	13	0.6057781919850885	412.5	0	0.0	495.0	0	0.0	495.0	0	0.0
home	18	83	124248.0	18	0.8387698042870456	124248.0	18	0.8387698042870456	417.5	0	0.0	501.0	0	0.0	501.0	0	0.0
home	18	84	125736.0	0	0.0	125736.0	0	0.0	422.5	0	0.0	507.0	0	0.0	507.0	0	0.0
home	18	85	127224.0	18	0.8387698042870456	127224.0	18	0.8387698042870456	427.5	0	0.0	513.0	0	0.0	513.0	0	0.0
home	18	86	128712.0	0	0.0	128712.0	0	0.0	432.5	0	0.0	519.0	0	0.0	519.0	0	0.0
home	18	87	130200.0	18	0.8387698042870456	130200.0	18	0.8387698042870456	437.5	0	0.0	525.0	0	0.0	525.0	0	0.0
home	18	88	131688.0	18	0.8387698042870456	131688.0	18	0.8387698042870456	442.5	0	0.0	531.0	0	0.0	531.0	0	0.0
home	18	89	133176.0	0	0.0	133176.0	0	0.0	447.5	0	0.0	537.0	0	0.0	537.0	0	0.0
home	18	90	134664.0	18	0.8387698042870456	134664.0	18	0.8387698042870456	452.5	0	0.0	543.0	0	0.0	543.0	0	0.0
home	18	91	136152.0	0	0.0	136152.0	0	0.0	457.5	0	0.0	549.0	0	0.0	549.0	0	0.0
home	18	92	137640.0	18	0.8387698042870456	137640.0	18	0.8387698042870456	462.5	0	0.0	555.0	0	0.0	555.0	0	0.0
home	18	93	139128.0	18	0.8387698042870456	139128.0	18	0.8387698042870456	467.5	0	0.0	561.0	0	0.0	561.0	0	0.0
home	18	94	140616.0	0	0.0	140616.0	0	0.0	472.5	1	0.046598322460391424	567.0	0	0.0	567.0	0	0.0
home	18	95	142104.0	18	0.8387698042870456	142104.0	18	0.8387698042870456	477.5	0	0.0	573.0	0	0.0	573.0	0	0.0
home	18	96	143592.0	0	0.0	143592.0	0	0.0	482.5	1	0.046598322460391424	579.0	0	0.0	579.0	0	0.0
home	18	97	145080.0	18	0.8387698042870456	145080.0	18	0.8387698042870456	487.5	0	0.0	585.0	0	0.0	585.0	0	0.0
home	18	98	146568.0	18	0.8387698042870456	146568.0	18	0.8387698042870456	492.5	0	0.0	591.0	0	0.0	591.0	0	0.0
home	18	99	148056.0	0	0.0	148056.0	0	0.0	497.5	0	0.0	597.0	0	0.0	597.0	0	0.0
home	18	100	149544.0	18	0.8387698042870456	149544.0	18	0.8387698042870456	502.5	0	0.0	603.0	0	0.0	603.0	0	0.0
home	18	101	151032.0	0	0.0	151032.0	0	0.0	507.5	0	0.0	609.0	0	0.0	609.0	0	0.0
home	18	102	152520.0	18	0.8387698042870456	152520.0	18	0.8387698042870456	512.5	0	0.0	615.0	0	0.0	615.0	0	0.0
home	18	103	154008.0	18	0.8387698042870456	154008.0	18	0.8387698042870456	517.5	0	0.0	621.0	0	0.0	621.0	0	0.0
home	18	104	155496.0	0	0.0	155496.0	0	0.0	522.5	0	0.0	627.0	0	0.0	627.0	0	0.0
home	18	105	156984.0	18	0.8387698042870456	156984.0	18	0.8387698042870456	527.5	0	0.0	633.0	0	0.0	633.0	0	0.0
home	18	106	158472.0	0	0.0	158472.0	0	0.0	532.5	0	0.0	639.0	0	0.0	639.0	0	0.0
home	18	107	159960.0	18	0.8387698042870456	159960.0	18	0.8387698042870456	537.5	0	0.0	645.0	0	0.0	645.0	0	0.0
home	18	108	161448.0	4	0.1863932898415657	161448.0	0	0.0	542.5	0	0.0	651.0	0	0.0	651.0	0	0.0
home	18	109	162936.0	14	0.65237651444548	162936.0	18	0.8387698042870456	547.5	0	0.0	657.0	0	0.0	657.0	0	0.0
home	18	110	164424.0	18	0.8387698042870456	164424.0	18	0.8387698042870456	552.5	0	0.0	663.0	0	0.0	663.0	0	0.0
home	18	111	165912.0	0	0.0	165912.0	0	0.0	557.5	0	0.0	669.0	0	0.0	669.0	0	0.0
home	18	112	167400.0	18	0.8387698042870456	167400.0	18	0.8387698042870456	562.5	0	0.0	675.0	0	0.0	675.0	0	0.0
home	18	113	168888.0	0	0.0	168888.0	0	0.0	567.5	0	0.0	681.0	0	0.0	681.0	0	0.0
home	18	114	170376.0	18	0.8387698042870456	170376.0	18	0.8387698042870456	572.5	0	0.0	687.0	0	0.0	687.0	0	0.0
home	18	115	171864.0	18	0.8387698042870456	171864.0	18	0.8387698042870456	577.5	1	0.046598322460391424	693.0	0	0.0	693.0	0	0.0
home	18	116	173352.0	0	0.0	173352.0	0	0.0	582.5	0	0.0	699.0	0	0.0	699.0	0	0.0
home	18	117	174840.0	18	0.8387698042870456	174840.0	18	0.8387698042870456	587.5	0	0.0	705.0	0	0.0	705.0	0	0.0
home	18	118	176328.0	0	0.0	176328.0	0	0.0	592.5	0	0.0	711.0	0	0.0	711.0	0	0.0
home	18	119	177816.0	18	0.8387698042870456	177816.0	18	0.8387698042870456	597.5	0	0.0	717.0	0	0.0	717.0	0	0.0
home	18	120	179304.0	0	0.0	179304.0	0	0.0	602.5	0	0.0	723.0	0	0.0	723.0	0	0.0
home	18	121	180792.0	18	0.8387698042870456	180792.0	18	0.8387698042870456	607.5	0	0.0	729.0	0	0.0	729.0	0	0.0
home	18	122	182280.0	0	0.0	182280.0	0	0.0	612.5	0	0.0	735.0	0	0.0	735.0	0	0.0
home	18	123	183768.0	18	0.8387698042870456	183768.0	18	0.8387698042870456	617.5	0	0.0	741.0	0	0.0	741.0	0	0.0
home	18	124	185256.0	18	0.8387698042870456	185256.0	18	0.8387698042870456	622.5	0	0.0	747.0	0	0.0	747.0	0	0.0
home	18	125	186744.0	0	0.0	186744.0	0	0.0	627.5	0	0.0	753.0	0	0.0	753.0	0	0.0
home	18	126	188232.0	18	0.8387698042870456	188232.0	18	0.8387698042870456	632.5	0	0.0	759.0	0	0.0	759.0	0	0.0
home	18	127	189720.0	0	0.0	189720.0	0	0.0	637.5	0	0.0	765.0	0	0.0	765.0	0	0.0
home	18	128	191208.0	18	0.8387698042870456	191208.0	18	0.8387698042870456	642.5	0	0.0	771.0	0	0.0	771.0	0	0.0
home	18	129	192696.0	18	0.8387698042870456	192696.0	18	0.8387698042870456	647.5	0	0.0	777.0	0	0.0	777.0	0	0.0
home	18	130	194184.0	0	0.0	194184.0	0	0.0	652.5	0	0.0	783.0	0	0.0	783.0	0	0.0
home	18	131	195672.0	18	0.8387698042870456	195672.0	18	0.8387698042870456	657.5	0	0.0	789.0	0	0.0	789.0	0	0.0
home	18	132	197160.0	0	0.0	197160.0	0	0.0	662.5	0	0.0	795.0	0	0.0	795.0	0	0.0
home	18	133	198648.0	18	0.8387698042870456	198648.0	18	0.8387698042870456	667.5	0	0.0	801.0	0	0.0	801.0	0	0.0
home	18	134	200136.0	18	0.8387698042870456	200136.0	18	0.8387698042870456	672.5	0	0.0	807.0	0	0.0	807.0	0	0.0
home	18	135	201624.0	0	0.0	201624.0	0	0.0	677.5	1	0.046598322460391424	813.0	0	0.0	813.0	0	0.0
home	18	136	203112.0	18	0.8387698042870456	203112.0	18	0.8387698042870456	682.5	0	0.0	819.0	0	0.0	819.0	0	0.0
home	18	137	204600.0	0	0.0	204600.0	0	0.0	687.5	0	0.0	825.0	0	0.0	825.0	0	0.0
home	18	138	206088.0	18	0.8387698042870456	206088.0	18	0.8387698042870456	692.5	0	0.0	831.0	0	0.0	831.0	0	0.0
home	18	139	207576.0	18	0.8387698042870456	207576.0	18	0.8387698042870456	697.5	0	0.0	837.0	0	0.0	837.0	0	0.0
home	18	140	209064.0	0	0.0	209064.0	0	0.0	702.5	0	0.0	843.0	0	0.0	843.0	0	0.0
home	18	141	210552.0	18	0.8387698042870456	210552.0	18	0.8387698042870456	707.5	0	0.0	849.0	0	0.0	849.0	0	0.0
home	18	142	212040.0	0	0.0	212040.0	0	0.0	712.5	0	0.0	855.0	0	0.0	855.0	0	0.0
home	18	143	213528.0	18	0.8387698042870456	213528.0	18	0.8387698042870456	717.5	0	0.0	861.0	0	0.0	861.0	0	0.0
home	18	144	215016.0	0	0.0	215016.0	0	0.0	722.5	0	0.0	867.0	0	0.0	867.0	0	0.0
home	18	145	216504.0	18	0.8387698042870456	216504.0	18	0.8387698042870456	727.5	0	0.0	873.0	0	0.0	873.0	0	0.0
home	18	146	217992.0	18	0.8387698042870456	217992.0	17	0.7921714818266542	732.5	0	0.0	879.0	0	0.0	879.0	0	0.0
home	18	147	219480.0	0	0.0	219480.0	1	0.046598322460391424	737.5	0	0.0	885.0	0	0.0	885.0	0	0.0
home	18	148	220968.0	18	0.8387698042870456	220968.0	18	0.8387698042870456	742.5	0	0.0	891.0	0	0.0	891.0	0	0.0
home	18	149	222456.0	0	0.0	222456.0	0	0.0	747.5	0	0.0	897.0	0	0.0	897.0	0	0.0
home	18	150	223944.0	18	0.8387698042870456	223944.0	18	0.8387698042870456	752.5	0	0.0	903.0	0	0.0	903.0	0	0.0
home	18	151	225432.0	13	0.6057781919850885	225432.0	1	0.046598322460391424	757.5	0	0.0	909.0	0	0.0	909.0	0	0.0
home	18	152	226920.0	6	0.27958993476234856	226920.0	18	0.8387698042870456	762.5	0	0.0	915.0	0	0.0	915.0	0	0.0
home	18	153	228408.0	18	0.8387698042870456	228408.0	18	0.8387698042870456	767.5	0	0.0	921.0	0	0.0	921.0	0	0.0
home	18	154	229896.0	0	0.0	229896.0	0	0.0	772.5	1	0.046598322460391424	927.0	0	0.0	927.0	0	0.0
home	18	155	231384.0	18	0.8387698042870456	231384.0	18	0.8387698042870456	777.5	0	0.0	933.0	0	0.0	933.0	0	0.0
home	18	156	232872.0	0	0.0	232872.0	0	0.0	782.5	1	0.046598322460391424	939.0	0	0.0	939.0	0	0.0
home	18	157	234360.0	18	0.8387698042870456	234360.0	18	0.8387698042870456	787.5	0	0.0	945.0	0	0.0	945.0	0	0.0
home	18	158	235848.0	18	0.8387698042870456	235848.0	18	0.8387698042870456	792.5	0	0.0	951.0	0	0.0	951.0	0	0.0
home	18	159	237336.0	0	0.0	237336.0	0	0.0	797.5	0	0.0	957.0	0	0.0	957.0	0	0.0
home	18	160	238824.0	18	0.8387698042870456	238824.0	18	0.8387698042870456	802.5	0	0.0	963.0	0	0.0	963.0	0	0.0
home	18	161	240312.0	0	0.0	240312.0	0	0.0	807.5	0	0.0	969.0	0	0.0	969.0	0	0.0
home	18	162	241800.0	18	0.8387698042870456	241800.0	18	0.8387698042870456	812.5	0	0.0	975.0	0	0.0	975.0	0	0.0
home	18	163	243288.0	0	0.0	243288.0	0	0.0	817.5	0	0.0	981.0	0	0.0	981.0	0	0.0
home	18	164	244776.0	18	0.8387698042870456	244776.0	18	0.8387698042870456	822.5	0	0.0	987.0	0	0.0	987.0	0	0.0
home	18	165	246264.0	18	0.8387698042870456	246264.0	18	0.8387698042870456	827.5	0	0.0	993.0	0	0.0	993.0	0	0.0
home	18	166	247752.0	0	0.0	247752.0	0	0.0	832.5	0	0.0	999.0	0	0.0	999.0	0	0.0
home	18	167	249240.0	18	0.8387698042870456	249240.0	18	0.8387698042870456	837.5	1	0.046598322460391424	1005.0	0	0.0	1005.0	0	0.0
home	18	168	250728.0	0	0.0	250728.0	0	0.0	842.5	0	0.0	1011.0	0	0.0	1011.0	0	0.0
home	18	169	252216.0	18	0.8387698042870456	252216.0	18	0.8387698042870456	847.5	0	0.0	1017.0	0	0.0	1017.0	0	0.0
home	18	170	253704.0	0	0.0	253704.0	0	0.0	852.5	0	0.0	1023.0	0	0.0	1023.0	0	0.0
home	18	171	255192.0	18	0.8387698042870456	255192.0	18	0.8387698042870456	857.5	0	0.0	1029.0	0	0.0	1029.0	0	0.0
home	18	172	256680.0	18	0.8387698042870456	256680.0	18	0.8387698042870456	862.5	0	0.0	1035.0	0	0.0	1035.0	0	0.0
home	18	173	258168.0	0	0.0	258168.0	0	0.0	867.5	0	0.0	1041.0	0	0.0	1041.0	0	0.0
home	18	174	259656.0	18	0.8387698042870456	259656.0	18	0.8387698042870456	872.5	0	0.0	1047.0	0	0.0	1047.0	0	0.0
home	18	175	261144.0	0	0.0	261144.0	0	0.0	877.5	1	0.046598322460391424	1053.0	0	0.0	1053.0	0	0.0
home	18	176	262632.0	18	0.8387698042870456	262632.0	18	0.8387698042870456	882.5	1	0.046598322460391424	1059.0	0	0.0	1059.0	0	0.0
home	18	177	264120.0	0	0.0	264120.0	0	0.0	887.5	0	0.0	1065.0	0	0.0	1065.0	0	0.0
home	18	178	265608.0	18	0.8387698042870456	265608.0	18	0.8387698042870456	892.5	0	0.0	1071.0	0	0.0	1071.0	0	0.0
home	18	179	267096.0	18	0.8387698042870456	267096.0	18	0.8387698042870456	897.5	0	0.0	1077.0	0	0.0	1077.0	0	0.0
home	18	180	268584.0	0	0.0	268584.0	0	0.0	902.5	0	0.0	1083.0	0	0.0	1083.0	0	0.0
home	18	181	270072.0	18	0.8387698042870456	270072.0	18	0.8387698042870456	907.5	0	0.0	1089.0	0	0.0	1089.0	0	0.0
home	18	182	271560.0	0	0.0	271560.0	0	0.0	912.5	0	0.0	1095.0	0	0.0	1095.0	0	0.0
home	18	183	273048.0	18	0.8387698042870456	273048.0	18	0.8387698042870456	917.5	0	0.0	1101.0	0	0.0	1101.0	0	0.0
home	18	184	274536.0	18	0.8387698042870456	274536.0	18	0.8387698042870456	922.5	0	0.0	1107.0	0	0.0	1107.0	0	0.0
home	18	185	276024.0	0	0.0	276024.0	0	0.0	927.5	1	0.046598322460391424	1113.0	0	0.0	1113.0	0	0.0
home	18	186	277512.0	18	0.8387698042870456	277512.0	18	0.8387698042870456	932.5	0	0.0	1119.0	0	0.0	1119.0	0	0.0
home	18	187	279000.0	0	0.0	279000.0	0	0.0	937.5	0	0.0	1125.0	0	0.0	1125.0	0	0.0
home	18	188	280488.0	18	0.8387698042870456	280488.0	18	0.8387698042870456	942.5	0	0.0	1131.0	0	0.0	1131.0	0	0.0
home	18	189	281976.0	18	0.8387698042870456	281976.0	18	0.8387698042870456	947.5	0	0.0	1137.0	0	0.0	1137.0	0	0.0
home	18	190	283464.0	0	0.0	283464.0	0	0.0	952.5	0	0.0	1143.0	0	0.0	1143.0	0	0.0
home	18	191	284952.0	18	0.8387698042870456	284952.0	18	0.8387698042870456	957.5	0	0.0	1149.0	0	0.0	1149.0	0	0.0
home	18	192	286440.0	0	0.0	286440.0	0	0.0	962.5	0	0.0	1155.0	0	0.0	1155.0	0	0.0
home	18	193	287928.0	18	0.8387698042870456	287928.0	18	0.8387698042870456	967.5	0	0.0	1161.0	0	0.0	1161.0	0	0.0
home	18	194	289416.0	18	0.8387698042870456	289416.0	18	0.8387698042870456	972.5	0	0.0	1167.0	0	0.0	1167.0	0	0.0
home	18	195	290904.0	0	0.0	290904.0	0	0.0	977.5	0	0.0	1173.0	0	0.0	1173.0	0	0.0
home	18	196	292392.0	18	0.8387698042870456	292392.0	18	0.8387698042870456	982.5	0	0.0	1179.0	0	0.0	1179.0	0	0.0
home	18	197	293880.0	1	0.046598322460391424	293880.0	1	0.046598322460391424	987.5	0	0.0	1185.0	0	0.0	1185.0	0	0.0
home	18	198	295368.0	18	0.8387698042870456	295368.0	18	0.8387698042870456	992.5	0	0.0	1191.0	0	0.0	1191.0	0	0.0
home	18	199	296856.0	18	0.8387698042870456	296856.0	18	0.8387698042870456	997.5	0	0.0	1197.0	0	0.0	1197.0	0	0.0
