'Request type'	'Load'	'Bucket'	'Start time'	'Absolute'	'Percent of requests'	'End time'	'Absolute'	'Percent of requests'	'Residence time'	'Absolute'	'Percent of requests'	'Theor. think time'	'Absolute'	'Percent of requests'	'Actual think time'	'Absolute'	'Percent of requests'
login	5	0	758.5	5	1.4450867052023122	758.5	0	0.0	11.0	0	0.0	3.0	346	100.00000000000001	3.0	346	100.00000000000001
login	5	1	2275.5	0	0.0	2275.5	1	0.28901734104046245	33.0	0	0.0	9.0	0	0.0	9.0	0	0.0
login	5	2	3792.5	0	0.0	3792.5	4	1.1560693641618498	55.0	0	0.0	15.0	0	0.0	15.0	0	0.0
login	5	3	5309.5	5	1.4450867052023122	5309.5	0	0.0	77.0	0	0.0	21.0	0	0.0	21.0	0	0.0
login	5	4	6826.5	0	0.0	6826.5	1	0.28901734104046245	99.0	0	0.0	27.0	0	0.0	27.0	0	0.0
login	5	5	8343.5	0	0.0	8343.5	2	0.5780346820809249	121.0	0	0.0	33.0	0	0.0	33.0	0	0.0
login	5	6	9860.5	4	1.1560693641618498	9860.5	2	0.5780346820809249	143.0	0	0.0	39.0	0	0.0	39.0	0	0.0
login	5	7	11377.5	1	0.28901734104046245	11377.5	2	0.5780346820809249	165.0	0	0.0	45.0	0	0.0	45.0	0	0.0
login	5	8	12894.5	3	0.8670520231213874	12894.5	3	0.8670520231213874	187.0	0	0.0	51.0	0	0.0	51.0	0	0.0
login	5	9	14411.5	2	0.5780346820809249	14411.5	1	0.28901734104046245	209.0	0	0.0	57.0	0	0.0	57.0	0	0.0
login	5	10	15928.5	0	0.0	15928.5	1	0.28901734104046245	231.0	0	0.0	63.0	0	0.0	63.0	0	0.0
login	5	11	17445.5	2	0.5780346820809249	17445.5	3	0.8670520231213874	253.0	0	0.0	69.0	0	0.0	69.0	0	0.0
login	5	12	18962.5	3	0.8670520231213874	18962.5	1	0.28901734104046245	275.0	0	0.0	75.0	0	0.0	75.0	0	0.0
login	5	13	20479.5	0	0.0	20479.5	1	0.28901734104046245	297.0	0	0.0	81.0	0	0.0	81.0	0	0.0
login	5	14	21996.5	3	0.8670520231213874	21996.5	2	0.5780346820809249	319.0	0	0.0	87.0	0	0.0	87.0	0	0.0
login	5	15	23513.5	2	0.5780346820809249	23513.5	1	0.28901734104046245	341.0	0	0.0	93.0	0	0.0	93.0	0	0.0
login	5	16	25030.5	0	0.0	25030.5	3	0.8670520231213874	363.0	0	0.0	99.0	0	0.0	99.0	0	0.0
login	5	17	26547.5	3	0.8670520231213874	26547.5	1	0.28901734104046245	385.0	0	0.0	105.0	0	0.0	105.0	0	0.0
login	5	18	28064.5	1	0.28901734104046245	28064.5	2	0.5780346820809249	407.0	0	0.0	111.0	0	0.0	111.0	0	0.0
login	5	19	29581.5	3	0.8670520231213874	29581.5	2	0.5780346820809249	429.0	0	0.0	117.0	0	0.0	117.0	0	0.0
login	5	20	31098.5	1	0.28901734104046245	31098.5	1	0.28901734104046245	451.0	0	0.0	123.0	0	0.0	123.0	0	0.0
login	5	21	32615.5	3	0.8670520231213874	32615.5	3	0.8670520231213874	473.0	0	0.0	129.0	0	0.0	129.0	0	0.0
login	5	22	34132.5	2	0.5780346820809249	34132.5	1	0.28901734104046245	495.0	0	0.0	135.0	0	0.0	135.0	0	0.0
login	5	23	35649.5	0	0.0	35649.5	1	0.28901734104046245	517.0	0	0.0	141.0	0	0.0	141.0	0	0.0
login	5	24	37166.5	0	0.0	37166.5	4	1.1560693641618498	539.0	0	0.0	147.0	0	0.0	147.0	0	0.0
login	5	25	38683.5	5	1.4450867052023122	38683.5	0	0.0	561.0	0	0.0	153.0	0	0.0	153.0	0	0.0
login	5	26	40200.5	0	0.0	40200.5	1	0.28901734104046245	583.0	0	0.0	159.0	0	0.0	159.0	0	0.0
login	5	27	41717.5	2	0.5780346820809249	41717.5	4	1.1560693641618498	605.0	0	0.0	165.0	0	0.0	165.0	0	0.0
login	5	28	43234.5	3	0.8670520231213874	43234.5	0	0.0	627.0	0	0.0	171.0	0	0.0	171.0	0	0.0
login	5	29	44751.5	0	0.0	44751.5	1	0.28901734104046245	649.0	0	0.0	177.0	0	0.0	177.0	0	0.0
login	5	30	46268.5	4	1.1560693641618498	46268.5	4	1.1560693641618498	671.0	0	0.0	183.0	0	0.0	183.0	0	0.0
login	5	31	47785.5	1	0.28901734104046245	47785.5	1	0.28901734104046245	693.0	0	0.0	189.0	0	0.0	189.0	0	0.0
login	5	32	49302.5	0	0.0	49302.5	1	0.28901734104046245	715.0	0	0.0	195.0	0	0.0	195.0	0	0.0
login	5	33	50819.5	2	0.5780346820809249	50819.5	3	0.8670520231213874	737.0	0	0.0	201.0	0	0.0	201.0	0	0.0
login	5	34	52336.5	3	0.8670520231213874	52336.5	2	0.5780346820809249	759.0	0	0.0	207.0	0	0.0	207.0	0	0.0
login	5	35	53853.5	2	0.5780346820809249	53853.5	1	0.28901734104046245	781.0	0	0.0	213.0	0	0.0	213.0	0	0.0
login	5	36	55370.5	1	0.28901734104046245	55370.5	2	0.5780346820809249	803.0	0	0.0	219.0	0	0.0	219.0	0	0.0
login	5	37	56887.5	2	0.5780346820809249	56887.5	1	0.28901734104046245	825.0	0	0.0	225.0	0	0.0	225.0	0	0.0
login	5	38	58404.5	2	0.5780346820809249	58404.5	4	1.1560693641618498	847.0	0	0.0	231.0	0	0.0	231.0	0	0.0
login	5	39	59921.5	3	0.8670520231213874	59921.5	0	0.0	869.0	0	0.0	237.0	0	0.0	237.0	0	0.0
login	5	40	61438.5	0	0.0	61438.5	1	0.28901734104046245	891.0	0	0.0	243.0	0	0.0	243.0	0	0.0
login	5	41	62955.5	3	0.8670520231213874	62955.5	4	1.1560693641618498	913.0	0	0.0	249.0	0	0.0	249.0	0	0.0
login	5	42	64472.5	2	0.5780346820809249	64472.5	0	0.0	935.0	0	0.0	255.0	0	0.0	255.0	0	0.0
login	5	43	65989.5	0	0.0	65989.5	3	0.8670520231213874	957.0	0	0.0	261.0	0	0.0	261.0	0	0.0
login	5	44	67506.5	3	0.8670520231213874	67506.5	2	0.5780346820809249	979.0	0	0.0	267.0	0	0.0	267.0	0	0.0
login	5	45	69023.5	2	0.5780346820809249	69023.5	0	0.0	1001.0	0	0.0	273.0	0	0.0	273.0	0	0.0
login	5	46	70540.5	0	0.0	70540.5	3	0.8670520231213874	1023.0	0	0.0	279.0	0	0.0	279.0	0	0.0
login	5	47	72057.5	4	1.1560693641618498	72057.5	2	0.5780346820809249	1045.0	0	0.0	285.0	0	0.0	285.0	0	0.0
login	5	48	73574.5	1	0.28901734104046245	73574.5	1	0.28901734104046245	1067.0	0	0.0	291.0	0	0.0	291.0	0	0.0
login	5	49	75091.5	0	0.0	75091.5	0	0.0	1089.0	0	0.0	297.0	0	0.0	297.0	0	0.0
login	5	50	76608.5	2	0.5780346820809249	76608.5	4	1.1560693641618498	1111.0	0	0.0	303.0	0	0.0	303.0	0	0.0
login	5	51	78125.5	3	0.8670520231213874	78125.5	0	0.0	1133.0	0	0.0	309.0	0	0.0	309.0	0	0.0
login	5	52	79642.5	0	0.0	79642.5	3	0.8670520231213874	1155.0	0	0.0	315.0	0	0.0	315.0	0	0.0
login	5	53	81159.5	4	1.1560693641618498	81159.5	2	0.5780346820809249	1177.0	0	0.0	321.0	0	0.0	321.0	0	0.0
login	5	54	82676.5	1	0.28901734104046245	82676.5	1	0.28901734104046245	1199.0	0	0.0	327.0	0	0.0	327.0	0	0.0
login	5	55	84193.5	0	0.0	84193.5	1	0.28901734104046245	1221.0	0	0.0	333.0	0	0.0	333.0	0	0.0
login	5	56	85710.5	4	1.1560693641618498	85710.5	3	0.8670520231213874	1243.0	0	0.0	339.0	0	0.0	339.0	0	0.0
login	5	57	87227.5	1	0.28901734104046245	87227.5	1	0.28901734104046245	1265.0	0	0.0	345.0	0	0.0	345.0	0	0.0
login	5	58	88744.5	0	0.0	88744.5	3	0.8670520231213874	1287.0	1	0.28901734104046245	351.0	0	0.0	351.0	0	0.0
login	5	59	90261.5	5	1.4450867052023122	90261.5	1	0.28901734104046245	1309.0	0	0.0	357.0	0	0.0	357.0	0	0.0
login	5	60	91778.5	0	0.0	91778.5	1	0.28901734104046245	1331.0	0	0.0	363.0	0	0.0	363.0	0	0.0
login	5	61	93295.5	0	0.0	93295.5	4	1.1560693641618498	1353.0	0	0.0	369.0	0	0.0	369.0	0	0.0
login	5	62	94812.5	5	1.4450867052023122	94812.5	0	0.0	1375.0	0	0.0	375.0	0	0.0	375.0	0	0.0
login	5	63	96329.5	0	0.0	96329.5	0	0.0	1397.0	5	1.4450867052023122	381.0	0	0.0	381.0	0	0.0
login	5	64	97846.5	2	0.5780346820809249	97846.5	5	1.4450867052023122	1419.0	0	0.0	387.0	0	0.0	387.0	0	0.0
login	5	65	99363.5	3	0.8670520231213874	99363.5	1	0.28901734104046245	1441.0	0	0.0	393.0	0	0.0	393.0	0	0.0
login	5	66	100880.5	0	0.0	100880.5	1	0.28901734104046245	1463.0	0	0.0	399.0	0	0.0	399.0	0	0.0
login	5	67	102397.5	2	0.5780346820809249	102397.5	3	0.8670520231213874	1485.0	1	0.28901734104046245	405.0	0	0.0	405.0	0	0.0
login	5	68	103914.5	3	0.8670520231213874	103914.5	1	0.28901734104046245	1507.0	2	0.5780346820809249	411.0	0	0.0	411.0	0	0.0
login	5	69	105431.5	0	0.0	105431.5	1	0.28901734104046245	1529.0	0	0.0	417.0	0	0.0	417.0	0	0.0
login	5	70	106948.5	2	0.5780346820809249	106948.5	3	0.8670520231213874	1551.0	0	0.0	423.0	0	0.0	423.0	0	0.0
login	5	71	108465.5	3	0.8670520231213874	108465.5	0	0.0	1573.0	0	0.0	429.0	0	0.0	429.0	0	0.0
login	5	72	109982.5	2	0.5780346820809249	109982.5	4	1.1560693641618498	1595.0	4	1.1560693641618498	435.0	0	0.0	435.0	0	0.0
login	5	73	111499.5	2	0.5780346820809249	111499.5	1	0.28901734104046245	1617.0	1	0.28901734104046245	441.0	0	0.0	441.0	0	0.0
login	5	74	113016.5	1	0.28901734104046245	113016.5	1	0.28901734104046245	1639.0	0	0.0	447.0	0	0.0	447.0	0	0.0
login	5	75	114533.5	0	0.0	114533.5	2	0.5780346820809249	1661.0	1	0.28901734104046245	453.0	0	0.0	453.0	0	0.0
login	5	76	116050.5	3	0.8670520231213874	116050.5	2	0.5780346820809249	1683.0	1	0.28901734104046245	459.0	0	0.0	459.0	0	0.0
login	5	77	117567.5	2	0.5780346820809249	117567.5	1	0.28901734104046245	1705.0	6	1.7341040462427748	465.0	0	0.0	465.0	0	0.0
login	5	78	119084.5	0	0.0	119084.5	1	0.28901734104046245	1727.0	0	0.0	471.0	0	0.0	471.0	0	0.0
login	5	79	120601.5	4	1.1560693641618498	120601.5	3	0.8670520231213874	1749.0	0	0.0	477.0	0	0.0	477.0	0	0.0
login	5	80	122118.5	1	0.28901734104046245	122118.5	1	0.28901734104046245	1771.0	1	0.28901734104046245	483.0	0	0.0	483.0	0	0.0
login	5	81	123635.5	0	0.0	123635.5	1	0.28901734104046245	1793.0	4	1.1560693641618498	489.0	0	0.0	489.0	0	0.0
login	5	82	125152.5	2	0.5780346820809249	125152.5	3	0.8670520231213874	1815.0	1	0.28901734104046245	495.0	0	0.0	495.0	0	0.0
login	5	83	126669.5	3	0.8670520231213874	126669.5	1	0.28901734104046245	1837.0	0	0.0	501.0	0	0.0	501.0	0	0.0
login	5	84	128186.5	0	0.0	128186.5	2	0.5780346820809249	1859.0	0	0.0	507.0	0	0.0	507.0	0	0.0
login	5	85	129703.5	5	1.4450867052023122	129703.5	2	0.5780346820809249	1881.0	1	0.28901734104046245	513.0	0	0.0	513.0	0	0.0
login	5	86	131220.5	0	0.0	131220.5	1	0.28901734104046245	1903.0	8	2.3121387283236996	519.0	0	0.0	519.0	0	0.0
login	5	87	132737.5	2	0.5780346820809249	132737.5	1	0.28901734104046245	1925.0	0	0.0	525.0	0	0.0	525.0	0	0.0
login	5	88	134254.5	0	0.0	134254.5	3	0.8670520231213874	1947.0	0	0.0	531.0	0	0.0	531.0	0	0.0
login	5	89	135771.5	4	1.1560693641618498	135771.5	2	0.5780346820809249	1969.0	0	0.0	537.0	0	0.0	537.0	0	0.0
login	5	90	137288.5	1	0.28901734104046245	137288.5	1	0.28901734104046245	1991.0	3	0.8670520231213874	543.0	0	0.0	543.0	0	0.0
login	5	91	138805.5	0	0.0	138805.5	3	0.8670520231213874	2013.0	0	0.0	549.0	0	0.0	549.0	0	0.0
login	5	92	140322.5	5	1.4450867052023122	140322.5	1	0.28901734104046245	2035.0	0	0.0	555.0	0	0.0	555.0	0	0.0
login	5	93	141839.5	0	0.0	141839.5	1	0.28901734104046245	2057.0	0	0.0	561.0	0	0.0	561.0	0	0.0
login	5	94	143356.5	0	0.0	143356.5	2	0.5780346820809249	2079.0	0	0.0	567.0	0	0.0	567.0	0	0.0
login	5	95	144873.5	4	1.1560693641618498	144873.5	2	0.5780346820809249	2101.0	8	2.3121387283236996	573.0	0	0.0	573.0	0	0.0
login	5	96	146390.5	1	0.28901734104046245	146390.5	1	0.28901734104046245	2123.0	0	0.0	579.0	0	0.0	579.0	0	0.0
login	5	97	147907.5	0	0.0	147907.5	4	1.1560693641618498	2145.0	0	0.0	585.0	0	0.0	585.0	0	0.0
login	5	98	149424.5	5	1.4450867052023122	149424.5	0	0.0	2167.0	0	0.0	591.0	0	0.0	591.0	0	0.0
login	5	99	150941.5	0	0.0	150941.5	0	0.0	2189.0	7	2.023121387283237	597.0	0	0.0	597.0	0	0.0
login	5	100	152458.5	0	0.0	152458.5	4	1.1560693641618498	2211.0	3	0.8670520231213874	603.0	0	0.0	603.0	0	0.0
login	5	101	153975.5	5	1.4450867052023122	153975.5	1	0.28901734104046245	2233.0	0	0.0	609.0	0	0.0	609.0	0	0.0
login	5	102	155492.5	0	0.0	155492.5	0	0.0	2255.0	0	0.0	615.0	0	0.0	615.0	0	0.0
login	5	103	157009.5	0	0.0	157009.5	4	1.1560693641618498	2277.0	0	0.0	621.0	0	0.0	621.0	0	0.0
login	5	104	158526.5	5	1.4450867052023122	158526.5	1	0.28901734104046245	2299.0	8	2.3121387283236996	627.0	0	0.0	627.0	0	0.0
login	5	105	160043.5	0	0.0	160043.5	1	0.28901734104046245	2321.0	1	0.28901734104046245	633.0	0	0.0	633.0	0	0.0
login	5	106	161560.5	0	0.0	161560.5	2	0.5780346820809249	2343.0	0	0.0	639.0	0	0.0	639.0	0	0.0
login	5	107	163077.5	5	1.4450867052023122	163077.5	2	0.5780346820809249	2365.0	0	0.0	645.0	0	0.0	645.0	0	0.0
login	5	108	164594.5	0	0.0	164594.5	1	0.28901734104046245	2387.0	4	1.1560693641618498	651.0	0	0.0	651.0	0	0.0
login	5	109	166111.5	0	0.0	166111.5	3	0.8670520231213874	2409.0	4	1.1560693641618498	657.0	0	0.0	657.0	0	0.0
login	5	110	167628.5	5	1.4450867052023122	167628.5	1	0.28901734104046245	2431.0	0	0.0	663.0	0	0.0	663.0	0	0.0
login	5	111	169145.5	0	0.0	169145.5	1	0.28901734104046245	2453.0	0	0.0	669.0	0	0.0	669.0	0	0.0
login	5	112	170662.5	1	0.28901734104046245	170662.5	2	0.5780346820809249	2475.0	1	0.28901734104046245	675.0	0	0.0	675.0	0	0.0
login	5	113	172179.5	4	1.1560693641618498	172179.5	2	0.5780346820809249	2497.0	9	2.601156069364162	681.0	0	0.0	681.0	0	0.0
login	5	114	173696.5	0	0.0	173696.5	3	0.8670520231213874	2519.0	0	0.0	687.0	0	0.0	687.0	0	0.0
login	5	115	175213.5	3	0.8670520231213874	175213.5	1	0.28901734104046245	2541.0	0	0.0	693.0	0	0.0	693.0	0	0.0
login	5	116	176730.5	2	0.5780346820809249	176730.5	1	0.28901734104046245	2563.0	0	0.0	699.0	0	0.0	699.0	0	0.0
login	5	117	178247.5	0	0.0	178247.5	3	0.8670520231213874	2585.0	5	1.4450867052023122	705.0	0	0.0	705.0	0	0.0
login	5	118	179764.5	3	0.8670520231213874	179764.5	2	0.5780346820809249	2607.0	4	1.1560693641618498	711.0	0	0.0	711.0	0	0.0
login	5	119	181281.5	2	0.5780346820809249	181281.5	0	0.0	2629.0	0	0.0	717.0	0	0.0	717.0	0	0.0
login	5	120	182798.5	0	0.0	182798.5	3	0.8670520231213874	2651.0	0	0.0	723.0	0	0.0	723.0	0	0.0
login	5	121	184315.5	4	1.1560693641618498	184315.5	2	0.5780346820809249	2673.0	0	0.0	729.0	0	0.0	729.0	0	0.0
login	5	122	185832.5	1	0.28901734104046245	185832.5	1	0.28901734104046245	2695.0	14	4.046242774566474	735.0	0	0.0	735.0	0	0.0
login	5	123	187349.5	1	0.28901734104046245	187349.5	2	0.5780346820809249	2717.0	0	0.0	741.0	0	0.0	741.0	0	0.0
login	5	124	188866.5	3	0.8670520231213874	188866.5	3	0.8670520231213874	2739.0	0	0.0	747.0	0	0.0	747.0	0	0.0
login	5	125	190383.5	2	0.5780346820809249	190383.5	1	0.28901734104046245	2761.0	0	0.0	753.0	0	0.0	753.0	0	0.0
login	5	126	191900.5	0	0.0	191900.5	1	0.28901734104046245	2783.0	4	1.1560693641618498	759.0	0	0.0	759.0	0	0.0
login	5	127	193417.5	3	0.8670520231213874	193417.5	3	0.8670520231213874	2805.0	11	3.179190751445087	765.0	0	0.0	765.0	0	0.0
login	5	128	194934.5	2	0.5780346820809249	194934.5	1	0.28901734104046245	2827.0	0	0.0	771.0	0	0.0	771.0	0	0.0
login	5	129	196451.5	0	0.0	196451.5	1	0.28901734104046245	2849.0	0	0.0	777.0	0	0.0	777.0	0	0.0
login	5	130	197968.5	3	0.8670520231213874	197968.5	3	0.8670520231213874	2871.0	1	0.28901734104046245	783.0	0	0.0	783.0	0	0.0
login	5	131	199485.5	2	0.5780346820809249	199485.5	1	0.28901734104046245	2893.0	16	4.624277456647399	789.0	0	0.0	789.0	0	0.0
login	5	132	201002.5	0	0.0	201002.5	1	0.28901734104046245	2915.0	1	0.28901734104046245	795.0	0	0.0	795.0	0	0.0
login	5	133	202519.5	3	0.8670520231213874	202519.5	3	0.8670520231213874	2937.0	0	0.0	801.0	0	0.0	801.0	0	0.0
login	5	134	204036.5	2	0.5780346820809249	204036.5	1	0.28901734104046245	2959.0	0	0.0	807.0	0	0.0	807.0	0	0.0
login	5	135	205553.5	0	0.0	205553.5	1	0.28901734104046245	2981.0	4	1.1560693641618498	813.0	0	0.0	813.0	0	0.0
login	5	136	207070.5	3	0.8670520231213874	207070.5	3	0.8670520231213874	3003.0	18	5.202312138728324	819.0	0	0.0	819.0	0	0.0
login	5	137	208587.5	2	0.5780346820809249	208587.5	1	0.28901734104046245	3025.0	1	0.28901734104046245	825.0	0	0.0	825.0	0	0.0
login	5	138	210104.5	0	0.0	210104.5	3	0.8670520231213874	3047.0	0	0.0	831.0	0	0.0	831.0	0	0.0
login	5	139	211621.5	5	1.4450867052023122	211621.5	1	0.28901734104046245	3069.0	1	0.28901734104046245	837.0	0	0.0	837.0	0	0.0
login	5	140	213138.5	0	0.0	213138.5	0	0.0	3091.0	16	4.624277456647399	843.0	0	0.0	843.0	0	0.0
login	5	141	214655.5	0	0.0	214655.5	4	1.1560693641618498	3113.0	2	0.5780346820809249	849.0	0	0.0	849.0	0	0.0
login	5	142	216172.5	5	1.4450867052023122	216172.5	1	0.28901734104046245	3135.0	0	0.0	855.0	0	0.0	855.0	0	0.0
login	5	143	217689.5	0	0.0	217689.5	2	0.5780346820809249	3157.0	0	0.0	861.0	0	0.0	861.0	0	0.0
login	5	144	219206.5	2	0.5780346820809249	219206.5	3	0.8670520231213874	3179.0	2	0.5780346820809249	867.0	0	0.0	867.0	0	0.0
login	5	145	220723.5	3	0.8670520231213874	220723.5	1	0.28901734104046245	3201.0	16	4.624277456647399	873.0	0	0.0	873.0	0	0.0
login	5	146	222240.5	0	0.0	222240.5	1	0.28901734104046245	3223.0	1	0.28901734104046245	879.0	0	0.0	879.0	0	0.0
login	5	147	223757.5	2	0.5780346820809249	223757.5	3	0.8670520231213874	3245.0	0	0.0	885.0	0	0.0	885.0	0	0.0
login	5	148	225274.5	3	0.8670520231213874	225274.5	0	0.0	3267.0	1	0.28901734104046245	891.0	0	0.0	891.0	0	0.0
login	5	149	226791.5	0	0.0	226791.5	2	0.5780346820809249	3289.0	11	3.179190751445087	897.0	0	0.0	897.0	0	0.0
login	5	150	228308.5	3	0.8670520231213874	228308.5	3	0.8670520231213874	3311.0	10	2.8901734104046244	903.0	0	0.0	903.0	0	0.0
login	5	151	229825.5	2	0.5780346820809249	229825.5	0	0.0	3333.0	1	0.28901734104046245	909.0	0	0.0	909.0	0	0.0
login	5	152	231342.5	0	0.0	231342.5	3	0.8670520231213874	3355.0	0	0.0	915.0	0	0.0	915.0	0	0.0
login	5	153	232859.5	4	1.1560693641618498	232859.5	2	0.5780346820809249	3377.0	2	0.5780346820809249	921.0	0	0.0	921.0	0	0.0
login	5	154	234376.5	1	0.28901734104046245	234376.5	0	0.0	3399.0	16	4.624277456647399	927.0	0	0.0	927.0	0	0.0
login	5	155	235893.5	1	0.28901734104046245	235893.5	4	1.1560693641618498	3421.0	1	0.28901734104046245	933.0	0	0.0	933.0	0	0.0
login	5	156	237410.5	3	0.8670520231213874	237410.5	1	0.28901734104046245	3443.0	0	0.0	939.0	0	0.0	939.0	0	0.0
login	5	157	238927.5	1	0.28901734104046245	238927.5	1	0.28901734104046245	3465.0	1	0.28901734104046245	945.0	0	0.0	945.0	0	0.0
login	5	158	240444.5	0	0.0	240444.5	4	1.1560693641618498	3487.0	8	2.3121387283236996	951.0	0	0.0	951.0	0	0.0
login	5	159	241961.5	5	1.4450867052023122	241961.5	0	0.0	3509.0	11	3.179190751445087	957.0	0	0.0	957.0	0	0.0
login	5	160	243478.5	0	0.0	243478.5	0	0.0	3531.0	0	0.0	963.0	0	0.0	963.0	0	0.0
login	5	161	244995.5	0	0.0	244995.5	5	1.4450867052023122	3553.0	0	0.0	969.0	0	0.0	969.0	0	0.0
login	5	162	246512.5	5	1.4450867052023122	246512.5	1	0.28901734104046245	3575.0	2	0.5780346820809249	975.0	0	0.0	975.0	0	0.0
login	5	163	248029.5	0	0.0	248029.5	1	0.28901734104046245	3597.0	20	5.780346820809249	981.0	0	0.0	981.0	0	0.0
login	5	164	249546.5	2	0.5780346820809249	249546.5	3	0.8670520231213874	3619.0	1	0.28901734104046245	987.0	0	0.0	987.0	0	0.0
login	5	165	251063.5	3	0.8670520231213874	251063.5	0	0.0	3641.0	0	0.0	993.0	0	0.0	993.0	0	0.0
login	5	166	252580.5	0	0.0	252580.5	3	0.8670520231213874	3663.0	0	0.0	999.0	0	0.0	999.0	0	0.0
login	5	167	254097.5	4	1.1560693641618498	254097.5	2	0.5780346820809249	3685.0	9	2.601156069364162	1005.0	0	0.0	1005.0	0	0.0
login	5	168	255614.5	1	0.28901734104046245	255614.5	0	0.0	3707.0	6	1.7341040462427748	1011.0	0	0.0	1011.0	0	0.0
login	5	169	257131.5	0	0.0	257131.5	3	0.8670520231213874	3729.0	0	0.0	1017.0	0	0.0	1017.0	0	0.0
login	5	170	258648.5	5	1.4450867052023122	258648.5	2	0.5780346820809249	3751.0	0	0.0	1023.0	0	0.0	1023.0	0	0.0
login	5	171	260165.5	0	0.0	260165.5	1	0.28901734104046245	3773.0	1	0.28901734104046245	1029.0	0	0.0	1029.0	0	0.0
login	5	172	261682.5	0	0.0	261682.5	3	0.8670520231213874	3795.0	12	3.4682080924855496	1035.0	0	0.0	1035.0	0	0.0
login	5	173	263199.5	4	1.1560693641618498	263199.5	1	0.28901734104046245	3817.0	1	0.28901734104046245	1041.0	0	0.0	1041.0	0	0.0
login	5	174	264716.5	1	0.28901734104046245	264716.5	1	0.28901734104046245	3839.0	0	0.0	1047.0	0	0.0	1047.0	0	0.0
login	5	175	266233.5	0	0.0	266233.5	3	0.8670520231213874	3861.0	0	0.0	1053.0	0	0.0	1053.0	0	0.0
login	5	176	267750.5	5	1.4450867052023122	267750.5	1	0.28901734104046245	3883.0	4	1.1560693641618498	1059.0	0	0.0	1059.0	0	0.0
login	5	177	269267.5	0	0.0	269267.5	1	0.28901734104046245	3905.0	5	1.4450867052023122	1065.0	0	0.0	1065.0	0	0.0
login	5	178	270784.5	0	0.0	270784.5	4	1.1560693641618498	3927.0	1	0.28901734104046245	1071.0	0	0.0	1071.0	0	0.0
login	5	179	272301.5	5	1.4450867052023122	272301.5	0	0.0	3949.0	0	0.0	1077.0	0	0.0	1077.0	0	0.0
login	5	180	273818.5	0	0.0	273818.5	1	0.28901734104046245	3971.0	0	0.0	1083.0	0	0.0	1083.0	0	0.0
login	5	181	275335.5	0	0.0	275335.5	3	0.8670520231213874	3993.0	2	0.5780346820809249	1089.0	0	0.0	1089.0	0	0.0
login	5	182	276852.5	5	1.4450867052023122	276852.5	1	0.28901734104046245	4015.0	3	0.8670520231213874	1095.0	0	0.0	1095.0	0	0.0
login	5	183	278369.5	0	0.0	278369.5	0	0.0	4037.0	0	0.0	1101.0	0	0.0	1101.0	0	0.0
login	5	184	279886.5	1	0.28901734104046245	279886.5	4	1.1560693641618498	4059.0	0	0.0	1107.0	0	0.0	1107.0	0	0.0
login	5	185	281403.5	4	1.1560693641618498	281403.5	1	0.28901734104046245	4081.0	1	0.28901734104046245	1113.0	0	0.0	1113.0	0	0.0
login	5	186	282920.5	0	0.0	282920.5	1	0.28901734104046245	4103.0	5	1.4450867052023122	1119.0	0	0.0	1119.0	0	0.0
login	5	187	284437.5	2	0.5780346820809249	284437.5	4	1.1560693641618498	4125.0	0	0.0	1125.0	0	0.0	1125.0	0	0.0
login	5	188	285954.5	3	0.8670520231213874	285954.5	0	0.0	4147.0	0	0.0	1131.0	0	0.0	1131.0	0	0.0
login	5	189	287471.5	0	0.0	287471.5	1	0.28901734104046245	4169.0	0	0.0	1137.0	0	0.0	1137.0	0	0.0
login	5	190	288988.5	3	0.8670520231213874	288988.5	4	1.1560693641618498	4191.0	4	1.1560693641618498	1143.0	0	0.0	1143.0	0	0.0
login	5	191	290505.5	2	0.5780346820809249	290505.5	0	0.0	4213.0	2	0.5780346820809249	1149.0	0	0.0	1149.0	0	0.0
login	5	192	292022.5	0	0.0	292022.5	1	0.28901734104046245	4235.0	0	0.0	1155.0	0	0.0	1155.0	0	0.0
login	5	193	293539.5	0	0.0	293539.5	4	1.1560693641618498	4257.0	0	0.0	1161.0	0	0.0	1161.0	0	0.0
login	5	194	295056.5	5	1.4450867052023122	295056.5	0	0.0	4279.0	0	0.0	1167.0	0	0.0	1167.0	0	0.0
login	5	195	296573.5	0	0.0	296573.5	1	0.28901734104046245	4301.0	2	0.5780346820809249	1173.0	0	0.0	1173.0	0	0.0
login	5	196	298090.5	0	0.0	298090.5	4	1.1560693641618498	4323.0	0	0.0	1179.0	0	0.0	1179.0	0	0.0
login	5	197	299607.5	5	1.4450867052023122	299607.5	0	0.0	4345.0	0	0.0	1185.0	0	0.0	1185.0	0	0.0
login	5	198	301124.5	0	0.0	301124.5	1	0.28901734104046245	4367.0	0	0.0	1191.0	0	0.0	1191.0	0	0.0
login	5	199	302641.5	0	0.0	302641.5	4	1.1560693641618498	4389.0	1	0.28901734104046245	1197.0	0	0.0	1197.0	0	0.0
info	5	0	741.0	3	0.8797653958944283	741.0	2	0.5865102639296188	4.5	111	32.551319648093845	3.0	341	100.0	3.0	341	100.0
info	5	1	2223.0	2	0.5865102639296188	2223.0	3	0.8797653958944283	13.5	10	2.932551319648094	9.0	0	0.0	9.0	0	0.0
info	5	2	3705.0	0	0.0	3705.0	0	0.0	22.5	0	0.0	15.0	0	0.0	15.0	0	0.0
info	5	3	5187.0	3	0.8797653958944283	5187.0	3	0.8797653958944283	31.5	0	0.0	21.0	0	0.0	21.0	0	0.0
info	5	4	6669.0	2	0.5865102639296188	6669.0	2	0.5865102639296188	40.5	0	0.0	27.0	0	0.0	27.0	0	0.0
info	5	5	8151.0	1	0.2932551319648094	8151.0	0	0.0	49.5	0	0.0	33.0	0	0.0	33.0	0	0.0
info	5	6	9633.0	2	0.5865102639296188	9633.0	3	0.8797653958944283	58.5	0	0.0	39.0	0	0.0	39.0	0	0.0
info	5	7	11115.0	2	0.5865102639296188	11115.0	2	0.5865102639296188	67.5	0	0.0	45.0	0	0.0	45.0	0	0.0
info	5	8	12597.0	1	0.2932551319648094	12597.0	0	0.0	76.5	4	1.1730205278592376	51.0	0	0.0	51.0	0	0.0
info	5	9	14079.0	1	0.2932551319648094	14079.0	2	0.5865102639296188	85.5	8	2.346041055718475	57.0	0	0.0	57.0	0	0.0
info	5	10	15561.0	3	0.8797653958944283	15561.0	3	0.8797653958944283	94.5	79	23.167155425219942	63.0	0	0.0	63.0	0	0.0
info	5	11	17043.0	1	0.2932551319648094	17043.0	0	0.0	103.5	38	11.143695014662757	69.0	0	0.0	69.0	0	0.0
info	5	12	18525.0	2	0.5865102639296188	18525.0	3	0.8797653958944283	112.5	2	0.5865102639296188	75.0	0	0.0	75.0	0	0.0
info	5	13	20007.0	2	0.5865102639296188	20007.0	2	0.5865102639296188	121.5	0	0.0	81.0	0	0.0	81.0	0	0.0
info	5	14	21489.0	1	0.2932551319648094	21489.0	0	0.0	130.5	0	0.0	87.0	0	0.0	87.0	0	0.0
info	5	15	22971.0	2	0.5865102639296188	22971.0	3	0.8797653958944283	139.5	0	0.0	93.0	0	0.0	93.0	0	0.0
info	5	16	24453.0	2	0.5865102639296188	24453.0	1	0.2932551319648094	148.5	0	0.0	99.0	0	0.0	99.0	0	0.0
info	5	17	25935.0	2	0.5865102639296188	25935.0	3	0.8797653958944283	157.5	0	0.0	105.0	0	0.0	105.0	0	0.0
info	5	18	27417.0	1	0.2932551319648094	27417.0	1	0.2932551319648094	166.5	0	0.0	111.0	0	0.0	111.0	0	0.0
info	5	19	28899.0	2	0.5865102639296188	28899.0	2	0.5865102639296188	175.5	0	0.0	117.0	0	0.0	117.0	0	0.0
info	5	20	30381.0	3	0.8797653958944283	30381.0	2	0.5865102639296188	184.5	1	0.2932551319648094	123.0	0	0.0	123.0	0	0.0
info	5	21	31863.0	0	0.0	31863.0	1	0.2932551319648094	193.5	14	4.105571847507331	129.0	0	0.0	129.0	0	0.0
info	5	22	33345.0	1	0.2932551319648094	33345.0	0	0.0	202.5	11	3.2258064516129035	135.0	0	0.0	135.0	0	0.0
info	5	23	34827.0	4	1.1730205278592376	34827.0	5	1.466275659824047	211.5	0	0.0	141.0	0	0.0	141.0	0	0.0
info	5	24	36309.0	0	0.0	36309.0	0	0.0	220.5	0	0.0	147.0	0	0.0	147.0	0	0.0
info	5	25	37791.0	1	0.2932551319648094	37791.0	0	0.0	229.5	0	0.0	153.0	0	0.0	153.0	0	0.0
info	5	26	39273.0	4	1.1730205278592376	39273.0	5	1.466275659824047	238.5	0	0.0	159.0	0	0.0	159.0	0	0.0
info	5	27	40755.0	0	0.0	40755.0	0	0.0	247.5	0	0.0	165.0	0	0.0	165.0	0	0.0
info	5	28	42237.0	1	0.2932551319648094	42237.0	0	0.0	256.5	0	0.0	171.0	0	0.0	171.0	0	0.0
info	5	29	43719.0	4	1.1730205278592376	43719.0	5	1.466275659824047	265.5	0	0.0	177.0	0	0.0	177.0	0	0.0
info	5	30	45201.0	1	0.2932551319648094	45201.0	0	0.0	274.5	0	0.0	183.0	0	0.0	183.0	0	0.0
info	5	31	46683.0	1	0.2932551319648094	46683.0	2	0.5865102639296188	283.5	0	0.0	189.0	0	0.0	189.0	0	0.0
info	5	32	48165.0	3	0.8797653958944283	48165.0	3	0.8797653958944283	292.5	3	0.8797653958944283	195.0	0	0.0	195.0	0	0.0
info	5	33	49647.0	0	0.0	49647.0	0	0.0	301.5	3	0.8797653958944283	201.0	0	0.0	201.0	0	0.0
info	5	34	51129.0	2	0.5865102639296188	51129.0	2	0.5865102639296188	310.5	0	0.0	207.0	0	0.0	207.0	0	0.0
info	5	35	52611.0	3	0.8797653958944283	52611.0	3	0.8797653958944283	319.5	0	0.0	213.0	0	0.0	213.0	0	0.0
info	5	36	54093.0	1	0.2932551319648094	54093.0	0	0.0	328.5	0	0.0	219.0	0	0.0	219.0	0	0.0
info	5	37	55575.0	2	0.5865102639296188	55575.0	3	0.8797653958944283	337.5	0	0.0	225.0	0	0.0	225.0	0	0.0
info	5	38	57057.0	2	0.5865102639296188	57057.0	2	0.5865102639296188	346.5	0	0.0	231.0	0	0.0	231.0	0	0.0
info	5	39	58539.0	1	0.2932551319648094	58539.0	0	0.0	355.5	0	0.0	237.0	0	0.0	237.0	0	0.0
info	5	40	60021.0	2	0.5865102639296188	60021.0	3	0.8797653958944283	364.5	0	0.0	243.0	0	0.0	243.0	0	0.0
info	5	41	61503.0	2	0.5865102639296188	61503.0	2	0.5865102639296188	373.5	0	0.0	249.0	0	0.0	249.0	0	0.0
info	5	42	62985.0	1	0.2932551319648094	62985.0	0	0.0	382.5	0	0.0	255.0	0	0.0	255.0	0	0.0
info	5	43	64467.0	3	0.8797653958944283	64467.0	4	1.1730205278592376	391.5	0	0.0	261.0	0	0.0	261.0	0	0.0
info	5	44	65949.0	1	0.2932551319648094	65949.0	1	0.2932551319648094	400.5	3	0.8797653958944283	267.0	0	0.0	267.0	0	0.0
info	5	45	67431.0	1	0.2932551319648094	67431.0	0	0.0	409.5	0	0.0	273.0	0	0.0	273.0	0	0.0
info	5	46	68913.0	4	1.1730205278592376	68913.0	5	1.466275659824047	418.5	0	0.0	279.0	0	0.0	279.0	0	0.0
info	5	47	70395.0	0	0.0	70395.0	0	0.0	427.5	0	0.0	285.0	0	0.0	285.0	0	0.0
info	5	48	71877.0	1	0.2932551319648094	71877.0	0	0.0	436.5	0	0.0	291.0	0	0.0	291.0	0	0.0
info	5	49	73359.0	1	0.2932551319648094	73359.0	2	0.5865102639296188	445.5	0	0.0	297.0	0	0.0	297.0	0	0.0
info	5	50	74841.0	3	0.8797653958944283	74841.0	3	0.8797653958944283	454.5	0	0.0	303.0	0	0.0	303.0	0	0.0
info	5	51	76323.0	1	0.2932551319648094	76323.0	0	0.0	463.5	0	0.0	309.0	0	0.0	309.0	0	0.0
info	5	52	77805.0	3	0.8797653958944283	77805.0	4	1.1730205278592376	472.5	0	0.0	315.0	0	0.0	315.0	0	0.0
info	5	53	79287.0	1	0.2932551319648094	79287.0	1	0.2932551319648094	481.5	0	0.0	321.0	0	0.0	321.0	0	0.0
info	5	54	80769.0	1	0.2932551319648094	80769.0	0	0.0	490.5	0	0.0	327.0	0	0.0	327.0	0	0.0
info	5	55	82251.0	3	0.8797653958944283	82251.0	4	1.1730205278592376	499.5	3	0.8797653958944283	333.0	0	0.0	333.0	0	0.0
info	5	56	83733.0	1	0.2932551319648094	83733.0	1	0.2932551319648094	508.5	0	0.0	339.0	0	0.0	339.0	0	0.0
info	5	57	85215.0	1	0.2932551319648094	85215.0	0	0.0	517.5	0	0.0	345.0	0	0.0	345.0	0	0.0
info	5	58	86697.0	4	1.1730205278592376	86697.0	5	1.466275659824047	526.5	0	0.0	351.0	0	0.0	351.0	0	0.0
info	5	59	88179.0	0	0.0	88179.0	0	0.0	535.5	0	0.0	357.0	0	0.0	357.0	0	0.0
info	5	60	89661.0	1	0.2932551319648094	89661.0	0	0.0	544.5	0	0.0	363.0	0	0.0	363.0	0	0.0
info	5	61	91143.0	4	1.1730205278592376	91143.0	5	1.466275659824047	553.5	0	0.0	369.0	0	0.0	369.0	0	0.0
info	5	62	92625.0	0	0.0	92625.0	0	0.0	562.5	0	0.0	375.0	0	0.0	375.0	0	0.0
info	5	63	94107.0	1	0.2932551319648094	94107.0	0	0.0	571.5	0	0.0	381.0	0	0.0	381.0	0	0.0
info	5	64	95589.0	4	1.1730205278592376	95589.0	5	1.466275659824047	580.5	0	0.0	387.0	0	0.0	387.0	0	0.0
info	5	65	97071.0	1	0.2932551319648094	97071.0	0	0.0	589.5	0	0.0	393.0	0	0.0	393.0	0	0.0
info	5	66	98553.0	1	0.2932551319648094	98553.0	2	0.5865102639296188	598.5	4	1.1730205278592376	399.0	0	0.0	399.0	0	0.0
info	5	67	100035.0	3	0.8797653958944283	100035.0	3	0.8797653958944283	607.5	0	0.0	405.0	0	0.0	405.0	0	0.0
info	5	68	101517.0	1	0.2932551319648094	101517.0	0	0.0	616.5	0	0.0	411.0	0	0.0	411.0	0	0.0
info	5	69	102999.0	1	0.2932551319648094	102999.0	2	0.5865102639296188	625.5	0	0.0	417.0	0	0.0	417.0	0	0.0
info	5	70	104481.0	3	0.8797653958944283	104481.0	3	0.8797653958944283	634.5	0	0.0	423.0	0	0.0	423.0	0	0.0
info	5	71	105963.0	0	0.0	105963.0	0	0.0	643.5	0	0.0	429.0	0	0.0	429.0	0	0.0
info	5	72	107445.0	3	0.8797653958944283	107445.0	3	0.8797653958944283	652.5	0	0.0	435.0	0	0.0	435.0	0	0.0
info	5	73	108927.0	2	0.5865102639296188	108927.0	2	0.5865102639296188	661.5	0	0.0	441.0	0	0.0	441.0	0	0.0
info	5	74	110409.0	0	0.0	110409.0	0	0.0	670.5	0	0.0	447.0	0	0.0	447.0	0	0.0
info	5	75	111891.0	1	0.2932551319648094	111891.0	0	0.0	679.5	0	0.0	453.0	0	0.0	453.0	0	0.0
info	5	76	113373.0	4	1.1730205278592376	113373.0	5	1.466275659824047	688.5	2	0.5865102639296188	459.0	0	0.0	459.0	0	0.0
info	5	77	114855.0	0	0.0	114855.0	0	0.0	697.5	0	0.0	465.0	0	0.0	465.0	0	0.0
info	5	78	116337.0	1	0.2932551319648094	116337.0	0	0.0	706.5	0	0.0	471.0	0	0.0	471.0	0	0.0
info	5	79	117819.0	4	1.1730205278592376	117819.0	5	1.466275659824047	715.5	0	0.0	477.0	0	0.0	477.0	0	0.0
info	5	80	119301.0	0	0.0	119301.0	0	0.0	724.5	0	0.0	483.0	0	0.0	483.0	0	0.0
info	5	81	120783.0	1	0.2932551319648094	120783.0	0	0.0	733.5	0	0.0	489.0	0	0.0	489.0	0	0.0
info	5	82	122265.0	4	1.1730205278592376	122265.0	5	1.466275659824047	742.5	0	0.0	495.0	0	0.0	495.0	0	0.0
info	5	83	123747.0	0	0.0	123747.0	0	0.0	751.5	0	0.0	501.0	0	0.0	501.0	0	0.0
info	5	84	125229.0	1	0.2932551319648094	125229.0	0	0.0	760.5	0	0.0	507.0	0	0.0	507.0	0	0.0
info	5	85	126711.0	4	1.1730205278592376	126711.0	5	1.466275659824047	769.5	0	0.0	513.0	0	0.0	513.0	0	0.0
info	5	86	128193.0	0	0.0	128193.0	0	0.0	778.5	0	0.0	519.0	0	0.0	519.0	0	0.0
info	5	87	129675.0	2	0.5865102639296188	129675.0	2	0.5865102639296188	787.5	0	0.0	525.0	0	0.0	525.0	0	0.0
info	5	88	131157.0	1	0.2932551319648094	131157.0	0	0.0	796.5	2	0.5865102639296188	531.0	0	0.0	531.0	0	0.0
info	5	89	132639.0	3	0.8797653958944283	132639.0	4	1.1730205278592376	805.5	1	0.2932551319648094	537.0	0	0.0	537.0	0	0.0
info	5	90	134121.0	1	0.2932551319648094	134121.0	1	0.2932551319648094	814.5	0	0.0	543.0	0	0.0	543.0	0	0.0
info	5	91	135603.0	2	0.5865102639296188	135603.0	2	0.5865102639296188	823.5	0	0.0	549.0	0	0.0	549.0	0	0.0
info	5	92	137085.0	3	0.8797653958944283	137085.0	3	0.8797653958944283	832.5	0	0.0	555.0	0	0.0	555.0	0	0.0
info	5	93	138567.0	1	0.2932551319648094	138567.0	0	0.0	841.5	0	0.0	561.0	0	0.0	561.0	0	0.0
info	5	94	140049.0	0	0.0	140049.0	0	0.0	850.5	0	0.0	567.0	0	0.0	567.0	0	0.0
info	5	95	141531.0	4	1.1730205278592376	141531.0	5	1.466275659824047	859.5	0	0.0	573.0	0	0.0	573.0	0	0.0
info	5	96	143013.0	0	0.0	143013.0	0	0.0	868.5	0	0.0	579.0	0	0.0	579.0	0	0.0
info	5	97	144495.0	1	0.2932551319648094	144495.0	0	0.0	877.5	0	0.0	585.0	0	0.0	585.0	0	0.0
info	5	98	145977.0	4	1.1730205278592376	145977.0	5	1.466275659824047	886.5	0	0.0	591.0	0	0.0	591.0	0	0.0
info	5	99	147459.0	0	0.0	147459.0	0	0.0	895.5	3	0.8797653958944283	597.0	0	0.0	597.0	0	0.0
info	5	100	148941.0	0	0.0	148941.0	0	0.0	904.5	0	0.0	603.0	0	0.0	603.0	0	0.0
info	5	101	150423.0	5	1.466275659824047	150423.0	4	1.1730205278592376	913.5	0	0.0	609.0	0	0.0	609.0	0	0.0
info	5	102	151905.0	0	0.0	151905.0	1	0.2932551319648094	922.5	0	0.0	615.0	0	0.0	615.0	0	0.0
info	5	103	153387.0	0	0.0	153387.0	0	0.0	931.5	0	0.0	621.0	0	0.0	621.0	0	0.0
info	5	104	154869.0	4	1.1730205278592376	154869.0	4	1.1730205278592376	940.5	0	0.0	627.0	0	0.0	627.0	0	0.0
info	5	105	156351.0	1	0.2932551319648094	156351.0	1	0.2932551319648094	949.5	0	0.0	633.0	0	0.0	633.0	0	0.0
info	5	106	157833.0	1	0.2932551319648094	157833.0	0	0.0	958.5	0	0.0	639.0	0	0.0	639.0	0	0.0
info	5	107	159315.0	2	0.5865102639296188	159315.0	3	0.8797653958944283	967.5	1	0.2932551319648094	645.0	0	0.0	645.0	0	0.0
info	5	108	160797.0	2	0.5865102639296188	160797.0	2	0.5865102639296188	976.5	0	0.0	651.0	0	0.0	651.0	0	0.0
info	5	109	162279.0	1	0.2932551319648094	162279.0	0	0.0	985.5	0	0.0	657.0	0	0.0	657.0	0	0.0
info	5	110	163761.0	3	0.8797653958944283	163761.0	4	1.1730205278592376	994.5	2	0.5865102639296188	663.0	0	0.0	663.0	0	0.0
info	5	111	165243.0	1	0.2932551319648094	165243.0	1	0.2932551319648094	1003.5	0	0.0	669.0	0	0.0	669.0	0	0.0
info	5	112	166725.0	1	0.2932551319648094	166725.0	0	0.0	1012.5	0	0.0	675.0	0	0.0	675.0	0	0.0
info	5	113	168207.0	2	0.5865102639296188	168207.0	3	0.8797653958944283	1021.5	0	0.0	681.0	0	0.0	681.0	0	0.0
info	5	114	169689.0	2	0.5865102639296188	169689.0	2	0.5865102639296188	1030.5	0	0.0	687.0	0	0.0	687.0	0	0.0
info	5	115	171171.0	2	0.5865102639296188	171171.0	2	0.5865102639296188	1039.5	0	0.0	693.0	0	0.0	693.0	0	0.0
info	5	116	172653.0	2	0.5865102639296188	172653.0	1	0.2932551319648094	1048.5	0	0.0	699.0	0	0.0	699.0	0	0.0
info	5	117	174135.0	1	0.2932551319648094	174135.0	2	0.5865102639296188	1057.5	0	0.0	705.0	0	0.0	705.0	0	0.0
info	5	118	175617.0	3	0.8797653958944283	175617.0	2	0.5865102639296188	1066.5	0	0.0	711.0	0	0.0	711.0	0	0.0
info	5	119	177099.0	2	0.5865102639296188	177099.0	3	0.8797653958944283	1075.5	0	0.0	717.0	0	0.0	717.0	0	0.0
info	5	120	178581.0	0	0.0	178581.0	0	0.0	1084.5	0	0.0	723.0	0	0.0	723.0	0	0.0
info	5	121	180063.0	2	0.5865102639296188	180063.0	2	0.5865102639296188	1093.5	1	0.2932551319648094	729.0	0	0.0	729.0	0	0.0
info	5	122	181545.0	3	0.8797653958944283	181545.0	3	0.8797653958944283	1102.5	1	0.2932551319648094	735.0	0	0.0	735.0	0	0.0
info	5	123	183027.0	1	0.2932551319648094	183027.0	1	0.2932551319648094	1111.5	0	0.0	741.0	0	0.0	741.0	0	0.0
info	5	124	184509.0	1	0.2932551319648094	184509.0	1	0.2932551319648094	1120.5	0	0.0	747.0	0	0.0	747.0	0	0.0
info	5	125	185991.0	3	0.8797653958944283	185991.0	2	0.5865102639296188	1129.5	0	0.0	753.0	0	0.0	753.0	0	0.0
info	5	126	187473.0	1	0.2932551319648094	187473.0	2	0.5865102639296188	1138.5	0	0.0	759.0	0	0.0	759.0	0	0.0
info	5	127	188955.0	1	0.2932551319648094	188955.0	0	0.0	1147.5	0	0.0	765.0	0	0.0	765.0	0	0.0
info	5	128	190437.0	3	0.8797653958944283	190437.0	4	1.1730205278592376	1156.5	0	0.0	771.0	0	0.0	771.0	0	0.0
info	5	129	191919.0	1	0.2932551319648094	191919.0	1	0.2932551319648094	1165.5	0	0.0	777.0	0	0.0	777.0	0	0.0
info	5	130	193401.0	1	0.2932551319648094	193401.0	0	0.0	1174.5	0	0.0	783.0	0	0.0	783.0	0	0.0
info	5	131	194883.0	3	0.8797653958944283	194883.0	4	1.1730205278592376	1183.5	0	0.0	789.0	0	0.0	789.0	0	0.0
info	5	132	196365.0	1	0.2932551319648094	196365.0	1	0.2932551319648094	1192.5	2	0.5865102639296188	795.0	0	0.0	795.0	0	0.0
info	5	133	197847.0	1	0.2932551319648094	197847.0	0	0.0	1201.5	0	0.0	801.0	0	0.0	801.0	0	0.0
info	5	134	199329.0	4	1.1730205278592376	199329.0	4	1.1730205278592376	1210.5	0	0.0	807.0	0	0.0	807.0	0	0.0
info	5	135	200811.0	0	0.0	200811.0	1	0.2932551319648094	1219.5	0	0.0	813.0	0	0.0	813.0	0	0.0
info	5	136	202293.0	1	0.2932551319648094	202293.0	0	0.0	1228.5	0	0.0	819.0	0	0.0	819.0	0	0.0
info	5	137	203775.0	3	0.8797653958944283	203775.0	3	0.8797653958944283	1237.5	0	0.0	825.0	0	0.0	825.0	0	0.0
info	5	138	205257.0	1	0.2932551319648094	205257.0	2	0.5865102639296188	1246.5	0	0.0	831.0	0	0.0	831.0	0	0.0
info	5	139	206739.0	2	0.5865102639296188	206739.0	0	0.0	1255.5	0	0.0	837.0	0	0.0	837.0	0	0.0
info	5	140	208221.0	3	0.8797653958944283	208221.0	5	1.466275659824047	1264.5	0	0.0	843.0	0	0.0	843.0	0	0.0
info	5	141	209703.0	0	0.0	209703.0	0	0.0	1273.5	0	0.0	849.0	0	0.0	849.0	0	0.0
info	5	142	211185.0	1	0.2932551319648094	211185.0	0	0.0	1282.5	0	0.0	855.0	0	0.0	855.0	0	0.0
info	5	143	212667.0	4	1.1730205278592376	212667.0	5	1.466275659824047	1291.5	2	0.5865102639296188	861.0	0	0.0	861.0	0	0.0
info	5	144	214149.0	1	0.2932551319648094	214149.0	0	0.0	1300.5	7	2.0527859237536656	867.0	0	0.0	867.0	0	0.0
info	5	145	215631.0	1	0.2932551319648094	215631.0	2	0.5865102639296188	1309.5	0	0.0	873.0	0	0.0	873.0	0	0.0
info	5	146	217113.0	3	0.8797653958944283	217113.0	3	0.8797653958944283	1318.5	0	0.0	879.0	0	0.0	879.0	0	0.0
info	5	147	218595.0	1	0.2932551319648094	218595.0	0	0.0	1327.5	0	0.0	885.0	0	0.0	885.0	0	0.0
info	5	148	220077.0	1	0.2932551319648094	220077.0	2	0.5865102639296188	1336.5	0	0.0	891.0	0	0.0	891.0	0	0.0
info	5	149	221559.0	3	0.8797653958944283	221559.0	3	0.8797653958944283	1345.5	0	0.0	897.0	0	0.0	897.0	0	0.0
info	5	150	223041.0	0	0.0	223041.0	0	0.0	1354.5	0	0.0	903.0	0	0.0	903.0	0	0.0
info	5	151	224523.0	3	0.8797653958944283	224523.0	2	0.5865102639296188	1363.5	0	0.0	909.0	0	0.0	909.0	0	0.0
info	5	152	226005.0	2	0.5865102639296188	226005.0	3	0.8797653958944283	1372.5	0	0.0	915.0	0	0.0	915.0	0	0.0
info	5	153	227487.0	0	0.0	227487.0	0	0.0	1381.5	0	0.0	921.0	0	0.0	921.0	0	0.0
info	5	154	228969.0	3	0.8797653958944283	228969.0	3	0.8797653958944283	1390.5	0	0.0	927.0	0	0.0	927.0	0	0.0
info	5	155	230451.0	2	0.5865102639296188	230451.0	2	0.5865102639296188	1399.5	0	0.0	933.0	0	0.0	933.0	0	0.0
info	5	156	231933.0	0	0.0	231933.0	0	0.0	1408.5	0	0.0	939.0	0	0.0	939.0	0	0.0
info	5	157	233415.0	4	1.1730205278592376	233415.0	4	1.1730205278592376	1417.5	0	0.0	945.0	0	0.0	945.0	0	0.0
info	5	158	234897.0	1	0.2932551319648094	234897.0	1	0.2932551319648094	1426.5	0	0.0	951.0	0	0.0	951.0	0	0.0
info	5	159	236379.0	1	0.2932551319648094	236379.0	0	0.0	1435.5	0	0.0	957.0	0	0.0	957.0	0	0.0
info	5	160	237861.0	4	1.1730205278592376	237861.0	5	1.466275659824047	1444.5	0	0.0	963.0	0	0.0	963.0	0	0.0
info	5	161	239343.0	0	0.0	239343.0	0	0.0	1453.5	0	0.0	969.0	0	0.0	969.0	0	0.0
info	5	162	240825.0	0	0.0	240825.0	0	0.0	1462.5	0	0.0	975.0	0	0.0	975.0	0	0.0
info	5	163	242307.0	4	1.1730205278592376	242307.0	4	1.1730205278592376	1471.5	0	0.0	981.0	0	0.0	981.0	0	0.0
info	5	164	243789.0	1	0.2932551319648094	243789.0	1	0.2932551319648094	1480.5	0	0.0	987.0	0	0.0	987.0	0	0.0
info	5	165	245271.0	1	0.2932551319648094	245271.0	0	0.0	1489.5	0	0.0	993.0	0	0.0	993.0	0	0.0
info	5	166	246753.0	4	1.1730205278592376	246753.0	4	1.1730205278592376	1498.5	4	1.1730205278592376	999.0	0	0.0	999.0	0	0.0
info	5	167	248235.0	0	0.0	248235.0	1	0.2932551319648094	1507.5	2	0.5865102639296188	1005.0	0	0.0	1005.0	0	0.0
info	5	168	249717.0	2	0.5865102639296188	249717.0	2	0.5865102639296188	1516.5	0	0.0	1011.0	0	0.0	1011.0	0	0.0
info	5	169	251199.0	2	0.5865102639296188	251199.0	2	0.5865102639296188	1525.5	0	0.0	1017.0	0	0.0	1017.0	0	0.0
info	5	170	252681.0	1	0.2932551319648094	252681.0	1	0.2932551319648094	1534.5	0	0.0	1023.0	0	0.0	1023.0	0	0.0
info	5	171	254163.0	1	0.2932551319648094	254163.0	0	0.0	1543.5	0	0.0	1029.0	0	0.0	1029.0	0	0.0
info	5	172	255645.0	4	1.1730205278592376	255645.0	5	1.466275659824047	1552.5	0	0.0	1035.0	0	0.0	1035.0	0	0.0
info	5	173	257127.0	1	0.2932551319648094	257127.0	0	0.0	1561.5	0	0.0	1041.0	0	0.0	1041.0	0	0.0
info	5	174	258609.0	1	0.2932551319648094	258609.0	2	0.5865102639296188	1570.5	0	0.0	1047.0	0	0.0	1047.0	0	0.0
info	5	175	260091.0	3	0.8797653958944283	260091.0	3	0.8797653958944283	1579.5	0	0.0	1053.0	0	0.0	1053.0	0	0.0
info	5	176	261573.0	1	0.2932551319648094	261573.0	0	0.0	1588.5	0	0.0	1059.0	0	0.0	1059.0	0	0.0
info	5	177	263055.0	1	0.2932551319648094	263055.0	2	0.5865102639296188	1597.5	6	1.7595307917888565	1065.0	0	0.0	1065.0	0	0.0
info	5	178	264537.0	3	0.8797653958944283	264537.0	3	0.8797653958944283	1606.5	4	1.1730205278592376	1071.0	0	0.0	1071.0	0	0.0
info	5	179	266019.0	1	0.2932551319648094	266019.0	0	0.0	1615.5	0	0.0	1077.0	0	0.0	1077.0	0	0.0
info	5	180	267501.0	0	0.0	267501.0	0	0.0	1624.5	0	0.0	1083.0	0	0.0	1083.0	0	0.0
info	5	181	268983.0	4	1.1730205278592376	268983.0	5	1.466275659824047	1633.5	0	0.0	1089.0	0	0.0	1089.0	0	0.0
info	5	182	270465.0	0	0.0	270465.0	0	0.0	1642.5	0	0.0	1095.0	0	0.0	1095.0	0	0.0
info	5	183	271947.0	1	0.2932551319648094	271947.0	0	0.0	1651.5	0	0.0	1101.0	0	0.0	1101.0	0	0.0
info	5	184	273429.0	4	1.1730205278592376	273429.0	5	1.466275659824047	1660.5	0	0.0	1107.0	0	0.0	1107.0	0	0.0
info	5	185	274911.0	0	0.0	274911.0	0	0.0	1669.5	0	0.0	1113.0	0	0.0	1113.0	0	0.0
info	5	186	276393.0	2	0.5865102639296188	276393.0	0	0.0	1678.5	0	0.0	1119.0	0	0.0	1119.0	0	0.0
info	5	187	277875.0	3	0.8797653958944283	277875.0	5	1.466275659824047	1687.5	0	0.0	1125.0	0	0.0	1125.0	0	0.0
info	5	188	279357.0	1	0.2932551319648094	279357.0	0	0.0	1696.5	3	0.8797653958944283	1131.0	0	0.0	1131.0	0	0.0
info	5	189	280839.0	1	0.2932551319648094	280839.0	2	0.5865102639296188	1705.5	2	0.5865102639296188	1137.0	0	0.0	1137.0	0	0.0
info	5	190	282321.0	3	0.8797653958944283	282321.0	3	0.8797653958944283	1714.5	1	0.2932551319648094	1143.0	0	0.0	1143.0	0	0.0
info	5	191	283803.0	1	0.2932551319648094	283803.0	0	0.0	1723.5	0	0.0	1149.0	0	0.0	1149.0	0	0.0
info	5	192	285285.0	1	0.2932551319648094	285285.0	0	0.0	1732.5	0	0.0	1155.0	0	0.0	1155.0	0	0.0
info	5	193	286767.0	3	0.8797653958944283	286767.0	5	1.466275659824047	1741.5	0	0.0	1161.0	0	0.0	1161.0	0	0.0
info	5	194	288249.0	0	0.0	288249.0	0	0.0	1750.5	0	0.0	1167.0	0	0.0	1167.0	0	0.0
info	5	195	289731.0	1	0.2932551319648094	289731.0	0	0.0	1759.5	0	0.0	1173.0	0	0.0	1173.0	0	0.0
info	5	196	291213.0	4	1.1730205278592376	291213.0	5	1.466275659824047	1768.5	0	0.0	1179.0	0	0.0	1179.0	0	0.0
info	5	197	292695.0	0	0.0	292695.0	0	0.0	1777.5	0	0.0	1185.0	0	0.0	1185.0	0	0.0
info	5	198	294177.0	1	0.2932551319648094	294177.0	0	0.0	1786.5	0	0.0	1191.0	0	0.0	1191.0	0	0.0
info	5	199	295659.0	4	1.1730205278592376	295659.0	5	1.466275659824047	1795.5	1	0.2932551319648094	1197.0	0	0.0	1197.0	0	0.0
home	5	0	738.5	5	1.466275659824047	738.5	5	1.466275659824047	3.0	15	4.398826979472141	3.0	341	100.0	3.0	341	100.0
home	5	1	2215.5	0	0.0	2215.5	0	0.0	9.0	67	19.64809384164223	9.0	0	0.0	9.0	0	0.0
home	5	2	3692.5	0	0.0	3692.5	0	0.0	15.0	3	0.8797653958944283	15.0	0	0.0	15.0	0	0.0
home	5	3	5169.5	3	0.8797653958944283	5169.5	3	0.8797653958944283	21.0	0	0.0	21.0	0	0.0	21.0	0	0.0
home	5	4	6646.5	2	0.5865102639296188	6646.5	2	0.5865102639296188	27.0	0	0.0	27.0	0	0.0	27.0	0	0.0
home	5	5	8123.5	2	0.5865102639296188	8123.5	1	0.2932551319648094	33.0	0	0.0	33.0	0	0.0	33.0	0	0.0
home	5	6	9600.5	3	0.8797653958944283	9600.5	4	1.1730205278592376	39.0	0	0.0	39.0	0	0.0	39.0	0	0.0
home	5	7	11077.5	0	0.0	11077.5	0	0.0	45.0	0	0.0	45.0	0	0.0	45.0	0	0.0
home	5	8	12554.5	0	0.0	12554.5	0	0.0	51.0	0	0.0	51.0	0	0.0	51.0	0	0.0
home	5	9	14031.5	5	1.466275659824047	14031.5	5	1.466275659824047	57.0	0	0.0	57.0	0	0.0	57.0	0	0.0
home	5	10	15508.5	0	0.0	15508.5	0	0.0	63.0	0	0.0	63.0	0	0.0	63.0	0	0.0
home	5	11	16985.5	2	0.5865102639296188	16985.5	2	0.5865102639296188	69.0	0	0.0	69.0	0	0.0	69.0	0	0.0
home	5	12	18462.5	1	0.2932551319648094	18462.5	1	0.2932551319648094	75.0	1	0.2932551319648094	75.0	0	0.0	75.0	0	0.0
home	5	13	19939.5	2	0.5865102639296188	19939.5	2	0.5865102639296188	81.0	4	1.1730205278592376	81.0	0	0.0	81.0	0	0.0
home	5	14	21416.5	3	0.8797653958944283	21416.5	2	0.5865102639296188	87.0	6	1.7595307917888565	87.0	0	0.0	87.0	0	0.0
home	5	15	22893.5	0	0.0	22893.5	1	0.2932551319648094	93.0	29	8.504398826979473	93.0	0	0.0	93.0	0	0.0
home	5	16	24370.5	3	0.8797653958944283	24370.5	3	0.8797653958944283	99.0	79	23.167155425219942	99.0	0	0.0	99.0	0	0.0
home	5	17	25847.5	2	0.5865102639296188	25847.5	2	0.5865102639296188	105.0	36	10.557184750733139	105.0	0	0.0	105.0	0	0.0
home	5	18	27324.5	0	0.0	27324.5	0	0.0	111.0	5	1.466275659824047	111.0	0	0.0	111.0	0	0.0
home	5	19	28801.5	3	0.8797653958944283	28801.5	3	0.8797653958944283	117.0	0	0.0	117.0	0	0.0	117.0	0	0.0
home	5	20	30278.5	2	0.5865102639296188	30278.5	2	0.5865102639296188	123.0	0	0.0	123.0	0	0.0	123.0	0	0.0
home	5	21	31755.5	0	0.0	31755.5	0	0.0	129.0	0	0.0	129.0	0	0.0	129.0	0	0.0
home	5	22	33232.5	3	0.8797653958944283	33232.5	3	0.8797653958944283	135.0	0	0.0	135.0	0	0.0	135.0	0	0.0
home	5	23	34709.5	2	0.5865102639296188	34709.5	2	0.5865102639296188	141.0	0	0.0	141.0	0	0.0	141.0	0	0.0
home	5	24	36186.5	0	0.0	36186.5	0	0.0	147.0	0	0.0	147.0	0	0.0	147.0	0	0.0
home	5	25	37663.5	4	1.1730205278592376	37663.5	4	1.1730205278592376	153.0	0	0.0	153.0	0	0.0	153.0	0	0.0
home	5	26	39140.5	1	0.2932551319648094	39140.5	1	0.2932551319648094	159.0	0	0.0	159.0	0	0.0	159.0	0	0.0
home	5	27	40617.5	0	0.0	40617.5	0	0.0	165.0	0	0.0	165.0	0	0.0	165.0	0	0.0
home	5	28	42094.5	4	1.1730205278592376	42094.5	4	1.1730205278592376	171.0	0	0.0	171.0	0	0.0	171.0	0	0.0
home	5	29	43571.5	1	0.2932551319648094	43571.5	1	0.2932551319648094	177.0	0	0.0	177.0	0	0.0	177.0	0	0.0
home	5	30	45048.5	0	0.0	45048.5	0	0.0	183.0	1	0.2932551319648094	183.0	0	0.0	183.0	0	0.0
home	5	31	46525.5	3	0.8797653958944283	46525.5	2	0.5865102639296188	189.0	3	0.8797653958944283	189.0	0	0.0	189.0	0	0.0
home	5	32	48002.5	2	0.5865102639296188	48002.5	3	0.8797653958944283	195.0	21	6.158357771260998	195.0	0	0.0	195.0	0	0.0
home	5	33	49479.5	2	0.5865102639296188	49479.5	2	0.5865102639296188	201.0	21	6.158357771260998	201.0	0	0.0	201.0	0	0.0
home	5	34	50956.5	2	0.5865102639296188	50956.5	0	0.0	207.0	12	3.519061583577713	207.0	0	0.0	207.0	0	0.0
home	5	35	52433.5	1	0.2932551319648094	52433.5	3	0.8797653958944283	213.0	1	0.2932551319648094	213.0	0	0.0	213.0	0	0.0
home	5	36	53910.5	0	0.0	53910.5	0	0.0	219.0	0	0.0	219.0	0	0.0	219.0	0	0.0
home	5	37	55387.5	5	1.466275659824047	55387.5	5	1.466275659824047	225.0	0	0.0	225.0	0	0.0	225.0	0	0.0
home	5	38	56864.5	0	0.0	56864.5	0	0.0	231.0	0	0.0	231.0	0	0.0	231.0	0	0.0
home	5	39	58341.5	1	0.2932551319648094	58341.5	0	0.0	237.0	0	0.0	237.0	0	0.0	237.0	0	0.0
home	5	40	59818.5	4	1.1730205278592376	59818.5	5	1.466275659824047	243.0	0	0.0	243.0	0	0.0	243.0	0	0.0
home	5	41	61295.5	0	0.0	61295.5	0	0.0	249.0	0	0.0	249.0	0	0.0	249.0	0	0.0
home	5	42	62772.5	3	0.8797653958944283	62772.5	3	0.8797653958944283	255.0	0	0.0	255.0	0	0.0	255.0	0	0.0
home	5	43	64249.5	2	0.5865102639296188	64249.5	2	0.5865102639296188	261.0	0	0.0	261.0	0	0.0	261.0	0	0.0
home	5	44	65726.5	0	0.0	65726.5	0	0.0	267.0	0	0.0	267.0	0	0.0	267.0	0	0.0
home	5	45	67203.5	2	0.5865102639296188	67203.5	0	0.0	273.0	0	0.0	273.0	0	0.0	273.0	0	0.0
home	5	46	68680.5	3	0.8797653958944283	68680.5	5	1.466275659824047	279.0	0	0.0	279.0	0	0.0	279.0	0	0.0
home	5	47	70157.5	0	0.0	70157.5	0	0.0	285.0	1	0.2932551319648094	285.0	0	0.0	285.0	0	0.0
home	5	48	71634.5	0	0.0	71634.5	0	0.0	291.0	9	2.6392961876832848	291.0	0	0.0	291.0	0	0.0
home	5	49	73111.5	5	1.466275659824047	73111.5	5	1.466275659824047	297.0	12	3.519061583577713	297.0	0	0.0	297.0	0	0.0
home	5	50	74588.5	0	0.0	74588.5	0	0.0	303.0	5	1.466275659824047	303.0	0	0.0	303.0	0	0.0
home	5	51	76065.5	2	0.5865102639296188	76065.5	2	0.5865102639296188	309.0	0	0.0	309.0	0	0.0	309.0	0	0.0
home	5	52	77542.5	3	0.8797653958944283	77542.5	3	0.8797653958944283	315.0	0	0.0	315.0	0	0.0	315.0	0	0.0
home	5	53	79019.5	0	0.0	79019.5	0	0.0	321.0	0	0.0	321.0	0	0.0	321.0	0	0.0
home	5	54	80496.5	2	0.5865102639296188	80496.5	0	0.0	327.0	0	0.0	327.0	0	0.0	327.0	0	0.0
home	5	55	81973.5	3	0.8797653958944283	81973.5	5	1.466275659824047	333.0	0	0.0	333.0	0	0.0	333.0	0	0.0
home	5	56	83450.5	0	0.0	83450.5	0	0.0	339.0	0	0.0	339.0	0	0.0	339.0	0	0.0
home	5	57	84927.5	2	0.5865102639296188	84927.5	1	0.2932551319648094	345.0	0	0.0	345.0	0	0.0	345.0	0	0.0
home	5	58	86404.5	3	0.8797653958944283	86404.5	4	1.1730205278592376	351.0	0	0.0	351.0	0	0.0	351.0	0	0.0
home	5	59	87881.5	0	0.0	87881.5	0	0.0	357.0	0	0.0	357.0	0	0.0	357.0	0	0.0
home	5	60	89358.5	2	0.5865102639296188	89358.5	2	0.5865102639296188	363.0	0	0.0	363.0	0	0.0	363.0	0	0.0
home	5	61	90835.5	3	0.8797653958944283	90835.5	3	0.8797653958944283	369.0	0	0.0	369.0	0	0.0	369.0	0	0.0
home	5	62	92312.5	0	0.0	92312.5	0	0.0	375.0	0	0.0	375.0	0	0.0	375.0	0	0.0
home	5	63	93789.5	3	0.8797653958944283	93789.5	3	0.8797653958944283	381.0	0	0.0	381.0	0	0.0	381.0	0	0.0
home	5	64	95266.5	2	0.5865102639296188	95266.5	2	0.5865102639296188	387.0	0	0.0	387.0	0	0.0	387.0	0	0.0
home	5	65	96743.5	0	0.0	96743.5	0	0.0	393.0	0	0.0	393.0	0	0.0	393.0	0	0.0
home	5	66	98220.5	3	0.8797653958944283	98220.5	3	0.8797653958944283	399.0	3	0.8797653958944283	399.0	0	0.0	399.0	0	0.0
home	5	67	99697.5	2	0.5865102639296188	99697.5	2	0.5865102639296188	405.0	1	0.2932551319648094	405.0	0	0.0	405.0	0	0.0
home	5	68	101174.5	0	0.0	101174.5	0	0.0	411.0	0	0.0	411.0	0	0.0	411.0	0	0.0
home	5	69	102651.5	3	0.8797653958944283	102651.5	2	0.5865102639296188	417.0	0	0.0	417.0	0	0.0	417.0	0	0.0
home	5	70	104128.5	2	0.5865102639296188	104128.5	3	0.8797653958944283	423.0	0	0.0	423.0	0	0.0	423.0	0	0.0
home	5	71	105605.5	2	0.5865102639296188	105605.5	1	0.2932551319648094	429.0	0	0.0	429.0	0	0.0	429.0	0	0.0
home	5	72	107082.5	2	0.5865102639296188	107082.5	3	0.8797653958944283	435.0	0	0.0	435.0	0	0.0	435.0	0	0.0
home	5	73	108559.5	1	0.2932551319648094	108559.5	1	0.2932551319648094	441.0	0	0.0	441.0	0	0.0	441.0	0	0.0
home	5	74	110036.5	0	0.0	110036.5	0	0.0	447.0	0	0.0	447.0	0	0.0	447.0	0	0.0
home	5	75	111513.5	3	0.8797653958944283	111513.5	2	0.5865102639296188	453.0	0	0.0	453.0	0	0.0	453.0	0	0.0
home	5	76	112990.5	2	0.5865102639296188	112990.5	3	0.8797653958944283	459.0	0	0.0	459.0	0	0.0	459.0	0	0.0
home	5	77	114467.5	0	0.0	114467.5	0	0.0	465.0	0	0.0	465.0	0	0.0	465.0	0	0.0
home	5	78	115944.5	2	0.5865102639296188	115944.5	2	0.5865102639296188	471.0	0	0.0	471.0	0	0.0	471.0	0	0.0
home	5	79	117421.5	3	0.8797653958944283	117421.5	3	0.8797653958944283	477.0	0	0.0	477.0	0	0.0	477.0	0	0.0
home	5	80	118898.5	0	0.0	118898.5	0	0.0	483.0	0	0.0	483.0	0	0.0	483.0	0	0.0
home	5	81	120375.5	2	0.5865102639296188	120375.5	2	0.5865102639296188	489.0	0	0.0	489.0	0	0.0	489.0	0	0.0
home	5	82	121852.5	3	0.8797653958944283	121852.5	3	0.8797653958944283	495.0	2	0.5865102639296188	495.0	0	0.0	495.0	0	0.0
home	5	83	123329.5	0	0.0	123329.5	0	0.0	501.0	0	0.0	501.0	0	0.0	501.0	0	0.0
home	5	84	124806.5	2	0.5865102639296188	124806.5	2	0.5865102639296188	507.0	2	0.5865102639296188	507.0	0	0.0	507.0	0	0.0
home	5	85	126283.5	3	0.8797653958944283	126283.5	3	0.8797653958944283	513.0	0	0.0	513.0	0	0.0	513.0	0	0.0
home	5	86	127760.5	0	0.0	127760.5	0	0.0	519.0	0	0.0	519.0	0	0.0	519.0	0	0.0
home	5	87	129237.5	2	0.5865102639296188	129237.5	2	0.5865102639296188	525.0	0	0.0	525.0	0	0.0	525.0	0	0.0
home	5	88	130714.5	3	0.8797653958944283	130714.5	3	0.8797653958944283	531.0	0	0.0	531.0	0	0.0	531.0	0	0.0
home	5	89	132191.5	2	0.5865102639296188	132191.5	2	0.5865102639296188	537.0	0	0.0	537.0	0	0.0	537.0	0	0.0
home	5	90	133668.5	0	0.0	133668.5	0	0.0	543.0	0	0.0	543.0	0	0.0	543.0	0	0.0
home	5	91	135145.5	2	0.5865102639296188	135145.5	2	0.5865102639296188	549.0	0	0.0	549.0	0	0.0	549.0	0	0.0
home	5	92	136622.5	3	0.8797653958944283	136622.5	3	0.8797653958944283	555.0	0	0.0	555.0	0	0.0	555.0	0	0.0
home	5	93	138099.5	0	0.0	138099.5	0	0.0	561.0	0	0.0	561.0	0	0.0	561.0	0	0.0
home	5	94	139576.5	2	0.5865102639296188	139576.5	2	0.5865102639296188	567.0	0	0.0	567.0	0	0.0	567.0	0	0.0
home	5	95	141053.5	3	0.8797653958944283	141053.5	3	0.8797653958944283	573.0	0	0.0	573.0	0	0.0	573.0	0	0.0
home	5	96	142530.5	0	0.0	142530.5	0	0.0	579.0	0	0.0	579.0	0	0.0	579.0	0	0.0
home	5	97	144007.5	0	0.0	144007.5	0	0.0	585.0	0	0.0	585.0	0	0.0	585.0	0	0.0
home	5	98	145484.5	5	1.466275659824047	145484.5	5	1.466275659824047	591.0	0	0.0	591.0	0	0.0	591.0	0	0.0
home	5	99	146961.5	0	0.0	146961.5	0	0.0	597.0	0	0.0	597.0	0	0.0	597.0	0	0.0
home	5	100	148438.5	0	0.0	148438.5	0	0.0	603.0	0	0.0	603.0	0	0.0	603.0	0	0.0
home	5	101	149915.5	5	1.466275659824047	149915.5	5	1.466275659824047	609.0	0	0.0	609.0	0	0.0	609.0	0	0.0
home	5	102	151392.5	0	0.0	151392.5	0	0.0	615.0	0	0.0	615.0	0	0.0	615.0	0	0.0
home	5	103	152869.5	0	0.0	152869.5	0	0.0	621.0	0	0.0	621.0	0	0.0	621.0	0	0.0
home	5	104	154346.5	5	1.466275659824047	154346.5	5	1.466275659824047	627.0	0	0.0	627.0	0	0.0	627.0	0	0.0
home	5	105	155823.5	0	0.0	155823.5	0	0.0	633.0	0	0.0	633.0	0	0.0	633.0	0	0.0
home	5	106	157300.5	0	0.0	157300.5	0	0.0	639.0	0	0.0	639.0	0	0.0	639.0	0	0.0
home	5	107	158777.5	5	1.466275659824047	158777.5	5	1.466275659824047	645.0	0	0.0	645.0	0	0.0	645.0	0	0.0
home	5	108	160254.5	0	0.0	160254.5	0	0.0	651.0	0	0.0	651.0	0	0.0	651.0	0	0.0
home	5	109	161731.5	0	0.0	161731.5	0	0.0	657.0	0	0.0	657.0	0	0.0	657.0	0	0.0
home	5	110	163208.5	5	1.466275659824047	163208.5	5	1.466275659824047	663.0	0	0.0	663.0	0	0.0	663.0	0	0.0
home	5	111	164685.5	0	0.0	164685.5	0	0.0	669.0	0	0.0	669.0	0	0.0	669.0	0	0.0
home	5	112	166162.5	2	0.5865102639296188	166162.5	0	0.0	675.0	0	0.0	675.0	0	0.0	675.0	0	0.0
home	5	113	167639.5	3	0.8797653958944283	167639.5	5	1.466275659824047	681.0	0	0.0	681.0	0	0.0	681.0	0	0.0
home	5	114	169116.5	0	0.0	169116.5	0	0.0	687.0	0	0.0	687.0	0	0.0	687.0	0	0.0
home	5	115	170593.5	3	0.8797653958944283	170593.5	3	0.8797653958944283	693.0	0	0.0	693.0	0	0.0	693.0	0	0.0
home	5	116	172070.5	2	0.5865102639296188	172070.5	1	0.2932551319648094	699.0	1	0.2932551319648094	699.0	0	0.0	699.0	0	0.0
home	5	117	173547.5	0	0.0	173547.5	1	0.2932551319648094	705.0	0	0.0	705.0	0	0.0	705.0	0	0.0
home	5	118	175024.5	3	0.8797653958944283	175024.5	3	0.8797653958944283	711.0	0	0.0	711.0	0	0.0	711.0	0	0.0
home	5	119	176501.5	2	0.5865102639296188	176501.5	2	0.5865102639296188	717.0	0	0.0	717.0	0	0.0	717.0	0	0.0
home	5	120	177978.5	0	0.0	177978.5	0	0.0	723.0	0	0.0	723.0	0	0.0	723.0	0	0.0
home	5	121	179455.5	3	0.8797653958944283	179455.5	3	0.8797653958944283	729.0	0	0.0	729.0	0	0.0	729.0	0	0.0
home	5	122	180932.5	2	0.5865102639296188	180932.5	2	0.5865102639296188	735.0	0	0.0	735.0	0	0.0	735.0	0	0.0
home	5	123	182409.5	1	0.2932551319648094	182409.5	1	0.2932551319648094	741.0	0	0.0	741.0	0	0.0	741.0	0	0.0
home	5	124	183886.5	2	0.5865102639296188	183886.5	2	0.5865102639296188	747.0	0	0.0	747.0	0	0.0	747.0	0	0.0
home	5	125	185363.5	3	0.8797653958944283	185363.5	2	0.5865102639296188	753.0	0	0.0	753.0	0	0.0	753.0	0	0.0
home	5	126	186840.5	0	0.0	186840.5	1	0.2932551319648094	759.0	0	0.0	759.0	0	0.0	759.0	0	0.0
home	5	127	188317.5	2	0.5865102639296188	188317.5	1	0.2932551319648094	765.0	0	0.0	765.0	0	0.0	765.0	0	0.0
home	5	128	189794.5	3	0.8797653958944283	189794.5	4	1.1730205278592376	771.0	0	0.0	771.0	0	0.0	771.0	0	0.0
home	5	129	191271.5	0	0.0	191271.5	0	0.0	777.0	0	0.0	777.0	0	0.0	777.0	0	0.0
home	5	130	192748.5	0	0.0	192748.5	0	0.0	783.0	0	0.0	783.0	0	0.0	783.0	0	0.0
home	5	131	194225.5	5	1.466275659824047	194225.5	5	1.466275659824047	789.0	0	0.0	789.0	0	0.0	789.0	0	0.0
home	5	132	195702.5	0	0.0	195702.5	0	0.0	795.0	0	0.0	795.0	0	0.0	795.0	0	0.0
home	5	133	197179.5	0	0.0	197179.5	0	0.0	801.0	0	0.0	801.0	0	0.0	801.0	0	0.0
home	5	134	198656.5	5	1.466275659824047	198656.5	5	1.466275659824047	807.0	0	0.0	807.0	0	0.0	807.0	0	0.0
home	5	135	200133.5	0	0.0	200133.5	0	0.0	813.0	0	0.0	813.0	0	0.0	813.0	0	0.0
home	5	136	201610.5	0	0.0	201610.5	0	0.0	819.0	0	0.0	819.0	0	0.0	819.0	0	0.0
home	5	137	203087.5	5	1.466275659824047	203087.5	5	1.466275659824047	825.0	0	0.0	825.0	0	0.0	825.0	0	0.0
home	5	138	204564.5	0	0.0	204564.5	0	0.0	831.0	0	0.0	831.0	0	0.0	831.0	0	0.0
home	5	139	206041.5	2	0.5865102639296188	206041.5	0	0.0	837.0	0	0.0	837.0	0	0.0	837.0	0	0.0
home	5	140	207518.5	3	0.8797653958944283	207518.5	5	1.466275659824047	843.0	0	0.0	843.0	0	0.0	843.0	0	0.0
home	5	141	208995.5	0	0.0	208995.5	0	0.0	849.0	0	0.0	849.0	0	0.0	849.0	0	0.0
home	5	142	210472.5	1	0.2932551319648094	210472.5	0	0.0	855.0	0	0.0	855.0	0	0.0	855.0	0	0.0
home	5	143	211949.5	4	1.1730205278592376	211949.5	5	1.466275659824047	861.0	0	0.0	861.0	0	0.0	861.0	0	0.0
home	5	144	213426.5	0	0.0	213426.5	0	0.0	867.0	0	0.0	867.0	0	0.0	867.0	0	0.0
home	5	145	214903.5	2	0.5865102639296188	214903.5	2	0.5865102639296188	873.0	0	0.0	873.0	0	0.0	873.0	0	0.0
home	5	146	216380.5	3	0.8797653958944283	216380.5	3	0.8797653958944283	879.0	0	0.0	879.0	0	0.0	879.0	0	0.0
home	5	147	217857.5	0	0.0	217857.5	0	0.0	885.0	0	0.0	885.0	0	0.0	885.0	0	0.0
home	5	148	219334.5	2	0.5865102639296188	219334.5	2	0.5865102639296188	891.0	0	0.0	891.0	0	0.0	891.0	0	0.0
home	5	149	220811.5	3	0.8797653958944283	220811.5	3	0.8797653958944283	897.0	0	0.0	897.0	0	0.0	897.0	0	0.0
home	5	150	222288.5	0	0.0	222288.5	0	0.0	903.0	0	0.0	903.0	0	0.0	903.0	0	0.0
home	5	151	223765.5	3	0.8797653958944283	223765.5	3	0.8797653958944283	909.0	0	0.0	909.0	0	0.0	909.0	0	0.0
home	5	152	225242.5	2	0.5865102639296188	225242.5	2	0.5865102639296188	915.0	0	0.0	915.0	0	0.0	915.0	0	0.0
home	5	153	226719.5	0	0.0	226719.5	0	0.0	921.0	0	0.0	921.0	0	0.0	921.0	0	0.0
home	5	154	228196.5	4	1.1730205278592376	228196.5	4	1.1730205278592376	927.0	0	0.0	927.0	0	0.0	927.0	0	0.0
home	5	155	229673.5	1	0.2932551319648094	229673.5	1	0.2932551319648094	933.0	0	0.0	933.0	0	0.0	933.0	0	0.0
home	5	156	231150.5	0	0.0	231150.5	0	0.0	939.0	0	0.0	939.0	0	0.0	939.0	0	0.0
home	5	157	232627.5	4	1.1730205278592376	232627.5	4	1.1730205278592376	945.0	0	0.0	945.0	0	0.0	945.0	0	0.0
home	5	158	234104.5	1	0.2932551319648094	234104.5	1	0.2932551319648094	951.0	0	0.0	951.0	0	0.0	951.0	0	0.0
home	5	159	235581.5	0	0.0	235581.5	0	0.0	957.0	0	0.0	957.0	0	0.0	957.0	0	0.0
home	5	160	237058.5	5	1.466275659824047	237058.5	5	1.466275659824047	963.0	0	0.0	963.0	0	0.0	963.0	0	0.0
home	5	161	238535.5	0	0.0	238535.5	0	0.0	969.0	0	0.0	969.0	0	0.0	969.0	0	0.0
home	5	162	240012.5	0	0.0	240012.5	0	0.0	975.0	0	0.0	975.0	0	0.0	975.0	0	0.0
home	5	163	241489.5	4	1.1730205278592376	241489.5	4	1.1730205278592376	981.0	0	0.0	981.0	0	0.0	981.0	0	0.0
home	5	164	242966.5	1	0.2932551319648094	242966.5	1	0.2932551319648094	987.0	0	0.0	987.0	0	0.0	987.0	0	0.0
home	5	165	244443.5	0	0.0	244443.5	0	0.0	993.0	0	0.0	993.0	0	0.0	993.0	0	0.0
home	5	166	245920.5	5	1.466275659824047	245920.5	5	1.466275659824047	999.0	1	0.2932551319648094	999.0	0	0.0	999.0	0	0.0
home	5	167	247397.5	0	0.0	247397.5	0	0.0	1005.0	0	0.0	1005.0	0	0.0	1005.0	0	0.0
home	5	168	248874.5	2	0.5865102639296188	248874.5	2	0.5865102639296188	1011.0	0	0.0	1011.0	0	0.0	1011.0	0	0.0
home	5	169	250351.5	3	0.8797653958944283	250351.5	2	0.5865102639296188	1017.0	0	0.0	1017.0	0	0.0	1017.0	0	0.0
home	5	170	251828.5	0	0.0	251828.5	1	0.2932551319648094	1023.0	0	0.0	1023.0	0	0.0	1023.0	0	0.0
home	5	171	253305.5	2	0.5865102639296188	253305.5	0	0.0	1029.0	0	0.0	1029.0	0	0.0	1029.0	0	0.0
home	5	172	254782.5	3	0.8797653958944283	254782.5	5	1.466275659824047	1035.0	0	0.0	1035.0	0	0.0	1035.0	0	0.0
home	5	173	256259.5	0	0.0	256259.5	0	0.0	1041.0	0	0.0	1041.0	0	0.0	1041.0	0	0.0
home	5	174	257736.5	2	0.5865102639296188	257736.5	2	0.5865102639296188	1047.0	0	0.0	1047.0	0	0.0	1047.0	0	0.0
home	5	175	259213.5	3	0.8797653958944283	259213.5	3	0.8797653958944283	1053.0	0	0.0	1053.0	0	0.0	1053.0	0	0.0
home	5	176	260690.5	0	0.0	260690.5	0	0.0	1059.0	0	0.0	1059.0	0	0.0	1059.0	0	0.0
home	5	177	262167.5	2	0.5865102639296188	262167.5	0	0.0	1065.0	0	0.0	1065.0	0	0.0	1065.0	0	0.0
home	5	178	263644.5	3	0.8797653958944283	263644.5	5	1.466275659824047	1071.0	0	0.0	1071.0	0	0.0	1071.0	0	0.0
home	5	179	265121.5	0	0.0	265121.5	0	0.0	1077.0	0	0.0	1077.0	0	0.0	1077.0	0	0.0
home	5	180	266598.5	0	0.0	266598.5	0	0.0	1083.0	0	0.0	1083.0	0	0.0	1083.0	0	0.0
home	5	181	268075.5	5	1.466275659824047	268075.5	5	1.466275659824047	1089.0	0	0.0	1089.0	0	0.0	1089.0	0	0.0
home	5	182	269552.5	0	0.0	269552.5	0	0.0	1095.0	0	0.0	1095.0	0	0.0	1095.0	0	0.0
home	5	183	271029.5	0	0.0	271029.5	0	0.0	1101.0	0	0.0	1101.0	0	0.0	1101.0	0	0.0
home	5	184	272506.5	5	1.466275659824047	272506.5	5	1.466275659824047	1107.0	0	0.0	1107.0	0	0.0	1107.0	0	0.0
home	5	185	273983.5	0	0.0	273983.5	0	0.0	1113.0	0	0.0	1113.0	0	0.0	1113.0	0	0.0
home	5	186	275460.5	1	0.2932551319648094	275460.5	0	0.0	1119.0	0	0.0	1119.0	0	0.0	1119.0	0	0.0
home	5	187	276937.5	4	1.1730205278592376	276937.5	5	1.466275659824047	1125.0	0	0.0	1125.0	0	0.0	1125.0	0	0.0
home	5	188	278414.5	0	0.0	278414.5	0	0.0	1131.0	0	0.0	1131.0	0	0.0	1131.0	0	0.0
home	5	189	279891.5	2	0.5865102639296188	279891.5	0	0.0	1137.0	0	0.0	1137.0	0	0.0	1137.0	0	0.0
home	5	190	281368.5	3	0.8797653958944283	281368.5	5	1.466275659824047	1143.0	0	0.0	1143.0	0	0.0	1143.0	0	0.0
home	5	191	282845.5	0	0.0	282845.5	0	0.0	1149.0	0	0.0	1149.0	0	0.0	1149.0	0	0.0
home	5	192	284322.5	0	0.0	284322.5	0	0.0	1155.0	0	0.0	1155.0	0	0.0	1155.0	0	0.0
home	5	193	285799.5	5	1.466275659824047	285799.5	5	1.466275659824047	1161.0	0	0.0	1161.0	0	0.0	1161.0	0	0.0
home	5	194	287276.5	0	0.0	287276.5	0	0.0	1167.0	0	0.0	1167.0	0	0.0	1167.0	0	0.0
home	5	195	288753.5	0	0.0	288753.5	0	0.0	1173.0	0	0.0	1173.0	0	0.0	1173.0	0	0.0
home	5	196	290230.5	5	1.466275659824047	290230.5	5	1.466275659824047	1179.0	0	0.0	1179.0	0	0.0	1179.0	0	0.0
home	5	197	291707.5	0	0.0	291707.5	0	0.0	1185.0	0	0.0	1185.0	0	0.0	1185.0	0	0.0
home	5	198	293184.5	0	0.0	293184.5	0	0.0	1191.0	0	0.0	1191.0	0	0.0	1191.0	0	0.0
home	5	199	294661.5	5	1.466275659824047	294661.5	5	1.466275659824047	1197.0	0	0.0	1197.0	0	0.0	1197.0	0	0.0
