'Request type'	'Load'	'Bucket'	'Start time'	'Absolute'	'Percent of requests'	'End time'	'Absolute'	'Percent of requests'	'Residence time'	'Absolute'	'Percent of requests'	'Theor. think time'	'Absolute'	'Percent of requests'	'Actual think time'	'Absolute'	'Percent of requests'
login	4	0	752.0	4	1.1299435028248588	752.0	0	0.0	9.0	0	0.0	3.0	354	100.0	3.0	354	100.0
login	4	1	2256.0	0	0.0	2256.0	2	0.5649717514124294	27.0	0	0.0	9.0	0	0.0	9.0	0	0.0
login	4	2	3760.0	4	1.1299435028248588	3760.0	2	0.5649717514124294	45.0	0	0.0	15.0	0	0.0	15.0	0	0.0
login	4	3	5264.0	0	0.0	5264.0	0	0.0	63.0	0	0.0	21.0	0	0.0	21.0	0	0.0
login	4	4	6768.0	1	0.2824858757062147	6768.0	4	1.1299435028248588	81.0	0	0.0	27.0	0	0.0	27.0	0	0.0
login	4	5	8272.0	3	0.847457627118644	8272.0	0	0.0	99.0	0	0.0	33.0	0	0.0	33.0	0	0.0
login	4	6	9776.0	0	0.0	9776.0	2	0.5649717514124294	117.0	0	0.0	39.0	0	0.0	39.0	0	0.0
login	4	7	11280.0	3	0.847457627118644	11280.0	3	0.847457627118644	135.0	0	0.0	45.0	0	0.0	45.0	0	0.0
login	4	8	12784.0	2	0.5649717514124294	12784.0	2	0.5649717514124294	153.0	0	0.0	51.0	0	0.0	51.0	0	0.0
login	4	9	14288.0	2	0.5649717514124294	14288.0	1	0.2824858757062147	171.0	0	0.0	57.0	0	0.0	57.0	0	0.0
login	4	10	15792.0	2	0.5649717514124294	15792.0	1	0.2824858757062147	189.0	0	0.0	63.0	0	0.0	63.0	0	0.0
login	4	11	17296.0	0	0.0	17296.0	3	0.847457627118644	207.0	0	0.0	69.0	0	0.0	69.0	0	0.0
login	4	12	18800.0	4	1.1299435028248588	18800.0	1	0.2824858757062147	225.0	0	0.0	75.0	0	0.0	75.0	0	0.0
login	4	13	20304.0	0	0.0	20304.0	2	0.5649717514124294	243.0	0	0.0	81.0	0	0.0	81.0	0	0.0
login	4	14	21808.0	3	0.847457627118644	21808.0	2	0.5649717514124294	261.0	0	0.0	87.0	0	0.0	87.0	0	0.0
login	4	15	23312.0	1	0.2824858757062147	23312.0	1	0.2824858757062147	279.0	0	0.0	93.0	0	0.0	93.0	0	0.0
login	4	16	24816.0	1	0.2824858757062147	24816.0	2	0.5649717514124294	297.0	0	0.0	99.0	0	0.0	99.0	0	0.0
login	4	17	26320.0	3	0.847457627118644	26320.0	2	0.5649717514124294	315.0	0	0.0	105.0	0	0.0	105.0	0	0.0
login	4	18	27824.0	1	0.2824858757062147	27824.0	2	0.5649717514124294	333.0	0	0.0	111.0	0	0.0	111.0	0	0.0
login	4	19	29328.0	2	0.5649717514124294	29328.0	2	0.5649717514124294	351.0	0	0.0	117.0	0	0.0	117.0	0	0.0
login	4	20	30832.0	2	0.5649717514124294	30832.0	1	0.2824858757062147	369.0	0	0.0	123.0	0	0.0	123.0	0	0.0
login	4	21	32336.0	2	0.5649717514124294	32336.0	3	0.847457627118644	387.0	0	0.0	129.0	0	0.0	129.0	0	0.0
login	4	22	33840.0	2	0.5649717514124294	33840.0	1	0.2824858757062147	405.0	0	0.0	135.0	0	0.0	135.0	0	0.0
login	4	23	35344.0	1	0.2824858757062147	35344.0	1	0.2824858757062147	423.0	0	0.0	141.0	0	0.0	141.0	0	0.0
login	4	24	36848.0	1	0.2824858757062147	36848.0	2	0.5649717514124294	441.0	0	0.0	147.0	0	0.0	147.0	0	0.0
login	4	25	38352.0	4	1.1299435028248588	38352.0	2	0.5649717514124294	459.0	0	0.0	153.0	0	0.0	153.0	0	0.0
login	4	26	39856.0	0	0.0	39856.0	2	0.5649717514124294	477.0	0	0.0	159.0	0	0.0	159.0	0	0.0
login	4	27	41360.0	2	0.5649717514124294	41360.0	3	0.847457627118644	495.0	0	0.0	165.0	0	0.0	165.0	0	0.0
login	4	28	42864.0	3	0.847457627118644	42864.0	1	0.2824858757062147	513.0	0	0.0	171.0	0	0.0	171.0	0	0.0
login	4	29	44368.0	1	0.2824858757062147	44368.0	2	0.5649717514124294	531.0	0	0.0	177.0	0	0.0	177.0	0	0.0
login	4	30	45872.0	2	0.5649717514124294	45872.0	2	0.5649717514124294	549.0	0	0.0	183.0	0	0.0	183.0	0	0.0
login	4	31	47376.0	2	0.5649717514124294	47376.0	1	0.2824858757062147	567.0	0	0.0	189.0	0	0.0	189.0	0	0.0
login	4	32	48880.0	2	0.5649717514124294	48880.0	2	0.5649717514124294	585.0	0	0.0	195.0	0	0.0	195.0	0	0.0
login	4	33	50384.0	2	0.5649717514124294	50384.0	2	0.5649717514124294	603.0	0	0.0	201.0	0	0.0	201.0	0	0.0
login	4	34	51888.0	2	0.5649717514124294	51888.0	2	0.5649717514124294	621.0	0	0.0	207.0	0	0.0	207.0	0	0.0
login	4	35	53392.0	2	0.5649717514124294	53392.0	2	0.5649717514124294	639.0	0	0.0	213.0	0	0.0	213.0	0	0.0
login	4	36	54896.0	1	0.2824858757062147	54896.0	2	0.5649717514124294	657.0	0	0.0	219.0	0	0.0	219.0	0	0.0
login	4	37	56400.0	2	0.5649717514124294	56400.0	2	0.5649717514124294	675.0	0	0.0	225.0	0	0.0	225.0	0	0.0
login	4	38	57904.0	2	0.5649717514124294	57904.0	1	0.2824858757062147	693.0	0	0.0	231.0	0	0.0	231.0	0	0.0
login	4	39	59408.0	1	0.2824858757062147	59408.0	1	0.2824858757062147	711.0	0	0.0	237.0	0	0.0	237.0	0	0.0
login	4	40	60912.0	2	0.5649717514124294	60912.0	3	0.847457627118644	729.0	0	0.0	243.0	0	0.0	243.0	0	0.0
login	4	41	62416.0	2	0.5649717514124294	62416.0	2	0.5649717514124294	747.0	0	0.0	249.0	0	0.0	249.0	0	0.0
login	4	42	63920.0	2	0.5649717514124294	63920.0	1	0.2824858757062147	765.0	0	0.0	255.0	0	0.0	255.0	0	0.0
login	4	43	65424.0	1	0.2824858757062147	65424.0	2	0.5649717514124294	783.0	0	0.0	261.0	0	0.0	261.0	0	0.0
login	4	44	66928.0	2	0.5649717514124294	66928.0	2	0.5649717514124294	801.0	0	0.0	267.0	0	0.0	267.0	0	0.0
login	4	45	68432.0	2	0.5649717514124294	68432.0	2	0.5649717514124294	819.0	0	0.0	273.0	0	0.0	273.0	0	0.0
login	4	46	69936.0	2	0.5649717514124294	69936.0	2	0.5649717514124294	837.0	0	0.0	279.0	0	0.0	279.0	0	0.0
login	4	47	71440.0	2	0.5649717514124294	71440.0	1	0.2824858757062147	855.0	0	0.0	285.0	0	0.0	285.0	0	0.0
login	4	48	72944.0	2	0.5649717514124294	72944.0	2	0.5649717514124294	873.0	0	0.0	291.0	0	0.0	291.0	0	0.0
login	4	49	74448.0	1	0.2824858757062147	74448.0	1	0.2824858757062147	891.0	0	0.0	297.0	0	0.0	297.0	0	0.0
login	4	50	75952.0	3	0.847457627118644	75952.0	2	0.5649717514124294	909.0	2	0.5649717514124294	303.0	0	0.0	303.0	0	0.0
login	4	51	77456.0	0	0.0	77456.0	2	0.5649717514124294	927.0	0	0.0	309.0	0	0.0	309.0	0	0.0
login	4	52	78960.0	2	0.5649717514124294	78960.0	2	0.5649717514124294	945.0	0	0.0	315.0	0	0.0	315.0	0	0.0
login	4	53	80464.0	2	0.5649717514124294	80464.0	2	0.5649717514124294	963.0	0	0.0	321.0	0	0.0	321.0	0	0.0
login	4	54	81968.0	2	0.5649717514124294	81968.0	2	0.5649717514124294	981.0	0	0.0	327.0	0	0.0	327.0	0	0.0
login	4	55	83472.0	2	0.5649717514124294	83472.0	0	0.0	999.0	0	0.0	333.0	0	0.0	333.0	0	0.0
login	4	56	84976.0	1	0.2824858757062147	84976.0	3	0.847457627118644	1017.0	0	0.0	339.0	0	0.0	339.0	0	0.0
login	4	57	86480.0	3	0.847457627118644	86480.0	2	0.5649717514124294	1035.0	0	0.0	345.0	0	0.0	345.0	0	0.0
login	4	58	87984.0	1	0.2824858757062147	87984.0	1	0.2824858757062147	1053.0	0	0.0	351.0	0	0.0	351.0	0	0.0
login	4	59	89488.0	2	0.5649717514124294	89488.0	2	0.5649717514124294	1071.0	0	0.0	357.0	0	0.0	357.0	0	0.0
login	4	60	90992.0	1	0.2824858757062147	90992.0	1	0.2824858757062147	1089.0	2	0.5649717514124294	363.0	0	0.0	363.0	0	0.0
login	4	61	92496.0	2	0.5649717514124294	92496.0	3	0.847457627118644	1107.0	1	0.2824858757062147	369.0	0	0.0	369.0	0	0.0
login	4	62	94000.0	3	0.847457627118644	94000.0	1	0.2824858757062147	1125.0	0	0.0	375.0	0	0.0	375.0	0	0.0
login	4	63	95504.0	1	0.2824858757062147	95504.0	2	0.5649717514124294	1143.0	0	0.0	381.0	0	0.0	381.0	0	0.0
login	4	64	97008.0	1	0.2824858757062147	97008.0	2	0.5649717514124294	1161.0	0	0.0	387.0	0	0.0	387.0	0	0.0
login	4	65	98512.0	3	0.847457627118644	98512.0	2	0.5649717514124294	1179.0	0	0.0	393.0	0	0.0	393.0	0	0.0
login	4	66	100016.0	1	0.2824858757062147	100016.0	1	0.2824858757062147	1197.0	1	0.2824858757062147	399.0	0	0.0	399.0	0	0.0
login	4	67	101520.0	2	0.5649717514124294	101520.0	3	0.847457627118644	1215.0	1	0.2824858757062147	405.0	0	0.0	405.0	0	0.0
login	4	68	103024.0	2	0.5649717514124294	103024.0	1	0.2824858757062147	1233.0	0	0.0	411.0	0	0.0	411.0	0	0.0
login	4	69	104528.0	2	0.5649717514124294	104528.0	2	0.5649717514124294	1251.0	0	0.0	417.0	0	0.0	417.0	0	0.0
login	4	70	106032.0	1	0.2824858757062147	106032.0	2	0.5649717514124294	1269.0	0	0.0	423.0	0	0.0	423.0	0	0.0
login	4	71	107536.0	2	0.5649717514124294	107536.0	1	0.2824858757062147	1287.0	0	0.0	429.0	0	0.0	429.0	0	0.0
login	4	72	109040.0	2	0.5649717514124294	109040.0	3	0.847457627118644	1305.0	0	0.0	435.0	0	0.0	435.0	0	0.0
login	4	73	110544.0	2	0.5649717514124294	110544.0	1	0.2824858757062147	1323.0	0	0.0	441.0	0	0.0	441.0	0	0.0
login	4	74	112048.0	2	0.5649717514124294	112048.0	2	0.5649717514124294	1341.0	0	0.0	447.0	0	0.0	447.0	0	0.0
login	4	75	113552.0	1	0.2824858757062147	113552.0	2	0.5649717514124294	1359.0	0	0.0	453.0	0	0.0	453.0	0	0.0
login	4	76	115056.0	2	0.5649717514124294	115056.0	1	0.2824858757062147	1377.0	0	0.0	459.0	0	0.0	459.0	0	0.0
login	4	77	116560.0	1	0.2824858757062147	116560.0	2	0.5649717514124294	1395.0	5	1.4124293785310735	465.0	0	0.0	465.0	0	0.0
login	4	78	118064.0	2	0.5649717514124294	118064.0	2	0.5649717514124294	1413.0	0	0.0	471.0	0	0.0	471.0	0	0.0
login	4	79	119568.0	2	0.5649717514124294	119568.0	2	0.5649717514124294	1431.0	0	0.0	477.0	0	0.0	477.0	0	0.0
login	4	80	121072.0	2	0.5649717514124294	121072.0	2	0.5649717514124294	1449.0	0	0.0	483.0	0	0.0	483.0	0	0.0
login	4	81	122576.0	2	0.5649717514124294	122576.0	2	0.5649717514124294	1467.0	0	0.0	489.0	0	0.0	489.0	0	0.0
login	4	82	124080.0	2	0.5649717514124294	124080.0	0	0.0	1485.0	1	0.2824858757062147	495.0	0	0.0	495.0	0	0.0
login	4	83	125584.0	1	0.2824858757062147	125584.0	2	0.5649717514124294	1503.0	5	1.4124293785310735	501.0	0	0.0	501.0	0	0.0
login	4	84	127088.0	2	0.5649717514124294	127088.0	2	0.5649717514124294	1521.0	0	0.0	507.0	0	0.0	507.0	0	0.0
login	4	85	128592.0	2	0.5649717514124294	128592.0	2	0.5649717514124294	1539.0	0	0.0	513.0	0	0.0	513.0	0	0.0
login	4	86	130096.0	1	0.2824858757062147	130096.0	1	0.2824858757062147	1557.0	0	0.0	519.0	0	0.0	519.0	0	0.0
login	4	87	131600.0	2	0.5649717514124294	131600.0	3	0.847457627118644	1575.0	0	0.0	525.0	0	0.0	525.0	0	0.0
login	4	88	133104.0	2	0.5649717514124294	133104.0	1	0.2824858757062147	1593.0	13	3.672316384180791	531.0	0	0.0	531.0	0	0.0
login	4	89	134608.0	1	0.2824858757062147	134608.0	2	0.5649717514124294	1611.0	4	1.1299435028248588	537.0	0	0.0	537.0	0	0.0
login	4	90	136112.0	2	0.5649717514124294	136112.0	1	0.2824858757062147	1629.0	0	0.0	543.0	0	0.0	543.0	0	0.0
login	4	91	137616.0	1	0.2824858757062147	137616.0	2	0.5649717514124294	1647.0	0	0.0	549.0	0	0.0	549.0	0	0.0
login	4	92	139120.0	2	0.5649717514124294	139120.0	2	0.5649717514124294	1665.0	0	0.0	555.0	0	0.0	555.0	0	0.0
login	4	93	140624.0	2	0.5649717514124294	140624.0	1	0.2824858757062147	1683.0	0	0.0	561.0	0	0.0	561.0	0	0.0
login	4	94	142128.0	3	0.847457627118644	142128.0	3	0.847457627118644	1701.0	19	5.36723163841808	567.0	0	0.0	567.0	0	0.0
login	4	95	143632.0	2	0.5649717514124294	143632.0	1	0.2824858757062147	1719.0	0	0.0	573.0	0	0.0	573.0	0	0.0
login	4	96	145136.0	1	0.2824858757062147	145136.0	1	0.2824858757062147	1737.0	0	0.0	579.0	0	0.0	579.0	0	0.0
login	4	97	146640.0	1	0.2824858757062147	146640.0	4	1.1299435028248588	1755.0	0	0.0	585.0	0	0.0	585.0	0	0.0
login	4	98	148144.0	3	0.847457627118644	148144.0	0	0.0	1773.0	1	0.2824858757062147	591.0	0	0.0	591.0	0	0.0
login	4	99	149648.0	1	0.2824858757062147	149648.0	2	0.5649717514124294	1791.0	14	3.9548022598870056	597.0	0	0.0	597.0	0	0.0
login	4	100	151152.0	1	0.2824858757062147	151152.0	2	0.5649717514124294	1809.0	10	2.824858757062147	603.0	0	0.0	603.0	0	0.0
login	4	101	152656.0	2	0.5649717514124294	152656.0	2	0.5649717514124294	1827.0	0	0.0	609.0	0	0.0	609.0	0	0.0
login	4	102	154160.0	2	0.5649717514124294	154160.0	2	0.5649717514124294	1845.0	0	0.0	615.0	0	0.0	615.0	0	0.0
login	4	103	155664.0	2	0.5649717514124294	155664.0	1	0.2824858757062147	1863.0	0	0.0	621.0	0	0.0	621.0	0	0.0
login	4	104	157168.0	1	0.2824858757062147	157168.0	2	0.5649717514124294	1881.0	2	0.5649717514124294	627.0	0	0.0	627.0	0	0.0
login	4	105	158672.0	2	0.5649717514124294	158672.0	2	0.5649717514124294	1899.0	26	7.344632768361582	633.0	0	0.0	633.0	0	0.0
login	4	106	160176.0	2	0.5649717514124294	160176.0	2	0.5649717514124294	1917.0	0	0.0	639.0	0	0.0	639.0	0	0.0
login	4	107	161680.0	2	0.5649717514124294	161680.0	2	0.5649717514124294	1935.0	0	0.0	645.0	0	0.0	645.0	0	0.0
login	4	108	163184.0	2	0.5649717514124294	163184.0	1	0.2824858757062147	1953.0	0	0.0	651.0	0	0.0	651.0	0	0.0
login	4	109	164688.0	2	0.5649717514124294	164688.0	3	0.847457627118644	1971.0	0	0.0	657.0	0	0.0	657.0	0	0.0
login	4	110	166192.0	2	0.5649717514124294	166192.0	1	0.2824858757062147	1989.0	13	3.672316384180791	663.0	0	0.0	663.0	0	0.0
login	4	111	167696.0	1	0.2824858757062147	167696.0	2	0.5649717514124294	2007.0	15	4.237288135593221	669.0	0	0.0	669.0	0	0.0
login	4	112	169200.0	2	0.5649717514124294	169200.0	2	0.5649717514124294	2025.0	0	0.0	675.0	0	0.0	675.0	0	0.0
login	4	113	170704.0	2	0.5649717514124294	170704.0	1	0.2824858757062147	2043.0	0	0.0	681.0	0	0.0	681.0	0	0.0
login	4	114	172208.0	2	0.5649717514124294	172208.0	2	0.5649717514124294	2061.0	0	0.0	687.0	0	0.0	687.0	0	0.0
login	4	115	173712.0	2	0.5649717514124294	173712.0	1	0.2824858757062147	2079.0	0	0.0	693.0	0	0.0	693.0	0	0.0
login	4	116	175216.0	1	0.2824858757062147	175216.0	2	0.5649717514124294	2097.0	31	8.757062146892656	699.0	0	0.0	699.0	0	0.0
login	4	117	176720.0	2	0.5649717514124294	176720.0	2	0.5649717514124294	2115.0	2	0.5649717514124294	705.0	0	0.0	705.0	0	0.0
login	4	118	178224.0	2	0.5649717514124294	178224.0	1	0.2824858757062147	2133.0	0	0.0	711.0	0	0.0	711.0	0	0.0
login	4	119	179728.0	1	0.2824858757062147	179728.0	3	0.847457627118644	2151.0	0	0.0	717.0	0	0.0	717.0	0	0.0
login	4	120	181232.0	2	0.5649717514124294	181232.0	2	0.5649717514124294	2169.0	0	0.0	723.0	0	0.0	723.0	0	0.0
login	4	121	182736.0	2	0.5649717514124294	182736.0	2	0.5649717514124294	2187.0	3	0.847457627118644	729.0	0	0.0	729.0	0	0.0
login	4	122	184240.0	2	0.5649717514124294	184240.0	1	0.2824858757062147	2205.0	20	5.649717514124294	735.0	0	0.0	735.0	0	0.0
login	4	123	185744.0	1	0.2824858757062147	185744.0	2	0.5649717514124294	2223.0	0	0.0	741.0	0	0.0	741.0	0	0.0
login	4	124	187248.0	2	0.5649717514124294	187248.0	2	0.5649717514124294	2241.0	0	0.0	747.0	0	0.0	747.0	0	0.0
login	4	125	188752.0	2	0.5649717514124294	188752.0	1	0.2824858757062147	2259.0	0	0.0	753.0	0	0.0	753.0	0	0.0
login	4	126	190256.0	2	0.5649717514124294	190256.0	2	0.5649717514124294	2277.0	0	0.0	759.0	0	0.0	759.0	0	0.0
login	4	127	191760.0	2	0.5649717514124294	191760.0	2	0.5649717514124294	2295.0	23	6.497175141242938	765.0	0	0.0	765.0	0	0.0
login	4	128	193264.0	2	0.5649717514124294	193264.0	2	0.5649717514124294	2313.0	1	0.2824858757062147	771.0	0	0.0	771.0	0	0.0
login	4	129	194768.0	1	0.2824858757062147	194768.0	2	0.5649717514124294	2331.0	0	0.0	777.0	0	0.0	777.0	0	0.0
login	4	130	196272.0	2	0.5649717514124294	196272.0	1	0.2824858757062147	2349.0	0	0.0	783.0	0	0.0	783.0	0	0.0
login	4	131	197776.0	1	0.2824858757062147	197776.0	2	0.5649717514124294	2367.0	1	0.2824858757062147	789.0	0	0.0	789.0	0	0.0
login	4	132	199280.0	2	0.5649717514124294	199280.0	2	0.5649717514124294	2385.0	5	1.4124293785310735	795.0	0	0.0	795.0	0	0.0
login	4	133	200784.0	2	0.5649717514124294	200784.0	2	0.5649717514124294	2403.0	17	4.80225988700565	801.0	0	0.0	801.0	0	0.0
login	4	134	202288.0	2	0.5649717514124294	202288.0	2	0.5649717514124294	2421.0	0	0.0	807.0	0	0.0	807.0	0	0.0
login	4	135	203792.0	2	0.5649717514124294	203792.0	1	0.2824858757062147	2439.0	0	0.0	813.0	0	0.0	813.0	0	0.0
login	4	136	205296.0	1	0.2824858757062147	205296.0	2	0.5649717514124294	2457.0	0	0.0	819.0	0	0.0	819.0	0	0.0
login	4	137	206800.0	2	0.5649717514124294	206800.0	2	0.5649717514124294	2475.0	1	0.2824858757062147	825.0	0	0.0	825.0	0	0.0
login	4	138	208304.0	2	0.5649717514124294	208304.0	1	0.2824858757062147	2493.0	16	4.519774011299435	831.0	0	0.0	831.0	0	0.0
login	4	139	209808.0	1	0.2824858757062147	209808.0	2	0.5649717514124294	2511.0	1	0.2824858757062147	837.0	0	0.0	837.0	0	0.0
login	4	140	211312.0	2	0.5649717514124294	211312.0	2	0.5649717514124294	2529.0	0	0.0	843.0	0	0.0	843.0	0	0.0
login	4	141	212816.0	2	0.5649717514124294	212816.0	1	0.2824858757062147	2547.0	0	0.0	849.0	0	0.0	849.0	0	0.0
login	4	142	214320.0	1	0.2824858757062147	214320.0	2	0.5649717514124294	2565.0	1	0.2824858757062147	855.0	0	0.0	855.0	0	0.0
login	4	143	215824.0	2	0.5649717514124294	215824.0	1	0.2824858757062147	2583.0	3	0.847457627118644	861.0	0	0.0	861.0	0	0.0
login	4	144	217328.0	3	0.847457627118644	217328.0	2	0.5649717514124294	2601.0	13	3.672316384180791	867.0	0	0.0	867.0	0	0.0
login	4	145	218832.0	1	0.2824858757062147	218832.0	2	0.5649717514124294	2619.0	0	0.0	873.0	0	0.0	873.0	0	0.0
login	4	146	220336.0	1	0.2824858757062147	220336.0	2	0.5649717514124294	2637.0	0	0.0	879.0	0	0.0	879.0	0	0.0
login	4	147	221840.0	3	0.847457627118644	221840.0	2	0.5649717514124294	2655.0	0	0.0	885.0	0	0.0	885.0	0	0.0
login	4	148	223344.0	2	0.5649717514124294	223344.0	2	0.5649717514124294	2673.0	0	0.0	891.0	0	0.0	891.0	0	0.0
login	4	149	224848.0	1	0.2824858757062147	224848.0	2	0.5649717514124294	2691.0	15	4.237288135593221	897.0	0	0.0	897.0	0	0.0
login	4	150	226352.0	2	0.5649717514124294	226352.0	1	0.2824858757062147	2709.0	6	1.694915254237288	903.0	0	0.0	903.0	0	0.0
login	4	151	227856.0	1	0.2824858757062147	227856.0	2	0.5649717514124294	2727.0	0	0.0	909.0	0	0.0	909.0	0	0.0
login	4	152	229360.0	3	0.847457627118644	229360.0	2	0.5649717514124294	2745.0	0	0.0	915.0	0	0.0	915.0	0	0.0
login	4	153	230864.0	1	0.2824858757062147	230864.0	1	0.2824858757062147	2763.0	0	0.0	921.0	0	0.0	921.0	0	0.0
login	4	154	232368.0	2	0.5649717514124294	232368.0	2	0.5649717514124294	2781.0	2	0.5649717514124294	927.0	0	0.0	927.0	0	0.0
login	4	155	233872.0	2	0.5649717514124294	233872.0	1	0.2824858757062147	2799.0	14	3.9548022598870056	933.0	0	0.0	933.0	0	0.0
login	4	156	235376.0	1	0.2824858757062147	235376.0	3	0.847457627118644	2817.0	0	0.0	939.0	0	0.0	939.0	0	0.0
login	4	157	236880.0	2	0.5649717514124294	236880.0	2	0.5649717514124294	2835.0	0	0.0	945.0	0	0.0	945.0	0	0.0
login	4	158	238384.0	2	0.5649717514124294	238384.0	1	0.2824858757062147	2853.0	0	0.0	951.0	0	0.0	951.0	0	0.0
login	4	159	239888.0	1	0.2824858757062147	239888.0	1	0.2824858757062147	2871.0	0	0.0	957.0	0	0.0	957.0	0	0.0
login	4	160	241392.0	3	0.847457627118644	241392.0	3	0.847457627118644	2889.0	8	2.2598870056497176	963.0	0	0.0	963.0	0	0.0
login	4	161	242896.0	1	0.2824858757062147	242896.0	1	0.2824858757062147	2907.0	5	1.4124293785310735	969.0	0	0.0	969.0	0	0.0
login	4	162	244400.0	1	0.2824858757062147	244400.0	2	0.5649717514124294	2925.0	0	0.0	975.0	0	0.0	975.0	0	0.0
login	4	163	245904.0	3	0.847457627118644	245904.0	2	0.5649717514124294	2943.0	1	0.2824858757062147	981.0	0	0.0	981.0	0	0.0
login	4	164	247408.0	1	0.2824858757062147	247408.0	1	0.2824858757062147	2961.0	0	0.0	987.0	0	0.0	987.0	0	0.0
login	4	165	248912.0	2	0.5649717514124294	248912.0	3	0.847457627118644	2979.0	0	0.0	993.0	0	0.0	993.0	0	0.0
login	4	166	250416.0	2	0.5649717514124294	250416.0	0	0.0	2997.0	4	1.1299435028248588	999.0	0	0.0	999.0	0	0.0
login	4	167	251920.0	2	0.5649717514124294	251920.0	4	1.1299435028248588	3015.0	0	0.0	1005.0	0	0.0	1005.0	0	0.0
login	4	168	253424.0	2	0.5649717514124294	253424.0	1	0.2824858757062147	3033.0	0	0.0	1011.0	0	0.0	1011.0	0	0.0
login	4	169	254928.0	1	0.2824858757062147	254928.0	2	0.5649717514124294	3051.0	0	0.0	1017.0	0	0.0	1017.0	0	0.0
login	4	170	256432.0	3	0.847457627118644	256432.0	2	0.5649717514124294	3069.0	0	0.0	1023.0	0	0.0	1023.0	0	0.0
login	4	171	257936.0	1	0.2824858757062147	257936.0	1	0.2824858757062147	3087.0	7	1.9774011299435028	1029.0	0	0.0	1029.0	0	0.0
login	4	172	259440.0	1	0.2824858757062147	259440.0	3	0.847457627118644	3105.0	4	1.1299435028248588	1035.0	0	0.0	1035.0	0	0.0
login	4	173	260944.0	3	0.847457627118644	260944.0	1	0.2824858757062147	3123.0	0	0.0	1041.0	0	0.0	1041.0	0	0.0
login	4	174	262448.0	1	0.2824858757062147	262448.0	1	0.2824858757062147	3141.0	0	0.0	1047.0	0	0.0	1047.0	0	0.0
login	4	175	263952.0	2	0.5649717514124294	263952.0	2	0.5649717514124294	3159.0	0	0.0	1053.0	0	0.0	1053.0	0	0.0
login	4	176	265456.0	2	0.5649717514124294	265456.0	2	0.5649717514124294	3177.0	0	0.0	1059.0	0	0.0	1059.0	0	0.0
login	4	177	266960.0	1	0.2824858757062147	266960.0	2	0.5649717514124294	3195.0	2	0.5649717514124294	1065.0	0	0.0	1065.0	0	0.0
login	4	178	268464.0	2	0.5649717514124294	268464.0	2	0.5649717514124294	3213.0	1	0.2824858757062147	1071.0	0	0.0	1071.0	0	0.0
login	4	179	269968.0	2	0.5649717514124294	269968.0	1	0.2824858757062147	3231.0	0	0.0	1077.0	0	0.0	1077.0	0	0.0
login	4	180	271472.0	2	0.5649717514124294	271472.0	3	0.847457627118644	3249.0	0	0.0	1083.0	0	0.0	1083.0	0	0.0
login	4	181	272976.0	2	0.5649717514124294	272976.0	1	0.2824858757062147	3267.0	1	0.2824858757062147	1089.0	0	0.0	1089.0	0	0.0
login	4	182	274480.0	2	0.5649717514124294	274480.0	2	0.5649717514124294	3285.0	5	1.4124293785310735	1095.0	0	0.0	1095.0	0	0.0
login	4	183	275984.0	1	0.2824858757062147	275984.0	1	0.2824858757062147	3303.0	2	0.5649717514124294	1101.0	0	0.0	1101.0	0	0.0
login	4	184	277488.0	2	0.5649717514124294	277488.0	2	0.5649717514124294	3321.0	0	0.0	1107.0	0	0.0	1107.0	0	0.0
login	4	185	278992.0	1	0.2824858757062147	278992.0	2	0.5649717514124294	3339.0	0	0.0	1113.0	0	0.0	1113.0	0	0.0
login	4	186	280496.0	2	0.5649717514124294	280496.0	2	0.5649717514124294	3357.0	0	0.0	1119.0	0	0.0	1119.0	0	0.0
login	4	187	282000.0	3	0.847457627118644	282000.0	2	0.5649717514124294	3375.0	0	0.0	1125.0	0	0.0	1125.0	0	0.0
login	4	188	283504.0	2	0.5649717514124294	283504.0	2	0.5649717514124294	3393.0	2	0.5649717514124294	1131.0	0	0.0	1131.0	0	0.0
login	4	189	285008.0	1	0.2824858757062147	285008.0	2	0.5649717514124294	3411.0	0	0.0	1137.0	0	0.0	1137.0	0	0.0
login	4	190	286512.0	3	0.847457627118644	286512.0	2	0.5649717514124294	3429.0	0	0.0	1143.0	0	0.0	1143.0	0	0.0
login	4	191	288016.0	1	0.2824858757062147	288016.0	1	0.2824858757062147	3447.0	0	0.0	1149.0	0	0.0	1149.0	0	0.0
login	4	192	289520.0	2	0.5649717514124294	289520.0	2	0.5649717514124294	3465.0	0	0.0	1155.0	0	0.0	1155.0	0	0.0
login	4	193	291024.0	2	0.5649717514124294	291024.0	1	0.2824858757062147	3483.0	0	0.0	1161.0	0	0.0	1161.0	0	0.0
login	4	194	292528.0	1	0.2824858757062147	292528.0	3	0.847457627118644	3501.0	1	0.2824858757062147	1167.0	0	0.0	1167.0	0	0.0
login	4	195	294032.0	3	0.847457627118644	294032.0	1	0.2824858757062147	3519.0	0	0.0	1173.0	0	0.0	1173.0	0	0.0
login	4	196	295536.0	1	0.2824858757062147	295536.0	2	0.5649717514124294	3537.0	0	0.0	1179.0	0	0.0	1179.0	0	0.0
login	4	197	297040.0	2	0.5649717514124294	297040.0	3	0.847457627118644	3555.0	0	0.0	1185.0	0	0.0	1185.0	0	0.0
login	4	198	298544.0	2	0.5649717514124294	298544.0	1	0.2824858757062147	3573.0	0	0.0	1191.0	0	0.0	1191.0	0	0.0
login	4	199	300048.0	0	0.0	300048.0	3	0.847457627118644	3591.0	1	0.2824858757062147	1197.0	0	0.0	1197.0	0	0.0
info	4	0	741.5	4	1.1396011396011396	741.5	4	1.1396011396011396	1.5	1	0.2849002849002849	3.0	351	100.0	3.0	351	100.0
info	4	1	2224.5	0	0.0	2224.5	0	0.0	4.5	151	43.01994301994302	9.0	0	0.0	9.0	0	0.0
info	4	2	3707.5	2	0.5698005698005698	3707.5	2	0.5698005698005698	7.5	25	7.122507122507122	15.0	0	0.0	15.0	0	0.0
info	4	3	5190.5	2	0.5698005698005698	5190.5	2	0.5698005698005698	10.5	3	0.8547008547008548	21.0	0	0.0	21.0	0	0.0
info	4	4	6673.5	2	0.5698005698005698	6673.5	2	0.5698005698005698	13.5	0	0.0	27.0	0	0.0	27.0	0	0.0
info	4	5	8156.5	2	0.5698005698005698	8156.5	2	0.5698005698005698	16.5	0	0.0	33.0	0	0.0	33.0	0	0.0
info	4	6	9639.5	1	0.2849002849002849	9639.5	1	0.2849002849002849	19.5	0	0.0	39.0	0	0.0	39.0	0	0.0
info	4	7	11122.5	3	0.8547008547008548	11122.5	2	0.5698005698005698	22.5	0	0.0	45.0	0	0.0	45.0	0	0.0
info	4	8	12605.5	1	0.2849002849002849	12605.5	2	0.5698005698005698	25.5	0	0.0	51.0	0	0.0	51.0	0	0.0
info	4	9	14088.5	2	0.5698005698005698	14088.5	2	0.5698005698005698	28.5	0	0.0	57.0	0	0.0	57.0	0	0.0
info	4	10	15571.5	2	0.5698005698005698	15571.5	2	0.5698005698005698	31.5	0	0.0	63.0	0	0.0	63.0	0	0.0
info	4	11	17054.5	0	0.0	17054.5	0	0.0	34.5	0	0.0	69.0	0	0.0	69.0	0	0.0
info	4	12	18537.5	4	1.1396011396011396	18537.5	4	1.1396011396011396	37.5	0	0.0	75.0	0	0.0	75.0	0	0.0
info	4	13	20020.5	0	0.0	20020.5	0	0.0	40.5	0	0.0	81.0	0	0.0	81.0	0	0.0
info	4	14	21503.5	1	0.2849002849002849	21503.5	1	0.2849002849002849	43.5	0	0.0	87.0	0	0.0	87.0	0	0.0
info	4	15	22986.5	4	1.1396011396011396	22986.5	4	1.1396011396011396	46.5	0	0.0	93.0	0	0.0	93.0	0	0.0
info	4	16	24469.5	0	0.0	24469.5	0	0.0	49.5	0	0.0	99.0	0	0.0	99.0	0	0.0
info	4	17	25952.5	2	0.5698005698005698	25952.5	2	0.5698005698005698	52.5	0	0.0	105.0	0	0.0	105.0	0	0.0
info	4	18	27435.5	2	0.5698005698005698	27435.5	2	0.5698005698005698	55.5	0	0.0	111.0	0	0.0	111.0	0	0.0
info	4	19	28918.5	2	0.5698005698005698	28918.5	2	0.5698005698005698	58.5	0	0.0	117.0	0	0.0	117.0	0	0.0
info	4	20	30401.5	2	0.5698005698005698	30401.5	2	0.5698005698005698	61.5	0	0.0	123.0	0	0.0	123.0	0	0.0
info	4	21	31884.5	2	0.5698005698005698	31884.5	2	0.5698005698005698	64.5	0	0.0	129.0	0	0.0	129.0	0	0.0
info	4	22	33367.5	1	0.2849002849002849	33367.5	1	0.2849002849002849	67.5	0	0.0	135.0	0	0.0	135.0	0	0.0
info	4	23	34850.5	3	0.8547008547008548	34850.5	3	0.8547008547008548	70.5	1	0.2849002849002849	141.0	0	0.0	141.0	0	0.0
info	4	24	36333.5	0	0.0	36333.5	0	0.0	73.5	0	0.0	147.0	0	0.0	147.0	0	0.0
info	4	25	37816.5	3	0.8547008547008548	37816.5	3	0.8547008547008548	76.5	0	0.0	153.0	0	0.0	153.0	0	0.0
info	4	26	39299.5	2	0.5698005698005698	39299.5	2	0.5698005698005698	79.5	0	0.0	159.0	0	0.0	159.0	0	0.0
info	4	27	40782.5	2	0.5698005698005698	40782.5	1	0.2849002849002849	82.5	0	0.0	165.0	0	0.0	165.0	0	0.0
info	4	28	42265.5	1	0.2849002849002849	42265.5	2	0.5698005698005698	85.5	0	0.0	171.0	0	0.0	171.0	0	0.0
info	4	29	43748.5	3	0.8547008547008548	43748.5	2	0.5698005698005698	88.5	2	0.5698005698005698	177.0	0	0.0	177.0	0	0.0
info	4	30	45231.5	1	0.2849002849002849	45231.5	2	0.5698005698005698	91.5	11	3.133903133903134	183.0	0	0.0	183.0	0	0.0
info	4	31	46714.5	2	0.5698005698005698	46714.5	2	0.5698005698005698	94.5	49	13.96011396011396	189.0	0	0.0	189.0	0	0.0
info	4	32	48197.5	2	0.5698005698005698	48197.5	2	0.5698005698005698	97.5	59	16.80911680911681	195.0	0	0.0	195.0	0	0.0
info	4	33	49680.5	2	0.5698005698005698	49680.5	2	0.5698005698005698	100.5	14	3.988603988603989	201.0	0	0.0	201.0	0	0.0
info	4	34	51163.5	1	0.2849002849002849	51163.5	1	0.2849002849002849	103.5	7	1.9943019943019944	207.0	0	0.0	207.0	0	0.0
info	4	35	52646.5	2	0.5698005698005698	52646.5	2	0.5698005698005698	106.5	5	1.4245014245014245	213.0	0	0.0	213.0	0	0.0
info	4	36	54129.5	2	0.5698005698005698	54129.5	2	0.5698005698005698	109.5	1	0.2849002849002849	219.0	0	0.0	219.0	0	0.0
info	4	37	55612.5	1	0.2849002849002849	55612.5	1	0.2849002849002849	112.5	0	0.0	225.0	0	0.0	225.0	0	0.0
info	4	38	57095.5	2	0.5698005698005698	57095.5	2	0.5698005698005698	115.5	0	0.0	231.0	0	0.0	231.0	0	0.0
info	4	39	58578.5	2	0.5698005698005698	58578.5	2	0.5698005698005698	118.5	0	0.0	237.0	0	0.0	237.0	0	0.0
info	4	40	60061.5	2	0.5698005698005698	60061.5	2	0.5698005698005698	121.5	0	0.0	243.0	0	0.0	243.0	0	0.0
info	4	41	61544.5	1	0.2849002849002849	61544.5	1	0.2849002849002849	124.5	0	0.0	249.0	0	0.0	249.0	0	0.0
info	4	42	63027.5	2	0.5698005698005698	63027.5	2	0.5698005698005698	127.5	0	0.0	255.0	0	0.0	255.0	0	0.0
info	4	43	64510.5	2	0.5698005698005698	64510.5	2	0.5698005698005698	130.5	0	0.0	261.0	0	0.0	261.0	0	0.0
info	4	44	65993.5	2	0.5698005698005698	65993.5	2	0.5698005698005698	133.5	0	0.0	267.0	0	0.0	267.0	0	0.0
info	4	45	67476.5	2	0.5698005698005698	67476.5	2	0.5698005698005698	136.5	0	0.0	273.0	0	0.0	273.0	0	0.0
info	4	46	68959.5	2	0.5698005698005698	68959.5	2	0.5698005698005698	139.5	0	0.0	279.0	0	0.0	279.0	0	0.0
info	4	47	70442.5	1	0.2849002849002849	70442.5	1	0.2849002849002849	142.5	0	0.0	285.0	0	0.0	285.0	0	0.0
info	4	48	71925.5	1	0.2849002849002849	71925.5	1	0.2849002849002849	145.5	0	0.0	291.0	0	0.0	291.0	0	0.0
info	4	49	73408.5	2	0.5698005698005698	73408.5	2	0.5698005698005698	148.5	0	0.0	297.0	0	0.0	297.0	0	0.0
info	4	50	74891.5	2	0.5698005698005698	74891.5	2	0.5698005698005698	151.5	0	0.0	303.0	0	0.0	303.0	0	0.0
info	4	51	76374.5	2	0.5698005698005698	76374.5	2	0.5698005698005698	154.5	0	0.0	309.0	0	0.0	309.0	0	0.0
info	4	52	77857.5	2	0.5698005698005698	77857.5	2	0.5698005698005698	157.5	0	0.0	315.0	0	0.0	315.0	0	0.0
info	4	53	79340.5	2	0.5698005698005698	79340.5	2	0.5698005698005698	160.5	0	0.0	321.0	0	0.0	321.0	0	0.0
info	4	54	80823.5	0	0.0	80823.5	0	0.0	163.5	0	0.0	327.0	0	0.0	327.0	0	0.0
info	4	55	82306.5	3	0.8547008547008548	82306.5	3	0.8547008547008548	166.5	0	0.0	333.0	0	0.0	333.0	0	0.0
info	4	56	83789.5	2	0.5698005698005698	83789.5	2	0.5698005698005698	169.5	0	0.0	339.0	0	0.0	339.0	0	0.0
info	4	57	85272.5	1	0.2849002849002849	85272.5	1	0.2849002849002849	172.5	0	0.0	345.0	0	0.0	345.0	0	0.0
info	4	58	86755.5	2	0.5698005698005698	86755.5	2	0.5698005698005698	175.5	0	0.0	351.0	0	0.0	351.0	0	0.0
info	4	59	88238.5	1	0.2849002849002849	88238.5	1	0.2849002849002849	178.5	0	0.0	357.0	0	0.0	357.0	0	0.0
info	4	60	89721.5	3	0.8547008547008548	89721.5	3	0.8547008547008548	181.5	0	0.0	363.0	0	0.0	363.0	0	0.0
info	4	61	91204.5	1	0.2849002849002849	91204.5	1	0.2849002849002849	184.5	0	0.0	369.0	0	0.0	369.0	0	0.0
info	4	62	92687.5	2	0.5698005698005698	92687.5	2	0.5698005698005698	187.5	0	0.0	375.0	0	0.0	375.0	0	0.0
info	4	63	94170.5	2	0.5698005698005698	94170.5	2	0.5698005698005698	190.5	0	0.0	381.0	0	0.0	381.0	0	0.0
info	4	64	95653.5	1	0.2849002849002849	95653.5	1	0.2849002849002849	193.5	8	2.2792022792022792	387.0	0	0.0	387.0	0	0.0
info	4	65	97136.5	2	0.5698005698005698	97136.5	2	0.5698005698005698	196.5	2	0.5698005698005698	393.0	0	0.0	393.0	0	0.0
info	4	66	98619.5	2	0.5698005698005698	98619.5	2	0.5698005698005698	199.5	4	1.1396011396011396	399.0	0	0.0	399.0	0	0.0
info	4	67	100102.5	2	0.5698005698005698	100102.5	2	0.5698005698005698	202.5	1	0.2849002849002849	405.0	0	0.0	405.0	0	0.0
info	4	68	101585.5	1	0.2849002849002849	101585.5	1	0.2849002849002849	205.5	2	0.5698005698005698	411.0	0	0.0	411.0	0	0.0
info	4	69	103068.5	3	0.8547008547008548	103068.5	3	0.8547008547008548	208.5	1	0.2849002849002849	417.0	0	0.0	417.0	0	0.0
info	4	70	104551.5	1	0.2849002849002849	104551.5	1	0.2849002849002849	211.5	0	0.0	423.0	0	0.0	423.0	0	0.0
info	4	71	106034.5	1	0.2849002849002849	106034.5	1	0.2849002849002849	214.5	0	0.0	429.0	0	0.0	429.0	0	0.0
info	4	72	107517.5	2	0.5698005698005698	107517.5	2	0.5698005698005698	217.5	0	0.0	435.0	0	0.0	435.0	0	0.0
info	4	73	109000.5	2	0.5698005698005698	109000.5	2	0.5698005698005698	220.5	0	0.0	441.0	0	0.0	441.0	0	0.0
info	4	74	110483.5	2	0.5698005698005698	110483.5	2	0.5698005698005698	223.5	0	0.0	447.0	0	0.0	447.0	0	0.0
info	4	75	111966.5	2	0.5698005698005698	111966.5	2	0.5698005698005698	226.5	0	0.0	453.0	0	0.0	453.0	0	0.0
info	4	76	113449.5	2	0.5698005698005698	113449.5	2	0.5698005698005698	229.5	0	0.0	459.0	0	0.0	459.0	0	0.0
info	4	77	114932.5	2	0.5698005698005698	114932.5	2	0.5698005698005698	232.5	0	0.0	465.0	0	0.0	465.0	0	0.0
info	4	78	116415.5	1	0.2849002849002849	116415.5	0	0.0	235.5	0	0.0	471.0	0	0.0	471.0	0	0.0
info	4	79	117898.5	1	0.2849002849002849	117898.5	2	0.5698005698005698	238.5	0	0.0	477.0	0	0.0	477.0	0	0.0
info	4	80	119381.5	2	0.5698005698005698	119381.5	2	0.5698005698005698	241.5	0	0.0	483.0	0	0.0	483.0	0	0.0
info	4	81	120864.5	2	0.5698005698005698	120864.5	2	0.5698005698005698	244.5	0	0.0	489.0	0	0.0	489.0	0	0.0
info	4	82	122347.5	1	0.2849002849002849	122347.5	1	0.2849002849002849	247.5	0	0.0	495.0	0	0.0	495.0	0	0.0
info	4	83	123830.5	3	0.8547008547008548	123830.5	3	0.8547008547008548	250.5	0	0.0	501.0	0	0.0	501.0	0	0.0
info	4	84	125313.5	1	0.2849002849002849	125313.5	1	0.2849002849002849	253.5	0	0.0	507.0	0	0.0	507.0	0	0.0
info	4	85	126796.5	2	0.5698005698005698	126796.5	1	0.2849002849002849	256.5	0	0.0	513.0	0	0.0	513.0	0	0.0
info	4	86	128279.5	2	0.5698005698005698	128279.5	3	0.8547008547008548	259.5	0	0.0	519.0	0	0.0	519.0	0	0.0
info	4	87	129762.5	1	0.2849002849002849	129762.5	1	0.2849002849002849	262.5	0	0.0	525.0	0	0.0	525.0	0	0.0
info	4	88	131245.5	2	0.5698005698005698	131245.5	2	0.5698005698005698	265.5	0	0.0	531.0	0	0.0	531.0	0	0.0
info	4	89	132728.5	2	0.5698005698005698	132728.5	2	0.5698005698005698	268.5	0	0.0	537.0	0	0.0	537.0	0	0.0
info	4	90	134211.5	0	0.0	134211.5	0	0.0	271.5	0	0.0	543.0	0	0.0	543.0	0	0.0
info	4	91	135694.5	4	1.1396011396011396	135694.5	4	1.1396011396011396	274.5	0	0.0	549.0	0	0.0	549.0	0	0.0
info	4	92	137177.5	0	0.0	137177.5	0	0.0	277.5	1	0.2849002849002849	555.0	0	0.0	555.0	0	0.0
info	4	93	138660.5	3	0.8547008547008548	138660.5	3	0.8547008547008548	280.5	0	0.0	561.0	0	0.0	561.0	0	0.0
info	4	94	140143.5	2	0.5698005698005698	140143.5	2	0.5698005698005698	283.5	0	0.0	567.0	0	0.0	567.0	0	0.0
info	4	95	141626.5	1	0.2849002849002849	141626.5	1	0.2849002849002849	286.5	0	0.0	573.0	0	0.0	573.0	0	0.0
info	4	96	143109.5	2	0.5698005698005698	143109.5	2	0.5698005698005698	289.5	1	0.2849002849002849	579.0	0	0.0	579.0	0	0.0
info	4	97	144592.5	2	0.5698005698005698	144592.5	2	0.5698005698005698	292.5	1	0.2849002849002849	585.0	0	0.0	585.0	0	0.0
info	4	98	146075.5	1	0.2849002849002849	146075.5	1	0.2849002849002849	295.5	0	0.0	591.0	0	0.0	591.0	0	0.0
info	4	99	147558.5	2	0.5698005698005698	147558.5	2	0.5698005698005698	298.5	0	0.0	597.0	0	0.0	597.0	0	0.0
info	4	100	149041.5	2	0.5698005698005698	149041.5	2	0.5698005698005698	301.5	0	0.0	603.0	0	0.0	603.0	0	0.0
info	4	101	150524.5	1	0.2849002849002849	150524.5	1	0.2849002849002849	304.5	0	0.0	609.0	0	0.0	609.0	0	0.0
info	4	102	152007.5	2	0.5698005698005698	152007.5	2	0.5698005698005698	307.5	0	0.0	615.0	0	0.0	615.0	0	0.0
info	4	103	153490.5	1	0.2849002849002849	153490.5	1	0.2849002849002849	310.5	0	0.0	621.0	0	0.0	621.0	0	0.0
info	4	104	154973.5	2	0.5698005698005698	154973.5	2	0.5698005698005698	313.5	0	0.0	627.0	0	0.0	627.0	0	0.0
info	4	105	156456.5	2	0.5698005698005698	156456.5	2	0.5698005698005698	316.5	0	0.0	633.0	0	0.0	633.0	0	0.0
info	4	106	157939.5	3	0.8547008547008548	157939.5	2	0.5698005698005698	319.5	0	0.0	639.0	0	0.0	639.0	0	0.0
info	4	107	159422.5	1	0.2849002849002849	159422.5	2	0.5698005698005698	322.5	0	0.0	645.0	0	0.0	645.0	0	0.0
info	4	108	160905.5	2	0.5698005698005698	160905.5	1	0.2849002849002849	325.5	0	0.0	651.0	0	0.0	651.0	0	0.0
info	4	109	162388.5	2	0.5698005698005698	162388.5	3	0.8547008547008548	328.5	0	0.0	657.0	0	0.0	657.0	0	0.0
info	4	110	163871.5	1	0.2849002849002849	163871.5	1	0.2849002849002849	331.5	0	0.0	663.0	0	0.0	663.0	0	0.0
info	4	111	165354.5	2	0.5698005698005698	165354.5	2	0.5698005698005698	334.5	0	0.0	669.0	0	0.0	669.0	0	0.0
info	4	112	166837.5	2	0.5698005698005698	166837.5	2	0.5698005698005698	337.5	0	0.0	675.0	0	0.0	675.0	0	0.0
info	4	113	168320.5	1	0.2849002849002849	168320.5	1	0.2849002849002849	340.5	0	0.0	681.0	0	0.0	681.0	0	0.0
info	4	114	169803.5	3	0.8547008547008548	169803.5	3	0.8547008547008548	343.5	0	0.0	687.0	0	0.0	687.0	0	0.0
info	4	115	171286.5	1	0.2849002849002849	171286.5	0	0.0	346.5	0	0.0	693.0	0	0.0	693.0	0	0.0
info	4	116	172769.5	2	0.5698005698005698	172769.5	3	0.8547008547008548	349.5	0	0.0	699.0	0	0.0	699.0	0	0.0
info	4	117	174252.5	2	0.5698005698005698	174252.5	2	0.5698005698005698	352.5	0	0.0	705.0	0	0.0	705.0	0	0.0
info	4	118	175735.5	1	0.2849002849002849	175735.5	0	0.0	355.5	0	0.0	711.0	0	0.0	711.0	0	0.0
info	4	119	177218.5	2	0.5698005698005698	177218.5	3	0.8547008547008548	358.5	0	0.0	717.0	0	0.0	717.0	0	0.0
info	4	120	178701.5	2	0.5698005698005698	178701.5	2	0.5698005698005698	361.5	0	0.0	723.0	0	0.0	723.0	0	0.0
info	4	121	180184.5	2	0.5698005698005698	180184.5	2	0.5698005698005698	364.5	0	0.0	729.0	0	0.0	729.0	0	0.0
info	4	122	181667.5	1	0.2849002849002849	181667.5	1	0.2849002849002849	367.5	0	0.0	735.0	0	0.0	735.0	0	0.0
info	4	123	183150.5	2	0.5698005698005698	183150.5	2	0.5698005698005698	370.5	0	0.0	741.0	0	0.0	741.0	0	0.0
info	4	124	184633.5	2	0.5698005698005698	184633.5	2	0.5698005698005698	373.5	0	0.0	747.0	0	0.0	747.0	0	0.0
info	4	125	186116.5	1	0.2849002849002849	186116.5	1	0.2849002849002849	376.5	0	0.0	753.0	0	0.0	753.0	0	0.0
info	4	126	187599.5	2	0.5698005698005698	187599.5	2	0.5698005698005698	379.5	0	0.0	759.0	0	0.0	759.0	0	0.0
info	4	127	189082.5	2	0.5698005698005698	189082.5	2	0.5698005698005698	382.5	0	0.0	765.0	0	0.0	765.0	0	0.0
info	4	128	190565.5	2	0.5698005698005698	190565.5	2	0.5698005698005698	385.5	0	0.0	771.0	0	0.0	771.0	0	0.0
info	4	129	192048.5	2	0.5698005698005698	192048.5	2	0.5698005698005698	388.5	0	0.0	777.0	0	0.0	777.0	0	0.0
info	4	130	193531.5	1	0.2849002849002849	193531.5	1	0.2849002849002849	391.5	0	0.0	783.0	0	0.0	783.0	0	0.0
info	4	131	195014.5	2	0.5698005698005698	195014.5	2	0.5698005698005698	394.5	0	0.0	789.0	0	0.0	789.0	0	0.0
info	4	132	196497.5	2	0.5698005698005698	196497.5	2	0.5698005698005698	397.5	0	0.0	795.0	0	0.0	795.0	0	0.0
info	4	133	197980.5	1	0.2849002849002849	197980.5	1	0.2849002849002849	400.5	0	0.0	801.0	0	0.0	801.0	0	0.0
info	4	134	199463.5	3	0.8547008547008548	199463.5	2	0.5698005698005698	403.5	0	0.0	807.0	0	0.0	807.0	0	0.0
info	4	135	200946.5	1	0.2849002849002849	200946.5	2	0.5698005698005698	406.5	0	0.0	813.0	0	0.0	813.0	0	0.0
info	4	136	202429.5	1	0.2849002849002849	202429.5	1	0.2849002849002849	409.5	0	0.0	819.0	0	0.0	819.0	0	0.0
info	4	137	203912.5	2	0.5698005698005698	203912.5	2	0.5698005698005698	412.5	0	0.0	825.0	0	0.0	825.0	0	0.0
info	4	138	205395.5	1	0.2849002849002849	205395.5	1	0.2849002849002849	415.5	0	0.0	831.0	0	0.0	831.0	0	0.0
info	4	139	206878.5	2	0.5698005698005698	206878.5	2	0.5698005698005698	418.5	0	0.0	837.0	0	0.0	837.0	0	0.0
info	4	140	208361.5	3	0.8547008547008548	208361.5	2	0.5698005698005698	421.5	0	0.0	843.0	0	0.0	843.0	0	0.0
info	4	141	209844.5	1	0.2849002849002849	209844.5	2	0.5698005698005698	424.5	0	0.0	849.0	0	0.0	849.0	0	0.0
info	4	142	211327.5	2	0.5698005698005698	211327.5	2	0.5698005698005698	427.5	0	0.0	855.0	0	0.0	855.0	0	0.0
info	4	143	212810.5	1	0.2849002849002849	212810.5	1	0.2849002849002849	430.5	0	0.0	861.0	0	0.0	861.0	0	0.0
info	4	144	214293.5	2	0.5698005698005698	214293.5	2	0.5698005698005698	433.5	0	0.0	867.0	0	0.0	867.0	0	0.0
info	4	145	215776.5	2	0.5698005698005698	215776.5	2	0.5698005698005698	436.5	0	0.0	873.0	0	0.0	873.0	0	0.0
info	4	146	217259.5	2	0.5698005698005698	217259.5	2	0.5698005698005698	439.5	0	0.0	879.0	0	0.0	879.0	0	0.0
info	4	147	218742.5	1	0.2849002849002849	218742.5	1	0.2849002849002849	442.5	0	0.0	885.0	0	0.0	885.0	0	0.0
info	4	148	220225.5	2	0.5698005698005698	220225.5	2	0.5698005698005698	445.5	0	0.0	891.0	0	0.0	891.0	0	0.0
info	4	149	221708.5	2	0.5698005698005698	221708.5	2	0.5698005698005698	448.5	0	0.0	897.0	0	0.0	897.0	0	0.0
info	4	150	223191.5	2	0.5698005698005698	223191.5	1	0.2849002849002849	451.5	0	0.0	903.0	0	0.0	903.0	0	0.0
info	4	151	224674.5	1	0.2849002849002849	224674.5	2	0.5698005698005698	454.5	0	0.0	909.0	0	0.0	909.0	0	0.0
info	4	152	226157.5	2	0.5698005698005698	226157.5	2	0.5698005698005698	457.5	0	0.0	915.0	0	0.0	915.0	0	0.0
info	4	153	227640.5	2	0.5698005698005698	227640.5	2	0.5698005698005698	460.5	0	0.0	921.0	0	0.0	921.0	0	0.0
info	4	154	229123.5	1	0.2849002849002849	229123.5	1	0.2849002849002849	463.5	0	0.0	927.0	0	0.0	927.0	0	0.0
info	4	155	230606.5	2	0.5698005698005698	230606.5	2	0.5698005698005698	466.5	0	0.0	933.0	0	0.0	933.0	0	0.0
info	4	156	232089.5	2	0.5698005698005698	232089.5	2	0.5698005698005698	469.5	0	0.0	939.0	0	0.0	939.0	0	0.0
info	4	157	233572.5	2	0.5698005698005698	233572.5	2	0.5698005698005698	472.5	0	0.0	945.0	0	0.0	945.0	0	0.0
info	4	158	235055.5	1	0.2849002849002849	235055.5	1	0.2849002849002849	475.5	0	0.0	951.0	0	0.0	951.0	0	0.0
info	4	159	236538.5	1	0.2849002849002849	236538.5	1	0.2849002849002849	478.5	0	0.0	957.0	0	0.0	957.0	0	0.0
info	4	160	238021.5	3	0.8547008547008548	238021.5	3	0.8547008547008548	481.5	0	0.0	963.0	0	0.0	963.0	0	0.0
info	4	161	239504.5	2	0.5698005698005698	239504.5	2	0.5698005698005698	484.5	0	0.0	969.0	0	0.0	969.0	0	0.0
info	4	162	240987.5	0	0.0	240987.5	0	0.0	487.5	0	0.0	975.0	0	0.0	975.0	0	0.0
info	4	163	242470.5	3	0.8547008547008548	242470.5	3	0.8547008547008548	490.5	0	0.0	981.0	0	0.0	981.0	0	0.0
info	4	164	243953.5	1	0.2849002849002849	243953.5	1	0.2849002849002849	493.5	1	0.2849002849002849	987.0	0	0.0	987.0	0	0.0
info	4	165	245436.5	2	0.5698005698005698	245436.5	2	0.5698005698005698	496.5	0	0.0	993.0	0	0.0	993.0	0	0.0
info	4	166	246919.5	2	0.5698005698005698	246919.5	2	0.5698005698005698	499.5	0	0.0	999.0	0	0.0	999.0	0	0.0
info	4	167	248402.5	2	0.5698005698005698	248402.5	2	0.5698005698005698	502.5	0	0.0	1005.0	0	0.0	1005.0	0	0.0
info	4	168	249885.5	2	0.5698005698005698	249885.5	2	0.5698005698005698	505.5	0	0.0	1011.0	0	0.0	1011.0	0	0.0
info	4	169	251368.5	1	0.2849002849002849	251368.5	1	0.2849002849002849	508.5	0	0.0	1017.0	0	0.0	1017.0	0	0.0
info	4	170	252851.5	3	0.8547008547008548	252851.5	3	0.8547008547008548	511.5	0	0.0	1023.0	0	0.0	1023.0	0	0.0
info	4	171	254334.5	1	0.2849002849002849	254334.5	1	0.2849002849002849	514.5	0	0.0	1029.0	0	0.0	1029.0	0	0.0
info	4	172	255817.5	1	0.2849002849002849	255817.5	1	0.2849002849002849	517.5	0	0.0	1035.0	0	0.0	1035.0	0	0.0
info	4	173	257300.5	3	0.8547008547008548	257300.5	3	0.8547008547008548	520.5	0	0.0	1041.0	0	0.0	1041.0	0	0.0
info	4	174	258783.5	1	0.2849002849002849	258783.5	1	0.2849002849002849	523.5	0	0.0	1047.0	0	0.0	1047.0	0	0.0
info	4	175	260266.5	2	0.5698005698005698	260266.5	2	0.5698005698005698	526.5	0	0.0	1053.0	0	0.0	1053.0	0	0.0
info	4	176	261749.5	2	0.5698005698005698	261749.5	2	0.5698005698005698	529.5	0	0.0	1059.0	0	0.0	1059.0	0	0.0
info	4	177	263232.5	1	0.2849002849002849	263232.5	1	0.2849002849002849	532.5	0	0.0	1065.0	0	0.0	1065.0	0	0.0
info	4	178	264715.5	2	0.5698005698005698	264715.5	2	0.5698005698005698	535.5	0	0.0	1071.0	0	0.0	1071.0	0	0.0
info	4	179	266198.5	2	0.5698005698005698	266198.5	2	0.5698005698005698	538.5	0	0.0	1077.0	0	0.0	1077.0	0	0.0
info	4	180	267681.5	2	0.5698005698005698	267681.5	2	0.5698005698005698	541.5	0	0.0	1083.0	0	0.0	1083.0	0	0.0
info	4	181	269164.5	2	0.5698005698005698	269164.5	2	0.5698005698005698	544.5	0	0.0	1089.0	0	0.0	1089.0	0	0.0
info	4	182	270647.5	2	0.5698005698005698	270647.5	2	0.5698005698005698	547.5	0	0.0	1095.0	0	0.0	1095.0	0	0.0
info	4	183	272130.5	1	0.2849002849002849	272130.5	1	0.2849002849002849	550.5	0	0.0	1101.0	0	0.0	1101.0	0	0.0
info	4	184	273613.5	1	0.2849002849002849	273613.5	1	0.2849002849002849	553.5	0	0.0	1107.0	0	0.0	1107.0	0	0.0
info	4	185	275096.5	2	0.5698005698005698	275096.5	2	0.5698005698005698	556.5	0	0.0	1113.0	0	0.0	1113.0	0	0.0
info	4	186	276579.5	2	0.5698005698005698	276579.5	2	0.5698005698005698	559.5	0	0.0	1119.0	0	0.0	1119.0	0	0.0
info	4	187	278062.5	2	0.5698005698005698	278062.5	2	0.5698005698005698	562.5	0	0.0	1125.0	0	0.0	1125.0	0	0.0
info	4	188	279545.5	3	0.8547008547008548	279545.5	3	0.8547008547008548	565.5	0	0.0	1131.0	0	0.0	1131.0	0	0.0
info	4	189	281028.5	1	0.2849002849002849	281028.5	1	0.2849002849002849	568.5	0	0.0	1137.0	0	0.0	1137.0	0	0.0
info	4	190	282511.5	2	0.5698005698005698	282511.5	2	0.5698005698005698	571.5	0	0.0	1143.0	0	0.0	1143.0	0	0.0
info	4	191	283994.5	2	0.5698005698005698	283994.5	2	0.5698005698005698	574.5	0	0.0	1149.0	0	0.0	1149.0	0	0.0
info	4	192	285477.5	1	0.2849002849002849	285477.5	1	0.2849002849002849	577.5	0	0.0	1155.0	0	0.0	1155.0	0	0.0
info	4	193	286960.5	2	0.5698005698005698	286960.5	2	0.5698005698005698	580.5	0	0.0	1161.0	0	0.0	1161.0	0	0.0
info	4	194	288443.5	1	0.2849002849002849	288443.5	1	0.2849002849002849	583.5	0	0.0	1167.0	0	0.0	1167.0	0	0.0
info	4	195	289926.5	3	0.8547008547008548	289926.5	3	0.8547008547008548	586.5	0	0.0	1173.0	0	0.0	1173.0	0	0.0
info	4	196	291409.5	1	0.2849002849002849	291409.5	1	0.2849002849002849	589.5	0	0.0	1179.0	0	0.0	1179.0	0	0.0
info	4	197	292892.5	2	0.5698005698005698	292892.5	1	0.2849002849002849	592.5	0	0.0	1185.0	0	0.0	1185.0	0	0.0
info	4	198	294375.5	3	0.8547008547008548	294375.5	4	1.1396011396011396	595.5	0	0.0	1191.0	0	0.0	1191.0	0	0.0
info	4	199	295858.5	1	0.2849002849002849	295858.5	1	0.2849002849002849	598.5	0	0.0	1197.0	0	0.0	1197.0	0	0.0
home	4	0	741.5	4	1.1396011396011396	741.5	4	1.1396011396011396	1.0	0	0.0	3.0	351	100.0	3.0	351	100.0
home	4	1	2224.5	0	0.0	2224.5	0	0.0	3.0	0	0.0	9.0	0	0.0	9.0	0	0.0
home	4	2	3707.5	2	0.5698005698005698	3707.5	2	0.5698005698005698	5.0	21	5.982905982905983	15.0	0	0.0	15.0	0	0.0
home	4	3	5190.5	2	0.5698005698005698	5190.5	2	0.5698005698005698	7.0	40	11.396011396011396	21.0	0	0.0	21.0	0	0.0
home	4	4	6673.5	2	0.5698005698005698	6673.5	2	0.5698005698005698	9.0	10	2.849002849002849	27.0	0	0.0	27.0	0	0.0
home	4	5	8156.5	2	0.5698005698005698	8156.5	2	0.5698005698005698	11.0	1	0.2849002849002849	33.0	0	0.0	33.0	0	0.0
home	4	6	9639.5	1	0.2849002849002849	9639.5	1	0.2849002849002849	13.0	2	0.5698005698005698	39.0	0	0.0	39.0	0	0.0
home	4	7	11122.5	3	0.8547008547008548	11122.5	3	0.8547008547008548	15.0	0	0.0	45.0	0	0.0	45.0	0	0.0
home	4	8	12605.5	1	0.2849002849002849	12605.5	1	0.2849002849002849	17.0	0	0.0	51.0	0	0.0	51.0	0	0.0
home	4	9	14088.5	2	0.5698005698005698	14088.5	2	0.5698005698005698	19.0	0	0.0	57.0	0	0.0	57.0	0	0.0
home	4	10	15571.5	2	0.5698005698005698	15571.5	2	0.5698005698005698	21.0	0	0.0	63.0	0	0.0	63.0	0	0.0
home	4	11	17054.5	0	0.0	17054.5	0	0.0	23.0	0	0.0	69.0	0	0.0	69.0	0	0.0
home	4	12	18537.5	4	1.1396011396011396	18537.5	4	1.1396011396011396	25.0	0	0.0	75.0	0	0.0	75.0	0	0.0
home	4	13	20020.5	0	0.0	20020.5	0	0.0	27.0	0	0.0	81.0	0	0.0	81.0	0	0.0
home	4	14	21503.5	1	0.2849002849002849	21503.5	1	0.2849002849002849	29.0	0	0.0	87.0	0	0.0	87.0	0	0.0
home	4	15	22986.5	4	1.1396011396011396	22986.5	4	1.1396011396011396	31.0	0	0.0	93.0	0	0.0	93.0	0	0.0
home	4	16	24469.5	0	0.0	24469.5	0	0.0	33.0	0	0.0	99.0	0	0.0	99.0	0	0.0
home	4	17	25952.5	2	0.5698005698005698	25952.5	2	0.5698005698005698	35.0	0	0.0	105.0	0	0.0	105.0	0	0.0
home	4	18	27435.5	2	0.5698005698005698	27435.5	2	0.5698005698005698	37.0	0	0.0	111.0	0	0.0	111.0	0	0.0
home	4	19	28918.5	2	0.5698005698005698	28918.5	2	0.5698005698005698	39.0	0	0.0	117.0	0	0.0	117.0	0	0.0
home	4	20	30401.5	2	0.5698005698005698	30401.5	2	0.5698005698005698	41.0	0	0.0	123.0	0	0.0	123.0	0	0.0
home	4	21	31884.5	2	0.5698005698005698	31884.5	2	0.5698005698005698	43.0	0	0.0	129.0	0	0.0	129.0	0	0.0
home	4	22	33367.5	1	0.2849002849002849	33367.5	1	0.2849002849002849	45.0	0	0.0	135.0	0	0.0	135.0	0	0.0
home	4	23	34850.5	3	0.8547008547008548	34850.5	3	0.8547008547008548	47.0	0	0.0	141.0	0	0.0	141.0	0	0.0
home	4	24	36333.5	0	0.0	36333.5	0	0.0	49.0	0	0.0	147.0	0	0.0	147.0	0	0.0
home	4	25	37816.5	4	1.1396011396011396	37816.5	3	0.8547008547008548	51.0	0	0.0	153.0	0	0.0	153.0	0	0.0
home	4	26	39299.5	2	0.5698005698005698	39299.5	2	0.5698005698005698	53.0	0	0.0	159.0	0	0.0	159.0	0	0.0
home	4	27	40782.5	1	0.2849002849002849	40782.5	1	0.2849002849002849	55.0	0	0.0	165.0	0	0.0	165.0	0	0.0
home	4	28	42265.5	1	0.2849002849002849	42265.5	2	0.5698005698005698	57.0	0	0.0	171.0	0	0.0	171.0	0	0.0
home	4	29	43748.5	2	0.5698005698005698	43748.5	2	0.5698005698005698	59.0	0	0.0	177.0	0	0.0	177.0	0	0.0
home	4	30	45231.5	2	0.5698005698005698	45231.5	2	0.5698005698005698	61.0	0	0.0	183.0	0	0.0	183.0	0	0.0
home	4	31	46714.5	2	0.5698005698005698	46714.5	2	0.5698005698005698	63.0	0	0.0	189.0	0	0.0	189.0	0	0.0
home	4	32	48197.5	2	0.5698005698005698	48197.5	2	0.5698005698005698	65.0	0	0.0	195.0	0	0.0	195.0	0	0.0
home	4	33	49680.5	2	0.5698005698005698	49680.5	2	0.5698005698005698	67.0	0	0.0	201.0	0	0.0	201.0	0	0.0
home	4	34	51163.5	1	0.2849002849002849	51163.5	1	0.2849002849002849	69.0	0	0.0	207.0	0	0.0	207.0	0	0.0
home	4	35	52646.5	2	0.5698005698005698	52646.5	2	0.5698005698005698	71.0	0	0.0	213.0	0	0.0	213.0	0	0.0
home	4	36	54129.5	2	0.5698005698005698	54129.5	2	0.5698005698005698	73.0	0	0.0	219.0	0	0.0	219.0	0	0.0
home	4	37	55612.5	1	0.2849002849002849	55612.5	1	0.2849002849002849	75.0	0	0.0	225.0	0	0.0	225.0	0	0.0
home	4	38	57095.5	2	0.5698005698005698	57095.5	2	0.5698005698005698	77.0	0	0.0	231.0	0	0.0	231.0	0	0.0
home	4	39	58578.5	2	0.5698005698005698	58578.5	2	0.5698005698005698	79.0	0	0.0	237.0	0	0.0	237.0	0	0.0
home	4	40	60061.5	2	0.5698005698005698	60061.5	2	0.5698005698005698	81.0	1	0.2849002849002849	243.0	0	0.0	243.0	0	0.0
home	4	41	61544.5	1	0.2849002849002849	61544.5	1	0.2849002849002849	83.0	3	0.8547008547008548	249.0	0	0.0	249.0	0	0.0
home	4	42	63027.5	2	0.5698005698005698	63027.5	2	0.5698005698005698	85.0	0	0.0	255.0	0	0.0	255.0	0	0.0
home	4	43	64510.5	2	0.5698005698005698	64510.5	2	0.5698005698005698	87.0	1	0.2849002849002849	261.0	0	0.0	261.0	0	0.0
home	4	44	65993.5	2	0.5698005698005698	65993.5	1	0.2849002849002849	89.0	3	0.8547008547008548	267.0	0	0.0	267.0	0	0.0
home	4	45	67476.5	2	0.5698005698005698	67476.5	3	0.8547008547008548	91.0	5	1.4245014245014245	273.0	0	0.0	273.0	0	0.0
home	4	46	68959.5	2	0.5698005698005698	68959.5	2	0.5698005698005698	93.0	13	3.7037037037037037	279.0	0	0.0	279.0	0	0.0
home	4	47	70442.5	1	0.2849002849002849	70442.5	1	0.2849002849002849	95.0	42	11.965811965811966	285.0	0	0.0	285.0	0	0.0
home	4	48	71925.5	1	0.2849002849002849	71925.5	1	0.2849002849002849	97.0	49	13.96011396011396	291.0	0	0.0	291.0	0	0.0
home	4	49	73408.5	2	0.5698005698005698	73408.5	2	0.5698005698005698	99.0	52	14.814814814814815	297.0	0	0.0	297.0	0	0.0
home	4	50	74891.5	2	0.5698005698005698	74891.5	2	0.5698005698005698	101.0	21	5.982905982905983	303.0	0	0.0	303.0	0	0.0
home	4	51	76374.5	2	0.5698005698005698	76374.5	2	0.5698005698005698	103.0	10	2.849002849002849	309.0	0	0.0	309.0	0	0.0
home	4	52	77857.5	2	0.5698005698005698	77857.5	2	0.5698005698005698	105.0	6	1.7094017094017095	315.0	0	0.0	315.0	0	0.0
home	4	53	79340.5	2	0.5698005698005698	79340.5	2	0.5698005698005698	107.0	7	1.9943019943019944	321.0	0	0.0	321.0	0	0.0
home	4	54	80823.5	0	0.0	80823.5	0	0.0	109.0	3	0.8547008547008548	327.0	0	0.0	327.0	0	0.0
home	4	55	82306.5	3	0.8547008547008548	82306.5	3	0.8547008547008548	111.0	0	0.0	333.0	0	0.0	333.0	0	0.0
home	4	56	83789.5	2	0.5698005698005698	83789.5	2	0.5698005698005698	113.0	0	0.0	339.0	0	0.0	339.0	0	0.0
home	4	57	85272.5	1	0.2849002849002849	85272.5	1	0.2849002849002849	115.0	0	0.0	345.0	0	0.0	345.0	0	0.0
home	4	58	86755.5	2	0.5698005698005698	86755.5	2	0.5698005698005698	117.0	0	0.0	351.0	0	0.0	351.0	0	0.0
home	4	59	88238.5	1	0.2849002849002849	88238.5	1	0.2849002849002849	119.0	0	0.0	357.0	0	0.0	357.0	0	0.0
home	4	60	89721.5	3	0.8547008547008548	89721.5	3	0.8547008547008548	121.0	1	0.2849002849002849	363.0	0	0.0	363.0	0	0.0
home	4	61	91204.5	1	0.2849002849002849	91204.5	1	0.2849002849002849	123.0	0	0.0	369.0	0	0.0	369.0	0	0.0
home	4	62	92687.5	2	0.5698005698005698	92687.5	2	0.5698005698005698	125.0	0	0.0	375.0	0	0.0	375.0	0	0.0
home	4	63	94170.5	2	0.5698005698005698	94170.5	2	0.5698005698005698	127.0	0	0.0	381.0	0	0.0	381.0	0	0.0
home	4	64	95653.5	1	0.2849002849002849	95653.5	1	0.2849002849002849	129.0	0	0.0	387.0	0	0.0	387.0	0	0.0
home	4	65	97136.5	2	0.5698005698005698	97136.5	1	0.2849002849002849	131.0	0	0.0	393.0	0	0.0	393.0	0	0.0
home	4	66	98619.5	2	0.5698005698005698	98619.5	3	0.8547008547008548	133.0	0	0.0	399.0	0	0.0	399.0	0	0.0
home	4	67	100102.5	2	0.5698005698005698	100102.5	1	0.2849002849002849	135.0	0	0.0	405.0	0	0.0	405.0	0	0.0
home	4	68	101585.5	2	0.5698005698005698	101585.5	2	0.5698005698005698	137.0	0	0.0	411.0	0	0.0	411.0	0	0.0
home	4	69	103068.5	2	0.5698005698005698	103068.5	3	0.8547008547008548	139.0	0	0.0	417.0	0	0.0	417.0	0	0.0
home	4	70	104551.5	1	0.2849002849002849	104551.5	0	0.0	141.0	0	0.0	423.0	0	0.0	423.0	0	0.0
home	4	71	106034.5	1	0.2849002849002849	106034.5	2	0.5698005698005698	143.0	0	0.0	429.0	0	0.0	429.0	0	0.0
home	4	72	107517.5	2	0.5698005698005698	107517.5	2	0.5698005698005698	145.0	0	0.0	435.0	0	0.0	435.0	0	0.0
home	4	73	109000.5	2	0.5698005698005698	109000.5	2	0.5698005698005698	147.0	0	0.0	441.0	0	0.0	441.0	0	0.0
home	4	74	110483.5	2	0.5698005698005698	110483.5	2	0.5698005698005698	149.0	0	0.0	447.0	0	0.0	447.0	0	0.0
home	4	75	111966.5	2	0.5698005698005698	111966.5	2	0.5698005698005698	151.0	0	0.0	453.0	0	0.0	453.0	0	0.0
home	4	76	113449.5	2	0.5698005698005698	113449.5	2	0.5698005698005698	153.0	0	0.0	459.0	0	0.0	459.0	0	0.0
home	4	77	114932.5	2	0.5698005698005698	114932.5	2	0.5698005698005698	155.0	0	0.0	465.0	0	0.0	465.0	0	0.0
home	4	78	116415.5	1	0.2849002849002849	116415.5	0	0.0	157.0	0	0.0	471.0	0	0.0	471.0	0	0.0
home	4	79	117898.5	1	0.2849002849002849	117898.5	2	0.5698005698005698	159.0	0	0.0	477.0	0	0.0	477.0	0	0.0
home	4	80	119381.5	3	0.8547008547008548	119381.5	3	0.8547008547008548	161.0	0	0.0	483.0	0	0.0	483.0	0	0.0
home	4	81	120864.5	1	0.2849002849002849	120864.5	1	0.2849002849002849	163.0	0	0.0	489.0	0	0.0	489.0	0	0.0
home	4	82	122347.5	1	0.2849002849002849	122347.5	1	0.2849002849002849	165.0	0	0.0	495.0	0	0.0	495.0	0	0.0
home	4	83	123830.5	3	0.8547008547008548	123830.5	3	0.8547008547008548	167.0	0	0.0	501.0	0	0.0	501.0	0	0.0
home	4	84	125313.5	1	0.2849002849002849	125313.5	1	0.2849002849002849	169.0	0	0.0	507.0	0	0.0	507.0	0	0.0
home	4	85	126796.5	1	0.2849002849002849	126796.5	1	0.2849002849002849	171.0	0	0.0	513.0	0	0.0	513.0	0	0.0
home	4	86	128279.5	3	0.8547008547008548	128279.5	3	0.8547008547008548	173.0	0	0.0	519.0	0	0.0	519.0	0	0.0
home	4	87	129762.5	1	0.2849002849002849	129762.5	1	0.2849002849002849	175.0	0	0.0	525.0	0	0.0	525.0	0	0.0
home	4	88	131245.5	2	0.5698005698005698	131245.5	2	0.5698005698005698	177.0	0	0.0	531.0	0	0.0	531.0	0	0.0
home	4	89	132728.5	2	0.5698005698005698	132728.5	2	0.5698005698005698	179.0	0	0.0	537.0	0	0.0	537.0	0	0.0
home	4	90	134211.5	2	0.5698005698005698	134211.5	0	0.0	181.0	1	0.2849002849002849	543.0	0	0.0	543.0	0	0.0
home	4	91	135694.5	2	0.5698005698005698	135694.5	4	1.1396011396011396	183.0	1	0.2849002849002849	549.0	0	0.0	549.0	0	0.0
home	4	92	137177.5	0	0.0	137177.5	0	0.0	185.0	0	0.0	555.0	0	0.0	555.0	0	0.0
home	4	93	138660.5	3	0.8547008547008548	138660.5	3	0.8547008547008548	187.0	2	0.5698005698005698	561.0	0	0.0	561.0	0	0.0
home	4	94	140143.5	2	0.5698005698005698	140143.5	2	0.5698005698005698	189.0	1	0.2849002849002849	567.0	0	0.0	567.0	0	0.0
home	4	95	141626.5	1	0.2849002849002849	141626.5	1	0.2849002849002849	191.0	4	1.1396011396011396	573.0	0	0.0	573.0	0	0.0
home	4	96	143109.5	2	0.5698005698005698	143109.5	2	0.5698005698005698	193.0	6	1.7094017094017095	579.0	0	0.0	579.0	0	0.0
home	4	97	144592.5	2	0.5698005698005698	144592.5	2	0.5698005698005698	195.0	10	2.849002849002849	585.0	0	0.0	585.0	0	0.0
home	4	98	146075.5	1	0.2849002849002849	146075.5	1	0.2849002849002849	197.0	9	2.5641025641025643	591.0	0	0.0	591.0	0	0.0
home	4	99	147558.5	2	0.5698005698005698	147558.5	2	0.5698005698005698	199.0	8	2.2792022792022792	597.0	0	0.0	597.0	0	0.0
home	4	100	149041.5	2	0.5698005698005698	149041.5	1	0.2849002849002849	201.0	1	0.2849002849002849	603.0	0	0.0	603.0	0	0.0
home	4	101	150524.5	1	0.2849002849002849	150524.5	2	0.5698005698005698	203.0	1	0.2849002849002849	609.0	0	0.0	609.0	0	0.0
home	4	102	152007.5	2	0.5698005698005698	152007.5	2	0.5698005698005698	205.0	3	0.8547008547008548	615.0	0	0.0	615.0	0	0.0
home	4	103	153490.5	2	0.5698005698005698	153490.5	1	0.2849002849002849	207.0	0	0.0	621.0	0	0.0	621.0	0	0.0
home	4	104	154973.5	1	0.2849002849002849	154973.5	2	0.5698005698005698	209.0	0	0.0	627.0	0	0.0	627.0	0	0.0
home	4	105	156456.5	2	0.5698005698005698	156456.5	2	0.5698005698005698	211.0	0	0.0	633.0	0	0.0	633.0	0	0.0
home	4	106	157939.5	2	0.5698005698005698	157939.5	2	0.5698005698005698	213.0	0	0.0	639.0	0	0.0	639.0	0	0.0
home	4	107	159422.5	2	0.5698005698005698	159422.5	2	0.5698005698005698	215.0	0	0.0	645.0	0	0.0	645.0	0	0.0
home	4	108	160905.5	2	0.5698005698005698	160905.5	1	0.2849002849002849	217.0	0	0.0	651.0	0	0.0	651.0	0	0.0
home	4	109	162388.5	2	0.5698005698005698	162388.5	3	0.8547008547008548	219.0	0	0.0	657.0	0	0.0	657.0	0	0.0
home	4	110	163871.5	1	0.2849002849002849	163871.5	1	0.2849002849002849	221.0	0	0.0	663.0	0	0.0	663.0	0	0.0
home	4	111	165354.5	2	0.5698005698005698	165354.5	2	0.5698005698005698	223.0	0	0.0	669.0	0	0.0	669.0	0	0.0
home	4	112	166837.5	2	0.5698005698005698	166837.5	2	0.5698005698005698	225.0	0	0.0	675.0	0	0.0	675.0	0	0.0
home	4	113	168320.5	2	0.5698005698005698	168320.5	1	0.2849002849002849	227.0	0	0.0	681.0	0	0.0	681.0	0	0.0
home	4	114	169803.5	2	0.5698005698005698	169803.5	3	0.8547008547008548	229.0	0	0.0	687.0	0	0.0	687.0	0	0.0
home	4	115	171286.5	1	0.2849002849002849	171286.5	0	0.0	231.0	0	0.0	693.0	0	0.0	693.0	0	0.0
home	4	116	172769.5	2	0.5698005698005698	172769.5	3	0.8547008547008548	233.0	0	0.0	699.0	0	0.0	699.0	0	0.0
home	4	117	174252.5	2	0.5698005698005698	174252.5	2	0.5698005698005698	235.0	0	0.0	705.0	0	0.0	705.0	0	0.0
home	4	118	175735.5	0	0.0	175735.5	0	0.0	237.0	0	0.0	711.0	0	0.0	711.0	0	0.0
home	4	119	177218.5	3	0.8547008547008548	177218.5	3	0.8547008547008548	239.0	0	0.0	717.0	0	0.0	717.0	0	0.0
home	4	120	178701.5	2	0.5698005698005698	178701.5	2	0.5698005698005698	241.0	0	0.0	723.0	0	0.0	723.0	0	0.0
home	4	121	180184.5	2	0.5698005698005698	180184.5	2	0.5698005698005698	243.0	0	0.0	729.0	0	0.0	729.0	0	0.0
home	4	122	181667.5	1	0.2849002849002849	181667.5	1	0.2849002849002849	245.0	0	0.0	735.0	0	0.0	735.0	0	0.0
home	4	123	183150.5	2	0.5698005698005698	183150.5	2	0.5698005698005698	247.0	0	0.0	741.0	0	0.0	741.0	0	0.0
home	4	124	184633.5	2	0.5698005698005698	184633.5	2	0.5698005698005698	249.0	0	0.0	747.0	0	0.0	747.0	0	0.0
home	4	125	186116.5	1	0.2849002849002849	186116.5	1	0.2849002849002849	251.0	0	0.0	753.0	0	0.0	753.0	0	0.0
home	4	126	187599.5	2	0.5698005698005698	187599.5	2	0.5698005698005698	253.0	0	0.0	759.0	0	0.0	759.0	0	0.0
home	4	127	189082.5	2	0.5698005698005698	189082.5	2	0.5698005698005698	255.0	0	0.0	765.0	0	0.0	765.0	0	0.0
home	4	128	190565.5	2	0.5698005698005698	190565.5	2	0.5698005698005698	257.0	0	0.0	771.0	0	0.0	771.0	0	0.0
home	4	129	192048.5	2	0.5698005698005698	192048.5	2	0.5698005698005698	259.0	0	0.0	777.0	0	0.0	777.0	0	0.0
home	4	130	193531.5	1	0.2849002849002849	193531.5	1	0.2849002849002849	261.0	0	0.0	783.0	0	0.0	783.0	0	0.0
home	4	131	195014.5	2	0.5698005698005698	195014.5	2	0.5698005698005698	263.0	0	0.0	789.0	0	0.0	789.0	0	0.0
home	4	132	196497.5	2	0.5698005698005698	196497.5	2	0.5698005698005698	265.0	0	0.0	795.0	0	0.0	795.0	0	0.0
home	4	133	197980.5	2	0.5698005698005698	197980.5	1	0.2849002849002849	267.0	0	0.0	801.0	0	0.0	801.0	0	0.0
home	4	134	199463.5	1	0.2849002849002849	199463.5	2	0.5698005698005698	269.0	0	0.0	807.0	0	0.0	807.0	0	0.0
home	4	135	200946.5	2	0.5698005698005698	200946.5	1	0.2849002849002849	271.0	0	0.0	813.0	0	0.0	813.0	0	0.0
home	4	136	202429.5	1	0.2849002849002849	202429.5	2	0.5698005698005698	273.0	0	0.0	819.0	0	0.0	819.0	0	0.0
home	4	137	203912.5	2	0.5698005698005698	203912.5	2	0.5698005698005698	275.0	0	0.0	825.0	0	0.0	825.0	0	0.0
home	4	138	205395.5	1	0.2849002849002849	205395.5	1	0.2849002849002849	277.0	0	0.0	831.0	0	0.0	831.0	0	0.0
home	4	139	206878.5	2	0.5698005698005698	206878.5	2	0.5698005698005698	279.0	0	0.0	837.0	0	0.0	837.0	0	0.0
home	4	140	208361.5	2	0.5698005698005698	208361.5	2	0.5698005698005698	281.0	0	0.0	843.0	0	0.0	843.0	0	0.0
home	4	141	209844.5	2	0.5698005698005698	209844.5	2	0.5698005698005698	283.0	0	0.0	849.0	0	0.0	849.0	0	0.0
home	4	142	211327.5	2	0.5698005698005698	211327.5	2	0.5698005698005698	285.0	0	0.0	855.0	0	0.0	855.0	0	0.0
home	4	143	212810.5	1	0.2849002849002849	212810.5	1	0.2849002849002849	287.0	0	0.0	861.0	0	0.0	861.0	0	0.0
home	4	144	214293.5	2	0.5698005698005698	214293.5	2	0.5698005698005698	289.0	1	0.2849002849002849	867.0	0	0.0	867.0	0	0.0
home	4	145	215776.5	2	0.5698005698005698	215776.5	2	0.5698005698005698	291.0	2	0.5698005698005698	873.0	0	0.0	873.0	0	0.0
home	4	146	217259.5	2	0.5698005698005698	217259.5	2	0.5698005698005698	293.0	1	0.2849002849002849	879.0	0	0.0	879.0	0	0.0
home	4	147	218742.5	1	0.2849002849002849	218742.5	1	0.2849002849002849	295.0	3	0.8547008547008548	885.0	0	0.0	885.0	0	0.0
home	4	148	220225.5	2	0.5698005698005698	220225.5	2	0.5698005698005698	297.0	1	0.2849002849002849	891.0	0	0.0	891.0	0	0.0
home	4	149	221708.5	2	0.5698005698005698	221708.5	2	0.5698005698005698	299.0	1	0.2849002849002849	897.0	0	0.0	897.0	0	0.0
home	4	150	223191.5	2	0.5698005698005698	223191.5	1	0.2849002849002849	301.0	0	0.0	903.0	0	0.0	903.0	0	0.0
home	4	151	224674.5	1	0.2849002849002849	224674.5	2	0.5698005698005698	303.0	2	0.5698005698005698	909.0	0	0.0	909.0	0	0.0
home	4	152	226157.5	2	0.5698005698005698	226157.5	2	0.5698005698005698	305.0	1	0.2849002849002849	915.0	0	0.0	915.0	0	0.0
home	4	153	227640.5	2	0.5698005698005698	227640.5	2	0.5698005698005698	307.0	0	0.0	921.0	0	0.0	921.0	0	0.0
home	4	154	229123.5	2	0.5698005698005698	229123.5	1	0.2849002849002849	309.0	0	0.0	927.0	0	0.0	927.0	0	0.0
home	4	155	230606.5	1	0.2849002849002849	230606.5	2	0.5698005698005698	311.0	0	0.0	933.0	0	0.0	933.0	0	0.0
home	4	156	232089.5	2	0.5698005698005698	232089.5	2	0.5698005698005698	313.0	0	0.0	939.0	0	0.0	939.0	0	0.0
home	4	157	233572.5	2	0.5698005698005698	233572.5	2	0.5698005698005698	315.0	0	0.0	945.0	0	0.0	945.0	0	0.0
home	4	158	235055.5	1	0.2849002849002849	235055.5	1	0.2849002849002849	317.0	0	0.0	951.0	0	0.0	951.0	0	0.0
home	4	159	236538.5	1	0.2849002849002849	236538.5	1	0.2849002849002849	319.0	0	0.0	957.0	0	0.0	957.0	0	0.0
home	4	160	238021.5	3	0.8547008547008548	238021.5	3	0.8547008547008548	321.0	0	0.0	963.0	0	0.0	963.0	0	0.0
home	4	161	239504.5	2	0.5698005698005698	239504.5	2	0.5698005698005698	323.0	0	0.0	969.0	0	0.0	969.0	0	0.0
home	4	162	240987.5	0	0.0	240987.5	0	0.0	325.0	0	0.0	975.0	0	0.0	975.0	0	0.0
home	4	163	242470.5	4	1.1396011396011396	242470.5	3	0.8547008547008548	327.0	0	0.0	981.0	0	0.0	981.0	0	0.0
home	4	164	243953.5	0	0.0	243953.5	1	0.2849002849002849	329.0	0	0.0	987.0	0	0.0	987.0	0	0.0
home	4	165	245436.5	2	0.5698005698005698	245436.5	2	0.5698005698005698	331.0	0	0.0	993.0	0	0.0	993.0	0	0.0
home	4	166	246919.5	2	0.5698005698005698	246919.5	2	0.5698005698005698	333.0	0	0.0	999.0	0	0.0	999.0	0	0.0
home	4	167	248402.5	2	0.5698005698005698	248402.5	2	0.5698005698005698	335.0	0	0.0	1005.0	0	0.0	1005.0	0	0.0
home	4	168	249885.5	2	0.5698005698005698	249885.5	2	0.5698005698005698	337.0	0	0.0	1011.0	0	0.0	1011.0	0	0.0
home	4	169	251368.5	1	0.2849002849002849	251368.5	1	0.2849002849002849	339.0	0	0.0	1017.0	0	0.0	1017.0	0	0.0
home	4	170	252851.5	3	0.8547008547008548	252851.5	3	0.8547008547008548	341.0	0	0.0	1023.0	0	0.0	1023.0	0	0.0
home	4	171	254334.5	1	0.2849002849002849	254334.5	1	0.2849002849002849	343.0	0	0.0	1029.0	0	0.0	1029.0	0	0.0
home	4	172	255817.5	1	0.2849002849002849	255817.5	1	0.2849002849002849	345.0	0	0.0	1035.0	0	0.0	1035.0	0	0.0
home	4	173	257300.5	3	0.8547008547008548	257300.5	3	0.8547008547008548	347.0	0	0.0	1041.0	0	0.0	1041.0	0	0.0
home	4	174	258783.5	2	0.5698005698005698	258783.5	1	0.2849002849002849	349.0	0	0.0	1047.0	0	0.0	1047.0	0	0.0
home	4	175	260266.5	1	0.2849002849002849	260266.5	2	0.5698005698005698	351.0	0	0.0	1053.0	0	0.0	1053.0	0	0.0
home	4	176	261749.5	2	0.5698005698005698	261749.5	2	0.5698005698005698	353.0	0	0.0	1059.0	0	0.0	1059.0	0	0.0
home	4	177	263232.5	1	0.2849002849002849	263232.5	1	0.2849002849002849	355.0	0	0.0	1065.0	0	0.0	1065.0	0	0.0
home	4	178	264715.5	2	0.5698005698005698	264715.5	2	0.5698005698005698	357.0	0	0.0	1071.0	0	0.0	1071.0	0	0.0
home	4	179	266198.5	2	0.5698005698005698	266198.5	2	0.5698005698005698	359.0	0	0.0	1077.0	0	0.0	1077.0	0	0.0
home	4	180	267681.5	2	0.5698005698005698	267681.5	2	0.5698005698005698	361.0	0	0.0	1083.0	0	0.0	1083.0	0	0.0
home	4	181	269164.5	2	0.5698005698005698	269164.5	2	0.5698005698005698	363.0	0	0.0	1089.0	0	0.0	1089.0	0	0.0
home	4	182	270647.5	2	0.5698005698005698	270647.5	1	0.2849002849002849	365.0	0	0.0	1095.0	0	0.0	1095.0	0	0.0
home	4	183	272130.5	1	0.2849002849002849	272130.5	2	0.5698005698005698	367.0	0	0.0	1101.0	0	0.0	1101.0	0	0.0
home	4	184	273613.5	1	0.2849002849002849	273613.5	1	0.2849002849002849	369.0	0	0.0	1107.0	0	0.0	1107.0	0	0.0
home	4	185	275096.5	2	0.5698005698005698	275096.5	2	0.5698005698005698	371.0	0	0.0	1113.0	0	0.0	1113.0	0	0.0
home	4	186	276579.5	2	0.5698005698005698	276579.5	2	0.5698005698005698	373.0	0	0.0	1119.0	0	0.0	1119.0	0	0.0
home	4	187	278062.5	2	0.5698005698005698	278062.5	2	0.5698005698005698	375.0	0	0.0	1125.0	0	0.0	1125.0	0	0.0
home	4	188	279545.5	3	0.8547008547008548	279545.5	3	0.8547008547008548	377.0	0	0.0	1131.0	0	0.0	1131.0	0	0.0
home	4	189	281028.5	1	0.2849002849002849	281028.5	1	0.2849002849002849	379.0	0	0.0	1137.0	0	0.0	1137.0	0	0.0
home	4	190	282511.5	2	0.5698005698005698	282511.5	2	0.5698005698005698	381.0	0	0.0	1143.0	0	0.0	1143.0	0	0.0
home	4	191	283994.5	2	0.5698005698005698	283994.5	2	0.5698005698005698	383.0	0	0.0	1149.0	0	0.0	1149.0	0	0.0
home	4	192	285477.5	2	0.5698005698005698	285477.5	2	0.5698005698005698	385.0	0	0.0	1155.0	0	0.0	1155.0	0	0.0
home	4	193	286960.5	1	0.2849002849002849	286960.5	1	0.2849002849002849	387.0	0	0.0	1161.0	0	0.0	1161.0	0	0.0
home	4	194	288443.5	1	0.2849002849002849	288443.5	1	0.2849002849002849	389.0	0	0.0	1167.0	0	0.0	1167.0	0	0.0
home	4	195	289926.5	3	0.8547008547008548	289926.5	3	0.8547008547008548	391.0	0	0.0	1173.0	0	0.0	1173.0	0	0.0
home	4	196	291409.5	1	0.2849002849002849	291409.5	1	0.2849002849002849	393.0	0	0.0	1179.0	0	0.0	1179.0	0	0.0
home	4	197	292892.5	2	0.5698005698005698	292892.5	1	0.2849002849002849	395.0	1	0.2849002849002849	1185.0	0	0.0	1185.0	0	0.0
home	4	198	294375.5	3	0.8547008547008548	294375.5	4	1.1396011396011396	397.0	0	0.0	1191.0	0	0.0	1191.0	0	0.0
home	4	199	295858.5	1	0.2849002849002849	295858.5	1	0.2849002849002849	399.0	0	0.0	1197.0	0	0.0	1197.0	0	0.0
