8065:;./a.out
;Address;Perm;Offset;Device;Inode;Size;Rss;Pss;Referenced;Anonymous;Shared_Hugetlb;Private_Hugetlb;Swap;SwapPss;Locked;Mapping
;00400000;r-xp;00000000;08:01;1539771;4;4;0;4;0;0;0;0;0;0;a.out
;00600000;r--p;00000000;08:01;1539771;4;4;4;4;4;0;0;0;0;0;a.out
;00601000;rw-p;00001000;08:01;1539771;4;4;4;4;4;0;0;0;0;0;a.out
;7ff02bf70000;r-xp;00000000;08:01;1794991;1044;272;21;272;0;0;0;0;0;0;libm-2.19.so
;7ff02c075000;---p;00105000;08:01;1794991;2044;0;0;0;0;0;0;0;0;0;libm-2.19.so
;7ff02c274000;r--p;00104000;08:01;1794991;4;4;4;4;4;0;0;0;0;0;libm-2.19.so
;7ff02c275000;rw-p;00105000;08:01;1794991;4;4;4;4;4;0;0;0;0;0;libm-2.19.so
;7ff02c276000;r-xp;00000000;08:01;1794953;1768;1040;41;1040;0;0;0;0;0;0;libc-2.19.so
;7ff02c430000;---p;001ba000;08:01;1794953;2048;0;0;0;0;0;0;0;0;0;libc-2.19.so
;7ff02c630000;r--p;001ba000;08:01;1794953;16;16;16;16;16;0;0;0;0;0;libc-2.19.so
;7ff02c634000;rw-p;001be000;08:01;1794953;8;8;8;8;8;0;0;0;0;0;libc-2.19.so
;7ff02c636000;rw-p;00000000;00:00;0;20;12;12;12;12;0;0;0;0;0;
;7ff02c63b000;r-xp;00000000;08:01;2064911;240;60;4;60;0;0;0;0;0;0;libgslcblas.so.0.0.0
;7ff02c677000;---p;0003c000;08:01;2064911;2044;0;0;0;0;0;0;0;0;0;libgslcblas.so.0.0.0
;7ff02c876000;r--p;0003b000;08:01;2064911;4;4;4;4;4;0;0;0;0;0;libgslcblas.so.0.0.0
;7ff02c877000;rw-p;0003c000;08:01;2064911;4;4;4;4;4;0;0;0;0;0;libgslcblas.so.0.0.0
;7ff02c878000;r-xp;00000000;08:01;2064906;2372;428;32;428;0;0;0;0;0;0;libgsl.so.19.3.0
;7ff02cac9000;---p;00251000;08:01;2064906;2048;0;0;0;0;0;0;0;0;0;libgsl.so.19.3.0
;7ff02ccc9000;r--p;00251000;08:01;2064906;12;12;12;12;12;0;0;0;0;0;libgsl.so.19.3.0
;7ff02cccc000;rw-p;00254000;08:01;2064906;68;68;53;68;52;0;0;0;0;0;libgsl.so.19.3.0
;7ff02ccdd000;r-xp;00000000;08:01;1794933;140;140;5;140;0;0;0;0;0;0;ld-2.19.so
;7ff02cef5000;rw-p;00000000;00:00;0;16;16;16;16;16;0;0;0;0;0;
;7ff02cefc000;rw-p;00000000;00:00;0;12;12;12;12;12;0;0;0;0;0;
;7ff02ceff000;r--p;00022000;08:01;1794933;4;4;4;4;4;0;0;0;0;0;ld-2.19.so
;7ff02cf00000;rw-p;00023000;08:01;1794933;4;4;4;4;4;0;0;0;0;0;ld-2.19.so
;7ff02cf01000;rw-p;00000000;00:00;0;4;4;4;4;4;0;0;0;0;0;
;7fff12483000;rw-p;00000000;00:00;0;136;8;8;8;8;0;0;0;0;0;[stack]
;7fff124cb000;r--p;00000000;00:00;0;8;0;0;0;0;0;0;0;0;0;[vvar]
;7fff124cd000;r-xp;00000000;00:00;0;8;4;0;4;0;0;0;0;0;0;[vdso]
ffffffffff600000;r-xp;00000000;00:00;0;4;0;0;0;0;0;0;0;0;0;[vsyscall]
;=====;====;===;==========;=========;==============;===============;====;=======;======;
;14096;2136;276;2136;172;0;0;0;0;0;KB;
7940:;./a.out
;Address;Perm;Offset;Device;Inode;Size;Rss;Pss;Referenced;Anonymous;Shared_Hugetlb;Private_Hugetlb;Swap;SwapPss;Locked;Mapping
;00400000;r-xp;00000000;08:01;1539771;4;4;0;4;0;0;0;0;0;0;a.out
;00600000;r--p;00000000;08:01;1539771;4;4;4;4;4;0;0;0;0;0;a.out
;00601000;rw-p;00001000;08:01;1539771;4;4;4;4;4;0;0;0;0;0;a.out
;7f8112b7f000;r-xp;00000000;08:01;1794991;1044;272;21;272;0;0;0;0;0;0;libm-2.19.so
;7f8112c84000;---p;00105000;08:01;1794991;2044;0;0;0;0;0;0;0;0;0;libm-2.19.so
;7f8112e83000;r--p;00104000;08:01;1794991;4;4;4;4;4;0;0;0;0;0;libm-2.19.so
;7f8112e84000;rw-p;00105000;08:01;1794991;4;4;4;4;4;0;0;0;0;0;libm-2.19.so
;7f8112e85000;r-xp;00000000;08:01;1794953;1768;984;38;984;0;0;0;0;0;0;libc-2.19.so
;7f811303f000;---p;001ba000;08:01;1794953;2048;0;0;0;0;0;0;0;0;0;libc-2.19.so
;7f811323f000;r--p;001ba000;08:01;1794953;16;16;16;16;16;0;0;0;0;0;libc-2.19.so
;7f8113243000;rw-p;001be000;08:01;1794953;8;8;8;8;8;0;0;0;0;0;libc-2.19.so
;7f8113245000;rw-p;00000000;00:00;0;20;12;12;12;12;0;0;0;0;0;
;7f811324a000;r-xp;00000000;08:01;2064911;240;60;4;60;0;0;0;0;0;0;libgslcblas.so.0.0.0
;7f8113286000;---p;0003c000;08:01;2064911;2044;0;0;0;0;0;0;0;0;0;libgslcblas.so.0.0.0
;7f8113485000;r--p;0003b000;08:01;2064911;4;4;4;4;4;0;0;0;0;0;libgslcblas.so.0.0.0
;7f8113486000;rw-p;0003c000;08:01;2064911;4;4;4;4;4;0;0;0;0;0;libgslcblas.so.0.0.0
;7f8113487000;r-xp;00000000;08:01;2064906;2372;432;33;432;0;0;0;0;0;0;libgsl.so.19.3.0
;7f81136d8000;---p;00251000;08:01;2064906;2048;0;0;0;0;0;0;0;0;0;libgsl.so.19.3.0
;7f81138d8000;r--p;00251000;08:01;2064906;12;12;12;12;12;0;0;0;0;0;libgsl.so.19.3.0
;7f81138db000;rw-p;00254000;08:01;2064906;68;68;53;68;52;0;0;0;0;0;libgsl.so.19.3.0
;7f81138ec000;r-xp;00000000;08:01;1794933;140;140;5;140;0;0;0;0;0;0;ld-2.19.so
;7f8113b04000;rw-p;00000000;00:00;0;16;16;16;16;16;0;0;0;0;0;
;7f8113b0b000;rw-p;00000000;00:00;0;12;12;12;12;12;0;0;0;0;0;
;7f8113b0e000;r--p;00022000;08:01;1794933;4;4;4;4;4;0;0;0;0;0;ld-2.19.so
;7f8113b0f000;rw-p;00023000;08:01;1794933;4;4;4;4;4;0;0;0;0;0;ld-2.19.so
;7f8113b10000;rw-p;00000000;00:00;0;4;4;4;4;4;0;0;0;0;0;
;7fff20f1e000;rw-p;00000000;00:00;0;136;8;8;8;8;0;0;0;0;0;[stack]
;7fff20f60000;r--p;00000000;00:00;0;8;0;0;0;0;0;0;0;0;0;[vvar]
;7fff20f62000;r-xp;00000000;00:00;0;8;4;0;4;0;0;0;0;0;0;[vdso]
ffffffffff600000;r-xp;00000000;00:00;0;4;0;0;0;0;0;0;0;0;0;[vsyscall]
;=====;====;===;==========;=========;==============;===============;====;=======;======;
;28192;4220;550;4220;344;0;0;0;0;0;KB;
7813:;./a.out
;Address;Perm;Offset;Device;Inode;Size;Rss;Pss;Referenced;Anonymous;Shared_Hugetlb;Private_Hugetlb;Swap;SwapPss;Locked;Mapping
;00400000;r-xp;00000000;08:01;1539771;4;4;0;4;0;0;0;0;0;0;a.out
;00600000;r--p;00000000;08:01;1539771;4;4;4;4;4;0;0;0;0;0;a.out
;00601000;rw-p;00001000;08:01;1539771;4;4;4;4;4;0;0;0;0;0;a.out
;7fe7a68ba000;r-xp;00000000;08:01;1794991;1044;232;16;232;0;0;0;0;0;0;libm-2.19.so
;7fe7a69bf000;---p;00105000;08:01;1794991;2044;0;0;0;0;0;0;0;0;0;libm-2.19.so
;7fe7a6bbe000;r--p;00104000;08:01;1794991;4;4;4;4;4;0;0;0;0;0;libm-2.19.so
;7fe7a6bbf000;rw-p;00105000;08:01;1794991;4;4;4;4;4;0;0;0;0;0;libm-2.19.so
;7fe7a6bc0000;r-xp;00000000;08:01;1794953;1768;964;39;964;0;0;0;0;0;0;libc-2.19.so
;7fe7a6d7a000;---p;001ba000;08:01;1794953;2048;0;0;0;0;0;0;0;0;0;libc-2.19.so
;7fe7a6f7a000;r--p;001ba000;08:01;1794953;16;16;16;16;16;0;0;0;0;0;libc-2.19.so
;7fe7a6f7e000;rw-p;001be000;08:01;1794953;8;8;8;8;8;0;0;0;0;0;libc-2.19.so
;7fe7a6f80000;rw-p;00000000;00:00;0;20;12;12;12;12;0;0;0;0;0;
;7fe7a6f85000;r-xp;00000000;08:01;2064911;240;60;4;60;0;0;0;0;0;0;libgslcblas.so.0.0.0
;7fe7a6fc1000;---p;0003c000;08:01;2064911;2044;0;0;0;0;0;0;0;0;0;libgslcblas.so.0.0.0
;7fe7a71c0000;r--p;0003b000;08:01;2064911;4;4;4;4;4;0;0;0;0;0;libgslcblas.so.0.0.0
;7fe7a71c1000;rw-p;0003c000;08:01;2064911;4;4;4;4;4;0;0;0;0;0;libgslcblas.so.0.0.0
;7fe7a71c2000;r-xp;00000000;08:01;2064906;2372;388;27;388;0;0;0;0;0;0;libgsl.so.19.3.0
;7fe7a7413000;---p;00251000;08:01;2064906;2048;0;0;0;0;0;0;0;0;0;libgsl.so.19.3.0
;7fe7a7613000;r--p;00251000;08:01;2064906;12;12;12;12;12;0;0;0;0;0;libgsl.so.19.3.0
;7fe7a7616000;rw-p;00254000;08:01;2064906;68;68;53;68;52;0;0;0;0;0;libgsl.so.19.3.0
;7fe7a7627000;r-xp;00000000;08:01;1794933;140;140;5;140;0;0;0;0;0;0;ld-2.19.so
;7fe7a783f000;rw-p;00000000;00:00;0;16;16;16;16;16;0;0;0;0;0;
;7fe7a7846000;rw-p;00000000;00:00;0;12;12;12;12;12;0;0;0;0;0;
;7fe7a7849000;r--p;00022000;08:01;1794933;4;4;4;4;4;0;0;0;0;0;ld-2.19.so
;7fe7a784a000;rw-p;00023000;08:01;1794933;4;4;4;4;4;0;0;0;0;0;ld-2.19.so
;7fe7a784b000;rw-p;00000000;00:00;0;4;4;4;4;4;0;0;0;0;0;
;7ffd91e70000;rw-p;00000000;00:00;0;136;8;8;8;8;0;0;0;0;0;[stack]
;7ffd91f3e000;r--p;00000000;00:00;0;8;0;0;0;0;0;0;0;0;0;[vvar]
;7ffd91f40000;r-xp;00000000;00:00;0;8;4;0;4;0;0;0;0;0;0;[vdso]
ffffffffff600000;r-xp;00000000;00:00;0;4;0;0;0;0;0;0;0;0;0;[vsyscall]
;=====;====;===;==========;=========;==============;===============;====;=======;======;
;42288;6200;814;6200;516;0;0;0;0;0;KB;
7686:;./a.out
;Address;Perm;Offset;Device;Inode;Size;Rss;Pss;Referenced;Anonymous;Shared_Hugetlb;Private_Hugetlb;Swap;SwapPss;Locked;Mapping
;00400000;r-xp;00000000;08:01;1539771;4;4;0;4;0;0;0;0;0;0;a.out
;00600000;r--p;00000000;08:01;1539771;4;4;4;4;4;0;0;0;0;0;a.out
;00601000;rw-p;00001000;08:01;1539771;4;4;4;4;4;0;0;0;0;0;a.out
;7fc3349eb000;r-xp;00000000;08:01;1794991;1044;228;16;228;0;0;0;0;0;0;libm-2.19.so
;7fc334af0000;---p;00105000;08:01;1794991;2044;0;0;0;0;0;0;0;0;0;libm-2.19.so
;7fc334cef000;r--p;00104000;08:01;1794991;4;4;4;4;4;0;0;0;0;0;libm-2.19.so
;7fc334cf0000;rw-p;00105000;08:01;1794991;4;4;4;4;4;0;0;0;0;0;libm-2.19.so
;7fc334cf1000;r-xp;00000000;08:01;1794953;1768;956;38;956;0;0;0;0;0;0;libc-2.19.so
;7fc334eab000;---p;001ba000;08:01;1794953;2048;0;0;0;0;0;0;0;0;0;libc-2.19.so
;7fc3350ab000;r--p;001ba000;08:01;1794953;16;16;16;16;16;0;0;0;0;0;libc-2.19.so
;7fc3350af000;rw-p;001be000;08:01;1794953;8;8;8;8;8;0;0;0;0;0;libc-2.19.so
;7fc3350b1000;rw-p;00000000;00:00;0;20;12;12;12;12;0;0;0;0;0;
;7fc3350b6000;r-xp;00000000;08:01;2064911;240;60;4;60;0;0;0;0;0;0;libgslcblas.so.0.0.0
;7fc3350f2000;---p;0003c000;08:01;2064911;2044;0;0;0;0;0;0;0;0;0;libgslcblas.so.0.0.0
;7fc3352f1000;r--p;0003b000;08:01;2064911;4;4;4;4;4;0;0;0;0;0;libgslcblas.so.0.0.0
;7fc3352f2000;rw-p;0003c000;08:01;2064911;4;4;4;4;4;0;0;0;0;0;libgslcblas.so.0.0.0
;7fc3352f3000;r-xp;00000000;08:01;2064906;2372;384;27;384;0;0;0;0;0;0;libgsl.so.19.3.0
;7fc335544000;---p;00251000;08:01;2064906;2048;0;0;0;0;0;0;0;0;0;libgsl.so.19.3.0
;7fc335744000;r--p;00251000;08:01;2064906;12;12;12;12;12;0;0;0;0;0;libgsl.so.19.3.0
;7fc335747000;rw-p;00254000;08:01;2064906;68;68;53;68;52;0;0;0;0;0;libgsl.so.19.3.0
;7fc335758000;r-xp;00000000;08:01;1794933;140;140;5;140;0;0;0;0;0;0;ld-2.19.so
;7fc335970000;rw-p;00000000;00:00;0;16;16;16;16;16;0;0;0;0;0;
;7fc335977000;rw-p;00000000;00:00;0;12;12;12;12;12;0;0;0;0;0;
;7fc33597a000;r--p;00022000;08:01;1794933;4;4;4;4;4;0;0;0;0;0;ld-2.19.so
;7fc33597b000;rw-p;00023000;08:01;1794933;4;4;4;4;4;0;0;0;0;0;ld-2.19.so
;7fc33597c000;rw-p;00000000;00:00;0;4;4;4;4;4;0;0;0;0;0;
;7ffd1b188000;rw-p;00000000;00:00;0;136;12;12;12;12;0;0;0;0;0;[stack]
;7ffd1b1ad000;r--p;00000000;00:00;0;8;0;0;0;0;0;0;0;0;0;[vvar]
;7ffd1b1af000;r-xp;00000000;00:00;0;8;4;0;4;0;0;0;0;0;0;[vdso]
ffffffffff600000;r-xp;00000000;00:00;0;4;0;0;0;0;0;0;0;0;0;[vsyscall]
;=====;====;====;==========;=========;==============;===============;====;=======;======;
;56384;8168;1081;8168;692;0;0;0;0;0;KB;
7557:;./a.out
;Address;Perm;Offset;Device;Inode;Size;Rss;Pss;Referenced;Anonymous;Shared_Hugetlb;Private_Hugetlb;Swap;SwapPss;Locked;Mapping
;00400000;r-xp;00000000;08:01;1539771;4;4;0;4;0;0;0;0;0;0;a.out
;00600000;r--p;00000000;08:01;1539771;4;4;4;4;4;0;0;0;0;0;a.out
;00601000;rw-p;00001000;08:01;1539771;4;4;4;4;4;0;0;0;0;0;a.out
;7ff28892f000;r-xp;00000000;08:01;1794991;1044;272;21;272;0;0;0;0;0;0;libm-2.19.so
;7ff288a34000;---p;00105000;08:01;1794991;2044;0;0;0;0;0;0;0;0;0;libm-2.19.so
;7ff288c33000;r--p;00104000;08:01;1794991;4;4;4;4;4;0;0;0;0;0;libm-2.19.so
;7ff288c34000;rw-p;00105000;08:01;1794991;4;4;4;4;4;0;0;0;0;0;libm-2.19.so
;7ff288c35000;r-xp;00000000;08:01;1794953;1768;984;38;984;0;0;0;0;0;0;libc-2.19.so
;7ff288def000;---p;001ba000;08:01;1794953;2048;0;0;0;0;0;0;0;0;0;libc-2.19.so
;7ff288fef000;r--p;001ba000;08:01;1794953;16;16;16;16;16;0;0;0;0;0;libc-2.19.so
;7ff288ff3000;rw-p;001be000;08:01;1794953;8;8;8;8;8;0;0;0;0;0;libc-2.19.so
;7ff288ff5000;rw-p;00000000;00:00;0;20;12;12;12;12;0;0;0;0;0;
;7ff288ffa000;r-xp;00000000;08:01;2064911;240;20;1;20;0;0;0;0;0;0;libgslcblas.so.0.0.0
;7ff289036000;---p;0003c000;08:01;2064911;2044;0;0;0;0;0;0;0;0;0;libgslcblas.so.0.0.0
;7ff289235000;r--p;0003b000;08:01;2064911;4;4;4;4;4;0;0;0;0;0;libgslcblas.so.0.0.0
;7ff289236000;rw-p;0003c000;08:01;2064911;4;4;4;4;4;0;0;0;0;0;libgslcblas.so.0.0.0
;7ff289237000;r-xp;00000000;08:01;2064906;2372;432;33;432;0;0;0;0;0;0;libgsl.so.19.3.0
;7ff289488000;---p;00251000;08:01;2064906;2048;0;0;0;0;0;0;0;0;0;libgsl.so.19.3.0
;7ff289688000;r--p;00251000;08:01;2064906;12;12;12;12;12;0;0;0;0;0;libgsl.so.19.3.0
;7ff28968b000;rw-p;00254000;08:01;2064906;68;68;53;68;52;0;0;0;0;0;libgsl.so.19.3.0
;7ff28969c000;r-xp;00000000;08:01;1794933;140;140;5;140;0;0;0;0;0;0;ld-2.19.so
;7ff2898b4000;rw-p;00000000;00:00;0;16;16;16;16;16;0;0;0;0;0;
;7ff2898bb000;rw-p;00000000;00:00;0;12;12;12;12;12;0;0;0;0;0;
;7ff2898be000;r--p;00022000;08:01;1794933;4;4;4;4;4;0;0;0;0;0;ld-2.19.so
;7ff2898bf000;rw-p;00023000;08:01;1794933;4;4;4;4;4;0;0;0;0;0;ld-2.19.so
;7ff2898c0000;rw-p;00000000;00:00;0;4;4;4;4;4;0;0;0;0;0;
;7ffef8693000;rw-p;00000000;00:00;0;136;12;12;12;12;0;0;0;0;0;[stack]
;7ffef870f000;r--p;00000000;00:00;0;8;0;0;0;0;0;0;0;0;0;[vvar]
;7ffef8711000;r-xp;00000000;00:00;0;8;4;0;4;0;0;0;0;0;0;[vdso]
ffffffffff600000;r-xp;00000000;00:00;0;4;0;0;0;0;0;0;0;0;0;[vsyscall]
;=====;=====;====;==========;=========;==============;===============;====;=======;======;
;70480;10216;1356;10216;868;0;0;0;0;0;KB;
7423:;./a.out
;Address;Perm;Offset;Device;Inode;Size;Rss;Pss;Referenced;Anonymous;Shared_Hugetlb;Private_Hugetlb;Swap;SwapPss;Locked;Mapping
;00400000;r-xp;00000000;08:01;1539771;4;4;0;4;0;0;0;0;0;0;a.out
;00600000;r--p;00000000;08:01;1539771;4;4;4;4;4;0;0;0;0;0;a.out
;00601000;rw-p;00001000;08:01;1539771;4;4;4;4;4;0;0;0;0;0;a.out
;7ffb29511000;r-xp;00000000;08:01;1794991;1044;268;20;268;0;0;0;0;0;0;libm-2.19.so
;7ffb29616000;---p;00105000;08:01;1794991;2044;0;0;0;0;0;0;0;0;0;libm-2.19.so
;7ffb29815000;r--p;00104000;08:01;1794991;4;4;4;4;4;0;0;0;0;0;libm-2.19.so
;7ffb29816000;rw-p;00105000;08:01;1794991;4;4;4;4;4;0;0;0;0;0;libm-2.19.so
;7ffb29817000;r-xp;00000000;08:01;1794953;1768;1036;42;1036;0;0;0;0;0;0;libc-2.19.so
;7ffb299d1000;---p;001ba000;08:01;1794953;2048;0;0;0;0;0;0;0;0;0;libc-2.19.so
;7ffb29bd1000;r--p;001ba000;08:01;1794953;16;16;16;16;16;0;0;0;0;0;libc-2.19.so
;7ffb29bd5000;rw-p;001be000;08:01;1794953;8;8;8;8;8;0;0;0;0;0;libc-2.19.so
;7ffb29bd7000;rw-p;00000000;00:00;0;20;12;12;12;12;0;0;0;0;0;
;7ffb29bdc000;r-xp;00000000;08:01;2064911;240;60;4;60;0;0;0;0;0;0;libgslcblas.so.0.0.0
;7ffb29c18000;---p;0003c000;08:01;2064911;2044;0;0;0;0;0;0;0;0;0;libgslcblas.so.0.0.0
;7ffb29e17000;r--p;0003b000;08:01;2064911;4;4;4;4;4;0;0;0;0;0;libgslcblas.so.0.0.0
;7ffb29e18000;rw-p;0003c000;08:01;2064911;4;4;4;4;4;0;0;0;0;0;libgslcblas.so.0.0.0
;7ffb29e19000;r-xp;00000000;08:01;2064906;2372;424;31;424;0;0;0;0;0;0;libgsl.so.19.3.0
;7ffb2a06a000;---p;00251000;08:01;2064906;2048;0;0;0;0;0;0;0;0;0;libgsl.so.19.3.0
;7ffb2a26a000;r--p;00251000;08:01;2064906;12;12;12;12;12;0;0;0;0;0;libgsl.so.19.3.0
;7ffb2a26d000;rw-p;00254000;08:01;2064906;68;68;53;68;52;0;0;0;0;0;libgsl.so.19.3.0
;7ffb2a27e000;r-xp;00000000;08:01;1794933;140;136;4;136;0;0;0;0;0;0;ld-2.19.so
;7ffb2a496000;rw-p;00000000;00:00;0;16;16;16;16;16;0;0;0;0;0;
;7ffb2a49d000;rw-p;00000000;00:00;0;12;12;12;12;12;0;0;0;0;0;
;7ffb2a4a0000;r--p;00022000;08:01;1794933;4;4;4;4;4;0;0;0;0;0;ld-2.19.so
;7ffb2a4a1000;rw-p;00023000;08:01;1794933;4;4;4;4;4;0;0;0;0;0;ld-2.19.so
;7ffb2a4a2000;rw-p;00000000;00:00;0;4;4;4;4;4;0;0;0;0;0;
;7fff5b5e4000;rw-p;00000000;00:00;0;136;8;8;8;8;0;0;0;0;0;[stack]
;7fff5b76b000;r--p;00000000;00:00;0;8;0;0;0;0;0;0;0;0;0;[vvar]
;7fff5b76d000;r-xp;00000000;00:00;0;8;4;0;4;0;0;0;0;0;0;[vdso]
ffffffffff600000;r-xp;00000000;00:00;0;4;0;0;0;0;0;0;0;0;0;[vsyscall]
;=====;=====;====;==========;=========;==============;===============;====;=======;======;
;84576;12336;1630;12336;1040;0;0;0;0;0;KB;
7290:;./a.out
;Address;Perm;Offset;Device;Inode;Size;Rss;Pss;Referenced;Anonymous;Shared_Hugetlb;Private_Hugetlb;Swap;SwapPss;Locked;Mapping
;00400000;r-xp;00000000;08:01;1539771;4;4;0;4;0;0;0;0;0;0;a.out
;00600000;r--p;00000000;08:01;1539771;4;4;4;4;4;0;0;0;0;0;a.out
;00601000;rw-p;00001000;08:01;1539771;4;4;4;4;4;0;0;0;0;0;a.out
;7f50d61a8000;r-xp;00000000;08:01;1794991;1044;240;17;240;0;0;0;0;0;0;libm-2.19.so
;7f50d62ad000;---p;00105000;08:01;1794991;2044;0;0;0;0;0;0;0;0;0;libm-2.19.so
;7f50d64ac000;r--p;00104000;08:01;1794991;4;4;4;4;4;0;0;0;0;0;libm-2.19.so
;7f50d64ad000;rw-p;00105000;08:01;1794991;4;4;4;4;4;0;0;0;0;0;libm-2.19.so
;7f50d64ae000;r-xp;00000000;08:01;1794953;1768;920;34;920;0;0;0;0;0;0;libc-2.19.so
;7f50d6668000;---p;001ba000;08:01;1794953;2048;0;0;0;0;0;0;0;0;0;libc-2.19.so
;7f50d6868000;r--p;001ba000;08:01;1794953;16;16;16;16;16;0;0;0;0;0;libc-2.19.so
;7f50d686c000;rw-p;001be000;08:01;1794953;8;8;8;8;8;0;0;0;0;0;libc-2.19.so
;7f50d686e000;rw-p;00000000;00:00;0;20;12;12;12;12;0;0;0;0;0;
;7f50d6873000;r-xp;00000000;08:01;2064911;240;60;4;60;0;0;0;0;0;0;libgslcblas.so.0.0.0
;7f50d68af000;---p;0003c000;08:01;2064911;2044;0;0;0;0;0;0;0;0;0;libgslcblas.so.0.0.0
;7f50d6aae000;r--p;0003b000;08:01;2064911;4;4;4;4;4;0;0;0;0;0;libgslcblas.so.0.0.0
;7f50d6aaf000;rw-p;0003c000;08:01;2064911;4;4;4;4;4;0;0;0;0;0;libgslcblas.so.0.0.0
;7f50d6ab0000;r-xp;00000000;08:01;2064906;2372;396;28;396;0;0;0;0;0;0;libgsl.so.19.3.0
;7f50d6d01000;---p;00251000;08:01;2064906;2048;0;0;0;0;0;0;0;0;0;libgsl.so.19.3.0
;7f50d6f01000;r--p;00251000;08:01;2064906;12;12;12;12;12;0;0;0;0;0;libgsl.so.19.3.0
;7f50d6f04000;rw-p;00254000;08:01;2064906;68;68;53;68;52;0;0;0;0;0;libgsl.so.19.3.0
;7f50d6f15000;r-xp;00000000;08:01;1794933;140;140;5;140;0;0;0;0;0;0;ld-2.19.so
;7f50d712d000;rw-p;00000000;00:00;0;16;16;16;16;16;0;0;0;0;0;
;7f50d7134000;rw-p;00000000;00:00;0;12;12;12;12;12;0;0;0;0;0;
;7f50d7137000;r--p;00022000;08:01;1794933;4;4;4;4;4;0;0;0;0;0;ld-2.19.so
;7f50d7138000;rw-p;00023000;08:01;1794933;4;4;4;4;4;0;0;0;0;0;ld-2.19.so
;7f50d7139000;rw-p;00000000;00:00;0;4;4;4;4;4;0;0;0;0;0;
;7ffc44ad1000;rw-p;00000000;00:00;0;136;8;8;8;8;0;0;0;0;0;[stack]
;7ffc44b4f000;r--p;00000000;00:00;0;8;0;0;0;0;0;0;0;0;0;[vvar]
;7ffc44b51000;r-xp;00000000;00:00;0;8;4;0;4;0;0;0;0;0;0;[vdso]
ffffffffff600000;r-xp;00000000;00:00;0;4;0;0;0;0;0;0;0;0;0;[vsyscall]
;=====;=====;====;==========;=========;==============;===============;====;=======;======;
;98672;14288;1891;14288;1212;0;0;0;0;0;KB;
7160:;./a.out
;Address;Perm;Offset;Device;Inode;Size;Rss;Pss;Referenced;Anonymous;Shared_Hugetlb;Private_Hugetlb;Swap;SwapPss;Locked;Mapping
;00400000;r-xp;00000000;08:01;1539771;4;4;0;4;0;0;0;0;0;0;a.out
;00600000;r--p;00000000;08:01;1539771;4;4;4;4;4;0;0;0;0;0;a.out
;00601000;rw-p;00001000;08:01;1539771;4;4;4;4;4;0;0;0;0;0;a.out
;7fee48cd1000;r-xp;00000000;08:01;1794991;1044;268;20;268;0;0;0;0;0;0;libm-2.19.so
;7fee48dd6000;---p;00105000;08:01;1794991;2044;0;0;0;0;0;0;0;0;0;libm-2.19.so
;7fee48fd5000;r--p;00104000;08:01;1794991;4;4;4;4;4;0;0;0;0;0;libm-2.19.so
;7fee48fd6000;rw-p;00105000;08:01;1794991;4;4;4;4;4;0;0;0;0;0;libm-2.19.so
;7fee48fd7000;r-xp;00000000;08:01;1794953;1768;1036;42;1036;0;0;0;0;0;0;libc-2.19.so
;7fee49191000;---p;001ba000;08:01;1794953;2048;0;0;0;0;0;0;0;0;0;libc-2.19.so
;7fee49391000;r--p;001ba000;08:01;1794953;16;16;16;16;16;0;0;0;0;0;libc-2.19.so
;7fee49395000;rw-p;001be000;08:01;1794953;8;8;8;8;8;0;0;0;0;0;libc-2.19.so
;7fee49397000;rw-p;00000000;00:00;0;20;12;12;12;12;0;0;0;0;0;
;7fee4939c000;r-xp;00000000;08:01;2064911;240;60;4;60;0;0;0;0;0;0;libgslcblas.so.0.0.0
;7fee493d8000;---p;0003c000;08:01;2064911;2044;0;0;0;0;0;0;0;0;0;libgslcblas.so.0.0.0
;7fee495d7000;r--p;0003b000;08:01;2064911;4;4;4;4;4;0;0;0;0;0;libgslcblas.so.0.0.0
;7fee495d8000;rw-p;0003c000;08:01;2064911;4;4;4;4;4;0;0;0;0;0;libgslcblas.so.0.0.0
;7fee495d9000;r-xp;00000000;08:01;2064906;2372;424;31;424;0;0;0;0;0;0;libgsl.so.19.3.0
;7fee4982a000;---p;00251000;08:01;2064906;2048;0;0;0;0;0;0;0;0;0;libgsl.so.19.3.0
;7fee49a2a000;r--p;00251000;08:01;2064906;12;12;12;12;12;0;0;0;0;0;libgsl.so.19.3.0
;7fee49a2d000;rw-p;00254000;08:01;2064906;68;68;53;68;52;0;0;0;0;0;libgsl.so.19.3.0
;7fee49a3e000;r-xp;00000000;08:01;1794933;140;136;4;136;0;0;0;0;0;0;ld-2.19.so
;7fee49c56000;rw-p;00000000;00:00;0;16;16;16;16;16;0;0;0;0;0;
;7fee49c5d000;rw-p;00000000;00:00;0;12;12;12;12;12;0;0;0;0;0;
;7fee49c60000;r--p;00022000;08:01;1794933;4;4;4;4;4;0;0;0;0;0;ld-2.19.so
;7fee49c61000;rw-p;00023000;08:01;1794933;4;4;4;4;4;0;0;0;0;0;ld-2.19.so
;7fee49c62000;rw-p;00000000;00:00;0;4;4;4;4;4;0;0;0;0;0;
;7ffd2d75a000;rw-p;00000000;00:00;0;136;8;8;8;8;0;0;0;0;0;[stack]
;7ffd2d784000;r--p;00000000;00:00;0;8;0;0;0;0;0;0;0;0;0;[vvar]
;7ffd2d786000;r-xp;00000000;00:00;0;8;4;0;4;0;0;0;0;0;0;[vdso]
ffffffffff600000;r-xp;00000000;00:00;0;4;0;0;0;0;0;0;0;0;0;[vsyscall]
;======;=====;====;==========;=========;==============;===============;====;=======;======;
;112768;16408;2165;16408;1384;0;0;0;0;0;KB;
7022:;./a.out
;Address;Perm;Offset;Device;Inode;Size;Rss;Pss;Referenced;Anonymous;Shared_Hugetlb;Private_Hugetlb;Swap;SwapPss;Locked;Mapping
;00400000;r-xp;00000000;08:01;1539771;4;4;0;4;0;0;0;0;0;0;a.out
;00600000;r--p;00000000;08:01;1539771;4;4;4;4;4;0;0;0;0;0;a.out
;00601000;rw-p;00001000;08:01;1539771;4;4;4;4;4;0;0;0;0;0;a.out
;7f6631dc0000;r-xp;00000000;08:01;1794991;1044;272;21;272;0;0;0;0;0;0;libm-2.19.so
;7f6631ec5000;---p;00105000;08:01;1794991;2044;0;0;0;0;0;0;0;0;0;libm-2.19.so
;7f66320c4000;r--p;00104000;08:01;1794991;4;4;4;4;4;0;0;0;0;0;libm-2.19.so
;7f66320c5000;rw-p;00105000;08:01;1794991;4;4;4;4;4;0;0;0;0;0;libm-2.19.so
;7f66320c6000;r-xp;00000000;08:01;1794953;1768;1040;41;1040;0;0;0;0;0;0;libc-2.19.so
;7f6632280000;---p;001ba000;08:01;1794953;2048;0;0;0;0;0;0;0;0;0;libc-2.19.so
;7f6632480000;r--p;001ba000;08:01;1794953;16;16;16;16;16;0;0;0;0;0;libc-2.19.so
;7f6632484000;rw-p;001be000;08:01;1794953;8;8;8;8;8;0;0;0;0;0;libc-2.19.so
;7f6632486000;rw-p;00000000;00:00;0;20;12;12;12;12;0;0;0;0;0;
;7f663248b000;r-xp;00000000;08:01;2064911;240;60;4;60;0;0;0;0;0;0;libgslcblas.so.0.0.0
;7f66324c7000;---p;0003c000;08:01;2064911;2044;0;0;0;0;0;0;0;0;0;libgslcblas.so.0.0.0
;7f66326c6000;r--p;0003b000;08:01;2064911;4;4;4;4;4;0;0;0;0;0;libgslcblas.so.0.0.0
;7f66326c7000;rw-p;0003c000;08:01;2064911;4;4;4;4;4;0;0;0;0;0;libgslcblas.so.0.0.0
;7f66326c8000;r-xp;00000000;08:01;2064906;2372;428;32;428;0;0;0;0;0;0;libgsl.so.19.3.0
;7f6632919000;---p;00251000;08:01;2064906;2048;0;0;0;0;0;0;0;0;0;libgsl.so.19.3.0
;7f6632b19000;r--p;00251000;08:01;2064906;12;12;12;12;12;0;0;0;0;0;libgsl.so.19.3.0
;7f6632b1c000;rw-p;00254000;08:01;2064906;68;68;53;68;52;0;0;0;0;0;libgsl.so.19.3.0
;7f6632b2d000;r-xp;00000000;08:01;1794933;140;140;5;140;0;0;0;0;0;0;ld-2.19.so
;7f6632d45000;rw-p;00000000;00:00;0;16;16;16;16;16;0;0;0;0;0;
;7f6632d4c000;rw-p;00000000;00:00;0;12;12;12;12;12;0;0;0;0;0;
;7f6632d4f000;r--p;00022000;08:01;1794933;4;4;4;4;4;0;0;0;0;0;ld-2.19.so
;7f6632d50000;rw-p;00023000;08:01;1794933;4;4;4;4;4;0;0;0;0;0;ld-2.19.so
;7f6632d51000;rw-p;00000000;00:00;0;4;4;4;4;4;0;0;0;0;0;
;7ffe48d92000;rw-p;00000000;00:00;0;136;12;12;12;12;0;0;0;0;0;[stack]
;7ffe48dda000;r--p;00000000;00:00;0;8;0;0;0;0;0;0;0;0;0;[vvar]
;7ffe48ddc000;r-xp;00000000;00:00;0;8;4;0;4;0;0;0;0;0;0;[vdso]
ffffffffff600000;r-xp;00000000;00:00;0;4;0;0;0;0;0;0;0;0;0;[vsyscall]
;======;=====;====;==========;=========;==============;===============;====;=======;======;
;126864;18548;2445;18548;1560;0;0;0;0;0;KB;
6894:;./a.out
;Address;Perm;Offset;Device;Inode;Size;Rss;Pss;Referenced;Anonymous;Shared_Hugetlb;Private_Hugetlb;Swap;SwapPss;Locked;Mapping
;00400000;r-xp;00000000;08:01;1539771;4;4;0;4;0;0;0;0;0;0;a.out
;00600000;r--p;00000000;08:01;1539771;4;4;4;4;4;0;0;0;0;0;a.out
;00601000;rw-p;00001000;08:01;1539771;4;4;4;4;4;0;0;0;0;0;a.out
;7f9ff8c84000;r-xp;00000000;08:01;1794991;1044;256;19;256;0;0;0;0;0;0;libm-2.19.so
;7f9ff8d89000;---p;00105000;08:01;1794991;2044;0;0;0;0;0;0;0;0;0;libm-2.19.so
;7f9ff8f88000;r--p;00104000;08:01;1794991;4;4;4;4;4;0;0;0;0;0;libm-2.19.so
;7f9ff8f89000;rw-p;00105000;08:01;1794991;4;4;4;4;4;0;0;0;0;0;libm-2.19.so
;7f9ff8f8a000;r-xp;00000000;08:01;1794953;1768;944;36;944;0;0;0;0;0;0;libc-2.19.so
;7f9ff9144000;---p;001ba000;08:01;1794953;2048;0;0;0;0;0;0;0;0;0;libc-2.19.so
;7f9ff9344000;r--p;001ba000;08:01;1794953;16;16;16;16;16;0;0;0;0;0;libc-2.19.so
;7f9ff9348000;rw-p;001be000;08:01;1794953;8;8;8;8;8;0;0;0;0;0;libc-2.19.so
;7f9ff934a000;rw-p;00000000;00:00;0;20;12;12;12;12;0;0;0;0;0;
;7f9ff934f000;r-xp;00000000;08:01;2064911;240;60;4;60;0;0;0;0;0;0;libgslcblas.so.0.0.0
;7f9ff938b000;---p;0003c000;08:01;2064911;2044;0;0;0;0;0;0;0;0;0;libgslcblas.so.0.0.0
;7f9ff958a000;r--p;0003b000;08:01;2064911;4;4;4;4;4;0;0;0;0;0;libgslcblas.so.0.0.0
;7f9ff958b000;rw-p;0003c000;08:01;2064911;4;4;4;4;4;0;0;0;0;0;libgslcblas.so.0.0.0
;7f9ff958c000;r-xp;00000000;08:01;2064906;2372;412;30;412;0;0;0;0;0;0;libgsl.so.19.3.0
;7f9ff97dd000;---p;00251000;08:01;2064906;2048;0;0;0;0;0;0;0;0;0;libgsl.so.19.3.0
;7f9ff99dd000;r--p;00251000;08:01;2064906;12;12;12;12;12;0;0;0;0;0;libgsl.so.19.3.0
;7f9ff99e0000;rw-p;00254000;08:01;2064906;68;68;53;68;52;0;0;0;0;0;libgsl.so.19.3.0
;7f9ff99f1000;r-xp;00000000;08:01;1794933;140;140;5;140;0;0;0;0;0;0;ld-2.19.so
;7f9ff9c09000;rw-p;00000000;00:00;0;16;16;16;16;16;0;0;0;0;0;
;7f9ff9c10000;rw-p;00000000;00:00;0;12;12;12;12;12;0;0;0;0;0;
;7f9ff9c13000;r--p;00022000;08:01;1794933;4;4;4;4;4;0;0;0;0;0;ld-2.19.so
;7f9ff9c14000;rw-p;00023000;08:01;1794933;4;4;4;4;4;0;0;0;0;0;ld-2.19.so
;7f9ff9c15000;rw-p;00000000;00:00;0;4;4;4;4;4;0;0;0;0;0;
;7ffd32e40000;rw-p;00000000;00:00;0;136;8;8;8;8;0;0;0;0;0;[stack]
;7ffd32f31000;r--p;00000000;00:00;0;8;0;0;0;0;0;0;0;0;0;[vvar]
;7ffd32f33000;r-xp;00000000;00:00;0;8;4;0;4;0;0;0;0;0;0;[vdso]
ffffffffff600000;r-xp;00000000;00:00;0;4;0;0;0;0;0;0;0;0;0;[vsyscall]
;======;=====;====;==========;=========;==============;===============;====;=======;======;
;140960;20556;2712;20556;1732;0;0;0;0;0;KB;
6763:;./a.out
;Address;Perm;Offset;Device;Inode;Size;Rss;Pss;Referenced;Anonymous;Shared_Hugetlb;Private_Hugetlb;Swap;SwapPss;Locked;Mapping
;00400000;r-xp;00000000;08:01;1539771;4;4;0;4;0;0;0;0;0;0;a.out
;00600000;r--p;00000000;08:01;1539771;4;4;4;4;4;0;0;0;0;0;a.out
;00601000;rw-p;00001000;08:01;1539771;4;4;4;4;4;0;0;0;0;0;a.out
;7f2a1f43f000;r-xp;00000000;08:01;1794991;1044;272;21;272;0;0;0;0;0;0;libm-2.19.so
;7f2a1f544000;---p;00105000;08:01;1794991;2044;0;0;0;0;0;0;0;0;0;libm-2.19.so
;7f2a1f743000;r--p;00104000;08:01;1794991;4;4;4;4;4;0;0;0;0;0;libm-2.19.so
;7f2a1f744000;rw-p;00105000;08:01;1794991;4;4;4;4;4;0;0;0;0;0;libm-2.19.so
;7f2a1f745000;r-xp;00000000;08:01;1794953;1768;984;38;984;0;0;0;0;0;0;libc-2.19.so
;7f2a1f8ff000;---p;001ba000;08:01;1794953;2048;0;0;0;0;0;0;0;0;0;libc-2.19.so
;7f2a1faff000;r--p;001ba000;08:01;1794953;16;16;16;16;16;0;0;0;0;0;libc-2.19.so
;7f2a1fb03000;rw-p;001be000;08:01;1794953;8;8;8;8;8;0;0;0;0;0;libc-2.19.so
;7f2a1fb05000;rw-p;00000000;00:00;0;20;12;12;12;12;0;0;0;0;0;
;7f2a1fb0a000;r-xp;00000000;08:01;2064911;240;60;4;60;0;0;0;0;0;0;libgslcblas.so.0.0.0
;7f2a1fb46000;---p;0003c000;08:01;2064911;2044;0;0;0;0;0;0;0;0;0;libgslcblas.so.0.0.0
;7f2a1fd45000;r--p;0003b000;08:01;2064911;4;4;4;4;4;0;0;0;0;0;libgslcblas.so.0.0.0
;7f2a1fd46000;rw-p;0003c000;08:01;2064911;4;4;4;4;4;0;0;0;0;0;libgslcblas.so.0.0.0
;7f2a1fd47000;r-xp;00000000;08:01;2064906;2372;432;33;432;0;0;0;0;0;0;libgsl.so.19.3.0
;7f2a1ff98000;---p;00251000;08:01;2064906;2048;0;0;0;0;0;0;0;0;0;libgsl.so.19.3.0
;7f2a20198000;r--p;00251000;08:01;2064906;12;12;12;12;12;0;0;0;0;0;libgsl.so.19.3.0
;7f2a2019b000;rw-p;00254000;08:01;2064906;68;68;53;68;52;0;0;0;0;0;libgsl.so.19.3.0
;7f2a201ac000;r-xp;00000000;08:01;1794933;140;140;5;140;0;0;0;0;0;0;ld-2.19.so
;7f2a203c4000;rw-p;00000000;00:00;0;16;16;16;16;16;0;0;0;0;0;
;7f2a203cb000;rw-p;00000000;00:00;0;12;12;12;12;12;0;0;0;0;0;
;7f2a203ce000;r--p;00022000;08:01;1794933;4;4;4;4;4;0;0;0;0;0;ld-2.19.so
;7f2a203cf000;rw-p;00023000;08:01;1794933;4;4;4;4;4;0;0;0;0;0;ld-2.19.so
;7f2a203d0000;rw-p;00000000;00:00;0;4;4;4;4;4;0;0;0;0;0;
;7fff850b1000;rw-p;00000000;00:00;0;136;8;8;8;8;0;0;0;0;0;[stack]
;7fff85141000;r--p;00000000;00:00;0;8;0;0;0;0;0;0;0;0;0;[vvar]
;7fff85143000;r-xp;00000000;00:00;0;8;4;0;4;0;0;0;0;0;0;[vdso]
ffffffffff600000;r-xp;00000000;00:00;0;4;0;0;0;0;0;0;0;0;0;[vsyscall]
;======;=====;====;==========;=========;==============;===============;====;=======;======;
;155056;22640;2986;22640;1904;0;0;0;0;0;KB;
6628:;./a.out
;Address;Perm;Offset;Device;Inode;Size;Rss;Pss;Referenced;Anonymous;Shared_Hugetlb;Private_Hugetlb;Swap;SwapPss;Locked;Mapping
;00400000;r-xp;00000000;08:01;1539771;4;4;0;4;0;0;0;0;0;0;a.out
;00600000;r--p;00000000;08:01;1539771;4;4;4;4;4;0;0;0;0;0;a.out
;00601000;rw-p;00001000;08:01;1539771;4;4;4;4;4;0;0;0;0;0;a.out
;7f9ad57e9000;r-xp;00000000;08:01;1794991;1044;236;16;236;0;0;0;0;0;0;libm-2.19.so
;7f9ad58ee000;---p;00105000;08:01;1794991;2044;0;0;0;0;0;0;0;0;0;libm-2.19.so
;7f9ad5aed000;r--p;00104000;08:01;1794991;4;4;4;4;4;0;0;0;0;0;libm-2.19.so
;7f9ad5aee000;rw-p;00105000;08:01;1794991;4;4;4;4;4;0;0;0;0;0;libm-2.19.so
;7f9ad5aef000;r-xp;00000000;08:01;1794953;1768;912;34;912;0;0;0;0;0;0;libc-2.19.so
;7f9ad5ca9000;---p;001ba000;08:01;1794953;2048;0;0;0;0;0;0;0;0;0;libc-2.19.so
;7f9ad5ea9000;r--p;001ba000;08:01;1794953;16;16;16;16;16;0;0;0;0;0;libc-2.19.so
;7f9ad5ead000;rw-p;001be000;08:01;1794953;8;8;8;8;8;0;0;0;0;0;libc-2.19.so
;7f9ad5eaf000;rw-p;00000000;00:00;0;20;12;12;12;12;0;0;0;0;0;
;7f9ad5eb4000;r-xp;00000000;08:01;2064911;240;60;4;60;0;0;0;0;0;0;libgslcblas.so.0.0.0
;7f9ad5ef0000;---p;0003c000;08:01;2064911;2044;0;0;0;0;0;0;0;0;0;libgslcblas.so.0.0.0
;7f9ad60ef000;r--p;0003b000;08:01;2064911;4;4;4;4;4;0;0;0;0;0;libgslcblas.so.0.0.0
;7f9ad60f0000;rw-p;0003c000;08:01;2064911;4;4;4;4;4;0;0;0;0;0;libgslcblas.so.0.0.0
;7f9ad60f1000;r-xp;00000000;08:01;2064906;2372;392;28;392;0;0;0;0;0;0;libgsl.so.19.3.0
;7f9ad6342000;---p;00251000;08:01;2064906;2048;0;0;0;0;0;0;0;0;0;libgsl.so.19.3.0
;7f9ad6542000;r--p;00251000;08:01;2064906;12;12;12;12;12;0;0;0;0;0;libgsl.so.19.3.0
;7f9ad6545000;rw-p;00254000;08:01;2064906;68;68;53;68;52;0;0;0;0;0;libgsl.so.19.3.0
;7f9ad6556000;r-xp;00000000;08:01;1794933;140;140;5;140;0;0;0;0;0;0;ld-2.19.so
;7f9ad676e000;rw-p;00000000;00:00;0;16;16;16;16;16;0;0;0;0;0;
;7f9ad6775000;rw-p;00000000;00:00;0;12;12;12;12;12;0;0;0;0;0;
;7f9ad6778000;r--p;00022000;08:01;1794933;4;4;4;4;4;0;0;0;0;0;ld-2.19.so
;7f9ad6779000;rw-p;00023000;08:01;1794933;4;4;4;4;4;0;0;0;0;0;ld-2.19.so
;7f9ad677a000;rw-p;00000000;00:00;0;4;4;4;4;4;0;0;0;0;0;
;7fffbb933000;rw-p;00000000;00:00;0;136;8;8;8;8;0;0;0;0;0;[stack]
;7fffbb9d1000;r--p;00000000;00:00;0;8;0;0;0;0;0;0;0;0;0;[vvar]
;7fffbb9d3000;r-xp;00000000;00:00;0;8;4;0;4;0;0;0;0;0;0;[vdso]
ffffffffff600000;r-xp;00000000;00:00;0;4;0;0;0;0;0;0;0;0;0;[vsyscall]
;======;=====;====;==========;=========;==============;===============;====;=======;======;
;169152;24576;3246;24576;2076;0;0;0;0;0;KB;
6495:;./a.out
;Address;Perm;Offset;Device;Inode;Size;Rss;Pss;Referenced;Anonymous;Shared_Hugetlb;Private_Hugetlb;Swap;SwapPss;Locked;Mapping
;00400000;r-xp;00000000;08:01;1539771;4;4;0;4;0;0;0;0;0;0;a.out
;00600000;r--p;00000000;08:01;1539771;4;4;4;4;4;0;0;0;0;0;a.out
;00601000;rw-p;00001000;08:01;1539771;4;4;4;4;4;0;0;0;0;0;a.out
;7f8bed721000;r-xp;00000000;08:01;1794991;1044;268;20;268;0;0;0;0;0;0;libm-2.19.so
;7f8bed826000;---p;00105000;08:01;1794991;2044;0;0;0;0;0;0;0;0;0;libm-2.19.so
;7f8beda25000;r--p;00104000;08:01;1794991;4;4;4;4;4;0;0;0;0;0;libm-2.19.so
;7f8beda26000;rw-p;00105000;08:01;1794991;4;4;4;4;4;0;0;0;0;0;libm-2.19.so
;7f8beda27000;r-xp;00000000;08:01;1794953;1768;1036;42;1036;0;0;0;0;0;0;libc-2.19.so
;7f8bedbe1000;---p;001ba000;08:01;1794953;2048;0;0;0;0;0;0;0;0;0;libc-2.19.so
;7f8bedde1000;r--p;001ba000;08:01;1794953;16;16;16;16;16;0;0;0;0;0;libc-2.19.so
;7f8bedde5000;rw-p;001be000;08:01;1794953;8;8;8;8;8;0;0;0;0;0;libc-2.19.so
;7f8bedde7000;rw-p;00000000;00:00;0;20;12;12;12;12;0;0;0;0;0;
;7f8beddec000;r-xp;00000000;08:01;2064911;240;60;4;60;0;0;0;0;0;0;libgslcblas.so.0.0.0
;7f8bede28000;---p;0003c000;08:01;2064911;2044;0;0;0;0;0;0;0;0;0;libgslcblas.so.0.0.0
;7f8bee027000;r--p;0003b000;08:01;2064911;4;4;4;4;4;0;0;0;0;0;libgslcblas.so.0.0.0
;7f8bee028000;rw-p;0003c000;08:01;2064911;4;4;4;4;4;0;0;0;0;0;libgslcblas.so.0.0.0
;7f8bee029000;r-xp;00000000;08:01;2064906;2372;424;31;424;0;0;0;0;0;0;libgsl.so.19.3.0
;7f8bee27a000;---p;00251000;08:01;2064906;2048;0;0;0;0;0;0;0;0;0;libgsl.so.19.3.0
;7f8bee47a000;r--p;00251000;08:01;2064906;12;12;12;12;12;0;0;0;0;0;libgsl.so.19.3.0
;7f8bee47d000;rw-p;00254000;08:01;2064906;68;68;53;68;52;0;0;0;0;0;libgsl.so.19.3.0
;7f8bee48e000;r-xp;00000000;08:01;1794933;140;136;4;136;0;0;0;0;0;0;ld-2.19.so
;7f8bee6a6000;rw-p;00000000;00:00;0;16;16;16;16;16;0;0;0;0;0;
;7f8bee6ad000;rw-p;00000000;00:00;0;12;12;12;12;12;0;0;0;0;0;
;7f8bee6b0000;r--p;00022000;08:01;1794933;4;4;4;4;4;0;0;0;0;0;ld-2.19.so
;7f8bee6b1000;rw-p;00023000;08:01;1794933;4;4;4;4;4;0;0;0;0;0;ld-2.19.so
;7f8bee6b2000;rw-p;00000000;00:00;0;4;4;4;4;4;0;0;0;0;0;
;7ffdffefa000;rw-p;00000000;00:00;0;136;12;12;12;12;0;0;0;0;0;[stack]
;7ffdfff4b000;r--p;00000000;00:00;0;8;0;0;0;0;0;0;0;0;0;[vvar]
;7ffdfff4d000;r-xp;00000000;00:00;0;8;4;0;4;0;0;0;0;0;0;[vdso]
ffffffffff600000;r-xp;00000000;00:00;0;4;0;0;0;0;0;0;0;0;0;[vsyscall]
;======;=====;====;==========;=========;==============;===============;====;=======;======;
;183248;26700;3524;26700;2252;0;0;0;0;0;KB;
6369:;./a.out
;Address;Perm;Offset;Device;Inode;Size;Rss;Pss;Referenced;Anonymous;Shared_Hugetlb;Private_Hugetlb;Swap;SwapPss;Locked;Mapping
;00400000;r-xp;00000000;08:01;1539771;4;4;0;4;0;0;0;0;0;0;a.out
;00600000;r--p;00000000;08:01;1539771;4;4;4;4;4;0;0;0;0;0;a.out
;00601000;rw-p;00001000;08:01;1539771;4;4;4;4;4;0;0;0;0;0;a.out
;7f407a7e9000;r-xp;00000000;08:01;1794991;1044;236;16;236;0;0;0;0;0;0;libm-2.19.so
;7f407a8ee000;---p;00105000;08:01;1794991;2044;0;0;0;0;0;0;0;0;0;libm-2.19.so
;7f407aaed000;r--p;00104000;08:01;1794991;4;4;4;4;4;0;0;0;0;0;libm-2.19.so
;7f407aaee000;rw-p;00105000;08:01;1794991;4;4;4;4;4;0;0;0;0;0;libm-2.19.so
;7f407aaef000;r-xp;00000000;08:01;1794953;1768;912;34;912;0;0;0;0;0;0;libc-2.19.so
;7f407aca9000;---p;001ba000;08:01;1794953;2048;0;0;0;0;0;0;0;0;0;libc-2.19.so
;7f407aea9000;r--p;001ba000;08:01;1794953;16;16;16;16;16;0;0;0;0;0;libc-2.19.so
;7f407aead000;rw-p;001be000;08:01;1794953;8;8;8;8;8;0;0;0;0;0;libc-2.19.so
;7f407aeaf000;rw-p;00000000;00:00;0;20;12;12;12;12;0;0;0;0;0;
;7f407aeb4000;r-xp;00000000;08:01;2064911;240;60;4;60;0;0;0;0;0;0;libgslcblas.so.0.0.0
;7f407aef0000;---p;0003c000;08:01;2064911;2044;0;0;0;0;0;0;0;0;0;libgslcblas.so.0.0.0
;7f407b0ef000;r--p;0003b000;08:01;2064911;4;4;4;4;4;0;0;0;0;0;libgslcblas.so.0.0.0
;7f407b0f0000;rw-p;0003c000;08:01;2064911;4;4;4;4;4;0;0;0;0;0;libgslcblas.so.0.0.0
;7f407b0f1000;r-xp;00000000;08:01;2064906;2372;392;28;392;0;0;0;0;0;0;libgsl.so.19.3.0
;7f407b342000;---p;00251000;08:01;2064906;2048;0;0;0;0;0;0;0;0;0;libgsl.so.19.3.0
;7f407b542000;r--p;00251000;08:01;2064906;12;12;12;12;12;0;0;0;0;0;libgsl.so.19.3.0
;7f407b545000;rw-p;00254000;08:01;2064906;68;68;53;68;52;0;0;0;0;0;libgsl.so.19.3.0
;7f407b556000;r-xp;00000000;08:01;1794933;140;140;5;140;0;0;0;0;0;0;ld-2.19.so
;7f407b76e000;rw-p;00000000;00:00;0;16;16;16;16;16;0;0;0;0;0;
;7f407b775000;rw-p;00000000;00:00;0;12;12;12;12;12;0;0;0;0;0;
;7f407b778000;r--p;00022000;08:01;1794933;4;4;4;4;4;0;0;0;0;0;ld-2.19.so
;7f407b779000;rw-p;00023000;08:01;1794933;4;4;4;4;4;0;0;0;0;0;ld-2.19.so
;7f407b77a000;rw-p;00000000;00:00;0;4;4;4;4;4;0;0;0;0;0;
;7ffc6f089000;rw-p;00000000;00:00;0;136;12;12;12;12;0;0;0;0;0;[stack]
;7ffc6f0ad000;r--p;00000000;00:00;0;8;0;0;0;0;0;0;0;0;0;[vvar]
;7ffc6f0af000;r-xp;00000000;00:00;0;8;4;0;4;0;0;0;0;0;0;[vdso]
ffffffffff600000;r-xp;00000000;00:00;0;4;0;0;0;0;0;0;0;0;0;[vsyscall]
;======;=====;====;==========;=========;==============;===============;====;=======;======;
;197344;28640;3788;28640;2428;0;0;0;0;0;KB;
