10933:;./a.out
;Address;Perm;Offset;Device;Inode;Size;Rss;Pss;Referenced;Anonymous;Shared_Hugetlb;Private_Hugetlb;Swap;SwapPss;Locked;Mapping
;00400000;r-xp;00000000;08:01;1539771;4;4;0;4;0;0;0;0;0;0;a.out
;00600000;r--p;00000000;08:01;1539771;4;4;4;4;4;0;0;0;0;0;a.out
;00601000;rw-p;00001000;08:01;1539771;4;4;4;4;4;0;0;0;0;0;a.out
;7f4045e63000;r-xp;00000000;08:01;1794991;1044;260;18;260;0;0;0;0;0;0;libm-2.19.so
;7f4045f68000;---p;00105000;08:01;1794991;2044;0;0;0;0;0;0;0;0;0;libm-2.19.so
;7f4046167000;r--p;00104000;08:01;1794991;4;4;4;4;4;0;0;0;0;0;libm-2.19.so
;7f4046168000;rw-p;00105000;08:01;1794991;4;4;4;4;4;0;0;0;0;0;libm-2.19.so
;7f4046169000;r-xp;00000000;08:01;1794953;1768;956;37;956;0;0;0;0;0;0;libc-2.19.so
;7f4046323000;---p;001ba000;08:01;1794953;2048;0;0;0;0;0;0;0;0;0;libc-2.19.so
;7f4046523000;r--p;001ba000;08:01;1794953;16;16;16;16;16;0;0;0;0;0;libc-2.19.so
;7f4046527000;rw-p;001be000;08:01;1794953;8;8;8;8;8;0;0;0;0;0;libc-2.19.so
;7f4046529000;rw-p;00000000;00:00;0;20;12;12;12;12;0;0;0;0;0;
;7f404652e000;r-xp;00000000;08:01;2064911;240;60;3;60;0;0;0;0;0;0;libgslcblas.so.0.0.0
;7f404656a000;---p;0003c000;08:01;2064911;2044;0;0;0;0;0;0;0;0;0;libgslcblas.so.0.0.0
;7f4046769000;r--p;0003b000;08:01;2064911;4;4;4;4;4;0;0;0;0;0;libgslcblas.so.0.0.0
;7f404676a000;rw-p;0003c000;08:01;2064911;4;4;4;4;4;0;0;0;0;0;libgslcblas.so.0.0.0
;7f404676b000;r-xp;00000000;08:01;2064906;2372;416;28;416;0;0;0;0;0;0;libgsl.so.19.3.0
;7f40469bc000;---p;00251000;08:01;2064906;2048;0;0;0;0;0;0;0;0;0;libgsl.so.19.3.0
;7f4046bbc000;r--p;00251000;08:01;2064906;12;12;12;12;12;0;0;0;0;0;libgsl.so.19.3.0
;7f4046bbf000;rw-p;00254000;08:01;2064906;68;68;53;68;52;0;0;0;0;0;libgsl.so.19.3.0
;7f4046bd0000;r-xp;00000000;08:01;1794933;140;128;4;128;0;0;0;0;0;0;ld-2.19.so
;7f4046de8000;rw-p;00000000;00:00;0;16;16;16;16;16;0;0;0;0;0;
;7f4046def000;rw-p;00000000;00:00;0;12;12;12;12;12;0;0;0;0;0;
;7f4046df2000;r--p;00022000;08:01;1794933;4;4;4;4;4;0;0;0;0;0;ld-2.19.so
;7f4046df3000;rw-p;00023000;08:01;1794933;4;4;4;4;4;0;0;0;0;0;ld-2.19.so
;7f4046df4000;rw-p;00000000;00:00;0;4;4;4;4;4;0;0;0;0;0;
;7ffd9d155000;rw-p;00000000;00:00;0;136;8;8;8;8;0;0;0;0;0;[stack]
;7ffd9d1e9000;r--p;00000000;00:00;0;8;0;0;0;0;0;0;0;0;0;[vvar]
;7ffd9d1eb000;r-xp;00000000;00:00;0;8;4;0;4;0;0;0;0;0;0;[vdso]
ffffffffff600000;r-xp;00000000;00:00;0;4;0;0;0;0;0;0;0;0;0;[vsyscall]
;=====;====;===;==========;=========;==============;===============;====;=======;======;
;14096;2016;263;2016;172;0;0;0;0;0;KB;
10802:;./a.out
;Address;Perm;Offset;Device;Inode;Size;Rss;Pss;Referenced;Anonymous;Shared_Hugetlb;Private_Hugetlb;Swap;SwapPss;Locked;Mapping
;00400000;r-xp;00000000;08:01;1539771;4;4;0;4;0;0;0;0;0;0;a.out
;00600000;r--p;00000000;08:01;1539771;4;4;4;4;4;0;0;0;0;0;a.out
;00601000;rw-p;00001000;08:01;1539771;4;4;4;4;4;0;0;0;0;0;a.out
;7fa37bdc9000;r-xp;00000000;08:01;1794991;1044;236;15;236;0;0;0;0;0;0;libm-2.19.so
;7fa37bece000;---p;00105000;08:01;1794991;2044;0;0;0;0;0;0;0;0;0;libm-2.19.so
;7fa37c0cd000;r--p;00104000;08:01;1794991;4;4;4;4;4;0;0;0;0;0;libm-2.19.so
;7fa37c0ce000;rw-p;00105000;08:01;1794991;4;4;4;4;4;0;0;0;0;0;libm-2.19.so
;7fa37c0cf000;r-xp;00000000;08:01;1794953;1768;912;32;912;0;0;0;0;0;0;libc-2.19.so
;7fa37c289000;---p;001ba000;08:01;1794953;2048;0;0;0;0;0;0;0;0;0;libc-2.19.so
;7fa37c489000;r--p;001ba000;08:01;1794953;16;16;16;16;16;0;0;0;0;0;libc-2.19.so
;7fa37c48d000;rw-p;001be000;08:01;1794953;8;8;8;8;8;0;0;0;0;0;libc-2.19.so
;7fa37c48f000;rw-p;00000000;00:00;0;20;12;12;12;12;0;0;0;0;0;
;7fa37c494000;r-xp;00000000;08:01;2064911;240;60;3;60;0;0;0;0;0;0;libgslcblas.so.0.0.0
;7fa37c4d0000;---p;0003c000;08:01;2064911;2044;0;0;0;0;0;0;0;0;0;libgslcblas.so.0.0.0
;7fa37c6cf000;r--p;0003b000;08:01;2064911;4;4;4;4;4;0;0;0;0;0;libgslcblas.so.0.0.0
;7fa37c6d0000;rw-p;0003c000;08:01;2064911;4;4;4;4;4;0;0;0;0;0;libgslcblas.so.0.0.0
;7fa37c6d1000;r-xp;00000000;08:01;2064906;2372;392;26;392;0;0;0;0;0;0;libgsl.so.19.3.0
;7fa37c922000;---p;00251000;08:01;2064906;2048;0;0;0;0;0;0;0;0;0;libgsl.so.19.3.0
;7fa37cb22000;r--p;00251000;08:01;2064906;12;12;12;12;12;0;0;0;0;0;libgsl.so.19.3.0
;7fa37cb25000;rw-p;00254000;08:01;2064906;68;68;53;68;52;0;0;0;0;0;libgsl.so.19.3.0
;7fa37cb36000;r-xp;00000000;08:01;1794933;140;140;4;140;0;0;0;0;0;0;ld-2.19.so
;7fa37cd4e000;rw-p;00000000;00:00;0;16;16;16;16;16;0;0;0;0;0;
;7fa37cd55000;rw-p;00000000;00:00;0;12;12;12;12;12;0;0;0;0;0;
;7fa37cd58000;r--p;00022000;08:01;1794933;4;4;4;4;4;0;0;0;0;0;ld-2.19.so
;7fa37cd59000;rw-p;00023000;08:01;1794933;4;4;4;4;4;0;0;0;0;0;ld-2.19.so
;7fa37cd5a000;rw-p;00000000;00:00;0;4;4;4;4;4;0;0;0;0;0;
;7ffe66714000;rw-p;00000000;00:00;0;136;12;12;12;12;0;0;0;0;0;[stack]
;7ffe667d8000;r--p;00000000;00:00;0;8;0;0;0;0;0;0;0;0;0;[vvar]
;7ffe667da000;r-xp;00000000;00:00;0;8;4;0;4;0;0;0;0;0;0;[vdso]
ffffffffff600000;r-xp;00000000;00:00;0;4;0;0;0;0;0;0;0;0;0;[vsyscall]
;=====;====;===;==========;=========;==============;===============;====;=======;======;
;28192;3956;520;3956;348;0;0;0;0;0;KB;
10671:;./a.out
;Address;Perm;Offset;Device;Inode;Size;Rss;Pss;Referenced;Anonymous;Shared_Hugetlb;Private_Hugetlb;Swap;SwapPss;Locked;Mapping
;00400000;r-xp;00000000;08:01;1539771;4;4;0;4;0;0;0;0;0;0;a.out
;00600000;r--p;00000000;08:01;1539771;4;4;4;4;4;0;0;0;0;0;a.out
;00601000;rw-p;00001000;08:01;1539771;4;4;4;4;4;0;0;0;0;0;a.out
;7f2d7e2ee000;r-xp;00000000;08:01;1794991;1044;272;20;272;0;0;0;0;0;0;libm-2.19.so
;7f2d7e3f3000;---p;00105000;08:01;1794991;2044;0;0;0;0;0;0;0;0;0;libm-2.19.so
;7f2d7e5f2000;r--p;00104000;08:01;1794991;4;4;4;4;4;0;0;0;0;0;libm-2.19.so
;7f2d7e5f3000;rw-p;00105000;08:01;1794991;4;4;4;4;4;0;0;0;0;0;libm-2.19.so
;7f2d7e5f4000;r-xp;00000000;08:01;1794953;1768;996;37;996;0;0;0;0;0;0;libc-2.19.so
;7f2d7e7ae000;---p;001ba000;08:01;1794953;2048;0;0;0;0;0;0;0;0;0;libc-2.19.so
;7f2d7e9ae000;r--p;001ba000;08:01;1794953;16;16;16;16;16;0;0;0;0;0;libc-2.19.so
;7f2d7e9b2000;rw-p;001be000;08:01;1794953;8;8;8;8;8;0;0;0;0;0;libc-2.19.so
;7f2d7e9b4000;rw-p;00000000;00:00;0;20;12;12;12;12;0;0;0;0;0;
;7f2d7e9b9000;r-xp;00000000;08:01;2064911;240;60;3;60;0;0;0;0;0;0;libgslcblas.so.0.0.0
;7f2d7e9f5000;---p;0003c000;08:01;2064911;2044;0;0;0;0;0;0;0;0;0;libgslcblas.so.0.0.0
;7f2d7ebf4000;r--p;0003b000;08:01;2064911;4;4;4;4;4;0;0;0;0;0;libgslcblas.so.0.0.0
;7f2d7ebf5000;rw-p;0003c000;08:01;2064911;4;4;4;4;4;0;0;0;0;0;libgslcblas.so.0.0.0
;7f2d7ebf6000;r-xp;00000000;08:01;2064906;2372;436;32;436;0;0;0;0;0;0;libgsl.so.19.3.0
;7f2d7ee47000;---p;00251000;08:01;2064906;2048;0;0;0;0;0;0;0;0;0;libgsl.so.19.3.0
;7f2d7f047000;r--p;00251000;08:01;2064906;12;12;12;12;12;0;0;0;0;0;libgsl.so.19.3.0
;7f2d7f04a000;rw-p;00254000;08:01;2064906;68;68;53;68;52;0;0;0;0;0;libgsl.so.19.3.0
;7f2d7f05b000;r-xp;00000000;08:01;1794933;140;140;4;140;0;0;0;0;0;0;ld-2.19.so
;7f2d7f273000;rw-p;00000000;00:00;0;16;16;16;16;16;0;0;0;0;0;
;7f2d7f27a000;rw-p;00000000;00:00;0;12;12;12;12;12;0;0;0;0;0;
;7f2d7f27d000;r--p;00022000;08:01;1794933;4;4;4;4;4;0;0;0;0;0;ld-2.19.so
;7f2d7f27e000;rw-p;00023000;08:01;1794933;4;4;4;4;4;0;0;0;0;0;ld-2.19.so
;7f2d7f27f000;rw-p;00000000;00:00;0;4;4;4;4;4;0;0;0;0;0;
;7fffc966b000;rw-p;00000000;00:00;0;136;8;8;8;8;0;0;0;0;0;[stack]
;7fffc9783000;r--p;00000000;00:00;0;8;0;0;0;0;0;0;0;0;0;[vvar]
;7fffc9785000;r-xp;00000000;00:00;0;8;4;0;4;0;0;0;0;0;0;[vdso]
ffffffffff600000;r-xp;00000000;00:00;0;4;0;0;0;0;0;0;0;0;0;[vsyscall]
;=====;====;===;==========;=========;==============;===============;====;=======;======;
;42288;6056;789;6056;520;0;0;0;0;0;KB;
10541:;./a.out
;Address;Perm;Offset;Device;Inode;Size;Rss;Pss;Referenced;Anonymous;Shared_Hugetlb;Private_Hugetlb;Swap;SwapPss;Locked;Mapping
;00400000;r-xp;00000000;08:01;1539771;4;4;0;4;0;0;0;0;0;0;a.out
;00600000;r--p;00000000;08:01;1539771;4;4;4;4;4;0;0;0;0;0;a.out
;00601000;rw-p;00001000;08:01;1539771;4;4;4;4;4;0;0;0;0;0;a.out
;7fd41e03f000;r-xp;00000000;08:01;1794991;1044;272;20;272;0;0;0;0;0;0;libm-2.19.so
;7fd41e144000;---p;00105000;08:01;1794991;2044;0;0;0;0;0;0;0;0;0;libm-2.19.so
;7fd41e343000;r--p;00104000;08:01;1794991;4;4;4;4;4;0;0;0;0;0;libm-2.19.so
;7fd41e344000;rw-p;00105000;08:01;1794991;4;4;4;4;4;0;0;0;0;0;libm-2.19.so
;7fd41e345000;r-xp;00000000;08:01;1794953;1768;984;37;984;0;0;0;0;0;0;libc-2.19.so
;7fd41e4ff000;---p;001ba000;08:01;1794953;2048;0;0;0;0;0;0;0;0;0;libc-2.19.so
;7fd41e6ff000;r--p;001ba000;08:01;1794953;16;16;16;16;16;0;0;0;0;0;libc-2.19.so
;7fd41e703000;rw-p;001be000;08:01;1794953;8;8;8;8;8;0;0;0;0;0;libc-2.19.so
;7fd41e705000;rw-p;00000000;00:00;0;20;12;12;12;12;0;0;0;0;0;
;7fd41e70a000;r-xp;00000000;08:01;2064911;240;60;3;60;0;0;0;0;0;0;libgslcblas.so.0.0.0
;7fd41e746000;---p;0003c000;08:01;2064911;2044;0;0;0;0;0;0;0;0;0;libgslcblas.so.0.0.0
;7fd41e945000;r--p;0003b000;08:01;2064911;4;4;4;4;4;0;0;0;0;0;libgslcblas.so.0.0.0
;7fd41e946000;rw-p;0003c000;08:01;2064911;4;4;4;4;4;0;0;0;0;0;libgslcblas.so.0.0.0
;7fd41e947000;r-xp;00000000;08:01;2064906;2372;432;31;432;0;0;0;0;0;0;libgsl.so.19.3.0
;7fd41eb98000;---p;00251000;08:01;2064906;2048;0;0;0;0;0;0;0;0;0;libgsl.so.19.3.0
;7fd41ed98000;r--p;00251000;08:01;2064906;12;12;12;12;12;0;0;0;0;0;libgsl.so.19.3.0
;7fd41ed9b000;rw-p;00254000;08:01;2064906;68;68;53;68;52;0;0;0;0;0;libgsl.so.19.3.0
;7fd41edac000;r-xp;00000000;08:01;1794933;140;140;4;140;0;0;0;0;0;0;ld-2.19.so
;7fd41efc4000;rw-p;00000000;00:00;0;16;16;16;16;16;0;0;0;0;0;
;7fd41efcb000;rw-p;00000000;00:00;0;12;12;12;12;12;0;0;0;0;0;
;7fd41efce000;r--p;00022000;08:01;1794933;4;4;4;4;4;0;0;0;0;0;ld-2.19.so
;7fd41efcf000;rw-p;00023000;08:01;1794933;4;4;4;4;4;0;0;0;0;0;ld-2.19.so
;7fd41efd0000;rw-p;00000000;00:00;0;4;4;4;4;4;0;0;0;0;0;
;7ffdab66e000;rw-p;00000000;00:00;0;136;12;12;12;12;0;0;0;0;0;[stack]
;7ffdab713000;r--p;00000000;00:00;0;8;0;0;0;0;0;0;0;0;0;[vvar]
;7ffdab715000;r-xp;00000000;00:00;0;8;4;0;4;0;0;0;0;0;0;[vdso]
ffffffffff600000;r-xp;00000000;00:00;0;4;0;0;0;0;0;0;0;0;0;[vsyscall]
;=====;====;====;==========;=========;==============;===============;====;=======;======;
;56384;8144;1061;8144;696;0;0;0;0;0;KB;
10412:;./a.out
;Address;Perm;Offset;Device;Inode;Size;Rss;Pss;Referenced;Anonymous;Shared_Hugetlb;Private_Hugetlb;Swap;SwapPss;Locked;Mapping
;00400000;r-xp;00000000;08:01;1539771;4;4;0;4;0;0;0;0;0;0;a.out
;00600000;r--p;00000000;08:01;1539771;4;4;4;4;4;0;0;0;0;0;a.out
;00601000;rw-p;00001000;08:01;1539771;4;4;4;4;4;0;0;0;0;0;a.out
;7f1160004000;r-xp;00000000;08:01;1794991;1044;256;17;256;0;0;0;0;0;0;libm-2.19.so
;7f1160109000;---p;00105000;08:01;1794991;2044;0;0;0;0;0;0;0;0;0;libm-2.19.so
;7f1160308000;r--p;00104000;08:01;1794991;4;4;4;4;4;0;0;0;0;0;libm-2.19.so
;7f1160309000;rw-p;00105000;08:01;1794991;4;4;4;4;4;0;0;0;0;0;libm-2.19.so
;7f116030a000;r-xp;00000000;08:01;1794953;1768;944;34;944;0;0;0;0;0;0;libc-2.19.so
;7f11604c4000;---p;001ba000;08:01;1794953;2048;0;0;0;0;0;0;0;0;0;libc-2.19.so
;7f11606c4000;r--p;001ba000;08:01;1794953;16;16;16;16;16;0;0;0;0;0;libc-2.19.so
;7f11606c8000;rw-p;001be000;08:01;1794953;8;8;8;8;8;0;0;0;0;0;libc-2.19.so
;7f11606ca000;rw-p;00000000;00:00;0;20;12;12;12;12;0;0;0;0;0;
;7f11606cf000;r-xp;00000000;08:01;2064911;240;60;3;60;0;0;0;0;0;0;libgslcblas.so.0.0.0
;7f116070b000;---p;0003c000;08:01;2064911;2044;0;0;0;0;0;0;0;0;0;libgslcblas.so.0.0.0
;7f116090a000;r--p;0003b000;08:01;2064911;4;4;4;4;4;0;0;0;0;0;libgslcblas.so.0.0.0
;7f116090b000;rw-p;0003c000;08:01;2064911;4;4;4;4;4;0;0;0;0;0;libgslcblas.so.0.0.0
;7f116090c000;r-xp;00000000;08:01;2064906;2372;412;28;412;0;0;0;0;0;0;libgsl.so.19.3.0
;7f1160b5d000;---p;00251000;08:01;2064906;2048;0;0;0;0;0;0;0;0;0;libgsl.so.19.3.0
;7f1160d5d000;r--p;00251000;08:01;2064906;12;12;12;12;12;0;0;0;0;0;libgsl.so.19.3.0
;7f1160d60000;rw-p;00254000;08:01;2064906;68;68;53;68;52;0;0;0;0;0;libgsl.so.19.3.0
;7f1160d71000;r-xp;00000000;08:01;1794933;140;140;4;140;0;0;0;0;0;0;ld-2.19.so
;7f1160f89000;rw-p;00000000;00:00;0;16;16;16;16;16;0;0;0;0;0;
;7f1160f90000;rw-p;00000000;00:00;0;12;12;12;12;12;0;0;0;0;0;
;7f1160f93000;r--p;00022000;08:01;1794933;4;4;4;4;4;0;0;0;0;0;ld-2.19.so
;7f1160f94000;rw-p;00023000;08:01;1794933;4;4;4;4;4;0;0;0;0;0;ld-2.19.so
;7f1160f95000;rw-p;00000000;00:00;0;4;4;4;4;4;0;0;0;0;0;
;7ffca8ce6000;rw-p;00000000;00:00;0;136;8;8;8;8;0;0;0;0;0;[stack]
;7ffca8d0a000;r--p;00000000;00:00;0;8;0;0;0;0;0;0;0;0;0;[vvar]
;7ffca8d0c000;r-xp;00000000;00:00;0;8;4;0;4;0;0;0;0;0;0;[vdso]
ffffffffff600000;r-xp;00000000;00:00;0;4;0;0;0;0;0;0;0;0;0;[vsyscall]
;=====;=====;====;==========;=========;==============;===============;====;=======;======;
;70480;10152;1320;10152;868;0;0;0;0;0;KB;
10278:;./a.out
;Address;Perm;Offset;Device;Inode;Size;Rss;Pss;Referenced;Anonymous;Shared_Hugetlb;Private_Hugetlb;Swap;SwapPss;Locked;Mapping
;00400000;r-xp;00000000;08:01;1539771;4;4;0;4;0;0;0;0;0;0;a.out
;00600000;r--p;00000000;08:01;1539771;4;4;4;4;4;0;0;0;0;0;a.out
;00601000;rw-p;00001000;08:01;1539771;4;4;4;4;4;0;0;0;0;0;a.out
;7f3c1021d000;r-xp;00000000;08:01;1794991;1044;272;20;272;0;0;0;0;0;0;libm-2.19.so
;7f3c10322000;---p;00105000;08:01;1794991;2044;0;0;0;0;0;0;0;0;0;libm-2.19.so
;7f3c10521000;r--p;00104000;08:01;1794991;4;4;4;4;4;0;0;0;0;0;libm-2.19.so
;7f3c10522000;rw-p;00105000;08:01;1794991;4;4;4;4;4;0;0;0;0;0;libm-2.19.so
;7f3c10523000;r-xp;00000000;08:01;1794953;1768;996;37;996;0;0;0;0;0;0;libc-2.19.so
;7f3c106dd000;---p;001ba000;08:01;1794953;2048;0;0;0;0;0;0;0;0;0;libc-2.19.so
;7f3c108dd000;r--p;001ba000;08:01;1794953;16;16;16;16;16;0;0;0;0;0;libc-2.19.so
;7f3c108e1000;rw-p;001be000;08:01;1794953;8;8;8;8;8;0;0;0;0;0;libc-2.19.so
;7f3c108e3000;rw-p;00000000;00:00;0;20;12;12;12;12;0;0;0;0;0;
;7f3c108e8000;r-xp;00000000;08:01;2064911;240;60;3;60;0;0;0;0;0;0;libgslcblas.so.0.0.0
;7f3c10924000;---p;0003c000;08:01;2064911;2044;0;0;0;0;0;0;0;0;0;libgslcblas.so.0.0.0
;7f3c10b23000;r--p;0003b000;08:01;2064911;4;4;4;4;4;0;0;0;0;0;libgslcblas.so.0.0.0
;7f3c10b24000;rw-p;0003c000;08:01;2064911;4;4;4;4;4;0;0;0;0;0;libgslcblas.so.0.0.0
;7f3c10b25000;r-xp;00000000;08:01;2064906;2372;440;34;440;0;0;0;0;0;0;libgsl.so.19.3.0
;7f3c10d76000;---p;00251000;08:01;2064906;2048;0;0;0;0;0;0;0;0;0;libgsl.so.19.3.0
;7f3c10f76000;r--p;00251000;08:01;2064906;12;12;12;12;12;0;0;0;0;0;libgsl.so.19.3.0
;7f3c10f79000;rw-p;00254000;08:01;2064906;68;68;53;68;52;0;0;0;0;0;libgsl.so.19.3.0
;7f3c10f8a000;r-xp;00000000;08:01;1794933;140;140;4;140;0;0;0;0;0;0;ld-2.19.so
;7f3c111a2000;rw-p;00000000;00:00;0;16;16;16;16;16;0;0;0;0;0;
;7f3c111a9000;rw-p;00000000;00:00;0;12;12;12;12;12;0;0;0;0;0;
;7f3c111ac000;r--p;00022000;08:01;1794933;4;4;4;4;4;0;0;0;0;0;ld-2.19.so
;7f3c111ad000;rw-p;00023000;08:01;1794933;4;4;4;4;4;0;0;0;0;0;ld-2.19.so
;7f3c111ae000;rw-p;00000000;00:00;0;4;4;4;4;4;0;0;0;0;0;
;7fff5bc89000;rw-p;00000000;00:00;0;136;8;8;8;8;0;0;0;0;0;[stack]
;7fff5bd8a000;r--p;00000000;00:00;0;8;0;0;0;0;0;0;0;0;0;[vvar]
;7fff5bd8c000;r-xp;00000000;00:00;0;8;4;0;4;0;0;0;0;0;0;[vdso]
ffffffffff600000;r-xp;00000000;00:00;0;4;0;0;0;0;0;0;0;0;0;[vsyscall]
;=====;=====;====;==========;=========;==============;===============;====;=======;======;
;84576;12256;1591;12256;1040;0;0;0;0;0;KB;
10152:;./a.out
;Address;Perm;Offset;Device;Inode;Size;Rss;Pss;Referenced;Anonymous;Shared_Hugetlb;Private_Hugetlb;Swap;SwapPss;Locked;Mapping
;00400000;r-xp;00000000;08:01;1539771;4;4;0;4;0;0;0;0;0;0;a.out
;00600000;r--p;00000000;08:01;1539771;4;4;4;4;4;0;0;0;0;0;a.out
;00601000;rw-p;00001000;08:01;1539771;4;4;4;4;4;0;0;0;0;0;a.out
;7f3a135fa000;r-xp;00000000;08:01;1794991;1044;232;15;232;0;0;0;0;0;0;libm-2.19.so
;7f3a136ff000;---p;00105000;08:01;1794991;2044;0;0;0;0;0;0;0;0;0;libm-2.19.so
;7f3a138fe000;r--p;00104000;08:01;1794991;4;4;4;4;4;0;0;0;0;0;libm-2.19.so
;7f3a138ff000;rw-p;00105000;08:01;1794991;4;4;4;4;4;0;0;0;0;0;libm-2.19.so
;7f3a13900000;r-xp;00000000;08:01;1794953;1768;964;37;964;0;0;0;0;0;0;libc-2.19.so
;7f3a13aba000;---p;001ba000;08:01;1794953;2048;0;0;0;0;0;0;0;0;0;libc-2.19.so
;7f3a13cba000;r--p;001ba000;08:01;1794953;16;16;16;16;16;0;0;0;0;0;libc-2.19.so
;7f3a13cbe000;rw-p;001be000;08:01;1794953;8;8;8;8;8;0;0;0;0;0;libc-2.19.so
;7f3a13cc0000;rw-p;00000000;00:00;0;20;12;12;12;12;0;0;0;0;0;
;7f3a13cc5000;r-xp;00000000;08:01;2064911;240;60;3;60;0;0;0;0;0;0;libgslcblas.so.0.0.0
;7f3a13d01000;---p;0003c000;08:01;2064911;2044;0;0;0;0;0;0;0;0;0;libgslcblas.so.0.0.0
;7f3a13f00000;r--p;0003b000;08:01;2064911;4;4;4;4;4;0;0;0;0;0;libgslcblas.so.0.0.0
;7f3a13f01000;rw-p;0003c000;08:01;2064911;4;4;4;4;4;0;0;0;0;0;libgslcblas.so.0.0.0
;7f3a13f02000;r-xp;00000000;08:01;2064906;2372;388;25;388;0;0;0;0;0;0;libgsl.so.19.3.0
;7f3a14153000;---p;00251000;08:01;2064906;2048;0;0;0;0;0;0;0;0;0;libgsl.so.19.3.0
;7f3a14353000;r--p;00251000;08:01;2064906;12;12;12;12;12;0;0;0;0;0;libgsl.so.19.3.0
;7f3a14356000;rw-p;00254000;08:01;2064906;68;68;53;68;52;0;0;0;0;0;libgsl.so.19.3.0
;7f3a14367000;r-xp;00000000;08:01;1794933;140;140;4;140;0;0;0;0;0;0;ld-2.19.so
;7f3a1457f000;rw-p;00000000;00:00;0;16;16;16;16;16;0;0;0;0;0;
;7f3a14586000;rw-p;00000000;00:00;0;12;12;12;12;12;0;0;0;0;0;
;7f3a14589000;r--p;00022000;08:01;1794933;4;4;4;4;4;0;0;0;0;0;ld-2.19.so
;7f3a1458a000;rw-p;00023000;08:01;1794933;4;4;4;4;4;0;0;0;0;0;ld-2.19.so
;7f3a1458b000;rw-p;00000000;00:00;0;4;4;4;4;4;0;0;0;0;0;
;7fff2b645000;rw-p;00000000;00:00;0;136;8;8;8;8;0;0;0;0;0;[stack]
;7fff2b6fe000;r--p;00000000;00:00;0;8;0;0;0;0;0;0;0;0;0;[vvar]
;7fff2b700000;r-xp;00000000;00:00;0;8;4;0;4;0;0;0;0;0;0;[vdso]
ffffffffff600000;r-xp;00000000;00:00;0;4;0;0;0;0;0;0;0;0;0;[vsyscall]
;=====;=====;====;==========;=========;==============;===============;====;=======;======;
;98672;14236;1848;14236;1212;0;0;0;0;0;KB;
10024:;./a.out
;Address;Perm;Offset;Device;Inode;Size;Rss;Pss;Referenced;Anonymous;Shared_Hugetlb;Private_Hugetlb;Swap;SwapPss;Locked;Mapping
;00400000;r-xp;00000000;08:01;1539771;4;4;0;4;0;0;0;0;0;0;a.out
;00600000;r--p;00000000;08:01;1539771;4;4;4;4;4;0;0;0;0;0;a.out
;00601000;rw-p;00001000;08:01;1539771;4;4;4;4;4;0;0;0;0;0;a.out
;7fe6fb0cb000;r-xp;00000000;08:01;1794991;1044;228;15;228;0;0;0;0;0;0;libm-2.19.so
;7fe6fb1d0000;---p;00105000;08:01;1794991;2044;0;0;0;0;0;0;0;0;0;libm-2.19.so
;7fe6fb3cf000;r--p;00104000;08:01;1794991;4;4;4;4;4;0;0;0;0;0;libm-2.19.so
;7fe6fb3d0000;rw-p;00105000;08:01;1794991;4;4;4;4;4;0;0;0;0;0;libm-2.19.so
;7fe6fb3d1000;r-xp;00000000;08:01;1794953;1768;956;36;956;0;0;0;0;0;0;libc-2.19.so
;7fe6fb58b000;---p;001ba000;08:01;1794953;2048;0;0;0;0;0;0;0;0;0;libc-2.19.so
;7fe6fb78b000;r--p;001ba000;08:01;1794953;16;16;16;16;16;0;0;0;0;0;libc-2.19.so
;7fe6fb78f000;rw-p;001be000;08:01;1794953;8;8;8;8;8;0;0;0;0;0;libc-2.19.so
;7fe6fb791000;rw-p;00000000;00:00;0;20;12;12;12;12;0;0;0;0;0;
;7fe6fb796000;r-xp;00000000;08:01;2064911;240;60;3;60;0;0;0;0;0;0;libgslcblas.so.0.0.0
;7fe6fb7d2000;---p;0003c000;08:01;2064911;2044;0;0;0;0;0;0;0;0;0;libgslcblas.so.0.0.0
;7fe6fb9d1000;r--p;0003b000;08:01;2064911;4;4;4;4;4;0;0;0;0;0;libgslcblas.so.0.0.0
;7fe6fb9d2000;rw-p;0003c000;08:01;2064911;4;4;4;4;4;0;0;0;0;0;libgslcblas.so.0.0.0
;7fe6fb9d3000;r-xp;00000000;08:01;2064906;2372;384;25;384;0;0;0;0;0;0;libgsl.so.19.3.0
;7fe6fbc24000;---p;00251000;08:01;2064906;2048;0;0;0;0;0;0;0;0;0;libgsl.so.19.3.0
;7fe6fbe24000;r--p;00251000;08:01;2064906;12;12;12;12;12;0;0;0;0;0;libgsl.so.19.3.0
;7fe6fbe27000;rw-p;00254000;08:01;2064906;68;68;53;68;52;0;0;0;0;0;libgsl.so.19.3.0
;7fe6fbe38000;r-xp;00000000;08:01;1794933;140;140;4;140;0;0;0;0;0;0;ld-2.19.so
;7fe6fc050000;rw-p;00000000;00:00;0;16;16;16;16;16;0;0;0;0;0;
;7fe6fc057000;rw-p;00000000;00:00;0;12;12;12;12;12;0;0;0;0;0;
;7fe6fc05a000;r--p;00022000;08:01;1794933;4;4;4;4;4;0;0;0;0;0;ld-2.19.so
;7fe6fc05b000;rw-p;00023000;08:01;1794933;4;4;4;4;4;0;0;0;0;0;ld-2.19.so
;7fe6fc05c000;rw-p;00000000;00:00;0;4;4;4;4;4;0;0;0;0;0;
;7ffcd66de000;rw-p;00000000;00:00;0;136;12;12;12;12;0;0;0;0;0;[stack]
;7ffcd670c000;r--p;00000000;00:00;0;8;0;0;0;0;0;0;0;0;0;[vvar]
;7ffcd670e000;r-xp;00000000;00:00;0;8;4;0;4;0;0;0;0;0;0;[vdso]
ffffffffff600000;r-xp;00000000;00:00;0;4;0;0;0;0;0;0;0;0;0;[vsyscall]
;======;=====;====;==========;=========;==============;===============;====;=======;======;
;112768;16204;2108;16204;1388;0;0;0;0;0;KB;
9894:;./a.out
;Address;Perm;Offset;Device;Inode;Size;Rss;Pss;Referenced;Anonymous;Shared_Hugetlb;Private_Hugetlb;Swap;SwapPss;Locked;Mapping
;00400000;r-xp;00000000;08:01;1539771;4;4;0;4;0;0;0;0;0;0;a.out
;00600000;r--p;00000000;08:01;1539771;4;4;4;4;4;0;0;0;0;0;a.out
;00601000;rw-p;00001000;08:01;1539771;4;4;4;4;4;0;0;0;0;0;a.out
;7efe3fbcd000;r-xp;00000000;08:01;1794991;1044;272;20;272;0;0;0;0;0;0;libm-2.19.so
;7efe3fcd2000;---p;00105000;08:01;1794991;2044;0;0;0;0;0;0;0;0;0;libm-2.19.so
;7efe3fed1000;r--p;00104000;08:01;1794991;4;4;4;4;4;0;0;0;0;0;libm-2.19.so
;7efe3fed2000;rw-p;00105000;08:01;1794991;4;4;4;4;4;0;0;0;0;0;libm-2.19.so
;7efe3fed3000;r-xp;00000000;08:01;1794953;1768;996;37;996;0;0;0;0;0;0;libc-2.19.so
;7efe4008d000;---p;001ba000;08:01;1794953;2048;0;0;0;0;0;0;0;0;0;libc-2.19.so
;7efe4028d000;r--p;001ba000;08:01;1794953;16;16;16;16;16;0;0;0;0;0;libc-2.19.so
;7efe40291000;rw-p;001be000;08:01;1794953;8;8;8;8;8;0;0;0;0;0;libc-2.19.so
;7efe40293000;rw-p;00000000;00:00;0;20;12;12;12;12;0;0;0;0;0;
;7efe40298000;r-xp;00000000;08:01;2064911;240;60;3;60;0;0;0;0;0;0;libgslcblas.so.0.0.0
;7efe402d4000;---p;0003c000;08:01;2064911;2044;0;0;0;0;0;0;0;0;0;libgslcblas.so.0.0.0
;7efe404d3000;r--p;0003b000;08:01;2064911;4;4;4;4;4;0;0;0;0;0;libgslcblas.so.0.0.0
;7efe404d4000;rw-p;0003c000;08:01;2064911;4;4;4;4;4;0;0;0;0;0;libgslcblas.so.0.0.0
;7efe404d5000;r-xp;00000000;08:01;2064906;2372;440;34;440;0;0;0;0;0;0;libgsl.so.19.3.0
;7efe40726000;---p;00251000;08:01;2064906;2048;0;0;0;0;0;0;0;0;0;libgsl.so.19.3.0
;7efe40926000;r--p;00251000;08:01;2064906;12;12;12;12;12;0;0;0;0;0;libgsl.so.19.3.0
;7efe40929000;rw-p;00254000;08:01;2064906;68;68;53;68;52;0;0;0;0;0;libgsl.so.19.3.0
;7efe4093a000;r-xp;00000000;08:01;1794933;140;140;4;140;0;0;0;0;0;0;ld-2.19.so
;7efe40b52000;rw-p;00000000;00:00;0;16;16;16;16;16;0;0;0;0;0;
;7efe40b59000;rw-p;00000000;00:00;0;12;12;12;12;12;0;0;0;0;0;
;7efe40b5c000;r--p;00022000;08:01;1794933;4;4;4;4;4;0;0;0;0;0;ld-2.19.so
;7efe40b5d000;rw-p;00023000;08:01;1794933;4;4;4;4;4;0;0;0;0;0;ld-2.19.so
;7efe40b5e000;rw-p;00000000;00:00;0;4;4;4;4;4;0;0;0;0;0;
;7fff0c813000;rw-p;00000000;00:00;0;136;12;12;12;12;0;0;0;0;0;[stack]
;7fff0c89f000;r--p;00000000;00:00;0;8;0;0;0;0;0;0;0;0;0;[vvar]
;7fff0c8a1000;r-xp;00000000;00:00;0;8;4;0;4;0;0;0;0;0;0;[vdso]
ffffffffff600000;r-xp;00000000;00:00;0;4;0;0;0;0;0;0;0;0;0;[vsyscall]
;======;=====;====;==========;=========;==============;===============;====;=======;======;
;126864;18312;2383;18312;1564;0;0;0;0;0;KB;
9763:;./a.out
;Address;Perm;Offset;Device;Inode;Size;Rss;Pss;Referenced;Anonymous;Shared_Hugetlb;Private_Hugetlb;Swap;SwapPss;Locked;Mapping
;00400000;r-xp;00000000;08:01;1539771;4;4;0;4;0;0;0;0;0;0;a.out
;00600000;r--p;00000000;08:01;1539771;4;4;4;4;4;0;0;0;0;0;a.out
;00601000;rw-p;00001000;08:01;1539771;4;4;4;4;4;0;0;0;0;0;a.out
;7fce71ea8000;r-xp;00000000;08:01;1794991;1044;240;16;240;0;0;0;0;0;0;libm-2.19.so
;7fce71fad000;---p;00105000;08:01;1794991;2044;0;0;0;0;0;0;0;0;0;libm-2.19.so
;7fce721ac000;r--p;00104000;08:01;1794991;4;4;4;4;4;0;0;0;0;0;libm-2.19.so
;7fce721ad000;rw-p;00105000;08:01;1794991;4;4;4;4;4;0;0;0;0;0;libm-2.19.so
;7fce721ae000;r-xp;00000000;08:01;1794953;1768;920;32;920;0;0;0;0;0;0;libc-2.19.so
;7fce72368000;---p;001ba000;08:01;1794953;2048;0;0;0;0;0;0;0;0;0;libc-2.19.so
;7fce72568000;r--p;001ba000;08:01;1794953;16;16;16;16;16;0;0;0;0;0;libc-2.19.so
;7fce7256c000;rw-p;001be000;08:01;1794953;8;8;8;8;8;0;0;0;0;0;libc-2.19.so
;7fce7256e000;rw-p;00000000;00:00;0;20;12;12;12;12;0;0;0;0;0;
;7fce72573000;r-xp;00000000;08:01;2064911;240;60;3;60;0;0;0;0;0;0;libgslcblas.so.0.0.0
;7fce725af000;---p;0003c000;08:01;2064911;2044;0;0;0;0;0;0;0;0;0;libgslcblas.so.0.0.0
;7fce727ae000;r--p;0003b000;08:01;2064911;4;4;4;4;4;0;0;0;0;0;libgslcblas.so.0.0.0
;7fce727af000;rw-p;0003c000;08:01;2064911;4;4;4;4;4;0;0;0;0;0;libgslcblas.so.0.0.0
;7fce727b0000;r-xp;00000000;08:01;2064906;2372;396;26;396;0;0;0;0;0;0;libgsl.so.19.3.0
;7fce72a01000;---p;00251000;08:01;2064906;2048;0;0;0;0;0;0;0;0;0;libgsl.so.19.3.0
;7fce72c01000;r--p;00251000;08:01;2064906;12;12;12;12;12;0;0;0;0;0;libgsl.so.19.3.0
;7fce72c04000;rw-p;00254000;08:01;2064906;68;68;53;68;52;0;0;0;0;0;libgsl.so.19.3.0
;7fce72c15000;r-xp;00000000;08:01;1794933;140;140;4;140;0;0;0;0;0;0;ld-2.19.so
;7fce72e2d000;rw-p;00000000;00:00;0;16;16;16;16;16;0;0;0;0;0;
;7fce72e34000;rw-p;00000000;00:00;0;12;12;12;12;12;0;0;0;0;0;
;7fce72e37000;r--p;00022000;08:01;1794933;4;4;4;4;4;0;0;0;0;0;ld-2.19.so
;7fce72e38000;rw-p;00023000;08:01;1794933;4;4;4;4;4;0;0;0;0;0;ld-2.19.so
;7fce72e39000;rw-p;00000000;00:00;0;4;4;4;4;4;0;0;0;0;0;
;7ffc1b843000;rw-p;00000000;00:00;0;136;8;8;8;8;0;0;0;0;0;[stack]
;7ffc1b9ea000;r--p;00000000;00:00;0;8;0;0;0;0;0;0;0;0;0;[vvar]
;7ffc1b9ec000;r-xp;00000000;00:00;0;8;4;0;4;0;0;0;0;0;0;[vdso]
ffffffffff600000;r-xp;00000000;00:00;0;4;0;0;0;0;0;0;0;0;0;[vsyscall]
;======;=====;====;==========;=========;==============;===============;====;=======;======;
;140960;20264;2637;20264;1736;0;0;0;0;0;KB;
9625:;./a.out
;Address;Perm;Offset;Device;Inode;Size;Rss;Pss;Referenced;Anonymous;Shared_Hugetlb;Private_Hugetlb;Swap;SwapPss;Locked;Mapping
;00400000;r-xp;00000000;08:01;1539771;4;4;0;4;0;0;0;0;0;0;a.out
;00600000;r--p;00000000;08:01;1539771;4;4;4;4;4;0;0;0;0;0;a.out
;00601000;rw-p;00001000;08:01;1539771;4;4;4;4;4;0;0;0;0;0;a.out
;7f1f167b3000;r-xp;00000000;08:01;1794991;1044;260;18;260;0;0;0;0;0;0;libm-2.19.so
;7f1f168b8000;---p;00105000;08:01;1794991;2044;0;0;0;0;0;0;0;0;0;libm-2.19.so
;7f1f16ab7000;r--p;00104000;08:01;1794991;4;4;4;4;4;0;0;0;0;0;libm-2.19.so
;7f1f16ab8000;rw-p;00105000;08:01;1794991;4;4;4;4;4;0;0;0;0;0;libm-2.19.so
;7f1f16ab9000;r-xp;00000000;08:01;1794953;1768;956;37;956;0;0;0;0;0;0;libc-2.19.so
;7f1f16c73000;---p;001ba000;08:01;1794953;2048;0;0;0;0;0;0;0;0;0;libc-2.19.so
;7f1f16e73000;r--p;001ba000;08:01;1794953;16;16;16;16;16;0;0;0;0;0;libc-2.19.so
;7f1f16e77000;rw-p;001be000;08:01;1794953;8;8;8;8;8;0;0;0;0;0;libc-2.19.so
;7f1f16e79000;rw-p;00000000;00:00;0;20;12;12;12;12;0;0;0;0;0;
;7f1f16e7e000;r-xp;00000000;08:01;2064911;240;60;3;60;0;0;0;0;0;0;libgslcblas.so.0.0.0
;7f1f16eba000;---p;0003c000;08:01;2064911;2044;0;0;0;0;0;0;0;0;0;libgslcblas.so.0.0.0
;7f1f170b9000;r--p;0003b000;08:01;2064911;4;4;4;4;4;0;0;0;0;0;libgslcblas.so.0.0.0
;7f1f170ba000;rw-p;0003c000;08:01;2064911;4;4;4;4;4;0;0;0;0;0;libgslcblas.so.0.0.0
;7f1f170bb000;r-xp;00000000;08:01;2064906;2372;416;28;416;0;0;0;0;0;0;libgsl.so.19.3.0
;7f1f1730c000;---p;00251000;08:01;2064906;2048;0;0;0;0;0;0;0;0;0;libgsl.so.19.3.0
;7f1f1750c000;r--p;00251000;08:01;2064906;12;12;12;12;12;0;0;0;0;0;libgsl.so.19.3.0
;7f1f1750f000;rw-p;00254000;08:01;2064906;68;68;53;68;52;0;0;0;0;0;libgsl.so.19.3.0
;7f1f17520000;r-xp;00000000;08:01;1794933;140;128;4;128;0;0;0;0;0;0;ld-2.19.so
;7f1f17738000;rw-p;00000000;00:00;0;16;16;16;16;16;0;0;0;0;0;
;7f1f1773f000;rw-p;00000000;00:00;0;12;12;12;12;12;0;0;0;0;0;
;7f1f17742000;r--p;00022000;08:01;1794933;4;4;4;4;4;0;0;0;0;0;ld-2.19.so
;7f1f17743000;rw-p;00023000;08:01;1794933;4;4;4;4;4;0;0;0;0;0;ld-2.19.so
;7f1f17744000;rw-p;00000000;00:00;0;4;4;4;4;4;0;0;0;0;0;
;7ffe8b312000;rw-p;00000000;00:00;0;136;8;8;8;8;0;0;0;0;0;[stack]
;7ffe8b365000;r--p;00000000;00:00;0;8;0;0;0;0;0;0;0;0;0;[vvar]
;7ffe8b367000;r-xp;00000000;00:00;0;8;4;0;4;0;0;0;0;0;0;[vdso]
ffffffffff600000;r-xp;00000000;00:00;0;4;0;0;0;0;0;0;0;0;0;[vsyscall]
;======;=====;====;==========;=========;==============;===============;====;=======;======;
;155056;22280;2900;22280;1908;0;0;0;0;0;KB;
9492:;./a.out
;Address;Perm;Offset;Device;Inode;Size;Rss;Pss;Referenced;Anonymous;Shared_Hugetlb;Private_Hugetlb;Swap;SwapPss;Locked;Mapping
;00400000;r-xp;00000000;08:01;1539771;4;4;0;4;0;0;0;0;0;0;a.out
;00600000;r--p;00000000;08:01;1539771;4;4;4;4;4;0;0;0;0;0;a.out
;00601000;rw-p;00001000;08:01;1539771;4;4;4;4;4;0;0;0;0;0;a.out
;7fa263056000;r-xp;00000000;08:01;1794991;1044;248;16;248;0;0;0;0;0;0;libm-2.19.so
;7fa26315b000;---p;00105000;08:01;1794991;2044;0;0;0;0;0;0;0;0;0;libm-2.19.so
;7fa26335a000;r--p;00104000;08:01;1794991;4;4;4;4;4;0;0;0;0;0;libm-2.19.so
;7fa26335b000;rw-p;00105000;08:01;1794991;4;4;4;4;4;0;0;0;0;0;libm-2.19.so
;7fa26335c000;r-xp;00000000;08:01;1794953;1768;932;33;932;0;0;0;0;0;0;libc-2.19.so
;7fa263516000;---p;001ba000;08:01;1794953;2048;0;0;0;0;0;0;0;0;0;libc-2.19.so
;7fa263716000;r--p;001ba000;08:01;1794953;16;16;16;16;16;0;0;0;0;0;libc-2.19.so
;7fa26371a000;rw-p;001be000;08:01;1794953;8;8;8;8;8;0;0;0;0;0;libc-2.19.so
;7fa26371c000;rw-p;00000000;00:00;0;20;12;12;12;12;0;0;0;0;0;
;7fa263721000;r-xp;00000000;08:01;2064911;240;60;3;60;0;0;0;0;0;0;libgslcblas.so.0.0.0
;7fa26375d000;---p;0003c000;08:01;2064911;2044;0;0;0;0;0;0;0;0;0;libgslcblas.so.0.0.0
;7fa26395c000;r--p;0003b000;08:01;2064911;4;4;4;4;4;0;0;0;0;0;libgslcblas.so.0.0.0
;7fa26395d000;rw-p;0003c000;08:01;2064911;4;4;4;4;4;0;0;0;0;0;libgslcblas.so.0.0.0
;7fa26395e000;r-xp;00000000;08:01;2064906;2372;404;27;404;0;0;0;0;0;0;libgsl.so.19.3.0
;7fa263baf000;---p;00251000;08:01;2064906;2048;0;0;0;0;0;0;0;0;0;libgsl.so.19.3.0
;7fa263daf000;r--p;00251000;08:01;2064906;12;12;12;12;12;0;0;0;0;0;libgsl.so.19.3.0
;7fa263db2000;rw-p;00254000;08:01;2064906;68;68;53;68;52;0;0;0;0;0;libgsl.so.19.3.0
;7fa263dc3000;r-xp;00000000;08:01;1794933;140;140;4;140;0;0;0;0;0;0;ld-2.19.so
;7fa263fdb000;rw-p;00000000;00:00;0;16;16;16;16;16;0;0;0;0;0;
;7fa263fe2000;rw-p;00000000;00:00;0;12;12;12;12;12;0;0;0;0;0;
;7fa263fe5000;r--p;00022000;08:01;1794933;4;4;4;4;4;0;0;0;0;0;ld-2.19.so
;7fa263fe6000;rw-p;00023000;08:01;1794933;4;4;4;4;4;0;0;0;0;0;ld-2.19.so
;7fa263fe7000;rw-p;00000000;00:00;0;4;4;4;4;4;0;0;0;0;0;
;7fffc0bb2000;rw-p;00000000;00:00;0;136;8;8;8;8;0;0;0;0;0;[stack]
;7fffc0bdd000;r--p;00000000;00:00;0;8;0;0;0;0;0;0;0;0;0;[vvar]
;7fffc0bdf000;r-xp;00000000;00:00;0;8;4;0;4;0;0;0;0;0;0;[vdso]
ffffffffff600000;r-xp;00000000;00:00;0;4;0;0;0;0;0;0;0;0;0;[vsyscall]
;======;=====;====;==========;=========;==============;===============;====;=======;======;
;169152;24260;3156;24260;2080;0;0;0;0;0;KB;
9365:;./a.out
;Address;Perm;Offset;Device;Inode;Size;Rss;Pss;Referenced;Anonymous;Shared_Hugetlb;Private_Hugetlb;Swap;SwapPss;Locked;Mapping
;00400000;r-xp;00000000;08:01;1539771;4;4;0;4;0;0;0;0;0;0;a.out
;00600000;r--p;00000000;08:01;1539771;4;4;4;4;4;0;0;0;0;0;a.out
;00601000;rw-p;00001000;08:01;1539771;4;4;4;4;4;0;0;0;0;0;a.out
;7f60d7e31000;r-xp;00000000;08:01;1794991;1044;268;19;268;0;0;0;0;0;0;libm-2.19.so
;7f60d7f36000;---p;00105000;08:01;1794991;2044;0;0;0;0;0;0;0;0;0;libm-2.19.so
;7f60d8135000;r--p;00104000;08:01;1794991;4;4;4;4;4;0;0;0;0;0;libm-2.19.so
;7f60d8136000;rw-p;00105000;08:01;1794991;4;4;4;4;4;0;0;0;0;0;libm-2.19.so
;7f60d8137000;r-xp;00000000;08:01;1794953;1768;1036;41;1036;0;0;0;0;0;0;libc-2.19.so
;7f60d82f1000;---p;001ba000;08:01;1794953;2048;0;0;0;0;0;0;0;0;0;libc-2.19.so
;7f60d84f1000;r--p;001ba000;08:01;1794953;16;16;16;16;16;0;0;0;0;0;libc-2.19.so
;7f60d84f5000;rw-p;001be000;08:01;1794953;8;8;8;8;8;0;0;0;0;0;libc-2.19.so
;7f60d84f7000;rw-p;00000000;00:00;0;20;12;12;12;12;0;0;0;0;0;
;7f60d84fc000;r-xp;00000000;08:01;2064911;240;60;3;60;0;0;0;0;0;0;libgslcblas.so.0.0.0
;7f60d8538000;---p;0003c000;08:01;2064911;2044;0;0;0;0;0;0;0;0;0;libgslcblas.so.0.0.0
;7f60d8737000;r--p;0003b000;08:01;2064911;4;4;4;4;4;0;0;0;0;0;libgslcblas.so.0.0.0
;7f60d8738000;rw-p;0003c000;08:01;2064911;4;4;4;4;4;0;0;0;0;0;libgslcblas.so.0.0.0
;7f60d8739000;r-xp;00000000;08:01;2064906;2372;424;30;424;0;0;0;0;0;0;libgsl.so.19.3.0
;7f60d898a000;---p;00251000;08:01;2064906;2048;0;0;0;0;0;0;0;0;0;libgsl.so.19.3.0
;7f60d8b8a000;r--p;00251000;08:01;2064906;12;12;12;12;12;0;0;0;0;0;libgsl.so.19.3.0
;7f60d8b8d000;rw-p;00254000;08:01;2064906;68;68;53;68;52;0;0;0;0;0;libgsl.so.19.3.0
;7f60d8b9e000;r-xp;00000000;08:01;1794933;140;136;4;136;0;0;0;0;0;0;ld-2.19.so
;7f60d8db6000;rw-p;00000000;00:00;0;16;16;16;16;16;0;0;0;0;0;
;7f60d8dbd000;rw-p;00000000;00:00;0;12;12;12;12;12;0;0;0;0;0;
;7f60d8dc0000;r--p;00022000;08:01;1794933;4;4;4;4;4;0;0;0;0;0;ld-2.19.so
;7f60d8dc1000;rw-p;00023000;08:01;1794933;4;4;4;4;4;0;0;0;0;0;ld-2.19.so
;7f60d8dc2000;rw-p;00000000;00:00;0;4;4;4;4;4;0;0;0;0;0;
;7ffe009a2000;rw-p;00000000;00:00;0;136;12;12;12;12;0;0;0;0;0;[stack]
;7ffe009e5000;r--p;00000000;00:00;0;8;0;0;0;0;0;0;0;0;0;[vvar]
;7ffe009e7000;r-xp;00000000;00:00;0;8;4;0;4;0;0;0;0;0;0;[vdso]
ffffffffff600000;r-xp;00000000;00:00;0;4;0;0;0;0;0;0;0;0;0;[vsyscall]
;======;=====;====;==========;=========;==============;===============;====;=======;======;
;183248;26384;3430;26384;2256;0;0;0;0;0;KB;
9236:;./a.out
;Address;Perm;Offset;Device;Inode;Size;Rss;Pss;Referenced;Anonymous;Shared_Hugetlb;Private_Hugetlb;Swap;SwapPss;Locked;Mapping
;00400000;r-xp;00000000;08:01;1539771;4;4;0;4;0;0;0;0;0;0;a.out
;00600000;r--p;00000000;08:01;1539771;4;4;4;4;4;0;0;0;0;0;a.out
;00601000;rw-p;00001000;08:01;1539771;4;4;4;4;4;0;0;0;0;0;a.out
;7f92167ba000;r-xp;00000000;08:01;1794991;1044;232;15;232;0;0;0;0;0;0;libm-2.19.so
;7f92168bf000;---p;00105000;08:01;1794991;2044;0;0;0;0;0;0;0;0;0;libm-2.19.so
;7f9216abe000;r--p;00104000;08:01;1794991;4;4;4;4;4;0;0;0;0;0;libm-2.19.so
;7f9216abf000;rw-p;00105000;08:01;1794991;4;4;4;4;4;0;0;0;0;0;libm-2.19.so
;7f9216ac0000;r-xp;00000000;08:01;1794953;1768;964;37;964;0;0;0;0;0;0;libc-2.19.so
;7f9216c7a000;---p;001ba000;08:01;1794953;2048;0;0;0;0;0;0;0;0;0;libc-2.19.so
;7f9216e7a000;r--p;001ba000;08:01;1794953;16;16;16;16;16;0;0;0;0;0;libc-2.19.so
;7f9216e7e000;rw-p;001be000;08:01;1794953;8;8;8;8;8;0;0;0;0;0;libc-2.19.so
;7f9216e80000;rw-p;00000000;00:00;0;20;12;12;12;12;0;0;0;0;0;
;7f9216e85000;r-xp;00000000;08:01;2064911;240;60;3;60;0;0;0;0;0;0;libgslcblas.so.0.0.0
;7f9216ec1000;---p;0003c000;08:01;2064911;2044;0;0;0;0;0;0;0;0;0;libgslcblas.so.0.0.0
;7f92170c0000;r--p;0003b000;08:01;2064911;4;4;4;4;4;0;0;0;0;0;libgslcblas.so.0.0.0
;7f92170c1000;rw-p;0003c000;08:01;2064911;4;4;4;4;4;0;0;0;0;0;libgslcblas.so.0.0.0
;7f92170c2000;r-xp;00000000;08:01;2064906;2372;388;25;388;0;0;0;0;0;0;libgsl.so.19.3.0
;7f9217313000;---p;00251000;08:01;2064906;2048;0;0;0;0;0;0;0;0;0;libgsl.so.19.3.0
;7f9217513000;r--p;00251000;08:01;2064906;12;12;12;12;12;0;0;0;0;0;libgsl.so.19.3.0
;7f9217516000;rw-p;00254000;08:01;2064906;68;68;53;68;52;0;0;0;0;0;libgsl.so.19.3.0
;7f9217527000;r-xp;00000000;08:01;1794933;140;140;4;140;0;0;0;0;0;0;ld-2.19.so
;7f921773f000;rw-p;00000000;00:00;0;16;16;16;16;16;0;0;0;0;0;
;7f9217746000;rw-p;00000000;00:00;0;12;12;12;12;12;0;0;0;0;0;
;7f9217749000;r--p;00022000;08:01;1794933;4;4;4;4;4;0;0;0;0;0;ld-2.19.so
;7f921774a000;rw-p;00023000;08:01;1794933;4;4;4;4;4;0;0;0;0;0;ld-2.19.so
;7f921774b000;rw-p;00000000;00:00;0;4;4;4;4;4;0;0;0;0;0;
;7ffffbc74000;rw-p;00000000;00:00;0;136;12;12;12;12;0;0;0;0;0;[stack]
;7ffffbda5000;r--p;00000000;00:00;0;8;0;0;0;0;0;0;0;0;0;[vvar]
;7ffffbda7000;r-xp;00000000;00:00;0;8;4;0;4;0;0;0;0;0;0;[vdso]
ffffffffff600000;r-xp;00000000;00:00;0;4;0;0;0;0;0;0;0;0;0;[vsyscall]
;======;=====;====;==========;=========;==============;===============;====;=======;======;
;197344;28368;3691;28368;2432;0;0;0;0;0;KB;
9108:;./a.out
;Address;Perm;Offset;Device;Inode;Size;Rss;Pss;Referenced;Anonymous;Shared_Hugetlb;Private_Hugetlb;Swap;SwapPss;Locked;Mapping
;00400000;r-xp;00000000;08:01;1539771;4;4;0;4;0;0;0;0;0;0;a.out
;00600000;r--p;00000000;08:01;1539771;4;4;4;4;4;0;0;0;0;0;a.out
;00601000;rw-p;00001000;08:01;1539771;4;4;4;4;4;0;0;0;0;0;a.out
;7fc88f1ed000;r-xp;00000000;08:01;1794991;1044;272;20;272;0;0;0;0;0;0;libm-2.19.so
;7fc88f2f2000;---p;00105000;08:01;1794991;2044;0;0;0;0;0;0;0;0;0;libm-2.19.so
;7fc88f4f1000;r--p;00104000;08:01;1794991;4;4;4;4;4;0;0;0;0;0;libm-2.19.so
;7fc88f4f2000;rw-p;00105000;08:01;1794991;4;4;4;4;4;0;0;0;0;0;libm-2.19.so
;7fc88f4f3000;r-xp;00000000;08:01;1794953;1768;996;37;996;0;0;0;0;0;0;libc-2.19.so
;7fc88f6ad000;---p;001ba000;08:01;1794953;2048;0;0;0;0;0;0;0;0;0;libc-2.19.so
;7fc88f8ad000;r--p;001ba000;08:01;1794953;16;16;16;16;16;0;0;0;0;0;libc-2.19.so
;7fc88f8b1000;rw-p;001be000;08:01;1794953;8;8;8;8;8;0;0;0;0;0;libc-2.19.so
;7fc88f8b3000;rw-p;00000000;00:00;0;20;12;12;12;12;0;0;0;0;0;
;7fc88f8b8000;r-xp;00000000;08:01;2064911;240;60;3;60;0;0;0;0;0;0;libgslcblas.so.0.0.0
;7fc88f8f4000;---p;0003c000;08:01;2064911;2044;0;0;0;0;0;0;0;0;0;libgslcblas.so.0.0.0
;7fc88faf3000;r--p;0003b000;08:01;2064911;4;4;4;4;4;0;0;0;0;0;libgslcblas.so.0.0.0
;7fc88faf4000;rw-p;0003c000;08:01;2064911;4;4;4;4;4;0;0;0;0;0;libgslcblas.so.0.0.0
;7fc88faf5000;r-xp;00000000;08:01;2064906;2372;440;34;440;0;0;0;0;0;0;libgsl.so.19.3.0
;7fc88fd46000;---p;00251000;08:01;2064906;2048;0;0;0;0;0;0;0;0;0;libgsl.so.19.3.0
;7fc88ff46000;r--p;00251000;08:01;2064906;12;12;12;12;12;0;0;0;0;0;libgsl.so.19.3.0
;7fc88ff49000;rw-p;00254000;08:01;2064906;68;68;53;68;52;0;0;0;0;0;libgsl.so.19.3.0
;7fc88ff5a000;r-xp;00000000;08:01;1794933;140;140;4;140;0;0;0;0;0;0;ld-2.19.so
;7fc890172000;rw-p;00000000;00:00;0;16;16;16;16;16;0;0;0;0;0;
;7fc890179000;rw-p;00000000;00:00;0;12;12;12;12;12;0;0;0;0;0;
;7fc89017c000;r--p;00022000;08:01;1794933;4;4;4;4;4;0;0;0;0;0;ld-2.19.so
;7fc89017d000;rw-p;00023000;08:01;1794933;4;4;4;4;4;0;0;0;0;0;ld-2.19.so
;7fc89017e000;rw-p;00000000;00:00;0;4;4;4;4;4;0;0;0;0;0;
;7ffc2fca2000;rw-p;00000000;00:00;0;136;8;8;8;8;0;0;0;0;0;[stack]
;7ffc2fdfa000;r--p;00000000;00:00;0;8;0;0;0;0;0;0;0;0;0;[vvar]
;7ffc2fdfc000;r-xp;00000000;00:00;0;8;4;0;4;0;0;0;0;0;0;[vdso]
ffffffffff600000;r-xp;00000000;00:00;0;4;0;0;0;0;0;0;0;0;0;[vsyscall]
;======;=====;====;==========;=========;==============;===============;====;=======;======;
;211440;30472;3962;30472;2604;0;0;0;0;0;KB;
