21222:;./a.out
;Address;Perm;Offset;Device;Inode;Size;Rss;Pss;Referenced;Anonymous;Shared_Hugetlb;Private_Hugetlb;Swap;SwapPss;Locked;Mapping
;00400000;r-xp;00000000;08:01;1539771;4;4;2;4;0;0;0;0;0;0;a.out
;00600000;r--p;00000000;08:01;1539771;4;4;4;4;4;0;0;0;0;0;a.out
;00601000;rw-p;00001000;08:01;1539771;4;4;4;4;4;0;0;0;0;0;a.out
;7fa637b3d000;r-xp;00000000;08:01;1794991;1044;272;150;272;0;0;0;0;0;0;libm-2.19.so
;7fa637c42000;---p;00105000;08:01;1794991;2044;0;0;0;0;0;0;0;0;0;libm-2.19.so
;7fa637e41000;r--p;00104000;08:01;1794991;4;4;4;4;4;0;0;0;0;0;libm-2.19.so
;7fa637e42000;rw-p;00105000;08:01;1794991;4;4;4;4;4;0;0;0;0;0;libm-2.19.so
;7fa637e43000;r-xp;00000000;08:01;1794953;1768;996;284;996;0;0;0;0;0;0;libc-2.19.so
;7fa637ffd000;---p;001ba000;08:01;1794953;2048;0;0;0;0;0;0;0;0;0;libc-2.19.so
;7fa6381fd000;r--p;001ba000;08:01;1794953;16;16;16;16;16;0;0;0;0;0;libc-2.19.so
;7fa638201000;rw-p;001be000;08:01;1794953;8;8;8;8;8;0;0;0;0;0;libc-2.19.so
;7fa638203000;rw-p;00000000;00:00;0;20;12;12;12;12;0;0;0;0;0;
;7fa638208000;r-xp;00000000;08:01;2064911;240;60;30;60;0;0;0;0;0;0;libgslcblas.so.0.0.0
;7fa638244000;---p;0003c000;08:01;2064911;2044;0;0;0;0;0;0;0;0;0;libgslcblas.so.0.0.0
;7fa638443000;r--p;0003b000;08:01;2064911;4;4;4;4;4;0;0;0;0;0;libgslcblas.so.0.0.0
;7fa638444000;rw-p;0003c000;08:01;2064911;4;4;4;4;4;0;0;0;0;0;libgslcblas.so.0.0.0
;7fa638445000;r-xp;00000000;08:01;2064906;2372;440;240;440;0;0;0;0;0;0;libgsl.so.19.3.0
;7fa638696000;---p;00251000;08:01;2064906;2048;0;0;0;0;0;0;0;0;0;libgsl.so.19.3.0
;7fa638896000;r--p;00251000;08:01;2064906;12;12;12;12;12;0;0;0;0;0;libgsl.so.19.3.0
;7fa638899000;rw-p;00254000;08:01;2064906;68;68;60;68;52;0;0;0;0;0;libgsl.so.19.3.0
;7fa6388aa000;r-xp;00000000;08:01;1794933;140;140;35;140;0;0;0;0;0;0;ld-2.19.so
;7fa638ac2000;rw-p;00000000;00:00;0;16;16;16;16;16;0;0;0;0;0;
;7fa638ac9000;rw-p;00000000;00:00;0;12;12;12;12;12;0;0;0;0;0;
;7fa638acc000;r--p;00022000;08:01;1794933;4;4;4;4;4;0;0;0;0;0;ld-2.19.so
;7fa638acd000;rw-p;00023000;08:01;1794933;4;4;4;4;4;0;0;0;0;0;ld-2.19.so
;7fa638ace000;rw-p;00000000;00:00;0;4;4;4;4;4;0;0;0;0;0;
;7fff4e0df000;rw-p;00000000;00:00;0;136;12;12;12;12;0;0;0;0;0;[stack]
;7fff4e1ee000;r--p;00000000;00:00;0;8;0;0;0;0;0;0;0;0;0;[vvar]
;7fff4e1f0000;r-xp;00000000;00:00;0;8;4;0;4;0;0;0;0;0;0;[vdso]
ffffffffff600000;r-xp;00000000;00:00;0;4;0;0;0;0;0;0;0;0;0;[vsyscall]
;=====;====;===;==========;=========;==============;===============;====;=======;======;
;14096;2108;925;2108;176;0;0;0;0;0;KB;
21092:;./a.out
;Address;Perm;Offset;Device;Inode;Size;Rss;Pss;Referenced;Anonymous;Shared_Hugetlb;Private_Hugetlb;Swap;SwapPss;Locked;Mapping
;00400000;r-xp;00000000;08:01;1539771;4;4;2;4;0;0;0;0;0;0;a.out
;00600000;r--p;00000000;08:01;1539771;4;4;4;4;4;0;0;0;0;0;a.out
;00601000;rw-p;00001000;08:01;1539771;4;4;4;4;4;0;0;0;0;0;a.out
;7f25a4457000;r-xp;00000000;08:01;1794991;1044;244;122;244;0;0;0;0;0;0;libm-2.19.so
;7f25a455c000;---p;00105000;08:01;1794991;2044;0;0;0;0;0;0;0;0;0;libm-2.19.so
;7f25a475b000;r--p;00104000;08:01;1794991;4;4;4;4;4;0;0;0;0;0;libm-2.19.so
;7f25a475c000;rw-p;00105000;08:01;1794991;4;4;4;4;4;0;0;0;0;0;libm-2.19.so
;7f25a475d000;r-xp;00000000;08:01;1794953;1768;924;244;924;0;0;0;0;0;0;libc-2.19.so
;7f25a4917000;---p;001ba000;08:01;1794953;2048;0;0;0;0;0;0;0;0;0;libc-2.19.so
;7f25a4b17000;r--p;001ba000;08:01;1794953;16;16;16;16;16;0;0;0;0;0;libc-2.19.so
;7f25a4b1b000;rw-p;001be000;08:01;1794953;8;8;8;8;8;0;0;0;0;0;libc-2.19.so
;7f25a4b1d000;rw-p;00000000;00:00;0;20;12;12;12;12;0;0;0;0;0;
;7f25a4b22000;r-xp;00000000;08:01;2064911;240;60;30;60;0;0;0;0;0;0;libgslcblas.so.0.0.0
;7f25a4b5e000;---p;0003c000;08:01;2064911;2044;0;0;0;0;0;0;0;0;0;libgslcblas.so.0.0.0
;7f25a4d5d000;r--p;0003b000;08:01;2064911;4;4;4;4;4;0;0;0;0;0;libgslcblas.so.0.0.0
;7f25a4d5e000;rw-p;0003c000;08:01;2064911;4;4;4;4;4;0;0;0;0;0;libgslcblas.so.0.0.0
;7f25a4d5f000;r-xp;00000000;08:01;2064906;2372;400;200;400;0;0;0;0;0;0;libgsl.so.19.3.0
;7f25a4fb0000;---p;00251000;08:01;2064906;2048;0;0;0;0;0;0;0;0;0;libgsl.so.19.3.0
;7f25a51b0000;r--p;00251000;08:01;2064906;12;12;12;12;12;0;0;0;0;0;libgsl.so.19.3.0
;7f25a51b3000;rw-p;00254000;08:01;2064906;68;68;60;68;52;0;0;0;0;0;libgsl.so.19.3.0
;7f25a51c4000;r-xp;00000000;08:01;1794933;140;140;35;140;0;0;0;0;0;0;ld-2.19.so
;7f25a53dc000;rw-p;00000000;00:00;0;16;16;16;16;16;0;0;0;0;0;
;7f25a53e3000;rw-p;00000000;00:00;0;12;12;12;12;12;0;0;0;0;0;
;7f25a53e6000;r--p;00022000;08:01;1794933;4;4;4;4;4;0;0;0;0;0;ld-2.19.so
;7f25a53e7000;rw-p;00023000;08:01;1794933;4;4;4;4;4;0;0;0;0;0;ld-2.19.so
;7f25a53e8000;rw-p;00000000;00:00;0;4;4;4;4;4;0;0;0;0;0;
;7fff24652000;rw-p;00000000;00:00;0;136;12;12;12;12;0;0;0;0;0;[stack]
;7fff24797000;r--p;00000000;00:00;0;8;0;0;0;0;0;0;0;0;0;[vvar]
;7fff24799000;r-xp;00000000;00:00;0;8;4;0;4;0;0;0;0;0;0;[vdso]
ffffffffff600000;r-xp;00000000;00:00;0;4;0;0;0;0;0;0;0;0;0;[vsyscall]
;=====;====;====;==========;=========;==============;===============;====;=======;======;
;28192;4076;1742;4076;352;0;0;0;0;0;KB;
