'Request type'	'Load'	'Bucket'	'Start time'	'Absolute'	'Percent of requests'	'End time'	'Absolute'	'Percent of requests'	'Residence time'	'Absolute'	'Percent of requests'	'Theor. think time'	'Absolute'	'Percent of requests'	'Actual think time'	'Absolute'	'Percent of requests'
login	30	0	752.5	30	1.3667425968109341	752.5	12	0.5466970387243736	9.5	0	0.0	3.0	2195	100.0	3.0	2195	100.0
login	30	1	2257.5	0	0.0	2257.5	16	0.7289293849658315	28.5	0	0.0	9.0	0	0.0	9.0	0	0.0
login	30	2	3762.5	30	1.3667425968109341	3762.5	5	0.22779043280182235	47.5	0	0.0	15.0	0	0.0	15.0	0	0.0
login	30	3	5267.5	0	0.0	5267.5	12	0.5466970387243736	66.5	0	0.0	21.0	0	0.0	21.0	0	0.0
login	30	4	6772.5	0	0.0	6772.5	15	0.6833712984054671	85.5	2	0.09111617312072894	27.0	0	0.0	27.0	0	0.0
login	30	5	8277.5	30	1.3667425968109341	8277.5	5	0.22779043280182235	104.5	1	0.04555808656036447	33.0	0	0.0	33.0	0	0.0
login	30	6	9782.5	0	0.0	9782.5	16	0.7289293849658315	123.5	2	0.09111617312072894	39.0	0	0.0	39.0	0	0.0
login	30	7	11287.5	0	0.0	11287.5	9	0.4100227790432802	142.5	2	0.09111617312072894	45.0	0	0.0	45.0	0	0.0
login	30	8	12792.5	30	1.3667425968109341	12792.5	11	0.5011389521640092	161.5	0	0.0	51.0	0	0.0	51.0	0	0.0
login	30	9	14297.5	0	0.0	14297.5	12	0.5466970387243736	180.5	4	0.18223234624145787	57.0	0	0.0	57.0	0	0.0
login	30	10	15802.5	28	1.275626423690205	15802.5	7	0.31890660592255127	199.5	2	0.09111617312072894	63.0	0	0.0	63.0	0	0.0
login	30	11	17307.5	2	0.09111617312072894	17307.5	13	0.5922551252847381	218.5	12	0.5466970387243736	69.0	0	0.0	69.0	0	0.0
login	30	12	18812.5	0	0.0	18812.5	12	0.5466970387243736	237.5	6	0.2733485193621868	75.0	0	0.0	75.0	0	0.0
login	30	13	20317.5	30	1.3667425968109341	20317.5	6	0.2733485193621868	256.5	5	0.22779043280182235	81.0	0	0.0	81.0	0	0.0
login	30	14	21822.5	0	0.0	21822.5	13	0.5922551252847381	275.5	4	0.18223234624145787	87.0	0	0.0	87.0	0	0.0
login	30	15	23327.5	0	0.0	23327.5	16	0.7289293849658315	294.5	13	0.5922551252847381	93.0	0	0.0	93.0	0	0.0
login	30	16	24832.5	30	1.3667425968109341	24832.5	2	0.09111617312072894	313.5	11	0.5011389521640092	99.0	0	0.0	99.0	0	0.0
login	30	17	26337.5	0	0.0	26337.5	13	0.5922551252847381	332.5	10	0.4555808656036447	105.0	0	0.0	105.0	0	0.0
login	30	18	27842.5	0	0.0	27842.5	14	0.6378132118451025	351.5	14	0.6378132118451025	111.0	0	0.0	111.0	0	0.0
login	30	19	29347.5	30	1.3667425968109341	29347.5	3	0.1366742596810934	370.5	14	0.6378132118451025	117.0	0	0.0	117.0	0	0.0
login	30	20	30852.5	0	0.0	30852.5	16	0.7289293849658315	389.5	17	0.7744874715261959	123.0	0	0.0	123.0	0	0.0
login	30	21	32357.5	0	0.0	32357.5	12	0.5466970387243736	408.5	12	0.5466970387243736	129.0	0	0.0	129.0	0	0.0
login	30	22	33862.5	30	1.3667425968109341	33862.5	8	0.36446469248291574	427.5	15	0.6833712984054671	135.0	0	0.0	135.0	0	0.0
login	30	23	35367.5	0	0.0	35367.5	12	0.5466970387243736	446.5	10	0.4555808656036447	141.0	0	0.0	141.0	0	0.0
login	30	24	36872.5	0	0.0	36872.5	10	0.4555808656036447	465.5	13	0.5922551252847381	147.0	0	0.0	147.0	0	0.0
login	30	25	38377.5	30	1.3667425968109341	38377.5	6	0.2733485193621868	484.5	34	1.5489749430523918	153.0	0	0.0	153.0	0	0.0
login	30	26	39882.5	0	0.0	39882.5	17	0.7744874715261959	503.5	20	0.9111617312072894	159.0	0	0.0	159.0	0	0.0
login	30	27	41387.5	0	0.0	41387.5	7	0.31890660592255127	522.5	17	0.7744874715261959	165.0	0	0.0	165.0	0	0.0
login	30	28	42892.5	30	1.3667425968109341	42892.5	14	0.6378132118451025	541.5	12	0.5466970387243736	171.0	0	0.0	171.0	0	0.0
login	30	29	44397.5	0	0.0	44397.5	16	0.7289293849658315	560.5	13	0.5922551252847381	177.0	0	0.0	177.0	0	0.0
login	30	30	45902.5	30	1.3667425968109341	45902.5	2	0.09111617312072894	579.5	26	1.1845102505694762	183.0	0	0.0	183.0	0	0.0
login	30	31	47407.5	0	0.0	47407.5	12	0.5466970387243736	598.5	25	1.1389521640091116	189.0	0	0.0	189.0	0	0.0
login	30	32	48912.5	0	0.0	48912.5	16	0.7289293849658315	617.5	15	0.6833712984054671	195.0	0	0.0	195.0	0	0.0
login	30	33	50417.5	30	1.3667425968109341	50417.5	3	0.1366742596810934	636.5	18	0.8200455580865604	201.0	0	0.0	201.0	0	0.0
login	30	34	51922.5	0	0.0	51922.5	18	0.8200455580865604	655.5	11	0.5011389521640092	207.0	0	0.0	207.0	0	0.0
login	30	35	53427.5	0	0.0	53427.5	9	0.4100227790432802	674.5	10	0.4555808656036447	213.0	0	0.0	213.0	0	0.0
login	30	36	54932.5	30	1.3667425968109341	54932.5	8	0.36446469248291574	693.5	12	0.5466970387243736	219.0	0	0.0	219.0	0	0.0
login	30	37	56437.5	0	0.0	56437.5	12	0.5466970387243736	712.5	17	0.7744874715261959	225.0	0	0.0	225.0	0	0.0
login	30	38	57942.5	0	0.0	57942.5	10	0.4555808656036447	731.5	12	0.5466970387243736	231.0	0	0.0	231.0	0	0.0
login	30	39	59447.5	30	1.3667425968109341	59447.5	10	0.4555808656036447	750.5	7	0.31890660592255127	237.0	0	0.0	237.0	0	0.0
login	30	40	60952.5	0	0.0	60952.5	16	0.7289293849658315	769.5	7	0.31890660592255127	243.0	0	0.0	243.0	0	0.0
login	30	41	62457.5	30	1.3667425968109341	62457.5	5	0.22779043280182235	788.5	14	0.6378132118451025	249.0	0	0.0	249.0	0	0.0
login	30	42	63962.5	0	0.0	63962.5	13	0.5922551252847381	807.5	18	0.8200455580865604	255.0	0	0.0	255.0	0	0.0
login	30	43	65467.5	0	0.0	65467.5	13	0.5922551252847381	826.5	10	0.4555808656036447	261.0	0	0.0	261.0	0	0.0
login	30	44	66972.5	30	1.3667425968109341	66972.5	5	0.22779043280182235	845.5	10	0.4555808656036447	267.0	0	0.0	267.0	0	0.0
login	30	45	68477.5	0	0.0	68477.5	14	0.6378132118451025	864.5	20	0.9111617312072894	273.0	0	0.0	273.0	0	0.0
login	30	46	69982.5	0	0.0	69982.5	14	0.6378132118451025	883.5	18	0.8200455580865604	279.0	0	0.0	279.0	0	0.0
login	30	47	71487.5	30	1.3667425968109341	71487.5	5	0.22779043280182235	902.5	24	1.0933940774487472	285.0	0	0.0	285.0	0	0.0
login	30	48	72992.5	0	0.0	72992.5	16	0.7289293849658315	921.5	20	0.9111617312072894	291.0	0	0.0	291.0	0	0.0
login	30	49	74497.5	0	0.0	74497.5	9	0.4100227790432802	940.5	12	0.5466970387243736	297.0	0	0.0	297.0	0	0.0
login	30	50	76002.5	30	1.3667425968109341	76002.5	8	0.36446469248291574	959.5	7	0.31890660592255127	303.0	0	0.0	303.0	0	0.0
login	30	51	77507.5	0	0.0	77507.5	12	0.5466970387243736	978.5	12	0.5466970387243736	309.0	0	0.0	309.0	0	0.0
login	30	52	79012.5	0	0.0	79012.5	10	0.4555808656036447	997.5	21	0.9567198177676538	315.0	0	0.0	315.0	0	0.0
login	30	53	80517.5	30	1.3667425968109341	80517.5	13	0.5922551252847381	1016.5	14	0.6378132118451025	321.0	0	0.0	321.0	0	0.0
login	30	54	82022.5	0	0.0	82022.5	17	0.7744874715261959	1035.5	9	0.4100227790432802	327.0	0	0.0	327.0	0	0.0
login	30	55	83527.5	30	1.3667425968109341	83527.5	5	0.22779043280182235	1054.5	12	0.5466970387243736	333.0	0	0.0	333.0	0	0.0
login	30	56	85032.5	0	0.0	85032.5	15	0.6833712984054671	1073.5	11	0.5011389521640092	339.0	0	0.0	339.0	0	0.0
login	30	57	86537.5	0	0.0	86537.5	10	0.4555808656036447	1092.5	11	0.5011389521640092	345.0	0	0.0	345.0	0	0.0
login	30	58	88042.5	30	1.3667425968109341	88042.5	7	0.31890660592255127	1111.5	10	0.4555808656036447	351.0	0	0.0	351.0	0	0.0
login	30	59	89547.5	0	0.0	89547.5	15	0.6833712984054671	1130.5	16	0.7289293849658315	357.0	0	0.0	357.0	0	0.0
login	30	60	91052.5	3	0.1366742596810934	91052.5	8	0.36446469248291574	1149.5	12	0.5466970387243736	363.0	0	0.0	363.0	0	0.0
login	30	61	92557.5	27	1.2300683371298406	92557.5	16	0.7289293849658315	1168.5	13	0.5922551252847381	369.0	0	0.0	369.0	0	0.0
login	30	62	94062.5	0	0.0	94062.5	14	0.6378132118451025	1187.5	21	0.9567198177676538	375.0	0	0.0	375.0	0	0.0
login	30	63	95567.5	30	1.3667425968109341	95567.5	6	0.2733485193621868	1206.5	14	0.6378132118451025	381.0	0	0.0	381.0	0	0.0
login	30	64	97072.5	0	0.0	97072.5	12	0.5466970387243736	1225.5	12	0.5466970387243736	387.0	0	0.0	387.0	0	0.0
login	30	65	98577.5	0	0.0	98577.5	12	0.5466970387243736	1244.5	17	0.7744874715261959	393.0	0	0.0	393.0	0	0.0
login	30	66	100082.5	30	1.3667425968109341	100082.5	9	0.4100227790432802	1263.5	12	0.5466970387243736	399.0	0	0.0	399.0	0	0.0
login	30	67	101587.5	0	0.0	101587.5	13	0.5922551252847381	1282.5	14	0.6378132118451025	405.0	0	0.0	405.0	0	0.0
login	30	68	103092.5	30	1.3667425968109341	103092.5	8	0.36446469248291574	1301.5	21	0.9567198177676538	411.0	0	0.0	411.0	0	0.0
login	30	69	104597.5	0	0.0	104597.5	12	0.5466970387243736	1320.5	11	0.5011389521640092	417.0	0	0.0	417.0	0	0.0
login	30	70	106102.5	0	0.0	106102.5	15	0.6833712984054671	1339.5	7	0.31890660592255127	423.0	0	0.0	423.0	0	0.0
login	30	71	107607.5	30	1.3667425968109341	107607.5	7	0.31890660592255127	1358.5	5	0.22779043280182235	429.0	0	0.0	429.0	0	0.0
login	30	72	109112.5	0	0.0	109112.5	14	0.6378132118451025	1377.5	19	0.8656036446469249	435.0	0	0.0	435.0	0	0.0
login	30	73	110617.5	0	0.0	110617.5	12	0.5466970387243736	1396.5	20	0.9111617312072894	441.0	0	0.0	441.0	0	0.0
login	30	74	112122.5	30	1.3667425968109341	112122.5	12	0.5466970387243736	1415.5	21	0.9567198177676538	447.0	0	0.0	447.0	0	0.0
login	30	75	113627.5	0	0.0	113627.5	13	0.5922551252847381	1434.5	8	0.36446469248291574	453.0	0	0.0	453.0	0	0.0
login	30	76	115132.5	30	1.3667425968109341	115132.5	5	0.22779043280182235	1453.5	15	0.6833712984054671	459.0	0	0.0	459.0	0	0.0
login	30	77	116637.5	0	0.0	116637.5	13	0.5922551252847381	1472.5	6	0.2733485193621868	465.0	0	0.0	465.0	0	0.0
login	30	78	118142.5	0	0.0	118142.5	13	0.5922551252847381	1491.5	22	1.0022779043280183	471.0	0	0.0	471.0	0	0.0
login	30	79	119647.5	30	1.3667425968109341	119647.5	4	0.18223234624145787	1510.5	19	0.8656036446469249	477.0	0	0.0	477.0	0	0.0
login	30	80	121152.5	0	0.0	121152.5	16	0.7289293849658315	1529.5	10	0.4555808656036447	483.0	0	0.0	483.0	0	0.0
login	30	81	122657.5	0	0.0	122657.5	14	0.6378132118451025	1548.5	10	0.4555808656036447	489.0	0	0.0	489.0	0	0.0
login	30	82	124162.5	30	1.3667425968109341	124162.5	5	0.22779043280182235	1567.5	13	0.5922551252847381	495.0	0	0.0	495.0	0	0.0
login	30	83	125667.5	0	0.0	125667.5	16	0.7289293849658315	1586.5	13	0.5922551252847381	501.0	0	0.0	501.0	0	0.0
login	30	84	127172.5	0	0.0	127172.5	9	0.4100227790432802	1605.5	16	0.7289293849658315	507.0	0	0.0	507.0	0	0.0
login	30	85	128677.5	30	1.3667425968109341	128677.5	8	0.36446469248291574	1624.5	11	0.5011389521640092	513.0	0	0.0	513.0	0	0.0
login	30	86	130182.5	0	0.0	130182.5	18	0.8200455580865604	1643.5	9	0.4100227790432802	519.0	0	0.0	519.0	0	0.0
login	30	87	131687.5	30	1.3667425968109341	131687.5	5	0.22779043280182235	1662.5	11	0.5011389521640092	525.0	0	0.0	525.0	0	0.0
login	30	88	133192.5	0	0.0	133192.5	15	0.6833712984054671	1681.5	20	0.9111617312072894	531.0	0	0.0	531.0	0	0.0
login	30	89	134697.5	0	0.0	134697.5	12	0.5466970387243736	1700.5	16	0.7289293849658315	537.0	0	0.0	537.0	0	0.0
login	30	90	136202.5	30	1.3667425968109341	136202.5	5	0.22779043280182235	1719.5	13	0.5922551252847381	543.0	0	0.0	543.0	0	0.0
login	30	91	137707.5	0	0.0	137707.5	14	0.6378132118451025	1738.5	8	0.36446469248291574	549.0	0	0.0	549.0	0	0.0
login	30	92	139212.5	0	0.0	139212.5	13	0.5922551252847381	1757.5	14	0.6378132118451025	555.0	0	0.0	555.0	0	0.0
login	30	93	140717.5	30	1.3667425968109341	140717.5	4	0.18223234624145787	1776.5	16	0.7289293849658315	561.0	0	0.0	561.0	0	0.0
login	30	94	142222.5	0	0.0	142222.5	14	0.6378132118451025	1795.5	12	0.5466970387243736	567.0	0	0.0	567.0	0	0.0
login	30	95	143727.5	0	0.0	143727.5	12	0.5466970387243736	1814.5	20	0.9111617312072894	573.0	0	0.0	573.0	0	0.0
login	30	96	145232.5	30	1.3667425968109341	145232.5	4	0.18223234624145787	1833.5	14	0.6378132118451025	579.0	0	0.0	579.0	0	0.0
login	30	97	146737.5	0	0.0	146737.5	15	0.6833712984054671	1852.5	10	0.4555808656036447	585.0	0	0.0	585.0	0	0.0
login	30	98	148242.5	0	0.0	148242.5	11	0.5011389521640092	1871.5	14	0.6378132118451025	591.0	0	0.0	591.0	0	0.0
login	30	99	149747.5	30	1.3667425968109341	149747.5	10	0.4555808656036447	1890.5	11	0.5011389521640092	597.0	0	0.0	597.0	0	0.0
login	30	100	151252.5	0	0.0	151252.5	15	0.6833712984054671	1909.5	16	0.7289293849658315	603.0	0	0.0	603.0	0	0.0
login	30	101	152757.5	30	1.3667425968109341	152757.5	5	0.22779043280182235	1928.5	13	0.5922551252847381	609.0	0	0.0	609.0	0	0.0
login	30	102	154262.5	0	0.0	154262.5	13	0.5922551252847381	1947.5	9	0.4100227790432802	615.0	0	0.0	615.0	0	0.0
login	30	103	155767.5	0	0.0	155767.5	13	0.5922551252847381	1966.5	12	0.5466970387243736	621.0	0	0.0	621.0	0	0.0
login	30	104	157272.5	30	1.3667425968109341	157272.5	4	0.18223234624145787	1985.5	17	0.7744874715261959	627.0	0	0.0	627.0	0	0.0
login	30	105	158777.5	0	0.0	158777.5	14	0.6378132118451025	2004.5	18	0.8200455580865604	633.0	0	0.0	633.0	0	0.0
login	30	106	160282.5	0	0.0	160282.5	16	0.7289293849658315	2023.5	12	0.5466970387243736	639.0	0	0.0	639.0	0	0.0
login	30	107	161787.5	30	1.3667425968109341	161787.5	3	0.1366742596810934	2042.5	11	0.5011389521640092	645.0	0	0.0	645.0	0	0.0
login	30	108	163292.5	0	0.0	163292.5	16	0.7289293849658315	2061.5	11	0.5011389521640092	651.0	0	0.0	651.0	0	0.0
login	30	109	164797.5	0	0.0	164797.5	11	0.5011389521640092	2080.5	15	0.6833712984054671	657.0	0	0.0	657.0	0	0.0
login	30	110	166302.5	30	1.3667425968109341	166302.5	5	0.22779043280182235	2099.5	19	0.8656036446469249	663.0	0	0.0	663.0	0	0.0
login	30	111	167807.5	0	0.0	167807.5	14	0.6378132118451025	2118.5	17	0.7744874715261959	669.0	0	0.0	669.0	0	0.0
login	30	112	169312.5	0	0.0	169312.5	11	0.5011389521640092	2137.5	11	0.5011389521640092	675.0	0	0.0	675.0	0	0.0
login	30	113	170817.5	31	1.4123006833712985	170817.5	10	0.4555808656036447	2156.5	19	0.8656036446469249	681.0	0	0.0	681.0	0	0.0
login	30	114	172322.5	0	0.0	172322.5	15	0.6833712984054671	2175.5	17	0.7744874715261959	687.0	0	0.0	687.0	0	0.0
login	30	115	173827.5	30	1.3667425968109341	173827.5	8	0.36446469248291574	2194.5	14	0.6378132118451025	693.0	0	0.0	693.0	0	0.0
login	30	116	175332.5	1	0.04555808656036447	175332.5	14	0.6378132118451025	2213.5	15	0.6833712984054671	699.0	0	0.0	699.0	0	0.0
login	30	117	176837.5	0	0.0	176837.5	12	0.5466970387243736	2232.5	13	0.5922551252847381	705.0	0	0.0	705.0	0	0.0
login	30	118	178342.5	30	1.3667425968109341	178342.5	5	0.22779043280182235	2251.5	6	0.2733485193621868	711.0	0	0.0	711.0	0	0.0
login	30	119	179847.5	0	0.0	179847.5	17	0.7744874715261959	2270.5	11	0.5011389521640092	717.0	0	0.0	717.0	0	0.0
login	30	120	181352.5	0	0.0	181352.5	11	0.5011389521640092	2289.5	18	0.8200455580865604	723.0	0	0.0	723.0	0	0.0
login	30	121	182857.5	30	1.3667425968109341	182857.5	10	0.4555808656036447	2308.5	17	0.7744874715261959	729.0	0	0.0	729.0	0	0.0
login	30	122	184362.5	0	0.0	184362.5	12	0.5466970387243736	2327.5	12	0.5466970387243736	735.0	0	0.0	735.0	0	0.0
login	30	123	185867.5	0	0.0	185867.5	8	0.36446469248291574	2346.5	9	0.4100227790432802	741.0	0	0.0	741.0	0	0.0
login	30	124	187372.5	30	1.3667425968109341	187372.5	10	0.4555808656036447	2365.5	13	0.5922551252847381	747.0	0	0.0	747.0	0	0.0
login	30	125	188877.5	0	0.0	188877.5	17	0.7744874715261959	2384.5	18	0.8200455580865604	753.0	0	0.0	753.0	0	0.0
login	30	126	190382.5	30	1.3667425968109341	190382.5	5	0.22779043280182235	2403.5	11	0.5011389521640092	759.0	0	0.0	759.0	0	0.0
login	30	127	191887.5	0	0.0	191887.5	13	0.5922551252847381	2422.5	18	0.8200455580865604	765.0	0	0.0	765.0	0	0.0
login	30	128	193392.5	0	0.0	193392.5	15	0.6833712984054671	2441.5	9	0.4100227790432802	771.0	0	0.0	771.0	0	0.0
login	30	129	194897.5	30	1.3667425968109341	194897.5	5	0.22779043280182235	2460.5	9	0.4100227790432802	777.0	0	0.0	777.0	0	0.0
login	30	130	196402.5	0	0.0	196402.5	16	0.7289293849658315	2479.5	8	0.36446469248291574	783.0	0	0.0	783.0	0	0.0
login	30	131	197907.5	0	0.0	197907.5	9	0.4100227790432802	2498.5	15	0.6833712984054671	789.0	0	0.0	789.0	0	0.0
login	30	132	199412.5	30	1.3667425968109341	199412.5	11	0.5011389521640092	2517.5	17	0.7744874715261959	795.0	0	0.0	795.0	0	0.0
login	30	133	200917.5	0	0.0	200917.5	18	0.8200455580865604	2536.5	13	0.5922551252847381	801.0	0	0.0	801.0	0	0.0
login	30	134	202422.5	30	1.3667425968109341	202422.5	2	0.09111617312072894	2555.5	7	0.31890660592255127	807.0	0	0.0	807.0	0	0.0
login	30	135	203927.5	0	0.0	203927.5	15	0.6833712984054671	2574.5	13	0.5922551252847381	813.0	0	0.0	813.0	0	0.0
login	30	136	205432.5	0	0.0	205432.5	14	0.6378132118451025	2593.5	25	1.1389521640091116	819.0	0	0.0	819.0	0	0.0
login	30	137	206937.5	30	1.3667425968109341	206937.5	6	0.2733485193621868	2612.5	20	0.9111617312072894	825.0	0	0.0	825.0	0	0.0
login	30	138	208442.5	0	0.0	208442.5	15	0.6833712984054671	2631.5	14	0.6378132118451025	831.0	0	0.0	831.0	0	0.0
login	30	139	209947.5	0	0.0	209947.5	9	0.4100227790432802	2650.5	9	0.4100227790432802	837.0	0	0.0	837.0	0	0.0
login	30	140	211452.5	30	1.3667425968109341	211452.5	9	0.4100227790432802	2669.5	9	0.4100227790432802	843.0	0	0.0	843.0	0	0.0
login	30	141	212957.5	0	0.0	212957.5	16	0.7289293849658315	2688.5	19	0.8656036446469249	849.0	0	0.0	849.0	0	0.0
login	30	142	214462.5	30	1.3667425968109341	214462.5	5	0.22779043280182235	2707.5	22	1.0022779043280183	855.0	0	0.0	855.0	0	0.0
login	30	143	215967.5	0	0.0	215967.5	14	0.6378132118451025	2726.5	8	0.36446469248291574	861.0	0	0.0	861.0	0	0.0
login	30	144	217472.5	0	0.0	217472.5	16	0.7289293849658315	2745.5	12	0.5466970387243736	867.0	0	0.0	867.0	0	0.0
login	30	145	218977.5	30	1.3667425968109341	218977.5	5	0.22779043280182235	2764.5	9	0.4100227790432802	873.0	0	0.0	873.0	0	0.0
login	30	146	220482.5	0	0.0	220482.5	17	0.7744874715261959	2783.5	12	0.5466970387243736	879.0	0	0.0	879.0	0	0.0
login	30	147	221987.5	0	0.0	221987.5	8	0.36446469248291574	2802.5	20	0.9111617312072894	885.0	0	0.0	885.0	0	0.0
login	30	148	223492.5	30	1.3667425968109341	223492.5	11	0.5011389521640092	2821.5	11	0.5011389521640092	891.0	0	0.0	891.0	0	0.0
login	30	149	224997.5	0	0.0	224997.5	13	0.5922551252847381	2840.5	7	0.31890660592255127	897.0	0	0.0	897.0	0	0.0
login	30	150	226502.5	30	1.3667425968109341	226502.5	6	0.2733485193621868	2859.5	14	0.6378132118451025	903.0	0	0.0	903.0	0	0.0
login	30	151	228007.5	0	0.0	228007.5	14	0.6378132118451025	2878.5	15	0.6833712984054671	909.0	0	0.0	909.0	0	0.0
login	30	152	229512.5	0	0.0	229512.5	13	0.5922551252847381	2897.5	9	0.4100227790432802	915.0	0	0.0	915.0	0	0.0
login	30	153	231017.5	30	1.3667425968109341	231017.5	4	0.18223234624145787	2916.5	13	0.5922551252847381	921.0	0	0.0	921.0	0	0.0
login	30	154	232522.5	0	0.0	232522.5	18	0.8200455580865604	2935.5	15	0.6833712984054671	927.0	0	0.0	927.0	0	0.0
login	30	155	234027.5	0	0.0	234027.5	11	0.5011389521640092	2954.5	8	0.36446469248291574	933.0	0	0.0	933.0	0	0.0
login	30	156	235532.5	30	1.3667425968109341	235532.5	6	0.2733485193621868	2973.5	11	0.5011389521640092	939.0	0	0.0	939.0	0	0.0
login	30	157	237037.5	0	0.0	237037.5	13	0.5922551252847381	2992.5	23	1.0478359908883828	945.0	0	0.0	945.0	0	0.0
login	30	158	238542.5	0	0.0	238542.5	11	0.5011389521640092	3011.5	13	0.5922551252847381	951.0	0	0.0	951.0	0	0.0
login	30	159	240047.5	30	1.3667425968109341	240047.5	10	0.4555808656036447	3030.5	7	0.31890660592255127	957.0	0	0.0	957.0	0	0.0
login	30	160	241552.5	1	0.04555808656036447	241552.5	16	0.7289293849658315	3049.5	7	0.31890660592255127	963.0	0	0.0	963.0	0	0.0
login	30	161	243057.5	24	1.0933940774487472	243057.5	6	0.2733485193621868	3068.5	9	0.4100227790432802	969.0	0	0.0	969.0	0	0.0
login	30	162	244562.5	7	0.31890660592255127	244562.5	9	0.4100227790432802	3087.5	12	0.5466970387243736	975.0	0	0.0	975.0	0	0.0
login	30	163	246067.5	0	0.0	246067.5	15	0.6833712984054671	3106.5	12	0.5466970387243736	981.0	0	0.0	981.0	0	0.0
login	30	164	247572.5	0	0.0	247572.5	6	0.2733485193621868	3125.5	7	0.31890660592255127	987.0	0	0.0	987.0	0	0.0
login	30	165	249077.5	30	1.3667425968109341	249077.5	10	0.4555808656036447	3144.5	5	0.22779043280182235	993.0	0	0.0	993.0	0	0.0
login	30	166	250582.5	0	0.0	250582.5	14	0.6378132118451025	3163.5	4	0.18223234624145787	999.0	0	0.0	999.0	0	0.0
login	30	167	252087.5	14	0.6378132118451025	252087.5	6	0.2733485193621868	3182.5	11	0.5011389521640092	1005.0	0	0.0	1005.0	0	0.0
login	30	168	253592.5	16	0.7289293849658315	253592.5	10	0.4555808656036447	3201.5	13	0.5922551252847381	1011.0	0	0.0	1011.0	0	0.0
login	30	169	255097.5	0	0.0	255097.5	14	0.6378132118451025	3220.5	7	0.31890660592255127	1017.0	0	0.0	1017.0	0	0.0
login	30	170	256602.5	2	0.09111617312072894	256602.5	6	0.2733485193621868	3239.5	3	0.1366742596810934	1023.0	0	0.0	1023.0	0	0.0
login	30	171	258107.5	28	1.275626423690205	258107.5	14	0.6378132118451025	3258.5	6	0.2733485193621868	1029.0	0	0.0	1029.0	0	0.0
login	30	172	259612.5	0	0.0	259612.5	13	0.5922551252847381	3277.5	4	0.18223234624145787	1035.0	0	0.0	1035.0	0	0.0
login	30	173	261117.5	30	1.3667425968109341	261117.5	6	0.2733485193621868	3296.5	5	0.22779043280182235	1041.0	0	0.0	1041.0	0	0.0
login	30	174	262622.5	0	0.0	262622.5	16	0.7289293849658315	3315.5	6	0.2733485193621868	1047.0	0	0.0	1047.0	0	0.0
login	30	175	264127.5	0	0.0	264127.5	11	0.5011389521640092	3334.5	3	0.1366742596810934	1053.0	0	0.0	1053.0	0	0.0
login	30	176	265632.5	31	1.4123006833712985	265632.5	9	0.4100227790432802	3353.5	0	0.0	1059.0	0	0.0	1059.0	0	0.0
login	30	177	267137.5	0	0.0	267137.5	13	0.5922551252847381	3372.5	4	0.18223234624145787	1065.0	0	0.0	1065.0	0	0.0
login	30	178	268642.5	0	0.0	268642.5	9	0.4100227790432802	3391.5	4	0.18223234624145787	1071.0	0	0.0	1071.0	0	0.0
login	30	179	270147.5	30	1.3667425968109341	270147.5	13	0.5922551252847381	3410.5	6	0.2733485193621868	1077.0	0	0.0	1077.0	0	0.0
login	30	180	271652.5	0	0.0	271652.5	13	0.5922551252847381	3429.5	2	0.09111617312072894	1083.0	0	0.0	1083.0	0	0.0
login	30	181	273157.5	30	1.3667425968109341	273157.5	7	0.31890660592255127	3448.5	2	0.09111617312072894	1089.0	0	0.0	1089.0	0	0.0
login	30	182	274662.5	0	0.0	274662.5	15	0.6833712984054671	3467.5	2	0.09111617312072894	1095.0	0	0.0	1095.0	0	0.0
login	30	183	276167.5	0	0.0	276167.5	12	0.5466970387243736	3486.5	2	0.09111617312072894	1101.0	0	0.0	1101.0	0	0.0
login	30	184	277672.5	30	1.3667425968109341	277672.5	6	0.2733485193621868	3505.5	1	0.04555808656036447	1107.0	0	0.0	1107.0	0	0.0
login	30	185	279177.5	0	0.0	279177.5	15	0.6833712984054671	3524.5	0	0.0	1113.0	0	0.0	1113.0	0	0.0
login	30	186	280682.5	0	0.0	280682.5	9	0.4100227790432802	3543.5	0	0.0	1119.0	0	0.0	1119.0	0	0.0
login	30	187	282187.5	30	1.3667425968109341	282187.5	14	0.6378132118451025	3562.5	1	0.04555808656036447	1125.0	0	0.0	1125.0	0	0.0
login	30	188	283692.5	0	0.0	283692.5	14	0.6378132118451025	3581.5	1	0.04555808656036447	1131.0	0	0.0	1131.0	0	0.0
login	30	189	285197.5	30	1.3667425968109341	285197.5	3	0.1366742596810934	3600.5	0	0.0	1137.0	0	0.0	1137.0	0	0.0
login	30	190	286702.5	0	0.0	286702.5	14	0.6378132118451025	3619.5	0	0.0	1143.0	0	0.0	1143.0	0	0.0
login	30	191	288207.5	0	0.0	288207.5	14	0.6378132118451025	3638.5	0	0.0	1149.0	0	0.0	1149.0	0	0.0
login	30	192	289712.5	30	1.3667425968109341	289712.5	4	0.18223234624145787	3657.5	0	0.0	1155.0	0	0.0	1155.0	0	0.0
login	30	193	291217.5	0	0.0	291217.5	17	0.7744874715261959	3676.5	3	0.1366742596810934	1161.0	0	0.0	1161.0	0	0.0
login	30	194	292722.5	0	0.0	292722.5	10	0.4555808656036447	3695.5	1	0.04555808656036447	1167.0	0	0.0	1167.0	0	0.0
login	30	195	294227.5	30	1.3667425968109341	294227.5	9	0.4100227790432802	3714.5	0	0.0	1173.0	0	0.0	1173.0	0	0.0
login	30	196	295732.5	0	0.0	295732.5	15	0.6833712984054671	3733.5	0	0.0	1179.0	0	0.0	1179.0	0	0.0
login	30	197	297237.5	4	0.18223234624145787	297237.5	6	0.2733485193621868	3752.5	0	0.0	1185.0	0	0.0	1185.0	0	0.0
login	30	198	298742.5	26	1.1845102505694762	298742.5	13	0.5922551252847381	3771.5	0	0.0	1191.0	0	0.0	1191.0	0	0.0
login	30	199	300247.5	0	0.0	300247.5	17	0.7744874715261959	3790.5	0	0.0	1197.0	0	0.0	1197.0	0	0.0
info	30	0	751.5	18	0.8249312557286893	751.5	4	0.18331805682859761	8.5	65	2.978918423464711	3.0	2182	100.0	3.0	2182	100.0
info	30	1	2254.5	12	0.5499541704857929	2254.5	26	1.1915673693858846	25.5	24	1.0999083409715857	9.0	0	0.0	9.0	0	0.0
info	30	2	3757.5	6	0.27497708524289644	3757.5	0	0.0	42.5	34	1.5582034830430798	15.0	0	0.0	15.0	0	0.0
info	30	3	5260.5	14	0.6416131989000916	5260.5	0	0.0	59.5	24	1.0999083409715857	21.0	0	0.0	21.0	0	0.0
info	30	4	6763.5	10	0.458295142071494	6763.5	30	1.374885426214482	76.5	30	1.374885426214482	27.0	0	0.0	27.0	0	0.0
info	30	5	8266.5	9	0.41246562786434465	8266.5	0	0.0	93.5	49	2.2456461961503207	33.0	0	0.0	33.0	0	0.0
info	30	6	9769.5	16	0.7332722273143905	9769.5	1	0.045829514207149404	110.5	48	2.1998166819431715	39.0	0	0.0	39.0	0	0.0
info	30	7	11272.5	5	0.229147571035747	11272.5	29	1.3290559120073326	127.5	14	0.6416131989000916	45.0	0	0.0	45.0	0	0.0
info	30	8	12775.5	14	0.6416131989000916	12775.5	0	0.0	144.5	6	0.27497708524289644	51.0	0	0.0	51.0	0	0.0
info	30	9	14278.5	13	0.5957836846929423	14278.5	27	1.2373968835930338	161.5	14	0.6416131989000916	57.0	0	0.0	57.0	0	0.0
info	30	10	15781.5	7	0.3208065994500458	15781.5	3	0.13748854262144822	178.5	19	0.8707607699358386	63.0	0	0.0	63.0	0	0.0
info	30	11	17284.5	13	0.5957836846929423	17284.5	1	0.045829514207149404	195.5	16	0.7332722273143905	69.0	0	0.0	69.0	0	0.0
info	30	12	18787.5	13	0.5957836846929423	18787.5	29	1.3290559120073326	212.5	8	0.36663611365719523	75.0	0	0.0	75.0	0	0.0
info	30	13	20290.5	4	0.18331805682859761	20290.5	0	0.0	229.5	8	0.36663611365719523	81.0	0	0.0	81.0	0	0.0
info	30	14	21793.5	16	0.7332722273143905	21793.5	1	0.045829514207149404	246.5	8	0.36663611365719523	87.0	0	0.0	87.0	0	0.0
info	30	15	23296.5	10	0.458295142071494	23296.5	29	1.3290559120073326	263.5	9	0.41246562786434465	93.0	0	0.0	93.0	0	0.0
info	30	16	24799.5	7	0.3208065994500458	24799.5	0	0.0	280.5	10	0.458295142071494	99.0	0	0.0	99.0	0	0.0
info	30	17	26302.5	12	0.5499541704857929	26302.5	0	0.0	297.5	17	0.7791017415215399	105.0	0	0.0	105.0	0	0.0
info	30	18	27805.5	11	0.5041246562786434	27805.5	30	1.374885426214482	314.5	14	0.6416131989000916	111.0	0	0.0	111.0	0	0.0
info	30	19	29308.5	8	0.36663611365719523	29308.5	0	0.0	331.5	5	0.229147571035747	117.0	0	0.0	117.0	0	0.0
info	30	20	30811.5	14	0.6416131989000916	30811.5	0	0.0	348.5	7	0.3208065994500458	123.0	0	0.0	123.0	0	0.0
info	30	21	32314.5	8	0.36663611365719523	32314.5	30	1.374885426214482	365.5	10	0.458295142071494	129.0	0	0.0	129.0	0	0.0
info	30	22	33817.5	10	0.458295142071494	33817.5	0	0.0	382.5	18	0.8249312557286893	135.0	0	0.0	135.0	0	0.0
info	30	23	35320.5	13	0.5957836846929423	35320.5	0	0.0	399.5	16	0.7332722273143905	141.0	0	0.0	141.0	0	0.0
info	30	24	36823.5	7	0.3208065994500458	36823.5	30	1.374885426214482	416.5	9	0.41246562786434465	147.0	0	0.0	147.0	0	0.0
info	30	25	38326.5	9	0.41246562786434465	38326.5	0	0.0	433.5	9	0.41246562786434465	153.0	0	0.0	153.0	0	0.0
info	30	26	39829.5	18	0.8249312557286893	39829.5	0	0.0	450.5	7	0.3208065994500458	159.0	0	0.0	159.0	0	0.0
info	30	27	41332.5	5	0.229147571035747	41332.5	30	1.374885426214482	467.5	11	0.5041246562786434	165.0	0	0.0	165.0	0	0.0
info	30	28	42835.5	16	0.7332722273143905	42835.5	2	0.09165902841429881	484.5	16	0.7332722273143905	171.0	0	0.0	171.0	0	0.0
info	30	29	44338.5	12	0.5499541704857929	44338.5	28	1.2832263978001832	501.5	20	0.916590284142988	177.0	0	0.0	177.0	0	0.0
info	30	30	45841.5	6	0.27497708524289644	45841.5	0	0.0	518.5	14	0.6416131989000916	183.0	0	0.0	183.0	0	0.0
info	30	31	47344.5	12	0.5499541704857929	47344.5	0	0.0	535.5	15	0.687442713107241	189.0	0	0.0	189.0	0	0.0
info	30	32	48847.5	12	0.5499541704857929	48847.5	30	1.374885426214482	552.5	10	0.458295142071494	195.0	0	0.0	195.0	0	0.0
info	30	33	50350.5	8	0.36663611365719523	50350.5	0	0.0	569.5	12	0.5499541704857929	201.0	0	0.0	201.0	0	0.0
info	30	34	51853.5	17	0.7791017415215399	51853.5	0	0.0	586.5	25	1.1457378551787352	207.0	0	0.0	207.0	0	0.0
info	30	35	53356.5	5	0.229147571035747	53356.5	30	1.374885426214482	603.5	21	0.9624197983501375	213.0	0	0.0	213.0	0	0.0
info	30	36	54859.5	13	0.5957836846929423	54859.5	0	0.0	620.5	7	0.3208065994500458	219.0	0	0.0	219.0	0	0.0
info	30	37	56362.5	12	0.5499541704857929	56362.5	0	0.0	637.5	6	0.27497708524289644	225.0	0	0.0	225.0	0	0.0
info	30	38	57865.5	5	0.229147571035747	57865.5	30	1.374885426214482	654.5	6	0.27497708524289644	231.0	0	0.0	231.0	0	0.0
info	30	39	59368.5	14	0.6416131989000916	59368.5	0	0.0	671.5	13	0.5957836846929423	237.0	0	0.0	237.0	0	0.0
info	30	40	60871.5	16	0.7332722273143905	60871.5	30	1.374885426214482	688.5	12	0.5499541704857929	243.0	0	0.0	243.0	0	0.0
info	30	41	62374.5	3	0.13748854262144822	62374.5	0	0.0	705.5	19	0.8707607699358386	249.0	0	0.0	249.0	0	0.0
info	30	42	63877.5	15	0.687442713107241	63877.5	0	0.0	722.5	14	0.6416131989000916	255.0	0	0.0	255.0	0	0.0
info	30	43	65380.5	12	0.5499541704857929	65380.5	30	1.374885426214482	739.5	8	0.36663611365719523	261.0	0	0.0	261.0	0	0.0
info	30	44	66883.5	5	0.229147571035747	66883.5	0	0.0	756.5	7	0.3208065994500458	267.0	0	0.0	267.0	0	0.0
info	30	45	68386.5	12	0.5499541704857929	68386.5	0	0.0	773.5	12	0.5499541704857929	273.0	0	0.0	273.0	0	0.0
info	30	46	69889.5	13	0.5957836846929423	69889.5	30	1.374885426214482	790.5	11	0.5041246562786434	279.0	0	0.0	279.0	0	0.0
info	30	47	71392.5	8	0.36663611365719523	71392.5	0	0.0	807.5	20	0.916590284142988	285.0	0	0.0	285.0	0	0.0
info	30	48	72895.5	15	0.687442713107241	72895.5	0	0.0	824.5	11	0.5041246562786434	291.0	0	0.0	291.0	0	0.0
info	30	49	74398.5	7	0.3208065994500458	74398.5	30	1.374885426214482	841.5	10	0.458295142071494	297.0	0	0.0	297.0	0	0.0
info	30	50	75901.5	12	0.5499541704857929	75901.5	0	0.0	858.5	8	0.36663611365719523	303.0	0	0.0	303.0	0	0.0
info	30	51	77404.5	12	0.5499541704857929	77404.5	0	0.0	875.5	16	0.7332722273143905	309.0	0	0.0	309.0	0	0.0
info	30	52	78907.5	6	0.27497708524289644	78907.5	30	1.374885426214482	892.5	9	0.41246562786434465	315.0	0	0.0	315.0	0	0.0
info	30	53	80410.5	18	0.8249312557286893	80410.5	0	0.0	909.5	8	0.36663611365719523	321.0	0	0.0	321.0	0	0.0
info	30	54	81913.5	12	0.5499541704857929	81913.5	30	1.374885426214482	926.5	9	0.41246562786434465	327.0	0	0.0	327.0	0	0.0
info	30	55	83416.5	9	0.41246562786434465	83416.5	2	0.09165902841429881	943.5	4	0.18331805682859761	333.0	0	0.0	333.0	0	0.0
info	30	56	84919.5	13	0.5957836846929423	84919.5	0	0.0	960.5	14	0.6416131989000916	339.0	0	0.0	339.0	0	0.0
info	30	57	86422.5	8	0.36663611365719523	86422.5	28	1.2832263978001832	977.5	16	0.7332722273143905	345.0	0	0.0	345.0	0	0.0
info	30	58	87925.5	10	0.458295142071494	87925.5	0	0.0	994.5	23	1.0540788267644363	351.0	0	0.0	351.0	0	0.0
info	30	59	89428.5	17	0.7791017415215399	89428.5	1	0.045829514207149404	1011.5	17	0.7791017415215399	357.0	0	0.0	357.0	0	0.0
info	30	60	90931.5	5	0.229147571035747	90931.5	29	1.3290559120073326	1028.5	8	0.36663611365719523	363.0	0	0.0	363.0	0	0.0
info	30	61	92434.5	17	0.7791017415215399	92434.5	0	0.0	1045.5	6	0.27497708524289644	369.0	0	0.0	369.0	0	0.0
info	30	62	93937.5	11	0.5041246562786434	93937.5	30	1.374885426214482	1062.5	10	0.458295142071494	375.0	0	0.0	375.0	0	0.0
info	30	63	95440.5	8	0.36663611365719523	95440.5	0	0.0	1079.5	27	1.2373968835930338	381.0	0	0.0	381.0	0	0.0
info	30	64	96943.5	14	0.6416131989000916	96943.5	0	0.0	1096.5	14	0.6416131989000916	387.0	0	0.0	387.0	0	0.0
info	30	65	98446.5	8	0.36663611365719523	98446.5	30	1.374885426214482	1113.5	8	0.36663611365719523	393.0	0	0.0	393.0	0	0.0
info	30	66	99949.5	12	0.5499541704857929	99949.5	0	0.0	1130.5	6	0.27497708524289644	399.0	0	0.0	399.0	0	0.0
info	30	67	101452.5	14	0.6416131989000916	101452.5	0	0.0	1147.5	10	0.458295142071494	405.0	0	0.0	405.0	0	0.0
info	30	68	102955.5	5	0.229147571035747	102955.5	30	1.374885426214482	1164.5	7	0.3208065994500458	411.0	0	0.0	411.0	0	0.0
info	30	69	104458.5	14	0.6416131989000916	104458.5	0	0.0	1181.5	7	0.3208065994500458	417.0	0	0.0	417.0	0	0.0
info	30	70	105961.5	15	0.687442713107241	105961.5	30	1.374885426214482	1198.5	21	0.9624197983501375	423.0	0	0.0	423.0	0	0.0
info	30	71	107464.5	5	0.229147571035747	107464.5	0	0.0	1215.5	9	0.41246562786434465	429.0	0	0.0	429.0	0	0.0
info	30	72	108967.5	16	0.7332722273143905	108967.5	0	0.0	1232.5	9	0.41246562786434465	435.0	0	0.0	435.0	0	0.0
info	30	73	110470.5	9	0.41246562786434465	110470.5	30	1.374885426214482	1249.5	5	0.229147571035747	441.0	0	0.0	441.0	0	0.0
info	30	74	111973.5	15	0.687442713107241	111973.5	0	0.0	1266.5	22	1.008249312557287	447.0	0	0.0	447.0	0	0.0
info	30	75	113476.5	13	0.5957836846929423	113476.5	27	1.2373968835930338	1283.5	14	0.6416131989000916	453.0	0	0.0	453.0	0	0.0
info	30	76	114979.5	3	0.13748854262144822	114979.5	3	0.13748854262144822	1300.5	18	0.8249312557286893	459.0	0	0.0	459.0	0	0.0
info	30	77	116482.5	14	0.6416131989000916	116482.5	0	0.0	1317.5	15	0.687442713107241	465.0	0	0.0	465.0	0	0.0
info	30	78	117985.5	13	0.5957836846929423	117985.5	26	1.1915673693858846	1334.5	13	0.5957836846929423	471.0	0	0.0	471.0	0	0.0
info	30	79	119488.5	3	0.13748854262144822	119488.5	4	0.18331805682859761	1351.5	9	0.41246562786434465	477.0	0	0.0	477.0	0	0.0
info	30	80	120991.5	17	0.7791017415215399	120991.5	0	0.0	1368.5	10	0.458295142071494	483.0	0	0.0	483.0	0	0.0
info	30	81	122494.5	12	0.5499541704857929	122494.5	30	1.374885426214482	1385.5	20	0.916590284142988	489.0	0	0.0	489.0	0	0.0
info	30	82	123997.5	7	0.3208065994500458	123997.5	0	0.0	1402.5	12	0.5499541704857929	495.0	0	0.0	495.0	0	0.0
info	30	83	125500.5	18	0.8249312557286893	125500.5	0	0.0	1419.5	15	0.687442713107241	501.0	0	0.0	501.0	0	0.0
info	30	84	127003.5	5	0.229147571035747	127003.5	30	1.374885426214482	1436.5	14	0.6416131989000916	507.0	0	0.0	507.0	0	0.0
info	30	85	128506.5	11	0.5041246562786434	128506.5	0	0.0	1453.5	14	0.6416131989000916	513.0	0	0.0	513.0	0	0.0
info	30	86	130009.5	19	0.8707607699358386	130009.5	30	1.374885426214482	1470.5	13	0.5957836846929423	519.0	0	0.0	519.0	0	0.0
info	30	87	131512.5	3	0.13748854262144822	131512.5	0	0.0	1487.5	15	0.687442713107241	525.0	0	0.0	525.0	0	0.0
info	30	88	133015.5	15	0.687442713107241	133015.5	0	0.0	1504.5	8	0.36663611365719523	531.0	0	0.0	531.0	0	0.0
info	30	89	134518.5	12	0.5499541704857929	134518.5	30	1.374885426214482	1521.5	14	0.6416131989000916	537.0	0	0.0	537.0	0	0.0
info	30	90	136021.5	5	0.229147571035747	136021.5	0	0.0	1538.5	6	0.27497708524289644	543.0	0	0.0	543.0	0	0.0
info	30	91	137524.5	15	0.687442713107241	137524.5	1	0.045829514207149404	1555.5	6	0.27497708524289644	549.0	0	0.0	549.0	0	0.0
info	30	92	139027.5	10	0.458295142071494	139027.5	29	1.3290559120073326	1572.5	9	0.41246562786434465	555.0	0	0.0	555.0	0	0.0
info	30	93	140530.5	6	0.27497708524289644	140530.5	0	0.0	1589.5	18	0.8249312557286893	561.0	0	0.0	561.0	0	0.0
info	30	94	142033.5	16	0.7332722273143905	142033.5	0	0.0	1606.5	12	0.5499541704857929	567.0	0	0.0	567.0	0	0.0
info	30	95	143536.5	8	0.36663611365719523	143536.5	30	1.374885426214482	1623.5	6	0.27497708524289644	573.0	0	0.0	573.0	0	0.0
info	30	96	145039.5	8	0.36663611365719523	145039.5	0	0.0	1640.5	6	0.27497708524289644	579.0	0	0.0	579.0	0	0.0
info	30	97	146542.5	15	0.687442713107241	146542.5	0	0.0	1657.5	6	0.27497708524289644	585.0	0	0.0	585.0	0	0.0
info	30	98	148045.5	7	0.3208065994500458	148045.5	30	1.374885426214482	1674.5	7	0.3208065994500458	591.0	0	0.0	591.0	0	0.0
info	30	99	149548.5	13	0.5957836846929423	149548.5	0	0.0	1691.5	23	1.0540788267644363	597.0	0	0.0	597.0	0	0.0
info	30	100	151051.5	15	0.687442713107241	151051.5	1	0.045829514207149404	1708.5	19	0.8707607699358386	603.0	0	0.0	603.0	0	0.0
info	30	101	152554.5	3	0.13748854262144822	152554.5	29	1.3290559120073326	1725.5	12	0.5499541704857929	609.0	0	0.0	609.0	0	0.0
info	30	102	154057.5	14	0.6416131989000916	154057.5	0	0.0	1742.5	12	0.5499541704857929	615.0	0	0.0	615.0	0	0.0
info	30	103	155560.5	13	0.5957836846929423	155560.5	1	0.045829514207149404	1759.5	13	0.5957836846929423	621.0	0	0.0	621.0	0	0.0
info	30	104	157063.5	2	0.09165902841429881	157063.5	29	1.3290559120073326	1776.5	26	1.1915673693858846	627.0	0	0.0	627.0	0	0.0
info	30	105	158566.5	16	0.7332722273143905	158566.5	0	0.0	1793.5	11	0.5041246562786434	633.0	0	0.0	633.0	0	0.0
info	30	106	160069.5	14	0.6416131989000916	160069.5	30	1.374885426214482	1810.5	18	0.8249312557286893	639.0	0	0.0	639.0	0	0.0
info	30	107	161572.5	6	0.27497708524289644	161572.5	0	0.0	1827.5	8	0.36663611365719523	645.0	0	0.0	645.0	0	0.0
info	30	108	163075.5	14	0.6416131989000916	163075.5	1	0.045829514207149404	1844.5	5	0.229147571035747	651.0	0	0.0	651.0	0	0.0
info	30	109	164578.5	10	0.458295142071494	164578.5	29	1.3290559120073326	1861.5	8	0.36663611365719523	657.0	0	0.0	657.0	0	0.0
info	30	110	166081.5	9	0.41246562786434465	166081.5	1	0.045829514207149404	1878.5	18	0.8249312557286893	663.0	0	0.0	663.0	0	0.0
info	30	111	167584.5	12	0.5499541704857929	167584.5	0	0.0	1895.5	14	0.6416131989000916	669.0	0	0.0	669.0	0	0.0
info	30	112	169087.5	9	0.41246562786434465	169087.5	29	1.3290559120073326	1912.5	19	0.8707607699358386	675.0	0	0.0	675.0	0	0.0
info	30	113	170590.5	11	0.5041246562786434	170590.5	1	0.045829514207149404	1929.5	7	0.3208065994500458	681.0	0	0.0	681.0	0	0.0
info	30	114	172093.5	17	0.7791017415215399	172093.5	27	1.2373968835930338	1946.5	9	0.41246562786434465	687.0	0	0.0	687.0	0	0.0
info	30	115	173596.5	7	0.3208065994500458	173596.5	4	0.18331805682859761	1963.5	11	0.5041246562786434	693.0	0	0.0	693.0	0	0.0
info	30	116	175099.5	13	0.5957836846929423	175099.5	0	0.0	1980.5	11	0.5041246562786434	699.0	0	0.0	699.0	0	0.0
info	30	117	176602.5	14	0.6416131989000916	176602.5	30	1.374885426214482	1997.5	16	0.7332722273143905	705.0	0	0.0	705.0	0	0.0
info	30	118	178105.5	4	0.18331805682859761	178105.5	0	0.0	2014.5	12	0.5499541704857929	711.0	0	0.0	711.0	0	0.0
info	30	119	179608.5	15	0.687442713107241	179608.5	0	0.0	2031.5	6	0.27497708524289644	717.0	0	0.0	717.0	0	0.0
info	30	120	181111.5	11	0.5041246562786434	181111.5	30	1.374885426214482	2048.5	7	0.3208065994500458	723.0	0	0.0	723.0	0	0.0
info	30	121	182614.5	10	0.458295142071494	182614.5	0	0.0	2065.5	15	0.687442713107241	729.0	0	0.0	729.0	0	0.0
info	30	122	184117.5	14	0.6416131989000916	184117.5	1	0.045829514207149404	2082.5	18	0.8249312557286893	735.0	0	0.0	735.0	0	0.0
info	30	123	185620.5	6	0.27497708524289644	185620.5	29	1.3290559120073326	2099.5	20	0.916590284142988	741.0	0	0.0	741.0	0	0.0
info	30	124	187123.5	14	0.6416131989000916	187123.5	0	0.0	2116.5	11	0.5041246562786434	747.0	0	0.0	747.0	0	0.0
info	30	125	188626.5	14	0.6416131989000916	188626.5	27	1.2373968835930338	2133.5	10	0.458295142071494	753.0	0	0.0	753.0	0	0.0
info	30	126	190129.5	5	0.229147571035747	190129.5	3	0.13748854262144822	2150.5	6	0.27497708524289644	759.0	0	0.0	759.0	0	0.0
info	30	127	191632.5	15	0.687442713107241	191632.5	0	0.0	2167.5	16	0.7332722273143905	765.0	0	0.0	765.0	0	0.0
info	30	128	193135.5	12	0.5499541704857929	193135.5	30	1.374885426214482	2184.5	14	0.6416131989000916	771.0	0	0.0	771.0	0	0.0
info	30	129	194638.5	6	0.27497708524289644	194638.5	0	0.0	2201.5	21	0.9624197983501375	777.0	0	0.0	777.0	0	0.0
info	30	130	196141.5	16	0.7332722273143905	196141.5	0	0.0	2218.5	14	0.6416131989000916	783.0	0	0.0	783.0	0	0.0
info	30	131	197644.5	8	0.36663611365719523	197644.5	30	1.374885426214482	2235.5	9	0.41246562786434465	789.0	0	0.0	789.0	0	0.0
info	30	132	199147.5	13	0.5957836846929423	199147.5	0	0.0	2252.5	12	0.5499541704857929	795.0	0	0.0	795.0	0	0.0
info	30	133	200650.5	17	0.7791017415215399	200650.5	30	1.374885426214482	2269.5	10	0.458295142071494	801.0	0	0.0	801.0	0	0.0
info	30	134	202153.5	4	0.18331805682859761	202153.5	0	0.0	2286.5	22	1.008249312557287	807.0	0	0.0	807.0	0	0.0
info	30	135	203656.5	14	0.6416131989000916	203656.5	0	0.0	2303.5	18	0.8249312557286893	813.0	0	0.0	813.0	0	0.0
info	30	136	205159.5	12	0.5499541704857929	205159.5	30	1.374885426214482	2320.5	10	0.458295142071494	819.0	0	0.0	819.0	0	0.0
info	30	137	206662.5	8	0.36663611365719523	206662.5	0	0.0	2337.5	12	0.5499541704857929	825.0	0	0.0	825.0	0	0.0
info	30	138	208165.5	13	0.5957836846929423	208165.5	0	0.0	2354.5	8	0.36663611365719523	831.0	0	0.0	831.0	0	0.0
info	30	139	209668.5	9	0.41246562786434465	209668.5	30	1.374885426214482	2371.5	12	0.5499541704857929	837.0	0	0.0	837.0	0	0.0
info	30	140	211171.5	11	0.5041246562786434	211171.5	0	0.0	2388.5	15	0.687442713107241	843.0	0	0.0	843.0	0	0.0
info	30	141	212674.5	15	0.687442713107241	212674.5	1	0.045829514207149404	2405.5	22	1.008249312557287	849.0	0	0.0	849.0	0	0.0
info	30	142	214177.5	4	0.18331805682859761	214177.5	29	1.3290559120073326	2422.5	10	0.458295142071494	855.0	0	0.0	855.0	0	0.0
info	30	143	215680.5	16	0.7332722273143905	215680.5	0	0.0	2439.5	7	0.3208065994500458	861.0	0	0.0	861.0	0	0.0
info	30	144	217183.5	14	0.6416131989000916	217183.5	30	1.374885426214482	2456.5	10	0.458295142071494	867.0	0	0.0	867.0	0	0.0
info	30	145	218686.5	5	0.229147571035747	218686.5	0	0.0	2473.5	13	0.5957836846929423	873.0	0	0.0	873.0	0	0.0
info	30	146	220189.5	20	0.916590284142988	220189.5	1	0.045829514207149404	2490.5	15	0.687442713107241	879.0	0	0.0	879.0	0	0.0
info	30	147	221692.5	5	0.229147571035747	221692.5	29	1.3290559120073326	2507.5	12	0.5499541704857929	885.0	0	0.0	885.0	0	0.0
info	30	148	223195.5	12	0.5499541704857929	223195.5	0	0.0	2524.5	7	0.3208065994500458	891.0	0	0.0	891.0	0	0.0
info	30	149	224698.5	13	0.5957836846929423	224698.5	0	0.0	2541.5	8	0.36663611365719523	897.0	0	0.0	897.0	0	0.0
info	30	150	226201.5	5	0.229147571035747	226201.5	30	1.374885426214482	2558.5	10	0.458295142071494	903.0	0	0.0	903.0	0	0.0
info	30	151	227704.5	14	0.6416131989000916	227704.5	0	0.0	2575.5	8	0.36663611365719523	909.0	0	0.0	909.0	0	0.0
info	30	152	229207.5	14	0.6416131989000916	229207.5	27	1.2373968835930338	2592.5	19	0.8707607699358386	915.0	0	0.0	915.0	0	0.0
info	30	153	230710.5	4	0.18331805682859761	230710.5	3	0.13748854262144822	2609.5	4	0.18331805682859761	921.0	0	0.0	921.0	0	0.0
info	30	154	232213.5	19	0.8707607699358386	232213.5	0	0.0	2626.5	6	0.27497708524289644	927.0	0	0.0	927.0	0	0.0
info	30	155	233716.5	9	0.41246562786434465	233716.5	30	1.374885426214482	2643.5	7	0.3208065994500458	933.0	0	0.0	933.0	0	0.0
info	30	156	235219.5	7	0.3208065994500458	235219.5	0	0.0	2660.5	2	0.09165902841429881	939.0	0	0.0	939.0	0	0.0
info	30	157	236722.5	12	0.5499541704857929	236722.5	0	0.0	2677.5	11	0.5041246562786434	945.0	0	0.0	945.0	0	0.0
info	30	158	238225.5	11	0.5041246562786434	238225.5	30	1.374885426214482	2694.5	11	0.5041246562786434	951.0	0	0.0	951.0	0	0.0
info	30	159	239728.5	12	0.5499541704857929	239728.5	2	0.09165902841429881	2711.5	7	0.3208065994500458	957.0	0	0.0	957.0	0	0.0
info	30	160	241231.5	14	0.6416131989000916	241231.5	0	0.0	2728.5	6	0.27497708524289644	963.0	0	0.0	963.0	0	0.0
info	30	161	242734.5	6	0.27497708524289644	242734.5	30	1.374885426214482	2745.5	2	0.09165902841429881	969.0	0	0.0	969.0	0	0.0
info	30	162	244237.5	11	0.5041246562786434	244237.5	0	0.0	2762.5	4	0.18331805682859761	975.0	0	0.0	975.0	0	0.0
info	30	163	245740.5	14	0.6416131989000916	245740.5	0	0.0	2779.5	7	0.3208065994500458	981.0	0	0.0	981.0	0	0.0
info	30	164	247243.5	5	0.229147571035747	247243.5	30	1.374885426214482	2796.5	8	0.36663611365719523	987.0	0	0.0	987.0	0	0.0
info	30	165	248746.5	12	0.5499541704857929	248746.5	0	0.0	2813.5	7	0.3208065994500458	993.0	0	0.0	993.0	0	0.0
info	30	166	250249.5	12	0.5499541704857929	250249.5	0	0.0	2830.5	4	0.18331805682859761	999.0	0	0.0	999.0	0	0.0
info	30	167	251752.5	6	0.27497708524289644	251752.5	30	1.374885426214482	2847.5	2	0.09165902841429881	1005.0	0	0.0	1005.0	0	0.0
info	30	168	253255.5	13	0.5957836846929423	253255.5	0	0.0	2864.5	1	0.045829514207149404	1011.0	0	0.0	1011.0	0	0.0
info	30	169	254758.5	13	0.5957836846929423	254758.5	0	0.0	2881.5	3	0.13748854262144822	1017.0	0	0.0	1017.0	0	0.0
info	30	170	256261.5	4	0.18331805682859761	256261.5	30	1.374885426214482	2898.5	1	0.045829514207149404	1023.0	0	0.0	1023.0	0	0.0
info	30	171	257764.5	14	0.6416131989000916	257764.5	1	0.045829514207149404	2915.5	3	0.13748854262144822	1029.0	0	0.0	1029.0	0	0.0
info	30	172	259267.5	16	0.7332722273143905	259267.5	27	1.2373968835930338	2932.5	0	0.0	1035.0	0	0.0	1035.0	0	0.0
info	30	173	260770.5	3	0.13748854262144822	260770.5	2	0.09165902841429881	2949.5	1	0.045829514207149404	1041.0	0	0.0	1041.0	0	0.0
info	30	174	262273.5	17	0.7791017415215399	262273.5	0	0.0	2966.5	0	0.0	1047.0	0	0.0	1047.0	0	0.0
info	30	175	263776.5	10	0.458295142071494	263776.5	30	1.374885426214482	2983.5	1	0.045829514207149404	1053.0	0	0.0	1053.0	0	0.0
info	30	176	265279.5	10	0.458295142071494	265279.5	2	0.09165902841429881	3000.5	5	0.229147571035747	1059.0	0	0.0	1059.0	0	0.0
info	30	177	266782.5	12	0.5499541704857929	266782.5	0	0.0	3017.5	3	0.13748854262144822	1065.0	0	0.0	1065.0	0	0.0
info	30	178	268285.5	9	0.41246562786434465	268285.5	29	1.3290559120073326	3034.5	0	0.0	1071.0	0	0.0	1071.0	0	0.0
info	30	179	269788.5	14	0.6416131989000916	269788.5	1	0.045829514207149404	3051.5	0	0.0	1077.0	0	0.0	1077.0	0	0.0
info	30	180	271291.5	13	0.5957836846929423	271291.5	2	0.09165902841429881	3068.5	1	0.045829514207149404	1083.0	0	0.0	1083.0	0	0.0
info	30	181	272794.5	6	0.27497708524289644	272794.5	27	1.2373968835930338	3085.5	0	0.0	1089.0	0	0.0	1089.0	0	0.0
info	30	182	274297.5	16	0.7332722273143905	274297.5	0	0.0	3102.5	0	0.0	1095.0	0	0.0	1095.0	0	0.0
info	30	183	275800.5	11	0.5041246562786434	275800.5	30	1.374885426214482	3119.5	4	0.18331805682859761	1101.0	0	0.0	1101.0	0	0.0
info	30	184	277303.5	8	0.36663611365719523	277303.5	0	0.0	3136.5	0	0.0	1107.0	0	0.0	1107.0	0	0.0
info	30	185	278806.5	14	0.6416131989000916	278806.5	0	0.0	3153.5	0	0.0	1113.0	0	0.0	1113.0	0	0.0
info	30	186	280309.5	8	0.36663611365719523	280309.5	30	1.374885426214482	3170.5	0	0.0	1119.0	0	0.0	1119.0	0	0.0
info	30	187	281812.5	14	0.6416131989000916	281812.5	0	0.0	3187.5	0	0.0	1125.0	0	0.0	1125.0	0	0.0
info	30	188	283315.5	14	0.6416131989000916	283315.5	27	1.2373968835930338	3204.5	0	0.0	1131.0	0	0.0	1131.0	0	0.0
info	30	189	284818.5	4	0.18331805682859761	284818.5	3	0.13748854262144822	3221.5	0	0.0	1137.0	0	0.0	1137.0	0	0.0
info	30	190	286321.5	14	0.6416131989000916	286321.5	0	0.0	3238.5	1	0.045829514207149404	1143.0	0	0.0	1143.0	0	0.0
info	30	191	287824.5	14	0.6416131989000916	287824.5	30	1.374885426214482	3255.5	0	0.0	1149.0	0	0.0	1149.0	0	0.0
info	30	192	289327.5	4	0.18331805682859761	289327.5	0	0.0	3272.5	0	0.0	1155.0	0	0.0	1155.0	0	0.0
info	30	193	290830.5	17	0.7791017415215399	290830.5	0	0.0	3289.5	0	0.0	1161.0	0	0.0	1161.0	0	0.0
info	30	194	292333.5	9	0.41246562786434465	292333.5	30	1.374885426214482	3306.5	0	0.0	1167.0	0	0.0	1167.0	0	0.0
info	30	195	293836.5	11	0.5041246562786434	293836.5	0	0.0	3323.5	0	0.0	1173.0	0	0.0	1173.0	0	0.0
info	30	196	295339.5	13	0.5957836846929423	295339.5	1	0.045829514207149404	3340.5	0	0.0	1179.0	0	0.0	1179.0	0	0.0
info	30	197	296842.5	6	0.27497708524289644	296842.5	29	1.3290559120073326	3357.5	0	0.0	1185.0	0	0.0	1185.0	0	0.0
info	30	198	298345.5	13	0.5957836846929423	298345.5	0	0.0	3374.5	0	0.0	1191.0	0	0.0	1191.0	0	0.0
info	30	199	299848.5	4	0.18331805682859761	299848.5	17	0.7791017415215399	3391.5	0	0.0	1197.0	0	0.0	1197.0	0	0.0
home	30	0	740.0	8	0.3695150115473441	740.0	0	0.0	8.0	128	5.912240184757506	3.0	2165	100.0	3.0	2165	100.0
home	30	1	2220.0	22	1.0161662817551964	2220.0	30	1.3856812933025404	24.0	28	1.2933025404157044	9.0	0	0.0	9.0	0	0.0
home	30	2	3700.0	0	0.0	3700.0	0	0.0	40.0	109	5.034642032332564	15.0	0	0.0	15.0	0	0.0
home	30	3	5180.0	0	0.0	5180.0	0	0.0	56.0	103	4.757505773672055	21.0	0	0.0	21.0	0	0.0
home	30	4	6660.0	30	1.3856812933025404	6660.0	30	1.3856812933025404	72.0	118	5.450346420323326	27.0	0	0.0	27.0	0	0.0
home	30	5	8140.0	0	0.0	8140.0	0	0.0	88.0	221	10.20785219399538	33.0	0	0.0	33.0	0	0.0
home	30	6	9620.0	30	1.3856812933025404	9620.0	30	1.3856812933025404	104.0	311	14.364896073903003	39.0	0	0.0	39.0	0	0.0
home	30	7	11100.0	0	0.0	11100.0	0	0.0	120.0	238	10.993071593533488	45.0	0	0.0	45.0	0	0.0
home	30	8	12580.0	0	0.0	12580.0	0	0.0	136.0	177	8.175519630484988	51.0	0	0.0	51.0	0	0.0
home	30	9	14060.0	30	1.3856812933025404	14060.0	30	1.3856812933025404	152.0	141	6.51270207852194	57.0	0	0.0	57.0	0	0.0
home	30	10	15540.0	0	0.0	15540.0	0	0.0	168.0	160	7.390300230946883	63.0	0	0.0	63.0	0	0.0
home	30	11	17020.0	1	0.046189376443418015	17020.0	0	0.0	184.0	147	6.789838337182448	69.0	0	0.0	69.0	0	0.0
home	30	12	18500.0	29	1.3394919168591224	18500.0	30	1.3856812933025404	200.0	108	4.988452655889145	75.0	0	0.0	75.0	0	0.0
home	30	13	19980.0	0	0.0	19980.0	0	0.0	216.0	63	2.909930715935335	81.0	0	0.0	81.0	0	0.0
home	30	14	21460.0	1	0.046189376443418015	21460.0	0	0.0	232.0	20	0.9237875288683604	87.0	0	0.0	87.0	0	0.0
home	30	15	22940.0	29	1.3394919168591224	22940.0	30	1.3856812933025404	248.0	11	0.5080831408775982	93.0	0	0.0	93.0	0	0.0
home	30	16	24420.0	0	0.0	24420.0	0	0.0	264.0	17	0.7852193995381063	99.0	0	0.0	99.0	0	0.0
home	30	17	25900.0	0	0.0	25900.0	0	0.0	280.0	9	0.41570438799076215	105.0	0	0.0	105.0	0	0.0
home	30	18	27380.0	30	1.3856812933025404	27380.0	30	1.3856812933025404	296.0	9	0.41570438799076215	111.0	0	0.0	111.0	0	0.0
home	30	19	28860.0	0	0.0	28860.0	0	0.0	312.0	3	0.13856812933025403	117.0	0	0.0	117.0	0	0.0
home	30	20	30340.0	1	0.046189376443418015	30340.0	0	0.0	328.0	6	0.27713625866050806	123.0	0	0.0	123.0	0	0.0
home	30	21	31820.0	29	1.3394919168591224	31820.0	30	1.3856812933025404	344.0	1	0.046189376443418015	129.0	0	0.0	129.0	0	0.0
home	30	22	33300.0	0	0.0	33300.0	0	0.0	360.0	2	0.09237875288683603	135.0	0	0.0	135.0	0	0.0
home	30	23	34780.0	0	0.0	34780.0	0	0.0	376.0	1	0.046189376443418015	141.0	0	0.0	141.0	0	0.0
home	30	24	36260.0	30	1.3856812933025404	36260.0	30	1.3856812933025404	392.0	1	0.046189376443418015	147.0	0	0.0	147.0	0	0.0
home	30	25	37740.0	0	0.0	37740.0	0	0.0	408.0	0	0.0	153.0	0	0.0	153.0	0	0.0
home	30	26	39220.0	26	1.2009237875288683	39220.0	0	0.0	424.0	1	0.046189376443418015	159.0	0	0.0	159.0	0	0.0
home	30	27	40700.0	4	0.18475750577367206	40700.0	30	1.3856812933025404	440.0	1	0.046189376443418015	165.0	0	0.0	165.0	0	0.0
home	30	28	42180.0	2	0.09237875288683603	42180.0	0	0.0	456.0	0	0.0	171.0	0	0.0	171.0	0	0.0
home	30	29	43660.0	28	1.2933025404157044	43660.0	30	1.3856812933025404	472.0	1	0.046189376443418015	177.0	0	0.0	177.0	0	0.0
home	30	30	45140.0	0	0.0	45140.0	0	0.0	488.0	1	0.046189376443418015	183.0	0	0.0	183.0	0	0.0
home	30	31	46620.0	0	0.0	46620.0	0	0.0	504.0	0	0.0	189.0	0	0.0	189.0	0	0.0
home	30	32	48100.0	30	1.3856812933025404	48100.0	30	1.3856812933025404	520.0	0	0.0	195.0	0	0.0	195.0	0	0.0
home	30	33	49580.0	0	0.0	49580.0	0	0.0	536.0	1	0.046189376443418015	201.0	0	0.0	201.0	0	0.0
home	30	34	51060.0	0	0.0	51060.0	0	0.0	552.0	1	0.046189376443418015	207.0	0	0.0	207.0	0	0.0
home	30	35	52540.0	30	1.3856812933025404	52540.0	30	1.3856812933025404	568.0	1	0.046189376443418015	213.0	0	0.0	213.0	0	0.0
home	30	36	54020.0	0	0.0	54020.0	0	0.0	584.0	0	0.0	219.0	0	0.0	219.0	0	0.0
home	30	37	55500.0	0	0.0	55500.0	0	0.0	600.0	2	0.09237875288683603	225.0	0	0.0	225.0	0	0.0
home	30	38	56980.0	30	1.3856812933025404	56980.0	30	1.3856812933025404	616.0	0	0.0	231.0	0	0.0	231.0	0	0.0
home	30	39	58460.0	0	0.0	58460.0	0	0.0	632.0	0	0.0	237.0	0	0.0	237.0	0	0.0
home	30	40	59940.0	3	0.13856812933025403	59940.0	0	0.0	648.0	0	0.0	243.0	0	0.0	243.0	0	0.0
home	30	41	61420.0	27	1.2471131639722863	61420.0	30	1.3856812933025404	664.0	0	0.0	249.0	0	0.0	249.0	0	0.0
home	30	42	62900.0	0	0.0	62900.0	0	0.0	680.0	0	0.0	255.0	0	0.0	255.0	0	0.0
home	30	43	64380.0	27	1.2471131639722863	64380.0	11	0.5080831408775982	696.0	2	0.09237875288683603	261.0	0	0.0	261.0	0	0.0
home	30	44	65860.0	3	0.13856812933025403	65860.0	19	0.8775981524249423	712.0	0	0.0	267.0	0	0.0	267.0	0	0.0
home	30	45	67340.0	0	0.0	67340.0	0	0.0	728.0	0	0.0	273.0	0	0.0	273.0	0	0.0
home	30	46	68820.0	30	1.3856812933025404	68820.0	30	1.3856812933025404	744.0	0	0.0	279.0	0	0.0	279.0	0	0.0
home	30	47	70300.0	0	0.0	70300.0	0	0.0	760.0	0	0.0	285.0	0	0.0	285.0	0	0.0
home	30	48	71780.0	0	0.0	71780.0	0	0.0	776.0	0	0.0	291.0	0	0.0	291.0	0	0.0
home	30	49	73260.0	30	1.3856812933025404	73260.0	30	1.3856812933025404	792.0	0	0.0	297.0	0	0.0	297.0	0	0.0
home	30	50	74740.0	0	0.0	74740.0	0	0.0	808.0	0	0.0	303.0	0	0.0	303.0	0	0.0
home	30	51	76220.0	0	0.0	76220.0	0	0.0	824.0	1	0.046189376443418015	309.0	0	0.0	309.0	0	0.0
home	30	52	77700.0	30	1.3856812933025404	77700.0	30	1.3856812933025404	840.0	0	0.0	315.0	0	0.0	315.0	0	0.0
home	30	53	79180.0	0	0.0	79180.0	0	0.0	856.0	0	0.0	321.0	0	0.0	321.0	0	0.0
home	30	54	80660.0	26	1.2009237875288683	80660.0	1	0.046189376443418015	872.0	0	0.0	327.0	0	0.0	327.0	0	0.0
home	30	55	82140.0	4	0.18475750577367206	82140.0	29	1.3394919168591224	888.0	0	0.0	333.0	0	0.0	333.0	0	0.0
home	30	56	83620.0	2	0.09237875288683603	83620.0	0	0.0	904.0	0	0.0	339.0	0	0.0	339.0	0	0.0
home	30	57	85100.0	28	1.2933025404157044	85100.0	30	1.3856812933025404	920.0	0	0.0	345.0	0	0.0	345.0	0	0.0
home	30	58	86580.0	0	0.0	86580.0	0	0.0	936.0	0	0.0	351.0	0	0.0	351.0	0	0.0
home	30	59	88060.0	1	0.046189376443418015	88060.0	0	0.0	952.0	0	0.0	357.0	0	0.0	357.0	0	0.0
home	30	60	89540.0	29	1.3394919168591224	89540.0	30	1.3856812933025404	968.0	0	0.0	363.0	0	0.0	363.0	0	0.0
home	30	61	91020.0	0	0.0	91020.0	0	0.0	984.0	0	0.0	369.0	0	0.0	369.0	0	0.0
home	30	62	92500.0	4	0.18475750577367206	92500.0	0	0.0	1000.0	0	0.0	375.0	0	0.0	375.0	0	0.0
home	30	63	93980.0	26	1.2009237875288683	93980.0	30	1.3856812933025404	1016.0	0	0.0	381.0	0	0.0	381.0	0	0.0
home	30	64	95460.0	0	0.0	95460.0	0	0.0	1032.0	0	0.0	387.0	0	0.0	387.0	0	0.0
home	30	65	96940.0	30	1.3856812933025404	96940.0	15	0.6928406466512702	1048.0	0	0.0	393.0	0	0.0	393.0	0	0.0
home	30	66	98420.0	0	0.0	98420.0	15	0.6928406466512702	1064.0	0	0.0	399.0	0	0.0	399.0	0	0.0
home	30	67	99900.0	0	0.0	99900.0	0	0.0	1080.0	0	0.0	405.0	0	0.0	405.0	0	0.0
home	30	68	101380.0	30	1.3856812933025404	101380.0	30	1.3856812933025404	1096.0	0	0.0	411.0	0	0.0	411.0	0	0.0
home	30	69	102860.0	0	0.0	102860.0	0	0.0	1112.0	0	0.0	417.0	0	0.0	417.0	0	0.0
home	30	70	104340.0	0	0.0	104340.0	0	0.0	1128.0	0	0.0	423.0	0	0.0	423.0	0	0.0
home	30	71	105820.0	30	1.3856812933025404	105820.0	30	1.3856812933025404	1144.0	0	0.0	429.0	0	0.0	429.0	0	0.0
home	30	72	107300.0	0	0.0	107300.0	0	0.0	1160.0	0	0.0	435.0	0	0.0	435.0	0	0.0
home	30	73	108780.0	26	1.2009237875288683	108780.0	1	0.046189376443418015	1176.0	0	0.0	441.0	0	0.0	441.0	0	0.0
home	30	74	110260.0	4	0.18475750577367206	110260.0	29	1.3394919168591224	1192.0	0	0.0	447.0	0	0.0	447.0	0	0.0
home	30	75	111740.0	0	0.0	111740.0	0	0.0	1208.0	1	0.046189376443418015	453.0	0	0.0	453.0	0	0.0
home	30	76	113220.0	30	1.3856812933025404	113220.0	30	1.3856812933025404	1224.0	1	0.046189376443418015	459.0	0	0.0	459.0	0	0.0
home	30	77	114700.0	0	0.0	114700.0	0	0.0	1240.0	0	0.0	465.0	0	0.0	465.0	0	0.0
home	30	78	116180.0	0	0.0	116180.0	0	0.0	1256.0	0	0.0	471.0	0	0.0	471.0	0	0.0
home	30	79	117660.0	30	1.3856812933025404	117660.0	30	1.3856812933025404	1272.0	0	0.0	477.0	0	0.0	477.0	0	0.0
home	30	80	119140.0	0	0.0	119140.0	0	0.0	1288.0	0	0.0	483.0	0	0.0	483.0	0	0.0
home	30	81	120620.0	0	0.0	120620.0	0	0.0	1304.0	1	0.046189376443418015	489.0	0	0.0	489.0	0	0.0
home	30	82	122100.0	30	1.3856812933025404	122100.0	30	1.3856812933025404	1320.0	0	0.0	495.0	0	0.0	495.0	0	0.0
home	30	83	123580.0	0	0.0	123580.0	0	0.0	1336.0	0	0.0	501.0	0	0.0	501.0	0	0.0
home	30	84	125060.0	0	0.0	125060.0	0	0.0	1352.0	0	0.0	507.0	0	0.0	507.0	0	0.0
home	30	85	126540.0	30	1.3856812933025404	126540.0	30	1.3856812933025404	1368.0	0	0.0	513.0	0	0.0	513.0	0	0.0
home	30	86	128020.0	0	0.0	128020.0	0	0.0	1384.0	0	0.0	519.0	0	0.0	519.0	0	0.0
home	30	87	129500.0	30	1.3856812933025404	129500.0	30	1.3856812933025404	1400.0	0	0.0	525.0	0	0.0	525.0	0	0.0
home	30	88	130980.0	0	0.0	130980.0	0	0.0	1416.0	0	0.0	531.0	0	0.0	531.0	0	0.0
home	30	89	132460.0	0	0.0	132460.0	0	0.0	1432.0	0	0.0	537.0	0	0.0	537.0	0	0.0
home	30	90	133940.0	30	1.3856812933025404	133940.0	30	1.3856812933025404	1448.0	1	0.046189376443418015	543.0	0	0.0	543.0	0	0.0
home	30	91	135420.0	0	0.0	135420.0	0	0.0	1464.0	1	0.046189376443418015	549.0	0	0.0	549.0	0	0.0
home	30	92	136900.0	1	0.046189376443418015	136900.0	0	0.0	1480.0	0	0.0	555.0	0	0.0	555.0	0	0.0
home	30	93	138380.0	29	1.3394919168591224	138380.0	30	1.3856812933025404	1496.0	1	0.046189376443418015	561.0	0	0.0	561.0	0	0.0
home	30	94	139860.0	0	0.0	139860.0	0	0.0	1512.0	0	0.0	567.0	0	0.0	567.0	0	0.0
home	30	95	141340.0	0	0.0	141340.0	0	0.0	1528.0	0	0.0	573.0	0	0.0	573.0	0	0.0
home	30	96	142820.0	30	1.3856812933025404	142820.0	30	1.3856812933025404	1544.0	0	0.0	579.0	0	0.0	579.0	0	0.0
home	30	97	144300.0	0	0.0	144300.0	0	0.0	1560.0	0	0.0	585.0	0	0.0	585.0	0	0.0
home	30	98	145780.0	0	0.0	145780.0	0	0.0	1576.0	0	0.0	591.0	0	0.0	591.0	0	0.0
home	30	99	147260.0	30	1.3856812933025404	147260.0	30	1.3856812933025404	1592.0	0	0.0	597.0	0	0.0	597.0	0	0.0
home	30	100	148740.0	0	0.0	148740.0	0	0.0	1608.0	0	0.0	603.0	0	0.0	603.0	0	0.0
home	30	101	150220.0	0	0.0	150220.0	0	0.0	1624.0	0	0.0	609.0	0	0.0	609.0	0	0.0
home	30	102	151700.0	30	1.3856812933025404	151700.0	30	1.3856812933025404	1640.0	0	0.0	615.0	0	0.0	615.0	0	0.0
home	30	103	153180.0	0	0.0	153180.0	0	0.0	1656.0	0	0.0	621.0	0	0.0	621.0	0	0.0
home	30	104	154660.0	0	0.0	154660.0	0	0.0	1672.0	0	0.0	627.0	0	0.0	627.0	0	0.0
home	30	105	156140.0	30	1.3856812933025404	156140.0	30	1.3856812933025404	1688.0	0	0.0	633.0	0	0.0	633.0	0	0.0
home	30	106	157620.0	0	0.0	157620.0	0	0.0	1704.0	4	0.18475750577367206	639.0	0	0.0	639.0	0	0.0
home	30	107	159100.0	30	1.3856812933025404	159100.0	30	1.3856812933025404	1720.0	0	0.0	645.0	0	0.0	645.0	0	0.0
home	30	108	160580.0	0	0.0	160580.0	0	0.0	1736.0	2	0.09237875288683603	651.0	0	0.0	651.0	0	0.0
home	30	109	162060.0	1	0.046189376443418015	162060.0	0	0.0	1752.0	0	0.0	657.0	0	0.0	657.0	0	0.0
home	30	110	163540.0	29	1.3394919168591224	163540.0	30	1.3856812933025404	1768.0	0	0.0	663.0	0	0.0	663.0	0	0.0
home	30	111	165020.0	1	0.046189376443418015	165020.0	0	0.0	1784.0	1	0.046189376443418015	669.0	0	0.0	669.0	0	0.0
home	30	112	166500.0	0	0.0	166500.0	0	0.0	1800.0	0	0.0	675.0	0	0.0	675.0	0	0.0
home	30	113	167980.0	29	1.3394919168591224	167980.0	30	1.3856812933025404	1816.0	2	0.09237875288683603	681.0	0	0.0	681.0	0	0.0
home	30	114	169460.0	1	0.046189376443418015	169460.0	1	0.046189376443418015	1832.0	0	0.0	687.0	0	0.0	687.0	0	0.0
home	30	115	170940.0	0	0.0	170940.0	0	0.0	1848.0	0	0.0	693.0	0	0.0	693.0	0	0.0
home	30	116	172420.0	31	1.4318706697459584	172420.0	31	1.4318706697459584	1864.0	0	0.0	699.0	0	0.0	699.0	0	0.0
home	30	117	173900.0	0	0.0	173900.0	0	0.0	1880.0	0	0.0	705.0	0	0.0	705.0	0	0.0
home	30	118	175380.0	8	0.3695150115473441	175380.0	0	0.0	1896.0	0	0.0	711.0	0	0.0	711.0	0	0.0
home	30	119	176860.0	22	1.0161662817551964	176860.0	30	1.3856812933025404	1912.0	0	0.0	717.0	0	0.0	717.0	0	0.0
home	30	120	178340.0	0	0.0	178340.0	0	0.0	1928.0	0	0.0	723.0	0	0.0	723.0	0	0.0
home	30	121	179820.0	30	1.3856812933025404	179820.0	30	1.3856812933025404	1944.0	0	0.0	729.0	0	0.0	729.0	0	0.0
home	30	122	181300.0	0	0.0	181300.0	0	0.0	1960.0	0	0.0	735.0	0	0.0	735.0	0	0.0
home	30	123	182780.0	1	0.046189376443418015	182780.0	0	0.0	1976.0	0	0.0	741.0	0	0.0	741.0	0	0.0
home	30	124	184260.0	29	1.3394919168591224	184260.0	30	1.3856812933025404	1992.0	0	0.0	747.0	0	0.0	747.0	0	0.0
home	30	125	185740.0	0	0.0	185740.0	0	0.0	2008.0	0	0.0	753.0	0	0.0	753.0	0	0.0
home	30	126	187220.0	0	0.0	187220.0	0	0.0	2024.0	0	0.0	759.0	0	0.0	759.0	0	0.0
home	30	127	188700.0	30	1.3856812933025404	188700.0	30	1.3856812933025404	2040.0	0	0.0	765.0	0	0.0	765.0	0	0.0
home	30	128	190180.0	0	0.0	190180.0	0	0.0	2056.0	0	0.0	771.0	0	0.0	771.0	0	0.0
home	30	129	191660.0	0	0.0	191660.0	0	0.0	2072.0	0	0.0	777.0	0	0.0	777.0	0	0.0
home	30	130	193140.0	30	1.3856812933025404	193140.0	30	1.3856812933025404	2088.0	0	0.0	783.0	0	0.0	783.0	0	0.0
home	30	131	194620.0	0	0.0	194620.0	0	0.0	2104.0	1	0.046189376443418015	789.0	0	0.0	789.0	0	0.0
home	30	132	196100.0	27	1.2471131639722863	196100.0	27	1.2471131639722863	2120.0	1	0.046189376443418015	795.0	0	0.0	795.0	0	0.0
home	30	133	197580.0	3	0.13856812933025403	197580.0	3	0.13856812933025403	2136.0	0	0.0	801.0	0	0.0	801.0	0	0.0
home	30	134	199060.0	0	0.0	199060.0	0	0.0	2152.0	0	0.0	807.0	0	0.0	807.0	0	0.0
home	30	135	200540.0	30	1.3856812933025404	200540.0	30	1.3856812933025404	2168.0	0	0.0	813.0	0	0.0	813.0	0	0.0
home	30	136	202020.0	0	0.0	202020.0	0	0.0	2184.0	0	0.0	819.0	0	0.0	819.0	0	0.0
home	30	137	203500.0	0	0.0	203500.0	0	0.0	2200.0	0	0.0	825.0	0	0.0	825.0	0	0.0
home	30	138	204980.0	30	1.3856812933025404	204980.0	30	1.3856812933025404	2216.0	0	0.0	831.0	0	0.0	831.0	0	0.0
home	30	139	206460.0	0	0.0	206460.0	0	0.0	2232.0	2	0.09237875288683603	837.0	0	0.0	837.0	0	0.0
home	30	140	207940.0	0	0.0	207940.0	0	0.0	2248.0	0	0.0	843.0	0	0.0	843.0	0	0.0
home	30	141	209420.0	30	1.3856812933025404	209420.0	30	1.3856812933025404	2264.0	0	0.0	849.0	0	0.0	849.0	0	0.0
home	30	142	210900.0	1	0.046189376443418015	210900.0	0	0.0	2280.0	0	0.0	855.0	0	0.0	855.0	0	0.0
home	30	143	212380.0	29	1.3394919168591224	212380.0	30	1.3856812933025404	2296.0	0	0.0	861.0	0	0.0	861.0	0	0.0
home	30	144	213860.0	0	0.0	213860.0	0	0.0	2312.0	0	0.0	867.0	0	0.0	867.0	0	0.0
home	30	145	215340.0	0	0.0	215340.0	0	0.0	2328.0	0	0.0	873.0	0	0.0	873.0	0	0.0
home	30	146	216820.0	30	1.3856812933025404	216820.0	30	1.3856812933025404	2344.0	0	0.0	879.0	0	0.0	879.0	0	0.0
home	30	147	218300.0	0	0.0	218300.0	0	0.0	2360.0	0	0.0	885.0	0	0.0	885.0	0	0.0
home	30	148	219780.0	17	0.7852193995381063	219780.0	0	0.0	2376.0	0	0.0	891.0	0	0.0	891.0	0	0.0
home	30	149	221260.0	13	0.6004618937644342	221260.0	30	1.3856812933025404	2392.0	0	0.0	897.0	0	0.0	897.0	0	0.0
home	30	150	222740.0	0	0.0	222740.0	0	0.0	2408.0	0	0.0	903.0	0	0.0	903.0	0	0.0
home	30	151	224220.0	27	1.2471131639722863	224220.0	10	0.4618937644341802	2424.0	0	0.0	909.0	0	0.0	909.0	0	0.0
home	30	152	225700.0	3	0.13856812933025403	225700.0	20	0.9237875288683604	2440.0	0	0.0	915.0	0	0.0	915.0	0	0.0
home	30	153	227180.0	0	0.0	227180.0	0	0.0	2456.0	0	0.0	921.0	0	0.0	921.0	0	0.0
home	30	154	228660.0	30	1.3856812933025404	228660.0	30	1.3856812933025404	2472.0	0	0.0	927.0	0	0.0	927.0	0	0.0
home	30	155	230140.0	0	0.0	230140.0	0	0.0	2488.0	0	0.0	933.0	0	0.0	933.0	0	0.0
home	30	156	231620.0	0	0.0	231620.0	0	0.0	2504.0	0	0.0	939.0	0	0.0	939.0	0	0.0
home	30	157	233100.0	30	1.3856812933025404	233100.0	30	1.3856812933025404	2520.0	0	0.0	945.0	0	0.0	945.0	0	0.0
home	30	158	234580.0	0	0.0	234580.0	0	0.0	2536.0	0	0.0	951.0	0	0.0	951.0	0	0.0
home	30	159	236060.0	0	0.0	236060.0	0	0.0	2552.0	0	0.0	957.0	0	0.0	957.0	0	0.0
home	30	160	237540.0	30	1.3856812933025404	237540.0	30	1.3856812933025404	2568.0	0	0.0	963.0	0	0.0	963.0	0	0.0
home	30	161	239020.0	2	0.09237875288683603	239020.0	1	0.046189376443418015	2584.0	0	0.0	969.0	0	0.0	969.0	0	0.0
home	30	162	240500.0	0	0.0	240500.0	1	0.046189376443418015	2600.0	1	0.046189376443418015	975.0	0	0.0	975.0	0	0.0
home	30	163	241980.0	30	1.3856812933025404	241980.0	30	1.3856812933025404	2616.0	0	0.0	981.0	0	0.0	981.0	0	0.0
home	30	164	243460.0	0	0.0	243460.0	0	0.0	2632.0	0	0.0	987.0	0	0.0	987.0	0	0.0
home	30	165	244940.0	0	0.0	244940.0	0	0.0	2648.0	0	0.0	993.0	0	0.0	993.0	0	0.0
home	30	166	246420.0	30	1.3856812933025404	246420.0	30	1.3856812933025404	2664.0	0	0.0	999.0	0	0.0	999.0	0	0.0
home	30	167	247900.0	0	0.0	247900.0	0	0.0	2680.0	0	0.0	1005.0	0	0.0	1005.0	0	0.0
home	30	168	249380.0	0	0.0	249380.0	0	0.0	2696.0	0	0.0	1011.0	0	0.0	1011.0	0	0.0
home	30	169	250860.0	30	1.3856812933025404	250860.0	30	1.3856812933025404	2712.0	0	0.0	1017.0	0	0.0	1017.0	0	0.0
home	30	170	252340.0	0	0.0	252340.0	0	0.0	2728.0	0	0.0	1023.0	0	0.0	1023.0	0	0.0
home	30	171	253820.0	0	0.0	253820.0	0	0.0	2744.0	0	0.0	1029.0	0	0.0	1029.0	0	0.0
home	30	172	255300.0	30	1.3856812933025404	255300.0	30	1.3856812933025404	2760.0	0	0.0	1035.0	0	0.0	1035.0	0	0.0
home	30	173	256780.0	1	0.046189376443418015	256780.0	0	0.0	2776.0	0	0.0	1041.0	0	0.0	1041.0	0	0.0
home	30	174	258260.0	1	0.046189376443418015	258260.0	0	0.0	2792.0	0	0.0	1047.0	0	0.0	1047.0	0	0.0
home	30	175	259740.0	28	1.2933025404157044	259740.0	30	1.3856812933025404	2808.0	0	0.0	1053.0	0	0.0	1053.0	0	0.0
home	30	176	261220.0	0	0.0	261220.0	0	0.0	2824.0	0	0.0	1059.0	0	0.0	1059.0	0	0.0
home	30	177	262700.0	30	1.3856812933025404	262700.0	30	1.3856812933025404	2840.0	0	0.0	1065.0	0	0.0	1065.0	0	0.0
home	30	178	264180.0	2	0.09237875288683603	264180.0	1	0.046189376443418015	2856.0	0	0.0	1071.0	0	0.0	1071.0	0	0.0
home	30	179	265660.0	0	0.0	265660.0	0	0.0	2872.0	0	0.0	1077.0	0	0.0	1077.0	0	0.0
home	30	180	267140.0	29	1.3394919168591224	267140.0	30	1.3856812933025404	2888.0	0	0.0	1083.0	0	0.0	1083.0	0	0.0
home	30	181	268620.0	0	0.0	268620.0	0	0.0	2904.0	0	0.0	1089.0	0	0.0	1089.0	0	0.0
home	30	182	270100.0	1	0.046189376443418015	270100.0	0	0.0	2920.0	0	0.0	1095.0	0	0.0	1095.0	0	0.0
home	30	183	271580.0	29	1.3394919168591224	271580.0	30	1.3856812933025404	2936.0	0	0.0	1101.0	0	0.0	1101.0	0	0.0
home	30	184	273060.0	0	0.0	273060.0	0	0.0	2952.0	0	0.0	1107.0	0	0.0	1107.0	0	0.0
home	30	185	274540.0	27	1.2471131639722863	274540.0	6	0.27713625866050806	2968.0	0	0.0	1113.0	0	0.0	1113.0	0	0.0
home	30	186	276020.0	3	0.13856812933025403	276020.0	24	1.1085450346420322	2984.0	0	0.0	1119.0	0	0.0	1119.0	0	0.0
home	30	187	277500.0	0	0.0	277500.0	0	0.0	3000.0	0	0.0	1125.0	0	0.0	1125.0	0	0.0
home	30	188	278980.0	30	1.3856812933025404	278980.0	30	1.3856812933025404	3016.0	0	0.0	1131.0	0	0.0	1131.0	0	0.0
home	30	189	280460.0	0	0.0	280460.0	0	0.0	3032.0	0	0.0	1137.0	0	0.0	1137.0	0	0.0
home	30	190	281940.0	0	0.0	281940.0	0	0.0	3048.0	1	0.046189376443418015	1143.0	0	0.0	1143.0	0	0.0
home	30	191	283420.0	30	1.3856812933025404	283420.0	30	1.3856812933025404	3064.0	0	0.0	1149.0	0	0.0	1149.0	0	0.0
home	30	192	284900.0	0	0.0	284900.0	0	0.0	3080.0	0	0.0	1155.0	0	0.0	1155.0	0	0.0
home	30	193	286380.0	0	0.0	286380.0	0	0.0	3096.0	0	0.0	1161.0	0	0.0	1161.0	0	0.0
home	30	194	287860.0	30	1.3856812933025404	287860.0	30	1.3856812933025404	3112.0	0	0.0	1167.0	0	0.0	1167.0	0	0.0
home	30	195	289340.0	0	0.0	289340.0	0	0.0	3128.0	0	0.0	1173.0	0	0.0	1173.0	0	0.0
home	30	196	290820.0	0	0.0	290820.0	0	0.0	3144.0	0	0.0	1179.0	0	0.0	1179.0	0	0.0
home	30	197	292300.0	30	1.3856812933025404	292300.0	30	1.3856812933025404	3160.0	0	0.0	1185.0	0	0.0	1185.0	0	0.0
home	30	198	293780.0	0	0.0	293780.0	0	0.0	3176.0	0	0.0	1191.0	0	0.0	1191.0	0	0.0
home	30	199	295260.0	30	1.3856812933025404	295260.0	30	1.3856812933025404	3192.0	0	0.0	1197.0	0	0.0	1197.0	0	0.0
