'Request type'	'Load'	'Bucket'	'Start time'	'Absolute'	'Percent of requests'	'End time'	'Absolute'	'Percent of requests'	'Residence time'	'Absolute'	'Percent of requests'	'Theor. think time'	'Absolute'	'Percent of requests'	'Actual think time'	'Absolute'	'Percent of requests'
login	20	0	752.5	20	0.9900990099009901	752.5	14	0.6930693069306931	6.5	0	0.0	3.0	2020	100.0	3.0	2020	100.0
login	20	1	2257.5	20	0.9900990099009901	2257.5	7	0.34653465346534656	19.5	0	0.0	9.0	0	0.0	9.0	0	0.0
login	20	2	3762.5	0	0.0	3762.5	16	0.7920792079207921	32.5	0	0.0	15.0	0	0.0	15.0	0	0.0
login	20	3	5267.5	20	0.9900990099009901	5267.5	4	0.19801980198019803	45.5	0	0.0	21.0	0	0.0	21.0	0	0.0
login	20	4	6772.5	0	0.0	6772.5	16	0.7920792079207921	58.5	0	0.0	27.0	0	0.0	27.0	0	0.0
login	20	5	8277.5	20	0.9900990099009901	8277.5	4	0.19801980198019803	71.5	0	0.0	33.0	0	0.0	33.0	0	0.0
login	20	6	9782.5	0	0.0	9782.5	14	0.6930693069306931	84.5	0	0.0	39.0	0	0.0	39.0	0	0.0
login	20	7	11287.5	20	0.9900990099009901	11287.5	5	0.24752475247524752	97.5	0	0.0	45.0	0	0.0	45.0	0	0.0
login	20	8	12792.5	0	0.0	12792.5	16	0.7920792079207921	110.5	0	0.0	51.0	0	0.0	51.0	0	0.0
login	20	9	14297.5	20	0.9900990099009901	14297.5	4	0.19801980198019803	123.5	2	0.09900990099009901	57.0	0	0.0	57.0	0	0.0
login	20	10	15802.5	0	0.0	15802.5	14	0.6930693069306931	136.5	0	0.0	63.0	0	0.0	63.0	0	0.0
login	20	11	17307.5	20	0.9900990099009901	17307.5	6	0.29702970297029707	149.5	0	0.0	69.0	0	0.0	69.0	0	0.0
login	20	12	18812.5	0	0.0	18812.5	14	0.6930693069306931	162.5	3	0.14851485148514854	75.0	0	0.0	75.0	0	0.0
login	20	13	20317.5	12	0.5940594059405941	20317.5	6	0.29702970297029707	175.5	5	0.24752475247524752	81.0	0	0.0	81.0	0	0.0
login	20	14	21822.5	8	0.39603960396039606	21822.5	13	0.6435643564356436	188.5	7	0.34653465346534656	87.0	0	0.0	87.0	0	0.0
login	20	15	23327.5	20	0.9900990099009901	23327.5	7	0.34653465346534656	201.5	11	0.5445544554455446	93.0	0	0.0	93.0	0	0.0
login	20	16	24832.5	0	0.0	24832.5	14	0.6930693069306931	214.5	5	0.24752475247524752	99.0	0	0.0	99.0	0	0.0
login	20	17	26337.5	0	0.0	26337.5	6	0.29702970297029707	227.5	3	0.14851485148514854	105.0	0	0.0	105.0	0	0.0
login	20	18	27842.5	20	0.9900990099009901	27842.5	11	0.5445544554455446	240.5	5	0.24752475247524752	111.0	0	0.0	111.0	0	0.0
login	20	19	29347.5	0	0.0	29347.5	9	0.44554455445544555	253.5	8	0.39603960396039606	117.0	0	0.0	117.0	0	0.0
login	20	20	30852.5	20	0.9900990099009901	30852.5	15	0.7425742574257426	266.5	10	0.49504950495049505	123.0	0	0.0	123.0	0	0.0
login	20	21	32357.5	20	0.9900990099009901	32357.5	5	0.24752475247524752	279.5	9	0.44554455445544555	129.0	0	0.0	129.0	0	0.0
login	20	22	33862.5	0	0.0	33862.5	16	0.7920792079207921	292.5	19	0.9405940594059407	135.0	0	0.0	135.0	0	0.0
login	20	23	35367.5	20	0.9900990099009901	35367.5	4	0.19801980198019803	305.5	14	0.6930693069306931	141.0	0	0.0	141.0	0	0.0
login	20	24	36872.5	0	0.0	36872.5	11	0.5445544554455446	318.5	15	0.7425742574257426	147.0	0	0.0	147.0	0	0.0
login	20	25	38377.5	0	0.0	38377.5	9	0.44554455445544555	331.5	7	0.34653465346534656	153.0	0	0.0	153.0	0	0.0
login	20	26	39882.5	20	0.9900990099009901	39882.5	10	0.49504950495049505	344.5	12	0.5940594059405941	159.0	0	0.0	159.0	0	0.0
login	20	27	41387.5	0	0.0	41387.5	10	0.49504950495049505	357.5	3	0.14851485148514854	165.0	0	0.0	165.0	0	0.0
login	20	28	42892.5	20	0.9900990099009901	42892.5	15	0.7425742574257426	370.5	13	0.6435643564356436	171.0	0	0.0	171.0	0	0.0
login	20	29	44397.5	20	0.9900990099009901	44397.5	5	0.24752475247524752	383.5	3	0.14851485148514854	177.0	0	0.0	177.0	0	0.0
login	20	30	45902.5	0	0.0	45902.5	14	0.6930693069306931	396.5	14	0.6930693069306931	183.0	0	0.0	183.0	0	0.0
login	20	31	47407.5	20	0.9900990099009901	47407.5	6	0.29702970297029707	409.5	9	0.44554455445544555	189.0	0	0.0	189.0	0	0.0
login	20	32	48912.5	0	0.0	48912.5	14	0.6930693069306931	422.5	12	0.5940594059405941	195.0	0	0.0	195.0	0	0.0
login	20	33	50417.5	8	0.39603960396039606	50417.5	6	0.29702970297029707	435.5	11	0.5445544554455446	201.0	0	0.0	201.0	0	0.0
login	20	34	51922.5	12	0.5940594059405941	51922.5	12	0.5940594059405941	448.5	15	0.7425742574257426	207.0	0	0.0	207.0	0	0.0
login	20	35	53427.5	0	0.0	53427.5	8	0.39603960396039606	461.5	12	0.5940594059405941	213.0	0	0.0	213.0	0	0.0
login	20	36	54932.5	20	0.9900990099009901	54932.5	13	0.6435643564356436	474.5	18	0.8910891089108911	219.0	0	0.0	219.0	0	0.0
login	20	37	56437.5	0	0.0	56437.5	7	0.34653465346534656	487.5	22	1.0891089108910892	225.0	0	0.0	225.0	0	0.0
login	20	38	57942.5	20	0.9900990099009901	57942.5	9	0.44554455445544555	500.5	34	1.6831683168316833	231.0	0	0.0	231.0	0	0.0
login	20	39	59447.5	0	0.0	59447.5	11	0.5445544554455446	513.5	20	0.9900990099009901	237.0	0	0.0	237.0	0	0.0
login	20	40	60952.5	20	0.9900990099009901	60952.5	11	0.5445544554455446	526.5	15	0.7425742574257426	243.0	0	0.0	243.0	0	0.0
login	20	41	62457.5	1	0.04950495049504951	62457.5	9	0.44554455445544555	539.5	14	0.6930693069306931	249.0	0	0.0	249.0	0	0.0
login	20	42	63962.5	19	0.9405940594059407	63962.5	12	0.5940594059405941	552.5	12	0.5940594059405941	255.0	0	0.0	255.0	0	0.0
login	20	43	65467.5	17	0.8415841584158417	65467.5	8	0.39603960396039606	565.5	13	0.6435643564356436	261.0	0	0.0	261.0	0	0.0
login	20	44	66972.5	3	0.14851485148514854	66972.5	14	0.6930693069306931	578.5	25	1.2376237623762376	267.0	0	0.0	267.0	0	0.0
login	20	45	68477.5	18	0.8910891089108911	68477.5	7	0.34653465346534656	591.5	10	0.49504950495049505	273.0	0	0.0	273.0	0	0.0
login	20	46	69982.5	2	0.09900990099009901	69982.5	15	0.7425742574257426	604.5	20	0.9900990099009901	279.0	0	0.0	279.0	0	0.0
login	20	47	71487.5	20	0.9900990099009901	71487.5	6	0.29702970297029707	617.5	19	0.9405940594059407	285.0	0	0.0	285.0	0	0.0
login	20	48	72992.5	0	0.0	72992.5	18	0.8910891089108911	630.5	13	0.6435643564356436	291.0	0	0.0	291.0	0	0.0
login	20	49	74497.5	20	0.9900990099009901	74497.5	4	0.19801980198019803	643.5	10	0.49504950495049505	297.0	0	0.0	297.0	0	0.0
login	20	50	76002.5	0	0.0	76002.5	13	0.6435643564356436	656.5	19	0.9405940594059407	303.0	0	0.0	303.0	0	0.0
login	20	51	77507.5	20	0.9900990099009901	77507.5	4	0.19801980198019803	669.5	17	0.8415841584158417	309.0	0	0.0	309.0	0	0.0
login	20	52	79012.5	0	0.0	79012.5	15	0.7425742574257426	682.5	10	0.49504950495049505	315.0	0	0.0	315.0	0	0.0
login	20	53	80517.5	20	0.9900990099009901	80517.5	4	0.19801980198019803	695.5	17	0.8415841584158417	321.0	0	0.0	321.0	0	0.0
login	20	54	82022.5	0	0.0	82022.5	14	0.6930693069306931	708.5	9	0.44554455445544555	327.0	0	0.0	327.0	0	0.0
login	20	55	83527.5	20	0.9900990099009901	83527.5	6	0.29702970297029707	721.5	19	0.9405940594059407	333.0	0	0.0	333.0	0	0.0
login	20	56	85032.5	0	0.0	85032.5	16	0.7920792079207921	734.5	16	0.7920792079207921	339.0	0	0.0	339.0	0	0.0
login	20	57	86537.5	20	0.9900990099009901	86537.5	4	0.19801980198019803	747.5	13	0.6435643564356436	345.0	0	0.0	345.0	0	0.0
login	20	58	88042.5	0	0.0	88042.5	12	0.5940594059405941	760.5	7	0.34653465346534656	351.0	0	0.0	351.0	0	0.0
login	20	59	89547.5	0	0.0	89547.5	8	0.39603960396039606	773.5	8	0.39603960396039606	357.0	0	0.0	357.0	0	0.0
login	20	60	91052.5	20	0.9900990099009901	91052.5	16	0.7920792079207921	786.5	22	1.0891089108910892	363.0	0	0.0	363.0	0	0.0
login	20	61	92557.5	20	0.9900990099009901	92557.5	4	0.19801980198019803	799.5	15	0.7425742574257426	369.0	0	0.0	369.0	0	0.0
login	20	62	94062.5	0	0.0	94062.5	20	0.9900990099009901	812.5	13	0.6435643564356436	375.0	0	0.0	375.0	0	0.0
login	20	63	95567.5	20	0.9900990099009901	95567.5	5	0.24752475247524752	825.5	11	0.5445544554455446	381.0	0	0.0	381.0	0	0.0
login	20	64	97072.5	0	0.0	97072.5	15	0.7425742574257426	838.5	17	0.8415841584158417	387.0	0	0.0	387.0	0	0.0
login	20	65	98577.5	20	0.9900990099009901	98577.5	4	0.19801980198019803	851.5	4	0.19801980198019803	393.0	0	0.0	393.0	0	0.0
login	20	66	100082.5	0	0.0	100082.5	16	0.7920792079207921	864.5	19	0.9405940594059407	399.0	0	0.0	399.0	0	0.0
login	20	67	101587.5	20	0.9900990099009901	101587.5	6	0.29702970297029707	877.5	12	0.5940594059405941	405.0	0	0.0	405.0	0	0.0
login	20	68	103092.5	0	0.0	103092.5	14	0.6930693069306931	890.5	17	0.8415841584158417	411.0	0	0.0	411.0	0	0.0
login	20	69	104597.5	20	0.9900990099009901	104597.5	5	0.24752475247524752	903.5	18	0.8910891089108911	417.0	0	0.0	417.0	0	0.0
login	20	70	106102.5	0	0.0	106102.5	15	0.7425742574257426	916.5	11	0.5445544554455446	423.0	0	0.0	423.0	0	0.0
login	20	71	107607.5	20	0.9900990099009901	107607.5	4	0.19801980198019803	929.5	10	0.49504950495049505	429.0	0	0.0	429.0	0	0.0
login	20	72	109112.5	0	0.0	109112.5	15	0.7425742574257426	942.5	8	0.39603960396039606	435.0	0	0.0	435.0	0	0.0
login	20	73	110617.5	20	0.9900990099009901	110617.5	5	0.24752475247524752	955.5	9	0.44554455445544555	441.0	0	0.0	441.0	0	0.0
login	20	74	112122.5	0	0.0	112122.5	16	0.7920792079207921	968.5	14	0.6930693069306931	447.0	0	0.0	447.0	0	0.0
login	20	75	113627.5	20	0.9900990099009901	113627.5	8	0.39603960396039606	981.5	16	0.7920792079207921	453.0	0	0.0	453.0	0	0.0
login	20	76	115132.5	0	0.0	115132.5	12	0.5940594059405941	994.5	15	0.7425742574257426	459.0	0	0.0	459.0	0	0.0
login	20	77	116637.5	20	0.9900990099009901	116637.5	6	0.29702970297029707	1007.5	19	0.9405940594059407	465.0	0	0.0	465.0	0	0.0
login	20	78	118142.5	0	0.0	118142.5	14	0.6930693069306931	1020.5	20	0.9900990099009901	471.0	0	0.0	471.0	0	0.0
login	20	79	119647.5	20	0.9900990099009901	119647.5	6	0.29702970297029707	1033.5	9	0.44554455445544555	477.0	0	0.0	477.0	0	0.0
login	20	80	121152.5	0	0.0	121152.5	14	0.6930693069306931	1046.5	11	0.5445544554455446	483.0	0	0.0	483.0	0	0.0
login	20	81	122657.5	20	0.9900990099009901	122657.5	9	0.44554455445544555	1059.5	10	0.49504950495049505	489.0	0	0.0	489.0	0	0.0
login	20	82	124162.5	0	0.0	124162.5	11	0.5445544554455446	1072.5	11	0.5445544554455446	495.0	0	0.0	495.0	0	0.0
login	20	83	125667.5	20	0.9900990099009901	125667.5	9	0.44554455445544555	1085.5	13	0.6435643564356436	501.0	0	0.0	501.0	0	0.0
login	20	84	127172.5	0	0.0	127172.5	11	0.5445544554455446	1098.5	18	0.8910891089108911	507.0	0	0.0	507.0	0	0.0
login	20	85	128677.5	20	0.9900990099009901	128677.5	9	0.44554455445544555	1111.5	17	0.8415841584158417	513.0	0	0.0	513.0	0	0.0
login	20	86	130182.5	0	0.0	130182.5	11	0.5445544554455446	1124.5	11	0.5445544554455446	519.0	0	0.0	519.0	0	0.0
login	20	87	131687.5	20	0.9900990099009901	131687.5	8	0.39603960396039606	1137.5	12	0.5940594059405941	525.0	0	0.0	525.0	0	0.0
login	20	88	133192.5	0	0.0	133192.5	12	0.5940594059405941	1150.5	8	0.39603960396039606	531.0	0	0.0	531.0	0	0.0
login	20	89	134697.5	20	0.9900990099009901	134697.5	7	0.34653465346534656	1163.5	18	0.8910891089108911	537.0	0	0.0	537.0	0	0.0
login	20	90	136202.5	0	0.0	136202.5	13	0.6435643564356436	1176.5	13	0.6435643564356436	543.0	0	0.0	543.0	0	0.0
login	20	91	137707.5	20	0.9900990099009901	137707.5	5	0.24752475247524752	1189.5	17	0.8415841584158417	549.0	0	0.0	549.0	0	0.0
login	20	92	139212.5	0	0.0	139212.5	15	0.7425742574257426	1202.5	17	0.8415841584158417	555.0	0	0.0	555.0	0	0.0
login	20	93	140717.5	20	0.9900990099009901	140717.5	7	0.34653465346534656	1215.5	12	0.5940594059405941	561.0	0	0.0	561.0	0	0.0
login	20	94	142222.5	0	0.0	142222.5	13	0.6435643564356436	1228.5	17	0.8415841584158417	567.0	0	0.0	567.0	0	0.0
login	20	95	143727.5	20	0.9900990099009901	143727.5	5	0.24752475247524752	1241.5	15	0.7425742574257426	573.0	0	0.0	573.0	0	0.0
login	20	96	145232.5	0	0.0	145232.5	15	0.7425742574257426	1254.5	12	0.5940594059405941	579.0	0	0.0	579.0	0	0.0
login	20	97	146737.5	20	0.9900990099009901	146737.5	6	0.29702970297029707	1267.5	11	0.5445544554455446	585.0	0	0.0	585.0	0	0.0
login	20	98	148242.5	0	0.0	148242.5	14	0.6930693069306931	1280.5	23	1.1386138613861387	591.0	0	0.0	591.0	0	0.0
login	20	99	149747.5	20	0.9900990099009901	149747.5	3	0.14851485148514854	1293.5	20	0.9900990099009901	597.0	0	0.0	597.0	0	0.0
login	20	100	151252.5	0	0.0	151252.5	17	0.8415841584158417	1306.5	14	0.6930693069306931	603.0	0	0.0	603.0	0	0.0
login	20	101	152757.5	20	0.9900990099009901	152757.5	7	0.34653465346534656	1319.5	14	0.6930693069306931	609.0	0	0.0	609.0	0	0.0
login	20	102	154262.5	0	0.0	154262.5	13	0.6435643564356436	1332.5	12	0.5940594059405941	615.0	0	0.0	615.0	0	0.0
login	20	103	155767.5	20	0.9900990099009901	155767.5	6	0.29702970297029707	1345.5	8	0.39603960396039606	621.0	0	0.0	621.0	0	0.0
login	20	104	157272.5	0	0.0	157272.5	14	0.6930693069306931	1358.5	11	0.5445544554455446	627.0	0	0.0	627.0	0	0.0
login	20	105	158777.5	20	0.9900990099009901	158777.5	4	0.19801980198019803	1371.5	9	0.44554455445544555	633.0	0	0.0	633.0	0	0.0
login	20	106	160282.5	0	0.0	160282.5	14	0.6930693069306931	1384.5	8	0.39603960396039606	639.0	0	0.0	639.0	0	0.0
login	20	107	161787.5	20	0.9900990099009901	161787.5	6	0.29702970297029707	1397.5	17	0.8415841584158417	645.0	0	0.0	645.0	0	0.0
login	20	108	163292.5	0	0.0	163292.5	16	0.7920792079207921	1410.5	8	0.39603960396039606	651.0	0	0.0	651.0	0	0.0
login	20	109	164797.5	20	0.9900990099009901	164797.5	8	0.39603960396039606	1423.5	16	0.7920792079207921	657.0	0	0.0	657.0	0	0.0
login	20	110	166302.5	0	0.0	166302.5	12	0.5940594059405941	1436.5	7	0.34653465346534656	663.0	0	0.0	663.0	0	0.0
login	20	111	167807.5	20	0.9900990099009901	167807.5	9	0.44554455445544555	1449.5	10	0.49504950495049505	669.0	0	0.0	669.0	0	0.0
login	20	112	169312.5	0	0.0	169312.5	11	0.5445544554455446	1462.5	13	0.6435643564356436	675.0	0	0.0	675.0	0	0.0
login	20	113	170817.5	20	0.9900990099009901	170817.5	11	0.5445544554455446	1475.5	8	0.39603960396039606	681.0	0	0.0	681.0	0	0.0
login	20	114	172322.5	0	0.0	172322.5	9	0.44554455445544555	1488.5	22	1.0891089108910892	687.0	0	0.0	687.0	0	0.0
login	20	115	173827.5	20	0.9900990099009901	173827.5	8	0.39603960396039606	1501.5	16	0.7920792079207921	693.0	0	0.0	693.0	0	0.0
login	20	116	175332.5	0	0.0	175332.5	12	0.5940594059405941	1514.5	16	0.7920792079207921	699.0	0	0.0	699.0	0	0.0
login	20	117	176837.5	20	0.9900990099009901	176837.5	10	0.49504950495049505	1527.5	12	0.5940594059405941	705.0	0	0.0	705.0	0	0.0
login	20	118	178342.5	0	0.0	178342.5	10	0.49504950495049505	1540.5	15	0.7425742574257426	711.0	0	0.0	711.0	0	0.0
login	20	119	179847.5	20	0.9900990099009901	179847.5	9	0.44554455445544555	1553.5	8	0.39603960396039606	717.0	0	0.0	717.0	0	0.0
login	20	120	181352.5	0	0.0	181352.5	11	0.5445544554455446	1566.5	7	0.34653465346534656	723.0	0	0.0	723.0	0	0.0
login	20	121	182857.5	20	0.9900990099009901	182857.5	11	0.5445544554455446	1579.5	15	0.7425742574257426	729.0	0	0.0	729.0	0	0.0
login	20	122	184362.5	0	0.0	184362.5	9	0.44554455445544555	1592.5	23	1.1386138613861387	735.0	0	0.0	735.0	0	0.0
login	20	123	185867.5	20	0.9900990099009901	185867.5	9	0.44554455445544555	1605.5	21	1.0396039603960396	741.0	0	0.0	741.0	0	0.0
login	20	124	187372.5	0	0.0	187372.5	11	0.5445544554455446	1618.5	12	0.5940594059405941	747.0	0	0.0	747.0	0	0.0
login	20	125	188877.5	20	0.9900990099009901	188877.5	8	0.39603960396039606	1631.5	10	0.49504950495049505	753.0	0	0.0	753.0	0	0.0
login	20	126	190382.5	0	0.0	190382.5	12	0.5940594059405941	1644.5	9	0.44554455445544555	759.0	0	0.0	759.0	0	0.0
login	20	127	191887.5	20	0.9900990099009901	191887.5	6	0.29702970297029707	1657.5	15	0.7425742574257426	765.0	0	0.0	765.0	0	0.0
login	20	128	193392.5	0	0.0	193392.5	14	0.6930693069306931	1670.5	15	0.7425742574257426	771.0	0	0.0	771.0	0	0.0
login	20	129	194897.5	20	0.9900990099009901	194897.5	4	0.19801980198019803	1683.5	15	0.7425742574257426	777.0	0	0.0	777.0	0	0.0
login	20	130	196402.5	0	0.0	196402.5	16	0.7920792079207921	1696.5	11	0.5445544554455446	783.0	0	0.0	783.0	0	0.0
login	20	131	197907.5	20	0.9900990099009901	197907.5	2	0.09900990099009901	1709.5	24	1.1881188118811883	789.0	0	0.0	789.0	0	0.0
login	20	132	199412.5	0	0.0	199412.5	15	0.7425742574257426	1722.5	9	0.44554455445544555	795.0	0	0.0	795.0	0	0.0
login	20	133	200917.5	20	0.9900990099009901	200917.5	5	0.24752475247524752	1735.5	13	0.6435643564356436	801.0	0	0.0	801.0	0	0.0
login	20	134	202422.5	0	0.0	202422.5	18	0.8910891089108911	1748.5	13	0.6435643564356436	807.0	0	0.0	807.0	0	0.0
login	20	135	203927.5	20	0.9900990099009901	203927.5	4	0.19801980198019803	1761.5	11	0.5445544554455446	813.0	0	0.0	813.0	0	0.0
login	20	136	205432.5	0	0.0	205432.5	16	0.7920792079207921	1774.5	11	0.5445544554455446	819.0	0	0.0	819.0	0	0.0
login	20	137	206937.5	20	0.9900990099009901	206937.5	3	0.14851485148514854	1787.5	21	1.0396039603960396	825.0	0	0.0	825.0	0	0.0
login	20	138	208442.5	0	0.0	208442.5	16	0.7920792079207921	1800.5	18	0.8910891089108911	831.0	0	0.0	831.0	0	0.0
login	20	139	209947.5	20	0.9900990099009901	209947.5	5	0.24752475247524752	1813.5	17	0.8415841584158417	837.0	0	0.0	837.0	0	0.0
login	20	140	211452.5	0	0.0	211452.5	16	0.7920792079207921	1826.5	17	0.8415841584158417	843.0	0	0.0	843.0	0	0.0
login	20	141	212957.5	20	0.9900990099009901	212957.5	8	0.39603960396039606	1839.5	8	0.39603960396039606	849.0	0	0.0	849.0	0	0.0
login	20	142	214462.5	0	0.0	214462.5	12	0.5940594059405941	1852.5	8	0.39603960396039606	855.0	0	0.0	855.0	0	0.0
login	20	143	215967.5	20	0.9900990099009901	215967.5	5	0.24752475247524752	1865.5	7	0.34653465346534656	861.0	0	0.0	861.0	0	0.0
login	20	144	217472.5	0	0.0	217472.5	13	0.6435643564356436	1878.5	6	0.29702970297029707	867.0	0	0.0	867.0	0	0.0
login	20	145	218977.5	20	0.9900990099009901	218977.5	4	0.19801980198019803	1891.5	16	0.7920792079207921	873.0	0	0.0	873.0	0	0.0
login	20	146	220482.5	0	0.0	220482.5	18	0.8910891089108911	1904.5	14	0.6930693069306931	879.0	0	0.0	879.0	0	0.0
login	20	147	221987.5	20	0.9900990099009901	221987.5	4	0.19801980198019803	1917.5	10	0.49504950495049505	885.0	0	0.0	885.0	0	0.0
login	20	148	223492.5	0	0.0	223492.5	16	0.7920792079207921	1930.5	8	0.39603960396039606	891.0	0	0.0	891.0	0	0.0
login	20	149	224997.5	20	0.9900990099009901	224997.5	4	0.19801980198019803	1943.5	8	0.39603960396039606	897.0	0	0.0	897.0	0	0.0
login	20	150	226502.5	0	0.0	226502.5	15	0.7425742574257426	1956.5	12	0.5940594059405941	903.0	0	0.0	903.0	0	0.0
login	20	151	228007.5	20	0.9900990099009901	228007.5	3	0.14851485148514854	1969.5	9	0.44554455445544555	909.0	0	0.0	909.0	0	0.0
login	20	152	229512.5	0	0.0	229512.5	16	0.7920792079207921	1982.5	16	0.7920792079207921	915.0	0	0.0	915.0	0	0.0
login	20	153	231017.5	20	0.9900990099009901	231017.5	7	0.34653465346534656	1995.5	16	0.7920792079207921	921.0	0	0.0	921.0	0	0.0
login	20	154	232522.5	0	0.0	232522.5	15	0.7425742574257426	2008.5	16	0.7920792079207921	927.0	0	0.0	927.0	0	0.0
login	20	155	234027.5	20	0.9900990099009901	234027.5	7	0.34653465346534656	2021.5	11	0.5445544554455446	933.0	0	0.0	933.0	0	0.0
login	20	156	235532.5	0	0.0	235532.5	13	0.6435643564356436	2034.5	7	0.34653465346534656	939.0	0	0.0	939.0	0	0.0
login	20	157	237037.5	20	0.9900990099009901	237037.5	7	0.34653465346534656	2047.5	5	0.24752475247524752	945.0	0	0.0	945.0	0	0.0
login	20	158	238542.5	0	0.0	238542.5	13	0.6435643564356436	2060.5	10	0.49504950495049505	951.0	0	0.0	951.0	0	0.0
login	20	159	240047.5	20	0.9900990099009901	240047.5	5	0.24752475247524752	2073.5	9	0.44554455445544555	957.0	0	0.0	957.0	0	0.0
login	20	160	241552.5	0	0.0	241552.5	15	0.7425742574257426	2086.5	9	0.44554455445544555	963.0	0	0.0	963.0	0	0.0
login	20	161	243057.5	20	0.9900990099009901	243057.5	11	0.5445544554455446	2099.5	10	0.49504950495049505	969.0	0	0.0	969.0	0	0.0
login	20	162	244562.5	0	0.0	244562.5	9	0.44554455445544555	2112.5	7	0.34653465346534656	975.0	0	0.0	975.0	0	0.0
login	20	163	246067.5	20	0.9900990099009901	246067.5	12	0.5940594059405941	2125.5	12	0.5940594059405941	981.0	0	0.0	981.0	0	0.0
login	20	164	247572.5	0	0.0	247572.5	8	0.39603960396039606	2138.5	6	0.29702970297029707	987.0	0	0.0	987.0	0	0.0
login	20	165	249077.5	20	0.9900990099009901	249077.5	11	0.5445544554455446	2151.5	4	0.19801980198019803	993.0	0	0.0	993.0	0	0.0
login	20	166	250582.5	0	0.0	250582.5	9	0.44554455445544555	2164.5	9	0.44554455445544555	999.0	0	0.0	999.0	0	0.0
login	20	167	252087.5	20	0.9900990099009901	252087.5	13	0.6435643564356436	2177.5	3	0.14851485148514854	1005.0	0	0.0	1005.0	0	0.0
login	20	168	253592.5	20	0.9900990099009901	253592.5	7	0.34653465346534656	2190.5	5	0.24752475247524752	1011.0	0	0.0	1011.0	0	0.0
login	20	169	255097.5	0	0.0	255097.5	15	0.7425742574257426	2203.5	2	0.09900990099009901	1017.0	0	0.0	1017.0	0	0.0
login	20	170	256602.5	20	0.9900990099009901	256602.5	5	0.24752475247524752	2216.5	8	0.39603960396039606	1023.0	0	0.0	1023.0	0	0.0
login	20	171	258107.5	0	0.0	258107.5	15	0.7425742574257426	2229.5	4	0.19801980198019803	1029.0	0	0.0	1029.0	0	0.0
login	20	172	259612.5	8	0.39603960396039606	259612.5	5	0.24752475247524752	2242.5	2	0.09900990099009901	1035.0	0	0.0	1035.0	0	0.0
login	20	173	261117.5	12	0.5940594059405941	261117.5	14	0.6930693069306931	2255.5	2	0.09900990099009901	1041.0	0	0.0	1041.0	0	0.0
login	20	174	262622.5	20	0.9900990099009901	262622.5	6	0.29702970297029707	2268.5	2	0.09900990099009901	1047.0	0	0.0	1047.0	0	0.0
login	20	175	264127.5	0	0.0	264127.5	14	0.6930693069306931	2281.5	6	0.29702970297029707	1053.0	0	0.0	1053.0	0	0.0
login	20	176	265632.5	18	0.8910891089108911	265632.5	6	0.29702970297029707	2294.5	1	0.04950495049504951	1059.0	0	0.0	1059.0	0	0.0
login	20	177	267137.5	2	0.09900990099009901	267137.5	14	0.6930693069306931	2307.5	2	0.09900990099009901	1065.0	0	0.0	1065.0	0	0.0
login	20	178	268642.5	20	0.9900990099009901	268642.5	7	0.34653465346534656	2320.5	2	0.09900990099009901	1071.0	0	0.0	1071.0	0	0.0
login	20	179	270147.5	0	0.0	270147.5	15	0.7425742574257426	2333.5	1	0.04950495049504951	1077.0	0	0.0	1077.0	0	0.0
login	20	180	271652.5	20	0.9900990099009901	271652.5	6	0.29702970297029707	2346.5	0	0.0	1083.0	0	0.0	1083.0	0	0.0
login	20	181	273157.5	0	0.0	273157.5	17	0.8415841584158417	2359.5	1	0.04950495049504951	1089.0	0	0.0	1089.0	0	0.0
login	20	182	274662.5	20	0.9900990099009901	274662.5	7	0.34653465346534656	2372.5	0	0.0	1095.0	0	0.0	1095.0	0	0.0
login	20	183	276167.5	0	0.0	276167.5	14	0.6930693069306931	2385.5	2	0.09900990099009901	1101.0	0	0.0	1101.0	0	0.0
login	20	184	277672.5	20	0.9900990099009901	277672.5	8	0.39603960396039606	2398.5	0	0.0	1107.0	0	0.0	1107.0	0	0.0
login	20	185	279177.5	0	0.0	279177.5	12	0.5940594059405941	2411.5	1	0.04950495049504951	1113.0	0	0.0	1113.0	0	0.0
login	20	186	280682.5	20	0.9900990099009901	280682.5	6	0.29702970297029707	2424.5	0	0.0	1119.0	0	0.0	1119.0	0	0.0
login	20	187	282187.5	0	0.0	282187.5	14	0.6930693069306931	2437.5	0	0.0	1125.0	0	0.0	1125.0	0	0.0
login	20	188	283692.5	20	0.9900990099009901	283692.5	6	0.29702970297029707	2450.5	0	0.0	1131.0	0	0.0	1131.0	0	0.0
login	20	189	285197.5	0	0.0	285197.5	14	0.6930693069306931	2463.5	0	0.0	1137.0	0	0.0	1137.0	0	0.0
login	20	190	286702.5	20	0.9900990099009901	286702.5	9	0.44554455445544555	2476.5	0	0.0	1143.0	0	0.0	1143.0	0	0.0
login	20	191	288207.5	0	0.0	288207.5	11	0.5445544554455446	2489.5	0	0.0	1149.0	0	0.0	1149.0	0	0.0
login	20	192	289712.5	20	0.9900990099009901	289712.5	8	0.39603960396039606	2502.5	0	0.0	1155.0	0	0.0	1155.0	0	0.0
login	20	193	291217.5	0	0.0	291217.5	12	0.5940594059405941	2515.5	0	0.0	1161.0	0	0.0	1161.0	0	0.0
login	20	194	292722.5	20	0.9900990099009901	292722.5	9	0.44554455445544555	2528.5	0	0.0	1167.0	0	0.0	1167.0	0	0.0
login	20	195	294227.5	0	0.0	294227.5	11	0.5445544554455446	2541.5	0	0.0	1173.0	0	0.0	1173.0	0	0.0
login	20	196	295732.5	20	0.9900990099009901	295732.5	8	0.39603960396039606	2554.5	0	0.0	1179.0	0	0.0	1179.0	0	0.0
login	20	197	297237.5	0	0.0	297237.5	12	0.5940594059405941	2567.5	0	0.0	1185.0	0	0.0	1185.0	0	0.0
login	20	198	298742.5	20	0.9900990099009901	298742.5	6	0.29702970297029707	2580.5	0	0.0	1191.0	0	0.0	1191.0	0	0.0
login	20	199	300247.5	0	0.0	300247.5	14	0.6930693069306931	2593.5	0	0.0	1197.0	0	0.0	1197.0	0	0.0
info	20	0	750.5	20	0.9950248756218906	750.5	20	0.9950248756218906	5.5	140	6.965174129353234	3.0	2010	100.0	3.0	2010	100.0
info	20	1	2251.5	7	0.3482587064676617	2251.5	0	0.0	16.5	41	2.039800995024876	9.0	0	0.0	9.0	0	0.0
info	20	2	3752.5	13	0.6467661691542289	3752.5	20	0.9950248756218906	27.5	42	2.0895522388059704	15.0	0	0.0	15.0	0	0.0
info	20	3	5253.5	6	0.2985074626865672	5253.5	0	0.0	38.5	31	1.5422885572139304	21.0	0	0.0	21.0	0	0.0
info	20	4	6754.5	14	0.6965174129353234	6754.5	20	0.9950248756218906	49.5	28	1.3930348258706469	27.0	0	0.0	27.0	0	0.0
info	20	5	8255.5	5	0.24875621890547264	8255.5	0	0.0	60.5	23	1.1442786069651742	33.0	0	0.0	33.0	0	0.0
info	20	6	9756.5	15	0.746268656716418	9756.5	20	0.9950248756218906	71.5	28	1.3930348258706469	39.0	0	0.0	39.0	0	0.0
info	20	7	11257.5	4	0.19900497512437812	11257.5	0	0.0	82.5	25	1.2437810945273633	45.0	0	0.0	45.0	0	0.0
info	20	8	12758.5	16	0.7960199004975125	12758.5	20	0.9950248756218906	93.5	35	1.7412935323383085	51.0	0	0.0	51.0	0	0.0
info	20	9	14259.5	2	0.09950248756218906	14259.5	0	0.0	104.5	28	1.3930348258706469	57.0	0	0.0	57.0	0	0.0
info	20	10	15760.5	16	0.7960199004975125	15760.5	18	0.8955223880597015	115.5	16	0.7960199004975125	63.0	0	0.0	63.0	0	0.0
info	20	11	17261.5	5	0.24875621890547264	17261.5	2	0.09950248756218906	126.5	15	0.746268656716418	69.0	0	0.0	69.0	0	0.0
info	20	12	18762.5	14	0.6965174129353234	18762.5	16	0.7960199004975125	137.5	10	0.4975124378109453	75.0	0	0.0	75.0	0	0.0
info	20	13	20263.5	4	0.19900497512437812	20263.5	4	0.19900497512437812	148.5	10	0.4975124378109453	81.0	0	0.0	81.0	0	0.0
info	20	14	21764.5	18	0.8955223880597015	21764.5	19	0.945273631840796	159.5	8	0.39800995024875624	87.0	0	0.0	87.0	0	0.0
info	20	15	23265.5	3	0.1492537313432836	23265.5	1	0.04975124378109453	170.5	14	0.6965174129353234	93.0	0	0.0	93.0	0	0.0
info	20	16	24766.5	14	0.6965174129353234	24766.5	0	0.0	181.5	12	0.5970149253731344	99.0	0	0.0	99.0	0	0.0
info	20	17	26267.5	5	0.24875621890547264	26267.5	20	0.9950248756218906	192.5	15	0.746268656716418	105.0	0	0.0	105.0	0	0.0
info	20	18	27768.5	14	0.6965174129353234	27768.5	0	0.0	203.5	7	0.3482587064676617	111.0	0	0.0	111.0	0	0.0
info	20	19	29269.5	6	0.2985074626865672	29269.5	20	0.9950248756218906	214.5	5	0.24875621890547264	117.0	0	0.0	117.0	0	0.0
info	20	20	30770.5	18	0.8955223880597015	30770.5	19	0.945273631840796	225.5	10	0.4975124378109453	123.0	0	0.0	123.0	0	0.0
info	20	21	32271.5	5	0.24875621890547264	32271.5	1	0.04975124378109453	236.5	6	0.2985074626865672	129.0	0	0.0	129.0	0	0.0
info	20	22	33772.5	12	0.5970149253731344	33772.5	0	0.0	247.5	6	0.2985074626865672	135.0	0	0.0	135.0	0	0.0
info	20	23	35273.5	5	0.24875621890547264	35273.5	20	0.9950248756218906	258.5	5	0.24875621890547264	141.0	0	0.0	141.0	0	0.0
info	20	24	36774.5	14	0.6965174129353234	36774.5	0	0.0	269.5	7	0.3482587064676617	147.0	0	0.0	147.0	0	0.0
info	20	25	38275.5	5	0.24875621890547264	38275.5	20	0.9950248756218906	280.5	10	0.4975124378109453	153.0	0	0.0	153.0	0	0.0
info	20	26	39776.5	13	0.6467661691542289	39776.5	0	0.0	291.5	11	0.5472636815920399	159.0	0	0.0	159.0	0	0.0
info	20	27	41277.5	7	0.3482587064676617	41277.5	20	0.9950248756218906	302.5	10	0.4975124378109453	165.0	0	0.0	165.0	0	0.0
info	20	28	42778.5	18	0.8955223880597015	42778.5	18	0.8955223880597015	313.5	11	0.5472636815920399	171.0	0	0.0	171.0	0	0.0
info	20	29	44279.5	6	0.2985074626865672	44279.5	2	0.09950248756218906	324.5	10	0.4975124378109453	177.0	0	0.0	177.0	0	0.0
info	20	30	45780.5	14	0.6965174129353234	45780.5	17	0.845771144278607	335.5	5	0.24875621890547264	183.0	0	0.0	183.0	0	0.0
info	20	31	47281.5	4	0.19900497512437812	47281.5	3	0.1492537313432836	346.5	9	0.44776119402985076	189.0	0	0.0	189.0	0	0.0
info	20	32	48782.5	14	0.6965174129353234	48782.5	0	0.0	357.5	7	0.3482587064676617	195.0	0	0.0	195.0	0	0.0
info	20	33	50283.5	5	0.24875621890547264	50283.5	20	0.9950248756218906	368.5	11	0.5472636815920399	201.0	0	0.0	201.0	0	0.0
info	20	34	51784.5	15	0.746268656716418	51784.5	0	0.0	379.5	12	0.5970149253731344	207.0	0	0.0	207.0	0	0.0
info	20	35	53285.5	4	0.19900497512437812	53285.5	20	0.9950248756218906	390.5	10	0.4975124378109453	213.0	0	0.0	213.0	0	0.0
info	20	36	54786.5	14	0.6965174129353234	54786.5	0	0.0	401.5	21	1.0447761194029852	219.0	0	0.0	219.0	0	0.0
info	20	37	56287.5	6	0.2985074626865672	56287.5	20	0.9950248756218906	412.5	15	0.746268656716418	225.0	0	0.0	225.0	0	0.0
info	20	38	57788.5	13	0.6467661691542289	57788.5	0	0.0	423.5	12	0.5970149253731344	231.0	0	0.0	231.0	0	0.0
info	20	39	59289.5	7	0.3482587064676617	59289.5	20	0.9950248756218906	434.5	10	0.4975124378109453	237.0	0	0.0	237.0	0	0.0
info	20	40	60790.5	14	0.6965174129353234	60790.5	0	0.0	445.5	7	0.3482587064676617	243.0	0	0.0	243.0	0	0.0
info	20	41	62291.5	8	0.39800995024875624	62291.5	20	0.9950248756218906	456.5	6	0.2985074626865672	249.0	0	0.0	249.0	0	0.0
info	20	42	63792.5	14	0.6965174129353234	63792.5	1	0.04975124378109453	467.5	10	0.4975124378109453	255.0	0	0.0	255.0	0	0.0
info	20	43	65293.5	6	0.2985074626865672	65293.5	19	0.945273631840796	478.5	15	0.746268656716418	261.0	0	0.0	261.0	0	0.0
info	20	44	66794.5	14	0.6965174129353234	66794.5	1	0.04975124378109453	489.5	16	0.7960199004975125	267.0	0	0.0	267.0	0	0.0
info	20	45	68295.5	6	0.2985074626865672	68295.5	19	0.945273631840796	500.5	17	0.845771144278607	273.0	0	0.0	273.0	0	0.0
info	20	46	69796.5	18	0.8955223880597015	69796.5	20	0.9950248756218906	511.5	26	1.2935323383084578	279.0	0	0.0	279.0	0	0.0
info	20	47	71297.5	5	0.24875621890547264	71297.5	0	0.0	522.5	18	0.8955223880597015	285.0	0	0.0	285.0	0	0.0
info	20	48	72798.5	15	0.746268656716418	72798.5	20	0.9950248756218906	533.5	4	0.19900497512437812	291.0	0	0.0	291.0	0	0.0
info	20	49	74299.5	5	0.24875621890547264	74299.5	0	0.0	544.5	9	0.44776119402985076	297.0	0	0.0	297.0	0	0.0
info	20	50	75800.5	12	0.5970149253731344	75800.5	17	0.845771144278607	555.5	9	0.44776119402985076	303.0	0	0.0	303.0	0	0.0
info	20	51	77301.5	5	0.24875621890547264	77301.5	3	0.1492537313432836	566.5	13	0.6467661691542289	309.0	0	0.0	309.0	0	0.0
info	20	52	78802.5	15	0.746268656716418	78802.5	16	0.7960199004975125	577.5	5	0.24875621890547264	315.0	0	0.0	315.0	0	0.0
info	20	53	80303.5	4	0.19900497512437812	80303.5	4	0.19900497512437812	588.5	18	0.8955223880597015	321.0	0	0.0	321.0	0	0.0
info	20	54	81804.5	15	0.746268656716418	81804.5	0	0.0	599.5	12	0.5970149253731344	327.0	0	0.0	327.0	0	0.0
info	20	55	83305.5	4	0.19900497512437812	83305.5	20	0.9950248756218906	610.5	17	0.845771144278607	333.0	0	0.0	333.0	0	0.0
info	20	56	84806.5	17	0.845771144278607	84806.5	17	0.845771144278607	621.5	11	0.5472636815920399	339.0	0	0.0	339.0	0	0.0
info	20	57	86307.5	5	0.24875621890547264	86307.5	3	0.1492537313432836	632.5	8	0.39800995024875624	345.0	0	0.0	345.0	0	0.0
info	20	58	87808.5	13	0.6467661691542289	87808.5	0	0.0	643.5	8	0.39800995024875624	351.0	0	0.0	351.0	0	0.0
info	20	59	89309.5	5	0.24875621890547264	89309.5	20	0.9950248756218906	654.5	8	0.39800995024875624	357.0	0	0.0	357.0	0	0.0
info	20	60	90810.5	16	0.7960199004975125	90810.5	0	0.0	665.5	6	0.2985074626865672	363.0	0	0.0	363.0	0	0.0
info	20	61	92311.5	6	0.2985074626865672	92311.5	20	0.9950248756218906	676.5	13	0.6467661691542289	369.0	0	0.0	369.0	0	0.0
info	20	62	93812.5	18	0.8955223880597015	93812.5	20	0.9950248756218906	687.5	14	0.6965174129353234	375.0	0	0.0	375.0	0	0.0
info	20	63	95313.5	8	0.39800995024875624	95313.5	0	0.0	698.5	12	0.5970149253731344	381.0	0	0.0	381.0	0	0.0
info	20	64	96814.5	12	0.5970149253731344	96814.5	20	0.9950248756218906	709.5	17	0.845771144278607	387.0	0	0.0	387.0	0	0.0
info	20	65	98315.5	5	0.24875621890547264	98315.5	0	0.0	720.5	12	0.5970149253731344	393.0	0	0.0	393.0	0	0.0
info	20	66	99816.5	15	0.746268656716418	99816.5	20	0.9950248756218906	731.5	4	0.19900497512437812	399.0	0	0.0	399.0	0	0.0
info	20	67	101317.5	7	0.3482587064676617	101317.5	0	0.0	742.5	11	0.5472636815920399	405.0	0	0.0	405.0	0	0.0
info	20	68	102818.5	13	0.6467661691542289	102818.5	20	0.9950248756218906	753.5	8	0.39800995024875624	411.0	0	0.0	411.0	0	0.0
info	20	69	104319.5	8	0.39800995024875624	104319.5	0	0.0	764.5	10	0.4975124378109453	417.0	0	0.0	417.0	0	0.0
info	20	70	105820.5	12	0.5970149253731344	105820.5	20	0.9950248756218906	775.5	17	0.845771144278607	423.0	0	0.0	423.0	0	0.0
info	20	71	107321.5	5	0.24875621890547264	107321.5	0	0.0	786.5	14	0.6965174129353234	429.0	0	0.0	429.0	0	0.0
info	20	72	108822.5	15	0.746268656716418	108822.5	20	0.9950248756218906	797.5	9	0.44776119402985076	435.0	0	0.0	435.0	0	0.0
info	20	73	110323.5	8	0.39800995024875624	110323.5	0	0.0	808.5	12	0.5970149253731344	441.0	0	0.0	441.0	0	0.0
info	20	74	111824.5	12	0.5970149253731344	111824.5	20	0.9950248756218906	819.5	13	0.6467661691542289	447.0	0	0.0	447.0	0	0.0
info	20	75	113325.5	11	0.5472636815920399	113325.5	0	0.0	830.5	12	0.5970149253731344	453.0	0	0.0	453.0	0	0.0
info	20	76	114826.5	9	0.44776119402985076	114826.5	20	0.9950248756218906	841.5	6	0.2985074626865672	459.0	0	0.0	459.0	0	0.0
info	20	77	116327.5	9	0.44776119402985076	116327.5	0	0.0	852.5	5	0.24875621890547264	465.0	0	0.0	465.0	0	0.0
info	20	78	117828.5	11	0.5472636815920399	117828.5	20	0.9950248756218906	863.5	7	0.3482587064676617	471.0	0	0.0	471.0	0	0.0
info	20	79	119329.5	7	0.3482587064676617	119329.5	0	0.0	874.5	14	0.6965174129353234	477.0	0	0.0	477.0	0	0.0
info	20	80	120830.5	13	0.6467661691542289	120830.5	20	0.9950248756218906	885.5	14	0.6965174129353234	483.0	0	0.0	483.0	0	0.0
info	20	81	122331.5	10	0.4975124378109453	122331.5	0	0.0	896.5	16	0.7960199004975125	489.0	0	0.0	489.0	0	0.0
info	20	82	123832.5	10	0.4975124378109453	123832.5	20	0.9950248756218906	907.5	17	0.845771144278607	495.0	0	0.0	495.0	0	0.0
info	20	83	125333.5	13	0.6467661691542289	125333.5	0	0.0	918.5	10	0.4975124378109453	501.0	0	0.0	501.0	0	0.0
info	20	84	126834.5	7	0.3482587064676617	126834.5	20	0.9950248756218906	929.5	14	0.6965174129353234	507.0	0	0.0	507.0	0	0.0
info	20	85	128335.5	9	0.44776119402985076	128335.5	0	0.0	940.5	8	0.39800995024875624	513.0	0	0.0	513.0	0	0.0
info	20	86	129836.5	11	0.5472636815920399	129836.5	20	0.9950248756218906	951.5	6	0.2985074626865672	519.0	0	0.0	519.0	0	0.0
info	20	87	131337.5	8	0.39800995024875624	131337.5	0	0.0	962.5	9	0.44776119402985076	525.0	0	0.0	525.0	0	0.0
info	20	88	132838.5	12	0.5970149253731344	132838.5	20	0.9950248756218906	973.5	13	0.6467661691542289	531.0	0	0.0	531.0	0	0.0
info	20	89	134339.5	10	0.4975124378109453	134339.5	0	0.0	984.5	9	0.44776119402985076	537.0	0	0.0	537.0	0	0.0
info	20	90	135840.5	10	0.4975124378109453	135840.5	20	0.9950248756218906	995.5	22	1.0945273631840797	543.0	0	0.0	543.0	0	0.0
info	20	91	137341.5	5	0.24875621890547264	137341.5	0	0.0	1006.5	24	1.1940298507462688	549.0	0	0.0	549.0	0	0.0
info	20	92	138842.5	15	0.746268656716418	138842.5	20	0.9950248756218906	1017.5	9	0.44776119402985076	555.0	0	0.0	555.0	0	0.0
info	20	93	140343.5	8	0.39800995024875624	140343.5	0	0.0	1028.5	16	0.7960199004975125	561.0	0	0.0	561.0	0	0.0
info	20	94	141844.5	12	0.5970149253731344	141844.5	20	0.9950248756218906	1039.5	14	0.6965174129353234	567.0	0	0.0	567.0	0	0.0
info	20	95	143345.5	7	0.3482587064676617	143345.5	0	0.0	1050.5	5	0.24875621890547264	573.0	0	0.0	573.0	0	0.0
info	20	96	144846.5	13	0.6467661691542289	144846.5	20	0.9950248756218906	1061.5	4	0.19900497512437812	579.0	0	0.0	579.0	0	0.0
info	20	97	146347.5	6	0.2985074626865672	146347.5	0	0.0	1072.5	7	0.3482587064676617	585.0	0	0.0	585.0	0	0.0
info	20	98	147848.5	14	0.6965174129353234	147848.5	20	0.9950248756218906	1083.5	17	0.845771144278607	591.0	0	0.0	591.0	0	0.0
info	20	99	149349.5	4	0.19900497512437812	149349.5	0	0.0	1094.5	22	1.0945273631840797	597.0	0	0.0	597.0	0	0.0
info	20	100	150850.5	16	0.7960199004975125	150850.5	20	0.9950248756218906	1105.5	20	0.9950248756218906	603.0	0	0.0	603.0	0	0.0
info	20	101	152351.5	8	0.39800995024875624	152351.5	0	0.0	1116.5	9	0.44776119402985076	609.0	0	0.0	609.0	0	0.0
info	20	102	153852.5	12	0.5970149253731344	153852.5	20	0.9950248756218906	1127.5	10	0.4975124378109453	615.0	0	0.0	615.0	0	0.0
info	20	103	155353.5	6	0.2985074626865672	155353.5	0	0.0	1138.5	8	0.39800995024875624	621.0	0	0.0	621.0	0	0.0
info	20	104	156854.5	14	0.6965174129353234	156854.5	20	0.9950248756218906	1149.5	10	0.4975124378109453	627.0	0	0.0	627.0	0	0.0
info	20	105	158355.5	5	0.24875621890547264	158355.5	0	0.0	1160.5	8	0.39800995024875624	633.0	0	0.0	633.0	0	0.0
info	20	106	159856.5	13	0.6467661691542289	159856.5	17	0.845771144278607	1171.5	7	0.3482587064676617	639.0	0	0.0	639.0	0	0.0
info	20	107	161357.5	6	0.2985074626865672	161357.5	3	0.1492537313432836	1182.5	16	0.7960199004975125	645.0	0	0.0	645.0	0	0.0
info	20	108	162858.5	16	0.7960199004975125	162858.5	20	0.9950248756218906	1193.5	13	0.6467661691542289	651.0	0	0.0	651.0	0	0.0
info	20	109	164359.5	8	0.39800995024875624	164359.5	0	0.0	1204.5	12	0.5970149253731344	657.0	0	0.0	657.0	0	0.0
info	20	110	165860.5	12	0.5970149253731344	165860.5	20	0.9950248756218906	1215.5	16	0.7960199004975125	663.0	0	0.0	663.0	0	0.0
info	20	111	167361.5	8	0.39800995024875624	167361.5	0	0.0	1226.5	7	0.3482587064676617	669.0	0	0.0	669.0	0	0.0
info	20	112	168862.5	12	0.5970149253731344	168862.5	20	0.9950248756218906	1237.5	5	0.24875621890547264	675.0	0	0.0	675.0	0	0.0
info	20	113	170363.5	11	0.5472636815920399	170363.5	0	0.0	1248.5	5	0.24875621890547264	681.0	0	0.0	681.0	0	0.0
info	20	114	171864.5	9	0.44776119402985076	171864.5	20	0.9950248756218906	1259.5	6	0.2985074626865672	687.0	0	0.0	687.0	0	0.0
info	20	115	173365.5	8	0.39800995024875624	173365.5	0	0.0	1270.5	9	0.44776119402985076	693.0	0	0.0	693.0	0	0.0
info	20	116	174866.5	12	0.5970149253731344	174866.5	20	0.9950248756218906	1281.5	14	0.6965174129353234	699.0	0	0.0	699.0	0	0.0
info	20	117	176367.5	10	0.4975124378109453	176367.5	0	0.0	1292.5	18	0.8955223880597015	705.0	0	0.0	705.0	0	0.0
info	20	118	177868.5	10	0.4975124378109453	177868.5	20	0.9950248756218906	1303.5	18	0.8955223880597015	711.0	0	0.0	711.0	0	0.0
info	20	119	179369.5	9	0.44776119402985076	179369.5	1	0.04975124378109453	1314.5	12	0.5970149253731344	717.0	0	0.0	717.0	0	0.0
info	20	120	180870.5	11	0.5472636815920399	180870.5	19	0.945273631840796	1325.5	11	0.5472636815920399	723.0	0	0.0	723.0	0	0.0
info	20	121	182371.5	11	0.5472636815920399	182371.5	0	0.0	1336.5	3	0.1492537313432836	729.0	0	0.0	729.0	0	0.0
info	20	122	183872.5	9	0.44776119402985076	183872.5	20	0.9950248756218906	1347.5	9	0.44776119402985076	735.0	0	0.0	735.0	0	0.0
info	20	123	185373.5	9	0.44776119402985076	185373.5	0	0.0	1358.5	10	0.4975124378109453	741.0	0	0.0	741.0	0	0.0
info	20	124	186874.5	11	0.5472636815920399	186874.5	20	0.9950248756218906	1369.5	14	0.6965174129353234	747.0	0	0.0	747.0	0	0.0
info	20	125	188375.5	6	0.2985074626865672	188375.5	0	0.0	1380.5	10	0.4975124378109453	753.0	0	0.0	753.0	0	0.0
info	20	126	189876.5	14	0.6965174129353234	189876.5	20	0.9950248756218906	1391.5	14	0.6965174129353234	759.0	0	0.0	759.0	0	0.0
info	20	127	191377.5	6	0.2985074626865672	191377.5	0	0.0	1402.5	16	0.7960199004975125	765.0	0	0.0	765.0	0	0.0
info	20	128	192878.5	14	0.6965174129353234	192878.5	20	0.9950248756218906	1413.5	24	1.1940298507462688	771.0	0	0.0	771.0	0	0.0
info	20	129	194379.5	4	0.19900497512437812	194379.5	0	0.0	1424.5	6	0.2985074626865672	777.0	0	0.0	777.0	0	0.0
info	20	130	195880.5	14	0.6965174129353234	195880.5	1	0.04975124378109453	1435.5	10	0.4975124378109453	783.0	0	0.0	783.0	0	0.0
info	20	131	197381.5	3	0.1492537313432836	197381.5	19	0.945273631840796	1446.5	6	0.2985074626865672	789.0	0	0.0	789.0	0	0.0
info	20	132	198882.5	15	0.746268656716418	198882.5	0	0.0	1457.5	5	0.24875621890547264	795.0	0	0.0	795.0	0	0.0
info	20	133	200383.5	5	0.24875621890547264	200383.5	20	0.9950248756218906	1468.5	8	0.39800995024875624	801.0	0	0.0	801.0	0	0.0
info	20	134	201884.5	19	0.945273631840796	201884.5	20	0.9950248756218906	1479.5	14	0.6965174129353234	807.0	0	0.0	807.0	0	0.0
info	20	135	203385.5	4	0.19900497512437812	203385.5	0	0.0	1490.5	16	0.7960199004975125	813.0	0	0.0	813.0	0	0.0
info	20	136	204886.5	13	0.6467661691542289	204886.5	17	0.845771144278607	1501.5	9	0.44776119402985076	819.0	0	0.0	819.0	0	0.0
info	20	137	206387.5	5	0.24875621890547264	206387.5	3	0.1492537313432836	1512.5	13	0.6467661691542289	825.0	0	0.0	825.0	0	0.0
info	20	138	207888.5	15	0.746268656716418	207888.5	0	0.0	1523.5	3	0.1492537313432836	831.0	0	0.0	831.0	0	0.0
info	20	139	209389.5	5	0.24875621890547264	209389.5	20	0.9950248756218906	1534.5	7	0.3482587064676617	837.0	0	0.0	837.0	0	0.0
info	20	140	210890.5	17	0.845771144278607	210890.5	19	0.945273631840796	1545.5	5	0.24875621890547264	843.0	0	0.0	843.0	0	0.0
info	20	141	212391.5	7	0.3482587064676617	212391.5	1	0.04975124378109453	1556.5	2	0.09950248756218906	849.0	0	0.0	849.0	0	0.0
info	20	142	213892.5	14	0.6965174129353234	213892.5	20	0.9950248756218906	1567.5	11	0.5472636815920399	855.0	0	0.0	855.0	0	0.0
info	20	143	215393.5	2	0.09950248756218906	215393.5	0	0.0	1578.5	6	0.2985074626865672	861.0	0	0.0	861.0	0	0.0
info	20	144	216894.5	15	0.746268656716418	216894.5	17	0.845771144278607	1589.5	9	0.44776119402985076	867.0	0	0.0	867.0	0	0.0
info	20	145	218395.5	5	0.24875621890547264	218395.5	3	0.1492537313432836	1600.5	10	0.4975124378109453	873.0	0	0.0	873.0	0	0.0
info	20	146	219896.5	15	0.746268656716418	219896.5	17	0.845771144278607	1611.5	8	0.39800995024875624	879.0	0	0.0	879.0	0	0.0
info	20	147	221397.5	7	0.3482587064676617	221397.5	3	0.1492537313432836	1622.5	6	0.2985074626865672	885.0	0	0.0	885.0	0	0.0
info	20	148	222898.5	16	0.7960199004975125	222898.5	20	0.9950248756218906	1633.5	2	0.09950248756218906	891.0	0	0.0	891.0	0	0.0
info	20	149	224399.5	4	0.19900497512437812	224399.5	0	0.0	1644.5	3	0.1492537313432836	897.0	0	0.0	897.0	0	0.0
info	20	150	225900.5	12	0.5970149253731344	225900.5	0	0.0	1655.5	4	0.19900497512437812	903.0	0	0.0	903.0	0	0.0
info	20	151	227401.5	5	0.24875621890547264	227401.5	20	0.9950248756218906	1666.5	3	0.1492537313432836	909.0	0	0.0	909.0	0	0.0
info	20	152	228902.5	15	0.746268656716418	228902.5	0	0.0	1677.5	7	0.3482587064676617	915.0	0	0.0	915.0	0	0.0
info	20	153	230403.5	5	0.24875621890547264	230403.5	20	0.9950248756218906	1688.5	5	0.24875621890547264	921.0	0	0.0	921.0	0	0.0
info	20	154	231904.5	18	0.8955223880597015	231904.5	16	0.7960199004975125	1699.5	8	0.39800995024875624	927.0	0	0.0	927.0	0	0.0
info	20	155	233405.5	5	0.24875621890547264	233405.5	4	0.19900497512437812	1710.5	9	0.44776119402985076	933.0	0	0.0	933.0	0	0.0
info	20	156	234906.5	16	0.7960199004975125	234906.5	20	0.9950248756218906	1721.5	2	0.09950248756218906	939.0	0	0.0	939.0	0	0.0
info	20	157	236407.5	6	0.2985074626865672	236407.5	0	0.0	1732.5	4	0.19900497512437812	945.0	0	0.0	945.0	0	0.0
info	20	158	237908.5	14	0.6965174129353234	237908.5	20	0.9950248756218906	1743.5	3	0.1492537313432836	951.0	0	0.0	951.0	0	0.0
info	20	159	239409.5	4	0.19900497512437812	239409.5	0	0.0	1754.5	1	0.04975124378109453	957.0	0	0.0	957.0	0	0.0
info	20	160	240910.5	16	0.7960199004975125	240910.5	20	0.9950248756218906	1765.5	6	0.2985074626865672	963.0	0	0.0	963.0	0	0.0
info	20	161	242411.5	10	0.4975124378109453	242411.5	0	0.0	1776.5	5	0.24875621890547264	969.0	0	0.0	969.0	0	0.0
info	20	162	243912.5	10	0.4975124378109453	243912.5	20	0.9950248756218906	1787.5	4	0.19900497512437812	975.0	0	0.0	975.0	0	0.0
info	20	163	245413.5	10	0.4975124378109453	245413.5	0	0.0	1798.5	1	0.04975124378109453	981.0	0	0.0	981.0	0	0.0
info	20	164	246914.5	10	0.4975124378109453	246914.5	20	0.9950248756218906	1809.5	2	0.09950248756218906	987.0	0	0.0	987.0	0	0.0
info	20	165	248415.5	8	0.39800995024875624	248415.5	0	0.0	1820.5	1	0.04975124378109453	993.0	0	0.0	993.0	0	0.0
info	20	166	249916.5	12	0.5970149253731344	249916.5	20	0.9950248756218906	1831.5	2	0.09950248756218906	999.0	0	0.0	999.0	0	0.0
info	20	167	251417.5	10	0.4975124378109453	251417.5	0	0.0	1842.5	1	0.04975124378109453	1005.0	0	0.0	1005.0	0	0.0
info	20	168	252918.5	10	0.4975124378109453	252918.5	20	0.9950248756218906	1853.5	0	0.0	1011.0	0	0.0	1011.0	0	0.0
info	20	169	254419.5	12	0.5970149253731344	254419.5	0	0.0	1864.5	3	0.1492537313432836	1017.0	0	0.0	1017.0	0	0.0
info	20	170	255920.5	8	0.39800995024875624	255920.5	20	0.9950248756218906	1875.5	1	0.04975124378109453	1023.0	0	0.0	1023.0	0	0.0
info	20	171	257421.5	10	0.4975124378109453	257421.5	0	0.0	1886.5	0	0.0	1029.0	0	0.0	1029.0	0	0.0
info	20	172	258922.5	10	0.4975124378109453	258922.5	20	0.9950248756218906	1897.5	1	0.04975124378109453	1035.0	0	0.0	1035.0	0	0.0
info	20	173	260423.5	11	0.5472636815920399	260423.5	0	0.0	1908.5	1	0.04975124378109453	1041.0	0	0.0	1041.0	0	0.0
info	20	174	261924.5	9	0.44776119402985076	261924.5	20	0.9950248756218906	1919.5	0	0.0	1047.0	0	0.0	1047.0	0	0.0
info	20	175	263425.5	10	0.4975124378109453	263425.5	0	0.0	1930.5	0	0.0	1053.0	0	0.0	1053.0	0	0.0
info	20	176	264926.5	10	0.4975124378109453	264926.5	20	0.9950248756218906	1941.5	1	0.04975124378109453	1059.0	0	0.0	1059.0	0	0.0
info	20	177	266427.5	12	0.5970149253731344	266427.5	0	0.0	1952.5	0	0.0	1065.0	0	0.0	1065.0	0	0.0
info	20	178	267928.5	8	0.39800995024875624	267928.5	20	0.9950248756218906	1963.5	0	0.0	1071.0	0	0.0	1071.0	0	0.0
info	20	179	269429.5	15	0.746268656716418	269429.5	1	0.04975124378109453	1974.5	0	0.0	1077.0	0	0.0	1077.0	0	0.0
info	20	180	270930.5	6	0.2985074626865672	270930.5	19	0.945273631840796	1985.5	0	0.0	1083.0	0	0.0	1083.0	0	0.0
info	20	181	272431.5	16	0.7960199004975125	272431.5	1	0.04975124378109453	1996.5	1	0.04975124378109453	1089.0	0	0.0	1089.0	0	0.0
info	20	182	273932.5	5	0.24875621890547264	273932.5	19	0.945273631840796	2007.5	0	0.0	1095.0	0	0.0	1095.0	0	0.0
info	20	183	275433.5	18	0.8955223880597015	275433.5	20	0.9950248756218906	2018.5	1	0.04975124378109453	1101.0	0	0.0	1101.0	0	0.0
info	20	184	276934.5	4	0.19900497512437812	276934.5	0	0.0	2029.5	0	0.0	1107.0	0	0.0	1107.0	0	0.0
info	20	185	278435.5	12	0.5970149253731344	278435.5	0	0.0	2040.5	0	0.0	1113.0	0	0.0	1113.0	0	0.0
info	20	186	279936.5	6	0.2985074626865672	279936.5	20	0.9950248756218906	2051.5	0	0.0	1119.0	0	0.0	1119.0	0	0.0
info	20	187	281437.5	17	0.845771144278607	281437.5	9	0.44776119402985076	2062.5	0	0.0	1125.0	0	0.0	1125.0	0	0.0
info	20	188	282938.5	4	0.19900497512437812	282938.5	11	0.5472636815920399	2073.5	0	0.0	1131.0	0	0.0	1131.0	0	0.0
info	20	189	284439.5	14	0.6965174129353234	284439.5	17	0.845771144278607	2084.5	0	0.0	1137.0	0	0.0	1137.0	0	0.0
info	20	190	285940.5	7	0.3482587064676617	285940.5	3	0.1492537313432836	2095.5	0	0.0	1143.0	0	0.0	1143.0	0	0.0
info	20	191	287441.5	16	0.7960199004975125	287441.5	20	0.9950248756218906	2106.5	0	0.0	1149.0	0	0.0	1149.0	0	0.0
info	20	192	288942.5	4	0.19900497512437812	288942.5	0	0.0	2117.5	0	0.0	1155.0	0	0.0	1155.0	0	0.0
info	20	193	290443.5	16	0.7960199004975125	290443.5	20	0.9950248756218906	2128.5	0	0.0	1161.0	0	0.0	1161.0	0	0.0
info	20	194	291944.5	5	0.24875621890547264	291944.5	0	0.0	2139.5	0	0.0	1167.0	0	0.0	1167.0	0	0.0
info	20	195	293445.5	15	0.746268656716418	293445.5	20	0.9950248756218906	2150.5	0	0.0	1173.0	0	0.0	1173.0	0	0.0
info	20	196	294946.5	5	0.24875621890547264	294946.5	0	0.0	2161.5	0	0.0	1179.0	0	0.0	1179.0	0	0.0
info	20	197	296447.5	14	0.6965174129353234	296447.5	19	0.945273631840796	2172.5	0	0.0	1185.0	0	0.0	1185.0	0	0.0
info	20	198	297948.5	4	0.19900497512437812	297948.5	1	0.04975124378109453	2183.5	0	0.0	1191.0	0	0.0	1191.0	0	0.0
info	20	199	299449.5	7	0.3482587064676617	299449.5	10	0.4975124378109453	2194.5	0	0.0	1197.0	0	0.0	1197.0	0	0.0
home	20	0	749.0	20	0.9995002498750625	749.0	20	0.9995002498750625	4.0	182	9.095452273863067	3.0	2001	100.0	3.0	2001	100.0
home	20	1	2247.0	0	0.0	2247.0	0	0.0	12.0	40	1.999000499750125	9.0	0	0.0	9.0	0	0.0
home	20	2	3745.0	20	0.9995002498750625	3745.0	20	0.9995002498750625	20.0	38	1.8990504747626187	15.0	0	0.0	15.0	0	0.0
home	20	3	5243.0	0	0.0	5243.0	0	0.0	28.0	64	3.1984007996001997	21.0	0	0.0	21.0	0	0.0
home	20	4	6741.0	20	0.9995002498750625	6741.0	20	0.9995002498750625	36.0	97	4.847576211894053	27.0	0	0.0	27.0	0	0.0
home	20	5	8239.0	0	0.0	8239.0	0	0.0	44.0	114	5.697151424287855	33.0	0	0.0	33.0	0	0.0
home	20	6	9737.0	20	0.9995002498750625	9737.0	20	0.9995002498750625	52.0	75	3.748125937031484	39.0	0	0.0	39.0	0	0.0
home	20	7	11235.0	0	0.0	11235.0	0	0.0	60.0	42	2.098950524737631	45.0	0	0.0	45.0	0	0.0
home	20	8	12733.0	20	0.9995002498750625	12733.0	20	0.9995002498750625	68.0	92	4.597701149425287	51.0	0	0.0	51.0	0	0.0
home	20	9	14231.0	0	0.0	14231.0	0	0.0	76.0	146	7.296351824087956	57.0	0	0.0	57.0	0	0.0
home	20	10	15729.0	20	0.9995002498750625	15729.0	20	0.9995002498750625	84.0	135	6.746626686656671	63.0	0	0.0	63.0	0	0.0
home	20	11	17227.0	0	0.0	17227.0	0	0.0	92.0	170	8.495752123938031	69.0	0	0.0	69.0	0	0.0
home	20	12	18725.0	20	0.9995002498750625	18725.0	20	0.9995002498750625	100.0	194	9.695152423788105	75.0	0	0.0	75.0	0	0.0
home	20	13	20223.0	0	0.0	20223.0	0	0.0	108.0	157	7.84607696151924	81.0	0	0.0	81.0	0	0.0
home	20	14	21721.0	20	0.9995002498750625	21721.0	20	0.9995002498750625	116.0	113	5.647176411794103	87.0	0	0.0	87.0	0	0.0
home	20	15	23219.0	0	0.0	23219.0	0	0.0	124.0	73	3.648175912043978	93.0	0	0.0	93.0	0	0.0
home	20	16	24717.0	20	0.9995002498750625	24717.0	20	0.9995002498750625	132.0	33	1.649175412293853	99.0	0	0.0	99.0	0	0.0
home	20	17	26215.0	0	0.0	26215.0	0	0.0	140.0	18	0.8995502248875562	105.0	0	0.0	105.0	0	0.0
home	20	18	27713.0	20	0.9995002498750625	27713.0	20	0.9995002498750625	148.0	24	1.1994002998500748	111.0	0	0.0	111.0	0	0.0
home	20	19	29211.0	0	0.0	29211.0	0	0.0	156.0	31	1.5492253873063468	117.0	0	0.0	117.0	0	0.0
home	20	20	30709.0	20	0.9995002498750625	30709.0	20	0.9995002498750625	164.0	42	2.098950524737631	123.0	0	0.0	123.0	0	0.0
home	20	21	32207.0	0	0.0	32207.0	0	0.0	172.0	29	1.4492753623188406	129.0	0	0.0	129.0	0	0.0
home	20	22	33705.0	20	0.9995002498750625	33705.0	20	0.9995002498750625	180.0	28	1.3993003498250873	135.0	0	0.0	135.0	0	0.0
home	20	23	35203.0	0	0.0	35203.0	0	0.0	188.0	21	1.0494752623688155	141.0	0	0.0	141.0	0	0.0
home	20	24	36701.0	20	0.9995002498750625	36701.0	20	0.9995002498750625	196.0	13	0.6496751624187905	147.0	0	0.0	147.0	0	0.0
home	20	25	38199.0	0	0.0	38199.0	0	0.0	204.0	7	0.34982508745627183	153.0	0	0.0	153.0	0	0.0
home	20	26	39697.0	20	0.9995002498750625	39697.0	20	0.9995002498750625	212.0	1	0.04997501249375312	159.0	0	0.0	159.0	0	0.0
home	20	27	41195.0	0	0.0	41195.0	0	0.0	220.0	0	0.0	165.0	0	0.0	165.0	0	0.0
home	20	28	42693.0	20	0.9995002498750625	42693.0	20	0.9995002498750625	228.0	0	0.0	171.0	0	0.0	171.0	0	0.0
home	20	29	44191.0	0	0.0	44191.0	0	0.0	236.0	0	0.0	177.0	0	0.0	177.0	0	0.0
home	20	30	45689.0	20	0.9995002498750625	45689.0	20	0.9995002498750625	244.0	0	0.0	183.0	0	0.0	183.0	0	0.0
home	20	31	47187.0	0	0.0	47187.0	0	0.0	252.0	3	0.14992503748125935	189.0	0	0.0	189.0	0	0.0
home	20	32	48685.0	20	0.9995002498750625	48685.0	20	0.9995002498750625	260.0	0	0.0	195.0	0	0.0	195.0	0	0.0
home	20	33	50183.0	0	0.0	50183.0	0	0.0	268.0	1	0.04997501249375312	201.0	0	0.0	201.0	0	0.0
home	20	34	51681.0	20	0.9995002498750625	51681.0	20	0.9995002498750625	276.0	0	0.0	207.0	0	0.0	207.0	0	0.0
home	20	35	53179.0	0	0.0	53179.0	0	0.0	284.0	0	0.0	213.0	0	0.0	213.0	0	0.0
home	20	36	54677.0	20	0.9995002498750625	54677.0	20	0.9995002498750625	292.0	0	0.0	219.0	0	0.0	219.0	0	0.0
home	20	37	56175.0	0	0.0	56175.0	0	0.0	300.0	1	0.04997501249375312	225.0	0	0.0	225.0	0	0.0
home	20	38	57673.0	17	0.8495752123938031	57673.0	0	0.0	308.0	2	0.09995002498750624	231.0	0	0.0	231.0	0	0.0
home	20	39	59171.0	3	0.14992503748125935	59171.0	20	0.9995002498750625	316.0	0	0.0	237.0	0	0.0	237.0	0	0.0
home	20	40	60669.0	20	0.9995002498750625	60669.0	20	0.9995002498750625	324.0	0	0.0	243.0	0	0.0	243.0	0	0.0
home	20	41	62167.0	0	0.0	62167.0	0	0.0	332.0	0	0.0	249.0	0	0.0	249.0	0	0.0
home	20	42	63665.0	20	0.9995002498750625	63665.0	20	0.9995002498750625	340.0	1	0.04997501249375312	255.0	0	0.0	255.0	0	0.0
home	20	43	65163.0	0	0.0	65163.0	0	0.0	348.0	0	0.0	261.0	0	0.0	261.0	0	0.0
home	20	44	66661.0	20	0.9995002498750625	66661.0	20	0.9995002498750625	356.0	0	0.0	267.0	0	0.0	267.0	0	0.0
home	20	45	68159.0	1	0.04997501249375312	68159.0	0	0.0	364.0	0	0.0	273.0	0	0.0	273.0	0	0.0
home	20	46	69657.0	19	0.9495252373813093	69657.0	20	0.9995002498750625	372.0	0	0.0	279.0	0	0.0	279.0	0	0.0
home	20	47	71155.0	0	0.0	71155.0	0	0.0	380.0	0	0.0	285.0	0	0.0	285.0	0	0.0
home	20	48	72653.0	20	0.9995002498750625	72653.0	20	0.9995002498750625	388.0	0	0.0	291.0	0	0.0	291.0	0	0.0
home	20	49	74151.0	0	0.0	74151.0	0	0.0	396.0	1	0.04997501249375312	297.0	0	0.0	297.0	0	0.0
home	20	50	75649.0	20	0.9995002498750625	75649.0	20	0.9995002498750625	404.0	1	0.04997501249375312	303.0	0	0.0	303.0	0	0.0
home	20	51	77147.0	0	0.0	77147.0	0	0.0	412.0	0	0.0	309.0	0	0.0	309.0	0	0.0
home	20	52	78645.0	20	0.9995002498750625	78645.0	20	0.9995002498750625	420.0	0	0.0	315.0	0	0.0	315.0	0	0.0
home	20	53	80143.0	0	0.0	80143.0	0	0.0	428.0	1	0.04997501249375312	321.0	0	0.0	321.0	0	0.0
home	20	54	81641.0	20	0.9995002498750625	81641.0	20	0.9995002498750625	436.0	0	0.0	327.0	0	0.0	327.0	0	0.0
home	20	55	83139.0	0	0.0	83139.0	0	0.0	444.0	0	0.0	333.0	0	0.0	333.0	0	0.0
home	20	56	84637.0	20	0.9995002498750625	84637.0	20	0.9995002498750625	452.0	0	0.0	339.0	0	0.0	339.0	0	0.0
home	20	57	86135.0	0	0.0	86135.0	0	0.0	460.0	0	0.0	345.0	0	0.0	345.0	0	0.0
home	20	58	87633.0	18	0.8995502248875562	87633.0	0	0.0	468.0	0	0.0	351.0	0	0.0	351.0	0	0.0
home	20	59	89131.0	2	0.09995002498750624	89131.0	20	0.9995002498750625	476.0	0	0.0	357.0	0	0.0	357.0	0	0.0
home	20	60	90629.0	20	0.9995002498750625	90629.0	20	0.9995002498750625	484.0	1	0.04997501249375312	363.0	0	0.0	363.0	0	0.0
home	20	61	92127.0	0	0.0	92127.0	0	0.0	492.0	0	0.0	369.0	0	0.0	369.0	0	0.0
home	20	62	93625.0	20	0.9995002498750625	93625.0	20	0.9995002498750625	500.0	0	0.0	375.0	0	0.0	375.0	0	0.0
home	20	63	95123.0	0	0.0	95123.0	0	0.0	508.0	1	0.04997501249375312	381.0	0	0.0	381.0	0	0.0
home	20	64	96621.0	20	0.9995002498750625	96621.0	20	0.9995002498750625	516.0	0	0.0	387.0	0	0.0	387.0	0	0.0
home	20	65	98119.0	0	0.0	98119.0	0	0.0	524.0	1	0.04997501249375312	393.0	0	0.0	393.0	0	0.0
home	20	66	99617.0	20	0.9995002498750625	99617.0	20	0.9995002498750625	532.0	0	0.0	399.0	0	0.0	399.0	0	0.0
home	20	67	101115.0	0	0.0	101115.0	0	0.0	540.0	0	0.0	405.0	0	0.0	405.0	0	0.0
home	20	68	102613.0	20	0.9995002498750625	102613.0	20	0.9995002498750625	548.0	0	0.0	411.0	0	0.0	411.0	0	0.0
home	20	69	104111.0	0	0.0	104111.0	0	0.0	556.0	0	0.0	417.0	0	0.0	417.0	0	0.0
home	20	70	105609.0	20	0.9995002498750625	105609.0	20	0.9995002498750625	564.0	0	0.0	423.0	0	0.0	423.0	0	0.0
home	20	71	107107.0	0	0.0	107107.0	0	0.0	572.0	0	0.0	429.0	0	0.0	429.0	0	0.0
home	20	72	108605.0	20	0.9995002498750625	108605.0	20	0.9995002498750625	580.0	0	0.0	435.0	0	0.0	435.0	0	0.0
home	20	73	110103.0	0	0.0	110103.0	0	0.0	588.0	0	0.0	441.0	0	0.0	441.0	0	0.0
home	20	74	111601.0	20	0.9995002498750625	111601.0	20	0.9995002498750625	596.0	0	0.0	447.0	0	0.0	447.0	0	0.0
home	20	75	113099.0	0	0.0	113099.0	0	0.0	604.0	0	0.0	453.0	0	0.0	453.0	0	0.0
home	20	76	114597.0	20	0.9995002498750625	114597.0	20	0.9995002498750625	612.0	0	0.0	459.0	0	0.0	459.0	0	0.0
home	20	77	116095.0	0	0.0	116095.0	0	0.0	620.0	0	0.0	465.0	0	0.0	465.0	0	0.0
home	20	78	117593.0	20	0.9995002498750625	117593.0	20	0.9995002498750625	628.0	0	0.0	471.0	0	0.0	471.0	0	0.0
home	20	79	119091.0	0	0.0	119091.0	0	0.0	636.0	0	0.0	477.0	0	0.0	477.0	0	0.0
home	20	80	120589.0	20	0.9995002498750625	120589.0	20	0.9995002498750625	644.0	0	0.0	483.0	0	0.0	483.0	0	0.0
home	20	81	122087.0	0	0.0	122087.0	0	0.0	652.0	0	0.0	489.0	0	0.0	489.0	0	0.0
home	20	82	123585.0	20	0.9995002498750625	123585.0	20	0.9995002498750625	660.0	0	0.0	495.0	0	0.0	495.0	0	0.0
home	20	83	125083.0	1	0.04997501249375312	125083.0	0	0.0	668.0	0	0.0	501.0	0	0.0	501.0	0	0.0
home	20	84	126581.0	19	0.9495252373813093	126581.0	20	0.9995002498750625	676.0	0	0.0	507.0	0	0.0	507.0	0	0.0
home	20	85	128079.0	0	0.0	128079.0	0	0.0	684.0	1	0.04997501249375312	513.0	0	0.0	513.0	0	0.0
home	20	86	129577.0	20	0.9995002498750625	129577.0	20	0.9995002498750625	692.0	1	0.04997501249375312	519.0	0	0.0	519.0	0	0.0
home	20	87	131075.0	0	0.0	131075.0	0	0.0	700.0	0	0.0	525.0	0	0.0	525.0	0	0.0
home	20	88	132573.0	20	0.9995002498750625	132573.0	20	0.9995002498750625	708.0	0	0.0	531.0	0	0.0	531.0	0	0.0
home	20	89	134071.0	0	0.0	134071.0	0	0.0	716.0	0	0.0	537.0	0	0.0	537.0	0	0.0
home	20	90	135569.0	20	0.9995002498750625	135569.0	20	0.9995002498750625	724.0	0	0.0	543.0	0	0.0	543.0	0	0.0
home	20	91	137067.0	0	0.0	137067.0	0	0.0	732.0	0	0.0	549.0	0	0.0	549.0	0	0.0
home	20	92	138565.0	20	0.9995002498750625	138565.0	20	0.9995002498750625	740.0	0	0.0	555.0	0	0.0	555.0	0	0.0
home	20	93	140063.0	0	0.0	140063.0	0	0.0	748.0	0	0.0	561.0	0	0.0	561.0	0	0.0
home	20	94	141561.0	20	0.9995002498750625	141561.0	20	0.9995002498750625	756.0	0	0.0	567.0	0	0.0	567.0	0	0.0
home	20	95	143059.0	0	0.0	143059.0	0	0.0	764.0	0	0.0	573.0	0	0.0	573.0	0	0.0
home	20	96	144557.0	20	0.9995002498750625	144557.0	20	0.9995002498750625	772.0	0	0.0	579.0	0	0.0	579.0	0	0.0
home	20	97	146055.0	0	0.0	146055.0	0	0.0	780.0	0	0.0	585.0	0	0.0	585.0	0	0.0
home	20	98	147553.0	20	0.9995002498750625	147553.0	20	0.9995002498750625	788.0	0	0.0	591.0	0	0.0	591.0	0	0.0
home	20	99	149051.0	0	0.0	149051.0	0	0.0	796.0	1	0.04997501249375312	597.0	0	0.0	597.0	0	0.0
home	20	100	150549.0	20	0.9995002498750625	150549.0	20	0.9995002498750625	804.0	0	0.0	603.0	0	0.0	603.0	0	0.0
home	20	101	152047.0	0	0.0	152047.0	0	0.0	812.0	0	0.0	609.0	0	0.0	609.0	0	0.0
home	20	102	153545.0	20	0.9995002498750625	153545.0	20	0.9995002498750625	820.0	1	0.04997501249375312	615.0	0	0.0	615.0	0	0.0
home	20	103	155043.0	0	0.0	155043.0	0	0.0	828.0	0	0.0	621.0	0	0.0	621.0	0	0.0
home	20	104	156541.0	20	0.9995002498750625	156541.0	20	0.9995002498750625	836.0	0	0.0	627.0	0	0.0	627.0	0	0.0
home	20	105	158039.0	0	0.0	158039.0	0	0.0	844.0	0	0.0	633.0	0	0.0	633.0	0	0.0
home	20	106	159537.0	20	0.9995002498750625	159537.0	20	0.9995002498750625	852.0	0	0.0	639.0	0	0.0	639.0	0	0.0
home	20	107	161035.0	0	0.0	161035.0	0	0.0	860.0	0	0.0	645.0	0	0.0	645.0	0	0.0
home	20	108	162533.0	20	0.9995002498750625	162533.0	20	0.9995002498750625	868.0	0	0.0	651.0	0	0.0	651.0	0	0.0
home	20	109	164031.0	0	0.0	164031.0	0	0.0	876.0	0	0.0	657.0	0	0.0	657.0	0	0.0
home	20	110	165529.0	20	0.9995002498750625	165529.0	20	0.9995002498750625	884.0	0	0.0	663.0	0	0.0	663.0	0	0.0
home	20	111	167027.0	0	0.0	167027.0	0	0.0	892.0	0	0.0	669.0	0	0.0	669.0	0	0.0
home	20	112	168525.0	20	0.9995002498750625	168525.0	20	0.9995002498750625	900.0	0	0.0	675.0	0	0.0	675.0	0	0.0
home	20	113	170023.0	0	0.0	170023.0	0	0.0	908.0	0	0.0	681.0	0	0.0	681.0	0	0.0
home	20	114	171521.0	20	0.9995002498750625	171521.0	20	0.9995002498750625	916.0	0	0.0	687.0	0	0.0	687.0	0	0.0
home	20	115	173019.0	0	0.0	173019.0	0	0.0	924.0	0	0.0	693.0	0	0.0	693.0	0	0.0
home	20	116	174517.0	20	0.9995002498750625	174517.0	20	0.9995002498750625	932.0	0	0.0	699.0	0	0.0	699.0	0	0.0
home	20	117	176015.0	0	0.0	176015.0	0	0.0	940.0	0	0.0	705.0	0	0.0	705.0	0	0.0
home	20	118	177513.0	20	0.9995002498750625	177513.0	20	0.9995002498750625	948.0	0	0.0	711.0	0	0.0	711.0	0	0.0
home	20	119	179011.0	1	0.04997501249375312	179011.0	0	0.0	956.0	0	0.0	717.0	0	0.0	717.0	0	0.0
home	20	120	180509.0	19	0.9495252373813093	180509.0	20	0.9995002498750625	964.0	0	0.0	723.0	0	0.0	723.0	0	0.0
home	20	121	182007.0	0	0.0	182007.0	0	0.0	972.0	0	0.0	729.0	0	0.0	729.0	0	0.0
home	20	122	183505.0	20	0.9995002498750625	183505.0	20	0.9995002498750625	980.0	0	0.0	735.0	0	0.0	735.0	0	0.0
home	20	123	185003.0	0	0.0	185003.0	0	0.0	988.0	0	0.0	741.0	0	0.0	741.0	0	0.0
home	20	124	186501.0	20	0.9995002498750625	186501.0	20	0.9995002498750625	996.0	0	0.0	747.0	0	0.0	747.0	0	0.0
home	20	125	187999.0	0	0.0	187999.0	0	0.0	1004.0	0	0.0	753.0	0	0.0	753.0	0	0.0
home	20	126	189497.0	20	0.9995002498750625	189497.0	20	0.9995002498750625	1012.0	0	0.0	759.0	0	0.0	759.0	0	0.0
home	20	127	190995.0	0	0.0	190995.0	0	0.0	1020.0	0	0.0	765.0	0	0.0	765.0	0	0.0
home	20	128	192493.0	20	0.9995002498750625	192493.0	20	0.9995002498750625	1028.0	0	0.0	771.0	0	0.0	771.0	0	0.0
home	20	129	193991.0	0	0.0	193991.0	0	0.0	1036.0	0	0.0	777.0	0	0.0	777.0	0	0.0
home	20	130	195489.0	20	0.9995002498750625	195489.0	20	0.9995002498750625	1044.0	0	0.0	783.0	0	0.0	783.0	0	0.0
home	20	131	196987.0	0	0.0	196987.0	0	0.0	1052.0	0	0.0	789.0	0	0.0	789.0	0	0.0
home	20	132	198485.0	19	0.9495252373813093	198485.0	17	0.8495752123938031	1060.0	0	0.0	795.0	0	0.0	795.0	0	0.0
home	20	133	199983.0	1	0.04997501249375312	199983.0	3	0.14992503748125935	1068.0	0	0.0	801.0	0	0.0	801.0	0	0.0
home	20	134	201481.0	20	0.9995002498750625	201481.0	20	0.9995002498750625	1076.0	0	0.0	807.0	0	0.0	807.0	0	0.0
home	20	135	202979.0	0	0.0	202979.0	0	0.0	1084.0	0	0.0	813.0	0	0.0	813.0	0	0.0
home	20	136	204477.0	20	0.9995002498750625	204477.0	20	0.9995002498750625	1092.0	0	0.0	819.0	0	0.0	819.0	0	0.0
home	20	137	205975.0	0	0.0	205975.0	0	0.0	1100.0	0	0.0	825.0	0	0.0	825.0	0	0.0
home	20	138	207473.0	20	0.9995002498750625	207473.0	20	0.9995002498750625	1108.0	0	0.0	831.0	0	0.0	831.0	0	0.0
home	20	139	208971.0	0	0.0	208971.0	0	0.0	1116.0	0	0.0	837.0	0	0.0	837.0	0	0.0
home	20	140	210469.0	20	0.9995002498750625	210469.0	20	0.9995002498750625	1124.0	0	0.0	843.0	0	0.0	843.0	0	0.0
home	20	141	211967.0	0	0.0	211967.0	0	0.0	1132.0	0	0.0	849.0	0	0.0	849.0	0	0.0
home	20	142	213465.0	20	0.9995002498750625	213465.0	20	0.9995002498750625	1140.0	0	0.0	855.0	0	0.0	855.0	0	0.0
home	20	143	214963.0	0	0.0	214963.0	0	0.0	1148.0	0	0.0	861.0	0	0.0	861.0	0	0.0
home	20	144	216461.0	18	0.8995502248875562	216461.0	18	0.8995502248875562	1156.0	0	0.0	867.0	0	0.0	867.0	0	0.0
home	20	145	217959.0	2	0.09995002498750624	217959.0	2	0.09995002498750624	1164.0	0	0.0	873.0	0	0.0	873.0	0	0.0
home	20	146	219457.0	20	0.9995002498750625	219457.0	20	0.9995002498750625	1172.0	0	0.0	879.0	0	0.0	879.0	0	0.0
home	20	147	220955.0	0	0.0	220955.0	0	0.0	1180.0	0	0.0	885.0	0	0.0	885.0	0	0.0
home	20	148	222453.0	20	0.9995002498750625	222453.0	20	0.9995002498750625	1188.0	0	0.0	891.0	0	0.0	891.0	0	0.0
home	20	149	223951.0	0	0.0	223951.0	0	0.0	1196.0	0	0.0	897.0	0	0.0	897.0	0	0.0
home	20	150	225449.0	18	0.8995502248875562	225449.0	18	0.8995502248875562	1204.0	0	0.0	903.0	0	0.0	903.0	0	0.0
home	20	151	226947.0	2	0.09995002498750624	226947.0	2	0.09995002498750624	1212.0	0	0.0	909.0	0	0.0	909.0	0	0.0
home	20	152	228445.0	17	0.8495752123938031	228445.0	17	0.8495752123938031	1220.0	0	0.0	915.0	0	0.0	915.0	0	0.0
home	20	153	229943.0	3	0.14992503748125935	229943.0	3	0.14992503748125935	1228.0	0	0.0	921.0	0	0.0	921.0	0	0.0
home	20	154	231441.0	20	0.9995002498750625	231441.0	20	0.9995002498750625	1236.0	0	0.0	927.0	0	0.0	927.0	0	0.0
home	20	155	232939.0	0	0.0	232939.0	0	0.0	1244.0	1	0.04997501249375312	933.0	0	0.0	933.0	0	0.0
home	20	156	234437.0	20	0.9995002498750625	234437.0	20	0.9995002498750625	1252.0	0	0.0	939.0	0	0.0	939.0	0	0.0
home	20	157	235935.0	0	0.0	235935.0	0	0.0	1260.0	0	0.0	945.0	0	0.0	945.0	0	0.0
home	20	158	237433.0	20	0.9995002498750625	237433.0	20	0.9995002498750625	1268.0	0	0.0	951.0	0	0.0	951.0	0	0.0
home	20	159	238931.0	0	0.0	238931.0	0	0.0	1276.0	0	0.0	957.0	0	0.0	957.0	0	0.0
home	20	160	240429.0	20	0.9995002498750625	240429.0	20	0.9995002498750625	1284.0	0	0.0	963.0	0	0.0	963.0	0	0.0
home	20	161	241927.0	0	0.0	241927.0	0	0.0	1292.0	0	0.0	969.0	0	0.0	969.0	0	0.0
home	20	162	243425.0	20	0.9995002498750625	243425.0	20	0.9995002498750625	1300.0	1	0.04997501249375312	975.0	0	0.0	975.0	0	0.0
home	20	163	244923.0	0	0.0	244923.0	0	0.0	1308.0	0	0.0	981.0	0	0.0	981.0	0	0.0
home	20	164	246421.0	20	0.9995002498750625	246421.0	20	0.9995002498750625	1316.0	0	0.0	987.0	0	0.0	987.0	0	0.0
home	20	165	247919.0	0	0.0	247919.0	0	0.0	1324.0	0	0.0	993.0	0	0.0	993.0	0	0.0
home	20	166	249417.0	20	0.9995002498750625	249417.0	20	0.9995002498750625	1332.0	0	0.0	999.0	0	0.0	999.0	0	0.0
home	20	167	250915.0	0	0.0	250915.0	0	0.0	1340.0	0	0.0	1005.0	0	0.0	1005.0	0	0.0
home	20	168	252413.0	20	0.9995002498750625	252413.0	20	0.9995002498750625	1348.0	0	0.0	1011.0	0	0.0	1011.0	0	0.0
home	20	169	253911.0	0	0.0	253911.0	0	0.0	1356.0	0	0.0	1017.0	0	0.0	1017.0	0	0.0
home	20	170	255409.0	20	0.9995002498750625	255409.0	20	0.9995002498750625	1364.0	0	0.0	1023.0	0	0.0	1023.0	0	0.0
home	20	171	256907.0	0	0.0	256907.0	0	0.0	1372.0	0	0.0	1029.0	0	0.0	1029.0	0	0.0
home	20	172	258405.0	20	0.9995002498750625	258405.0	20	0.9995002498750625	1380.0	0	0.0	1035.0	0	0.0	1035.0	0	0.0
home	20	173	259903.0	0	0.0	259903.0	0	0.0	1388.0	0	0.0	1041.0	0	0.0	1041.0	0	0.0
home	20	174	261401.0	20	0.9995002498750625	261401.0	20	0.9995002498750625	1396.0	0	0.0	1047.0	0	0.0	1047.0	0	0.0
home	20	175	262899.0	0	0.0	262899.0	0	0.0	1404.0	0	0.0	1053.0	0	0.0	1053.0	0	0.0
home	20	176	264397.0	20	0.9995002498750625	264397.0	20	0.9995002498750625	1412.0	0	0.0	1059.0	0	0.0	1059.0	0	0.0
home	20	177	265895.0	0	0.0	265895.0	0	0.0	1420.0	0	0.0	1065.0	0	0.0	1065.0	0	0.0
home	20	178	267393.0	20	0.9995002498750625	267393.0	20	0.9995002498750625	1428.0	0	0.0	1071.0	0	0.0	1071.0	0	0.0
home	20	179	268891.0	1	0.04997501249375312	268891.0	0	0.0	1436.0	0	0.0	1077.0	0	0.0	1077.0	0	0.0
home	20	180	270389.0	19	0.9495252373813093	270389.0	20	0.9995002498750625	1444.0	0	0.0	1083.0	0	0.0	1083.0	0	0.0
home	20	181	271887.0	9	0.4497751124437781	271887.0	0	0.0	1452.0	0	0.0	1089.0	0	0.0	1089.0	0	0.0
home	20	182	273385.0	11	0.5497251374312844	273385.0	20	0.9995002498750625	1460.0	0	0.0	1095.0	0	0.0	1095.0	0	0.0
home	20	183	274883.0	20	0.9995002498750625	274883.0	20	0.9995002498750625	1468.0	0	0.0	1101.0	0	0.0	1101.0	0	0.0
home	20	184	276381.0	0	0.0	276381.0	0	0.0	1476.0	0	0.0	1107.0	0	0.0	1107.0	0	0.0
home	20	185	277879.0	3	0.14992503748125935	277879.0	0	0.0	1484.0	0	0.0	1113.0	0	0.0	1113.0	0	0.0
home	20	186	279377.0	17	0.8495752123938031	279377.0	20	0.9995002498750625	1492.0	0	0.0	1119.0	0	0.0	1119.0	0	0.0
home	20	187	280875.0	19	0.9495252373813093	280875.0	1	0.04997501249375312	1500.0	1	0.04997501249375312	1125.0	0	0.0	1125.0	0	0.0
home	20	188	282373.0	1	0.04997501249375312	282373.0	19	0.9495252373813093	1508.0	0	0.0	1131.0	0	0.0	1131.0	0	0.0
home	20	189	283871.0	17	0.8495752123938031	283871.0	12	0.5997001499250374	1516.0	0	0.0	1137.0	0	0.0	1137.0	0	0.0
home	20	190	285369.0	3	0.14992503748125935	285369.0	8	0.39980009995002497	1524.0	0	0.0	1143.0	0	0.0	1143.0	0	0.0
home	20	191	286867.0	20	0.9995002498750625	286867.0	20	0.9995002498750625	1532.0	1	0.04997501249375312	1149.0	0	0.0	1149.0	0	0.0
home	20	192	288365.0	0	0.0	288365.0	0	0.0	1540.0	0	0.0	1155.0	0	0.0	1155.0	0	0.0
home	20	193	289863.0	20	0.9995002498750625	289863.0	20	0.9995002498750625	1548.0	0	0.0	1161.0	0	0.0	1161.0	0	0.0
home	20	194	291361.0	0	0.0	291361.0	0	0.0	1556.0	0	0.0	1167.0	0	0.0	1167.0	0	0.0
home	20	195	292859.0	20	0.9995002498750625	292859.0	20	0.9995002498750625	1564.0	0	0.0	1173.0	0	0.0	1173.0	0	0.0
home	20	196	294357.0	0	0.0	294357.0	0	0.0	1572.0	0	0.0	1179.0	0	0.0	1179.0	0	0.0
home	20	197	295855.0	19	0.9495252373813093	295855.0	19	0.9495252373813093	1580.0	0	0.0	1185.0	0	0.0	1185.0	0	0.0
home	20	198	297353.0	1	0.04997501249375312	297353.0	1	0.04997501249375312	1588.0	0	0.0	1191.0	0	0.0	1191.0	0	0.0
home	20	199	298851.0	1	0.04997501249375312	298851.0	1	0.04997501249375312	1596.0	0	0.0	1197.0	0	0.0	1197.0	0	0.0
