'Request type'	'Load'	'Bucket'	'Start time'	'Absolute'	'Percent of requests'	'End time'	'Absolute'	'Percent of requests'	'Residence time'	'Absolute'	'Percent of requests'	'Theor. think time'	'Absolute'	'Percent of requests'	'Actual think time'	'Absolute'	'Percent of requests'
login	40	0	749.5	40	1.689189189189189	749.5	12	0.5067567567567568	12.0	0	0.0	3.0	2368	100.0	3.0	2368	100.0
login	40	1	2248.5	0	0.0	2248.5	12	0.5067567567567568	36.0	0	0.0	9.0	0	0.0	9.0	0	0.0
login	40	2	3747.5	0	0.0	3747.5	16	0.6756756756756757	60.0	0	0.0	15.0	0	0.0	15.0	0	0.0
login	40	3	5246.5	40	1.689189189189189	5246.5	5	0.21114864864864863	84.0	4	0.16891891891891891	21.0	0	0.0	21.0	0	0.0
login	40	4	6745.5	1	0.04222972972972973	6745.5	17	0.7179054054054054	108.0	2	0.08445945945945946	27.0	0	0.0	27.0	0	0.0
login	40	5	8244.5	0	0.0	8244.5	14	0.5912162162162162	132.0	0	0.0	33.0	0	0.0	33.0	0	0.0
login	40	6	9743.5	40	1.689189189189189	9743.5	5	0.21114864864864863	156.0	2	0.08445945945945946	39.0	0	0.0	39.0	0	0.0
login	40	7	11242.5	0	0.0	11242.5	14	0.5912162162162162	180.0	1	0.04222972972972973	45.0	0	0.0	45.0	0	0.0
login	40	8	12741.5	0	0.0	12741.5	13	0.5489864864864865	204.0	2	0.08445945945945946	51.0	0	0.0	51.0	0	0.0
login	40	9	14240.5	0	0.0	14240.5	13	0.5489864864864865	228.0	5	0.21114864864864863	57.0	0	0.0	57.0	0	0.0
login	40	10	15739.5	40	1.689189189189189	15739.5	6	0.2533783783783784	252.0	3	0.1266891891891892	63.0	0	0.0	63.0	0	0.0
login	40	11	17238.5	0	0.0	17238.5	18	0.7601351351351351	276.0	11	0.46452702702702703	69.0	0	0.0	69.0	0	0.0
login	40	12	18737.5	0	0.0	18737.5	13	0.5489864864864865	300.0	14	0.5912162162162162	75.0	0	0.0	75.0	0	0.0
login	40	13	20236.5	40	1.689189189189189	20236.5	4	0.16891891891891891	324.0	5	0.21114864864864863	81.0	0	0.0	81.0	0	0.0
login	40	14	21735.5	0	0.0	21735.5	16	0.6756756756756757	348.0	14	0.5912162162162162	87.0	0	0.0	87.0	0	0.0
login	40	15	23234.5	0	0.0	23234.5	12	0.5067567567567568	372.0	12	0.5067567567567568	93.0	0	0.0	93.0	0	0.0
login	40	16	24733.5	0	0.0	24733.5	11	0.46452702702702703	396.0	26	1.097972972972973	99.0	0	0.0	99.0	0	0.0
login	40	17	26232.5	40	1.689189189189189	26232.5	10	0.42229729729729726	420.0	22	0.9290540540540541	105.0	0	0.0	105.0	0	0.0
login	40	18	27731.5	1	0.04222972972972973	27731.5	17	0.7179054054054054	444.0	10	0.42229729729729726	111.0	0	0.0	111.0	0	0.0
login	40	19	29230.5	0	0.0	29230.5	14	0.5912162162162162	468.0	18	0.7601351351351351	117.0	0	0.0	117.0	0	0.0
login	40	20	30729.5	40	1.689189189189189	30729.5	5	0.21114864864864863	492.0	20	0.8445945945945945	123.0	0	0.0	123.0	0	0.0
login	40	21	32228.5	0	0.0	32228.5	12	0.5067567567567568	516.0	16	0.6756756756756757	129.0	0	0.0	129.0	0	0.0
login	40	22	33727.5	0	0.0	33727.5	14	0.5912162162162162	540.0	13	0.5489864864864865	135.0	0	0.0	135.0	0	0.0
login	40	23	35226.5	0	0.0	35226.5	9	0.38006756756756754	564.0	15	0.6334459459459459	141.0	0	0.0	141.0	0	0.0
login	40	24	36725.5	40	1.689189189189189	36725.5	10	0.42229729729729726	588.0	25	1.0557432432432432	147.0	0	0.0	147.0	0	0.0
login	40	25	38224.5	0	0.0	38224.5	18	0.7601351351351351	612.0	12	0.5067567567567568	153.0	0	0.0	153.0	0	0.0
login	40	26	39723.5	0	0.0	39723.5	12	0.5067567567567568	636.0	18	0.7601351351351351	159.0	0	0.0	159.0	0	0.0
login	40	27	41222.5	40	1.689189189189189	41222.5	5	0.21114864864864863	660.0	14	0.5912162162162162	165.0	0	0.0	165.0	0	0.0
login	40	28	42721.5	0	0.0	42721.5	14	0.5912162162162162	684.0	24	1.0135135135135136	171.0	0	0.0	171.0	0	0.0
login	40	29	44220.5	0	0.0	44220.5	13	0.5489864864864865	708.0	22	0.9290540540540541	177.0	0	0.0	177.0	0	0.0
login	40	30	45719.5	0	0.0	45719.5	8	0.33783783783783783	732.0	14	0.5912162162162162	183.0	0	0.0	183.0	0	0.0
login	40	31	47218.5	40	1.689189189189189	47218.5	14	0.5912162162162162	756.0	8	0.33783783783783783	189.0	0	0.0	189.0	0	0.0
login	40	32	48717.5	0	0.0	48717.5	13	0.5489864864864865	780.0	15	0.6334459459459459	195.0	0	0.0	195.0	0	0.0
login	40	33	50216.5	0	0.0	50216.5	13	0.5489864864864865	804.0	16	0.6756756756756757	201.0	0	0.0	201.0	0	0.0
login	40	34	51715.5	40	1.689189189189189	51715.5	5	0.21114864864864863	828.0	13	0.5489864864864865	207.0	0	0.0	207.0	0	0.0
login	40	35	53214.5	0	0.0	53214.5	12	0.5067567567567568	852.0	6	0.2533783783783784	213.0	0	0.0	213.0	0	0.0
login	40	36	54713.5	0	0.0	54713.5	16	0.6756756756756757	876.0	12	0.5067567567567568	219.0	0	0.0	219.0	0	0.0
login	40	37	56212.5	30	1.2668918918918919	56212.5	7	0.2956081081081081	900.0	25	1.0557432432432432	225.0	0	0.0	225.0	0	0.0
login	40	38	57711.5	10	0.42229729729729726	57711.5	15	0.6334459459459459	924.0	14	0.5912162162162162	231.0	0	0.0	231.0	0	0.0
login	40	39	59210.5	0	0.0	59210.5	13	0.5489864864864865	948.0	8	0.33783783783783783	237.0	0	0.0	237.0	0	0.0
login	40	40	60709.5	0	0.0	60709.5	12	0.5067567567567568	972.0	11	0.46452702702702703	243.0	0	0.0	243.0	0	0.0
login	40	41	62208.5	40	1.689189189189189	62208.5	9	0.38006756756756754	996.0	21	0.8868243243243243	249.0	0	0.0	249.0	0	0.0
login	40	42	63707.5	0	0.0	63707.5	14	0.5912162162162162	1020.0	17	0.7179054054054054	255.0	0	0.0	255.0	0	0.0
login	40	43	65206.5	0	0.0	65206.5	17	0.7179054054054054	1044.0	11	0.46452702702702703	261.0	0	0.0	261.0	0	0.0
login	40	44	66705.5	40	1.689189189189189	66705.5	5	0.21114864864864863	1068.0	21	0.8868243243243243	267.0	0	0.0	267.0	0	0.0
login	40	45	68204.5	0	0.0	68204.5	14	0.5912162162162162	1092.0	13	0.5489864864864865	273.0	0	0.0	273.0	0	0.0
login	40	46	69703.5	0	0.0	69703.5	16	0.6756756756756757	1116.0	21	0.8868243243243243	279.0	0	0.0	279.0	0	0.0
login	40	47	71202.5	5	0.21114864864864863	71202.5	5	0.21114864864864863	1140.0	9	0.38006756756756754	285.0	0	0.0	285.0	0	0.0
login	40	48	72701.5	35	1.4780405405405406	72701.5	12	0.5067567567567568	1164.0	12	0.5067567567567568	291.0	0	0.0	291.0	0	0.0
login	40	49	74200.5	0	0.0	74200.5	16	0.6756756756756757	1188.0	17	0.7179054054054054	297.0	0	0.0	297.0	0	0.0
login	40	50	75699.5	0	0.0	75699.5	12	0.5067567567567568	1212.0	18	0.7601351351351351	303.0	0	0.0	303.0	0	0.0
login	40	51	77198.5	40	1.689189189189189	77198.5	11	0.46452702702702703	1236.0	7	0.2956081081081081	309.0	0	0.0	309.0	0	0.0
login	40	52	78697.5	0	0.0	78697.5	14	0.5912162162162162	1260.0	10	0.42229729729729726	315.0	0	0.0	315.0	0	0.0
login	40	53	80196.5	0	0.0	80196.5	15	0.6334459459459459	1284.0	21	0.8868243243243243	321.0	0	0.0	321.0	0	0.0
login	40	54	81695.5	40	1.689189189189189	81695.5	5	0.21114864864864863	1308.0	14	0.5912162162162162	327.0	0	0.0	327.0	0	0.0
login	40	55	83194.5	0	0.0	83194.5	15	0.6334459459459459	1332.0	12	0.5067567567567568	333.0	0	0.0	333.0	0	0.0
login	40	56	84693.5	0	0.0	84693.5	16	0.6756756756756757	1356.0	6	0.2533783783783784	339.0	0	0.0	339.0	0	0.0
login	40	57	86192.5	40	1.689189189189189	86192.5	4	0.16891891891891891	1380.0	20	0.8445945945945945	345.0	0	0.0	345.0	0	0.0
login	40	58	87691.5	0	0.0	87691.5	16	0.6756756756756757	1404.0	18	0.7601351351351351	351.0	0	0.0	351.0	0	0.0
login	40	59	89190.5	0	0.0	89190.5	14	0.5912162162162162	1428.0	8	0.33783783783783783	357.0	0	0.0	357.0	0	0.0
login	40	60	90689.5	0	0.0	90689.5	10	0.42229729729729726	1452.0	13	0.5489864864864865	363.0	0	0.0	363.0	0	0.0
login	40	61	92188.5	40	1.689189189189189	92188.5	7	0.2956081081081081	1476.0	20	0.8445945945945945	369.0	0	0.0	369.0	0	0.0
login	40	62	93687.5	0	0.0	93687.5	15	0.6334459459459459	1500.0	23	0.9712837837837838	375.0	0	0.0	375.0	0	0.0
login	40	63	95186.5	0	0.0	95186.5	18	0.7601351351351351	1524.0	14	0.5912162162162162	381.0	0	0.0	381.0	0	0.0
login	40	64	96685.5	40	1.689189189189189	96685.5	4	0.16891891891891891	1548.0	4	0.16891891891891891	387.0	0	0.0	387.0	0	0.0
login	40	65	98184.5	0	0.0	98184.5	15	0.6334459459459459	1572.0	17	0.7179054054054054	393.0	0	0.0	393.0	0	0.0
login	40	66	99683.5	0	0.0	99683.5	15	0.6334459459459459	1596.0	17	0.7179054054054054	399.0	0	0.0	399.0	0	0.0
login	40	67	101182.5	30	1.2668918918918919	101182.5	6	0.2533783783783784	1620.0	11	0.46452702702702703	405.0	0	0.0	405.0	0	0.0
login	40	68	102681.5	10	0.42229729729729726	102681.5	14	0.5912162162162162	1644.0	9	0.38006756756756754	411.0	0	0.0	411.0	0	0.0
login	40	69	104180.5	0	0.0	104180.5	13	0.5489864864864865	1668.0	11	0.46452702702702703	417.0	0	0.0	417.0	0	0.0
login	40	70	105679.5	0	0.0	105679.5	13	0.5489864864864865	1692.0	14	0.5912162162162162	423.0	0	0.0	423.0	0	0.0
login	40	71	107178.5	40	1.689189189189189	107178.5	10	0.42229729729729726	1716.0	11	0.46452702702702703	429.0	0	0.0	429.0	0	0.0
login	40	72	108677.5	0	0.0	108677.5	14	0.5912162162162162	1740.0	13	0.5489864864864865	435.0	0	0.0	435.0	0	0.0
login	40	73	110176.5	0	0.0	110176.5	13	0.5489864864864865	1764.0	18	0.7601351351351351	441.0	0	0.0	441.0	0	0.0
login	40	74	111675.5	40	1.689189189189189	111675.5	5	0.21114864864864863	1788.0	15	0.6334459459459459	447.0	0	0.0	447.0	0	0.0
login	40	75	113174.5	0	0.0	113174.5	14	0.5912162162162162	1812.0	13	0.5489864864864865	453.0	0	0.0	453.0	0	0.0
login	40	76	114673.5	0	0.0	114673.5	18	0.7601351351351351	1836.0	18	0.7601351351351351	459.0	0	0.0	459.0	0	0.0
login	40	77	116172.5	40	1.689189189189189	116172.5	6	0.2533783783783784	1860.0	25	1.0557432432432432	465.0	0	0.0	465.0	0	0.0
login	40	78	117671.5	0	0.0	117671.5	13	0.5489864864864865	1884.0	21	0.8868243243243243	471.0	0	0.0	471.0	0	0.0
login	40	79	119170.5	0	0.0	119170.5	15	0.6334459459459459	1908.0	14	0.5912162162162162	477.0	0	0.0	477.0	0	0.0
login	40	80	120669.5	0	0.0	120669.5	12	0.5067567567567568	1932.0	10	0.42229729729729726	483.0	0	0.0	483.0	0	0.0
login	40	81	122168.5	40	1.689189189189189	122168.5	5	0.21114864864864863	1956.0	6	0.2533783783783784	489.0	0	0.0	489.0	0	0.0
login	40	82	123667.5	0	0.0	123667.5	15	0.6334459459459459	1980.0	12	0.5067567567567568	495.0	0	0.0	495.0	0	0.0
login	40	83	125166.5	0	0.0	125166.5	14	0.5912162162162162	2004.0	23	0.9712837837837838	501.0	0	0.0	501.0	0	0.0
login	40	84	126665.5	40	1.689189189189189	126665.5	6	0.2533783783783784	2028.0	10	0.42229729729729726	507.0	0	0.0	507.0	0	0.0
login	40	85	128164.5	0	0.0	128164.5	15	0.6334459459459459	2052.0	6	0.2533783783783784	513.0	0	0.0	513.0	0	0.0
login	40	86	129663.5	0	0.0	129663.5	13	0.5489864864864865	2076.0	14	0.5912162162162162	519.0	0	0.0	519.0	0	0.0
login	40	87	131162.5	0	0.0	131162.5	12	0.5067567567567568	2100.0	19	0.8023648648648648	525.0	0	0.0	525.0	0	0.0
login	40	88	132661.5	40	1.689189189189189	132661.5	9	0.38006756756756754	2124.0	16	0.6756756756756757	531.0	0	0.0	531.0	0	0.0
login	40	89	134160.5	0	0.0	134160.5	12	0.5067567567567568	2148.0	15	0.6334459459459459	537.0	0	0.0	537.0	0	0.0
login	40	90	135659.5	0	0.0	135659.5	16	0.6756756756756757	2172.0	13	0.5489864864864865	543.0	0	0.0	543.0	0	0.0
login	40	91	137158.5	40	1.689189189189189	137158.5	4	0.16891891891891891	2196.0	17	0.7179054054054054	549.0	0	0.0	549.0	0	0.0
login	40	92	138657.5	0	0.0	138657.5	13	0.5489864864864865	2220.0	15	0.6334459459459459	555.0	0	0.0	555.0	0	0.0
login	40	93	140156.5	0	0.0	140156.5	15	0.6334459459459459	2244.0	11	0.46452702702702703	561.0	0	0.0	561.0	0	0.0
login	40	94	141655.5	0	0.0	141655.5	11	0.46452702702702703	2268.0	12	0.5067567567567568	567.0	0	0.0	567.0	0	0.0
login	40	95	143154.5	40	1.689189189189189	143154.5	7	0.2956081081081081	2292.0	19	0.8023648648648648	573.0	0	0.0	573.0	0	0.0
login	40	96	144653.5	0	0.0	144653.5	15	0.6334459459459459	2316.0	16	0.6756756756756757	579.0	0	0.0	579.0	0	0.0
login	40	97	146152.5	0	0.0	146152.5	16	0.6756756756756757	2340.0	8	0.33783783783783783	585.0	0	0.0	585.0	0	0.0
login	40	98	147651.5	40	1.689189189189189	147651.5	3	0.1266891891891892	2364.0	14	0.5912162162162162	591.0	0	0.0	591.0	0	0.0
login	40	99	149150.5	0	0.0	149150.5	15	0.6334459459459459	2388.0	11	0.46452702702702703	597.0	0	0.0	597.0	0	0.0
login	40	100	150649.5	0	0.0	150649.5	15	0.6334459459459459	2412.0	18	0.7601351351351351	603.0	0	0.0	603.0	0	0.0
login	40	101	152148.5	0	0.0	152148.5	9	0.38006756756756754	2436.0	11	0.46452702702702703	609.0	0	0.0	609.0	0	0.0
login	40	102	153647.5	40	1.689189189189189	153647.5	8	0.33783783783783783	2460.0	13	0.5489864864864865	615.0	0	0.0	615.0	0	0.0
login	40	103	155146.5	0	0.0	155146.5	16	0.6756756756756757	2484.0	18	0.7601351351351351	621.0	0	0.0	621.0	0	0.0
login	40	104	156645.5	0	0.0	156645.5	14	0.5912162162162162	2508.0	16	0.6756756756756757	627.0	0	0.0	627.0	0	0.0
login	40	105	158144.5	40	1.689189189189189	158144.5	4	0.16891891891891891	2532.0	11	0.46452702702702703	633.0	0	0.0	633.0	0	0.0
login	40	106	159643.5	0	0.0	159643.5	14	0.5912162162162162	2556.0	10	0.42229729729729726	639.0	0	0.0	639.0	0	0.0
login	40	107	161142.5	0	0.0	161142.5	13	0.5489864864864865	2580.0	18	0.7601351351351351	645.0	0	0.0	645.0	0	0.0
login	40	108	162641.5	0	0.0	162641.5	11	0.46452702702702703	2604.0	16	0.6756756756756757	651.0	0	0.0	651.0	0	0.0
login	40	109	164140.5	40	1.689189189189189	164140.5	5	0.21114864864864863	2628.0	11	0.46452702702702703	657.0	0	0.0	657.0	0	0.0
login	40	110	165639.5	0	0.0	165639.5	18	0.7601351351351351	2652.0	13	0.5489864864864865	663.0	0	0.0	663.0	0	0.0
login	40	111	167138.5	0	0.0	167138.5	17	0.7179054054054054	2676.0	20	0.8445945945945945	669.0	0	0.0	669.0	0	0.0
login	40	112	168637.5	40	1.689189189189189	168637.5	5	0.21114864864864863	2700.0	18	0.7601351351351351	675.0	0	0.0	675.0	0	0.0
login	40	113	170136.5	0	0.0	170136.5	13	0.5489864864864865	2724.0	9	0.38006756756756754	681.0	0	0.0	681.0	0	0.0
login	40	114	171635.5	0	0.0	171635.5	15	0.6334459459459459	2748.0	12	0.5067567567567568	687.0	0	0.0	687.0	0	0.0
login	40	115	173134.5	0	0.0	173134.5	7	0.2956081081081081	2772.0	23	0.9712837837837838	693.0	0	0.0	693.0	0	0.0
login	40	116	174633.5	41	1.7314189189189189	174633.5	15	0.6334459459459459	2796.0	20	0.8445945945945945	699.0	0	0.0	699.0	0	0.0
login	40	117	176132.5	0	0.0	176132.5	12	0.5067567567567568	2820.0	11	0.46452702702702703	705.0	0	0.0	705.0	0	0.0
login	40	118	177631.5	0	0.0	177631.5	14	0.5912162162162162	2844.0	7	0.2956081081081081	711.0	0	0.0	711.0	0	0.0
login	40	119	179130.5	40	1.689189189189189	179130.5	7	0.2956081081081081	2868.0	12	0.5067567567567568	717.0	0	0.0	717.0	0	0.0
login	40	120	180629.5	0	0.0	180629.5	16	0.6756756756756757	2892.0	16	0.6756756756756757	723.0	0	0.0	723.0	0	0.0
login	40	121	182128.5	0	0.0	182128.5	16	0.6756756756756757	2916.0	18	0.7601351351351351	729.0	0	0.0	729.0	0	0.0
login	40	122	183627.5	40	1.689189189189189	183627.5	3	0.1266891891891892	2940.0	8	0.33783783783783783	735.0	0	0.0	735.0	0	0.0
login	40	123	185126.5	0	0.0	185126.5	18	0.7601351351351351	2964.0	13	0.5489864864864865	741.0	0	0.0	741.0	0	0.0
login	40	124	186625.5	0	0.0	186625.5	15	0.6334459459459459	2988.0	19	0.8023648648648648	747.0	0	0.0	747.0	0	0.0
login	40	125	188124.5	40	1.689189189189189	188124.5	5	0.21114864864864863	3012.0	15	0.6334459459459459	753.0	0	0.0	753.0	0	0.0
login	40	126	189623.5	0	0.0	189623.5	11	0.46452702702702703	3036.0	11	0.46452702702702703	759.0	0	0.0	759.0	0	0.0
login	40	127	191122.5	0	0.0	191122.5	15	0.6334459459459459	3060.0	14	0.5912162162162162	765.0	0	0.0	765.0	0	0.0
login	40	128	192621.5	0	0.0	192621.5	13	0.5489864864864865	3084.0	15	0.6334459459459459	771.0	0	0.0	771.0	0	0.0
login	40	129	194120.5	40	1.689189189189189	194120.5	3	0.1266891891891892	3108.0	21	0.8868243243243243	777.0	0	0.0	777.0	0	0.0
login	40	130	195619.5	0	0.0	195619.5	16	0.6756756756756757	3132.0	6	0.2533783783783784	783.0	0	0.0	783.0	0	0.0
login	40	131	197118.5	0	0.0	197118.5	16	0.6756756756756757	3156.0	11	0.46452702702702703	789.0	0	0.0	789.0	0	0.0
login	40	132	198617.5	37	1.5625	198617.5	6	0.2533783783783784	3180.0	25	1.0557432432432432	795.0	0	0.0	795.0	0	0.0
login	40	133	200116.5	3	0.1266891891891892	200116.5	12	0.5067567567567568	3204.0	21	0.8868243243243243	801.0	0	0.0	801.0	0	0.0
login	40	134	201615.5	0	0.0	201615.5	12	0.5067567567567568	3228.0	16	0.6756756756756757	807.0	0	0.0	807.0	0	0.0
login	40	135	203114.5	0	0.0	203114.5	16	0.6756756756756757	3252.0	18	0.7601351351351351	813.0	0	0.0	813.0	0	0.0
login	40	136	204613.5	40	1.689189189189189	204613.5	4	0.16891891891891891	3276.0	12	0.5067567567567568	819.0	0	0.0	819.0	0	0.0
login	40	137	206112.5	0	0.0	206112.5	16	0.6756756756756757	3300.0	16	0.6756756756756757	825.0	0	0.0	825.0	0	0.0
login	40	138	207611.5	0	0.0	207611.5	18	0.7601351351351351	3324.0	9	0.38006756756756754	831.0	0	0.0	831.0	0	0.0
login	40	139	209110.5	40	1.689189189189189	209110.5	2	0.08445945945945946	3348.0	10	0.42229729729729726	837.0	0	0.0	837.0	0	0.0
login	40	140	210609.5	0	0.0	210609.5	16	0.6756756756756757	3372.0	17	0.7179054054054054	843.0	0	0.0	843.0	0	0.0
login	40	141	212108.5	0	0.0	212108.5	12	0.5067567567567568	3396.0	18	0.7601351351351351	849.0	0	0.0	849.0	0	0.0
login	40	142	213607.5	0	0.0	213607.5	12	0.5067567567567568	3420.0	14	0.5912162162162162	855.0	0	0.0	855.0	0	0.0
login	40	143	215106.5	40	1.689189189189189	215106.5	8	0.33783783783783783	3444.0	9	0.38006756756756754	861.0	0	0.0	861.0	0	0.0
login	40	144	216605.5	0	0.0	216605.5	20	0.8445945945945945	3468.0	23	0.9712837837837838	867.0	0	0.0	867.0	0	0.0
login	40	145	218104.5	0	0.0	218104.5	12	0.5067567567567568	3492.0	20	0.8445945945945945	873.0	0	0.0	873.0	0	0.0
login	40	146	219603.5	40	1.689189189189189	219603.5	6	0.2533783783783784	3516.0	13	0.5489864864864865	879.0	0	0.0	879.0	0	0.0
login	40	147	221102.5	0	0.0	221102.5	14	0.5912162162162162	3540.0	9	0.38006756756756754	885.0	0	0.0	885.0	0	0.0
login	40	148	222601.5	0	0.0	222601.5	15	0.6334459459459459	3564.0	16	0.6756756756756757	891.0	0	0.0	891.0	0	0.0
login	40	149	224100.5	37	1.5625	224100.5	6	0.2533783783783784	3588.0	20	0.8445945945945945	897.0	0	0.0	897.0	0	0.0
login	40	150	225599.5	4	0.16891891891891891	225599.5	16	0.6756756756756757	3612.0	12	0.5067567567567568	903.0	0	0.0	903.0	0	0.0
login	40	151	227098.5	0	0.0	227098.5	19	0.8023648648648648	3636.0	14	0.5912162162162162	909.0	0	0.0	909.0	0	0.0
login	40	152	228597.5	40	1.689189189189189	228597.5	5	0.21114864864864863	3660.0	10	0.42229729729729726	915.0	0	0.0	915.0	0	0.0
login	40	153	230096.5	0	0.0	230096.5	14	0.5912162162162162	3684.0	16	0.6756756756756757	921.0	0	0.0	921.0	0	0.0
login	40	154	231595.5	0	0.0	231595.5	13	0.5489864864864865	3708.0	16	0.6756756756756757	927.0	0	0.0	927.0	0	0.0
login	40	155	233094.5	0	0.0	233094.5	13	0.5489864864864865	3732.0	5	0.21114864864864863	933.0	0	0.0	933.0	0	0.0
login	40	156	234593.5	40	1.689189189189189	234593.5	9	0.38006756756756754	3756.0	11	0.46452702702702703	939.0	0	0.0	939.0	0	0.0
login	40	157	236092.5	0	0.0	236092.5	16	0.6756756756756757	3780.0	20	0.8445945945945945	945.0	0	0.0	945.0	0	0.0
login	40	158	237591.5	0	0.0	237591.5	15	0.6334459459459459	3804.0	13	0.5489864864864865	951.0	0	0.0	951.0	0	0.0
login	40	159	239090.5	40	1.689189189189189	239090.5	3	0.1266891891891892	3828.0	5	0.21114864864864863	957.0	0	0.0	957.0	0	0.0
login	40	160	240589.5	0	0.0	240589.5	15	0.6334459459459459	3852.0	9	0.38006756756756754	963.0	0	0.0	963.0	0	0.0
login	40	161	242088.5	0	0.0	242088.5	16	0.6756756756756757	3876.0	10	0.42229729729729726	969.0	0	0.0	969.0	0	0.0
login	40	162	243587.5	1	0.04222972972972973	243587.5	6	0.2533783783783784	3900.0	13	0.5489864864864865	975.0	0	0.0	975.0	0	0.0
login	40	163	245086.5	39	1.6469594594594594	245086.5	12	0.5067567567567568	3924.0	13	0.5489864864864865	981.0	0	0.0	981.0	0	0.0
login	40	164	246585.5	0	0.0	246585.5	15	0.6334459459459459	3948.0	11	0.46452702702702703	987.0	0	0.0	987.0	0	0.0
login	40	165	248084.5	0	0.0	248084.5	13	0.5489864864864865	3972.0	18	0.7601351351351351	993.0	0	0.0	993.0	0	0.0
login	40	166	249583.5	42	1.7736486486486487	249583.5	12	0.5067567567567568	3996.0	11	0.46452702702702703	999.0	0	0.0	999.0	0	0.0
login	40	167	251082.5	1	0.04222972972972973	251082.5	13	0.5489864864864865	4020.0	5	0.21114864864864863	1005.0	0	0.0	1005.0	0	0.0
login	40	168	252581.5	0	0.0	252581.5	14	0.5912162162162162	4044.0	8	0.33783783783783783	1011.0	0	0.0	1011.0	0	0.0
login	40	169	254080.5	40	1.689189189189189	254080.5	4	0.16891891891891891	4068.0	6	0.2533783783783784	1017.0	0	0.0	1017.0	0	0.0
login	40	170	255579.5	0	0.0	255579.5	17	0.7179054054054054	4092.0	9	0.38006756756756754	1023.0	0	0.0	1023.0	0	0.0
login	40	171	257078.5	0	0.0	257078.5	18	0.7601351351351351	4116.0	7	0.2956081081081081	1029.0	0	0.0	1029.0	0	0.0
login	40	172	258577.5	40	1.689189189189189	258577.5	5	0.21114864864864863	4140.0	1	0.04222972972972973	1035.0	0	0.0	1035.0	0	0.0
login	40	173	260076.5	0	0.0	260076.5	12	0.5067567567567568	4164.0	5	0.21114864864864863	1041.0	0	0.0	1041.0	0	0.0
login	40	174	261575.5	0	0.0	261575.5	16	0.6756756756756757	4188.0	10	0.42229729729729726	1047.0	0	0.0	1047.0	0	0.0
login	40	175	263074.5	0	0.0	263074.5	12	0.5067567567567568	4212.0	4	0.16891891891891891	1053.0	0	0.0	1053.0	0	0.0
login	40	176	264573.5	40	1.689189189189189	264573.5	7	0.2956081081081081	4236.0	3	0.1266891891891892	1059.0	0	0.0	1059.0	0	0.0
login	40	177	266072.5	0	0.0	266072.5	15	0.6334459459459459	4260.0	8	0.33783783783783783	1065.0	0	0.0	1065.0	0	0.0
login	40	178	267571.5	0	0.0	267571.5	17	0.7179054054054054	4284.0	6	0.2533783783783784	1071.0	0	0.0	1071.0	0	0.0
login	40	179	269070.5	40	1.689189189189189	269070.5	1	0.04222972972972973	4308.0	4	0.16891891891891891	1077.0	0	0.0	1077.0	0	0.0
login	40	180	270569.5	0	0.0	270569.5	16	0.6756756756756757	4332.0	0	0.0	1083.0	0	0.0	1083.0	0	0.0
login	40	181	272068.5	0	0.0	272068.5	14	0.5912162162162162	4356.0	3	0.1266891891891892	1089.0	0	0.0	1089.0	0	0.0
login	40	182	273567.5	0	0.0	273567.5	10	0.42229729729729726	4380.0	5	0.21114864864864863	1095.0	0	0.0	1095.0	0	0.0
login	40	183	275066.5	40	1.689189189189189	275066.5	8	0.33783783783783783	4404.0	3	0.1266891891891892	1101.0	0	0.0	1101.0	0	0.0
login	40	184	276565.5	0	0.0	276565.5	14	0.5912162162162162	4428.0	2	0.08445945945945946	1107.0	0	0.0	1107.0	0	0.0
login	40	185	278064.5	0	0.0	278064.5	16	0.6756756756756757	4452.0	0	0.0	1113.0	0	0.0	1113.0	0	0.0
login	40	186	279563.5	40	1.689189189189189	279563.5	3	0.1266891891891892	4476.0	6	0.2533783783783784	1119.0	0	0.0	1119.0	0	0.0
login	40	187	281062.5	0	0.0	281062.5	15	0.6334459459459459	4500.0	3	0.1266891891891892	1125.0	0	0.0	1125.0	0	0.0
login	40	188	282561.5	0	0.0	282561.5	13	0.5489864864864865	4524.0	1	0.04222972972972973	1131.0	0	0.0	1131.0	0	0.0
login	40	189	284060.5	0	0.0	284060.5	11	0.46452702702702703	4548.0	1	0.04222972972972973	1137.0	0	0.0	1137.0	0	0.0
login	40	190	285559.5	41	1.7314189189189189	285559.5	9	0.38006756756756754	4572.0	2	0.08445945945945946	1143.0	0	0.0	1143.0	0	0.0
login	40	191	287058.5	0	0.0	287058.5	14	0.5912162162162162	4596.0	2	0.08445945945945946	1149.0	0	0.0	1149.0	0	0.0
login	40	192	288557.5	0	0.0	288557.5	15	0.6334459459459459	4620.0	0	0.0	1155.0	0	0.0	1155.0	0	0.0
login	40	193	290056.5	40	1.689189189189189	290056.5	5	0.21114864864864863	4644.0	0	0.0	1161.0	0	0.0	1161.0	0	0.0
login	40	194	291555.5	0	0.0	291555.5	14	0.5912162162162162	4668.0	0	0.0	1167.0	0	0.0	1167.0	0	0.0
login	40	195	293054.5	0	0.0	293054.5	13	0.5489864864864865	4692.0	0	0.0	1173.0	0	0.0	1173.0	0	0.0
login	40	196	294553.5	0	0.0	294553.5	11	0.46452702702702703	4716.0	1	0.04222972972972973	1179.0	0	0.0	1179.0	0	0.0
login	40	197	296052.5	40	1.689189189189189	296052.5	6	0.2533783783783784	4740.0	0	0.0	1185.0	0	0.0	1185.0	0	0.0
login	40	198	297551.5	0	0.0	297551.5	15	0.6334459459459459	4764.0	0	0.0	1191.0	0	0.0	1191.0	0	0.0
login	40	199	299050.5	0	0.0	299050.5	19	0.8023648648648648	4788.0	0	0.0	1197.0	0	0.0	1197.0	0	0.0
info	40	0	748.5	16	0.6756756756756757	748.5	2	0.08445945945945946	11.0	55	2.322635135135135	3.0	2368	100.0	3.0	2368	100.0
info	40	1	2245.5	13	0.5489864864864865	2245.5	2	0.08445945945945946	33.0	37	1.5625	9.0	0	0.0	9.0	0	0.0
info	40	2	3742.5	11	0.46452702702702703	3742.5	36	1.5202702702702702	55.0	26	1.097972972972973	15.0	0	0.0	15.0	0	0.0
info	40	3	5239.5	9	0.38006756756756754	5239.5	1	0.04222972972972973	77.0	28	1.1824324324324325	21.0	0	0.0	21.0	0	0.0
info	40	4	6736.5	18	0.7601351351351351	6736.5	0	0.0	99.0	46	1.9425675675675675	27.0	0	0.0	27.0	0	0.0
info	40	5	8233.5	14	0.5912162162162162	8233.5	39	1.6469594594594594	121.0	29	1.224662162162162	33.0	0	0.0	33.0	0	0.0
info	40	6	9730.5	3	0.1266891891891892	9730.5	1	0.04222972972972973	143.0	17	0.7179054054054054	39.0	0	0.0	39.0	0	0.0
info	40	7	11227.5	14	0.5912162162162162	11227.5	1	0.04222972972972973	165.0	13	0.5489864864864865	45.0	0	0.0	45.0	0	0.0
info	40	8	12724.5	14	0.5912162162162162	12724.5	1	0.04222972972972973	187.0	27	1.1402027027027026	51.0	0	0.0	51.0	0	0.0
info	40	9	14221.5	9	0.38006756756756754	14221.5	38	1.6047297297297296	209.0	25	1.0557432432432432	57.0	0	0.0	57.0	0	0.0
info	40	10	15718.5	11	0.46452702702702703	15718.5	0	0.0	231.0	10	0.42229729729729726	63.0	0	0.0	63.0	0	0.0
info	40	11	17215.5	17	0.7179054054054054	17215.5	0	0.0	253.0	5	0.21114864864864863	69.0	0	0.0	69.0	0	0.0
info	40	12	18712.5	12	0.5067567567567568	18712.5	40	1.689189189189189	275.0	8	0.33783783783783783	75.0	0	0.0	75.0	0	0.0
info	40	13	20209.5	5	0.21114864864864863	20209.5	0	0.0	297.0	11	0.46452702702702703	81.0	0	0.0	81.0	0	0.0
info	40	14	21706.5	15	0.6334459459459459	21706.5	1	0.04222972972972973	319.0	10	0.42229729729729726	87.0	0	0.0	87.0	0	0.0
info	40	15	23203.5	13	0.5489864864864865	23203.5	0	0.0	341.0	10	0.42229729729729726	93.0	0	0.0	93.0	0	0.0
info	40	16	24700.5	8	0.33783783783783783	24700.5	39	1.6469594594594594	363.0	13	0.5489864864864865	99.0	0	0.0	99.0	0	0.0
info	40	17	26197.5	13	0.5489864864864865	26197.5	2	0.08445945945945946	385.0	8	0.33783783783783783	105.0	0	0.0	105.0	0	0.0
info	40	18	27694.5	17	0.7179054054054054	27694.5	0	0.0	407.0	23	0.9712837837837838	111.0	0	0.0	111.0	0	0.0
info	40	19	29191.5	10	0.42229729729729726	29191.5	39	1.6469594594594594	429.0	14	0.5912162162162162	117.0	0	0.0	117.0	0	0.0
info	40	20	30688.5	9	0.38006756756756754	30688.5	0	0.0	451.0	8	0.33783783783783783	123.0	0	0.0	123.0	0	0.0
info	40	21	32185.5	12	0.5067567567567568	32185.5	1	0.04222972972972973	473.0	3	0.1266891891891892	129.0	0	0.0	129.0	0	0.0
info	40	22	33682.5	14	0.5912162162162162	33682.5	0	0.0	495.0	19	0.8023648648648648	135.0	0	0.0	135.0	0	0.0
info	40	23	35179.5	5	0.21114864864864863	35179.5	39	1.6469594594594594	517.0	28	1.1824324324324325	141.0	0	0.0	141.0	0	0.0
info	40	24	36676.5	15	0.6334459459459459	36676.5	0	0.0	539.0	21	0.8868243243243243	147.0	0	0.0	147.0	0	0.0
info	40	25	38173.5	17	0.7179054054054054	38173.5	0	0.0	561.0	8	0.33783783783783783	153.0	0	0.0	153.0	0	0.0
info	40	26	39670.5	8	0.33783783783783783	39670.5	40	1.689189189189189	583.0	18	0.7601351351351351	159.0	0	0.0	159.0	0	0.0
info	40	27	41167.5	8	0.33783783783783783	41167.5	0	0.0	605.0	25	1.0557432432432432	165.0	0	0.0	165.0	0	0.0
info	40	28	42664.5	14	0.5912162162162162	42664.5	0	0.0	627.0	11	0.46452702702702703	171.0	0	0.0	171.0	0	0.0
info	40	29	44161.5	14	0.5912162162162162	44161.5	0	0.0	649.0	9	0.38006756756756754	177.0	0	0.0	177.0	0	0.0
info	40	30	45658.5	5	0.21114864864864863	45658.5	40	1.689189189189189	671.0	16	0.6756756756756757	183.0	0	0.0	183.0	0	0.0
info	40	31	47155.5	16	0.6756756756756757	47155.5	1	0.04222972972972973	693.0	15	0.6334459459459459	189.0	0	0.0	189.0	0	0.0
info	40	32	48652.5	13	0.5489864864864865	48652.5	0	0.0	715.0	12	0.5067567567567568	195.0	0	0.0	195.0	0	0.0
info	40	33	50149.5	10	0.42229729729729726	50149.5	39	1.6469594594594594	737.0	8	0.33783783783783783	201.0	0	0.0	201.0	0	0.0
info	40	34	51646.5	9	0.38006756756756754	51646.5	0	0.0	759.0	12	0.5067567567567568	207.0	0	0.0	207.0	0	0.0
info	40	35	53143.5	12	0.5067567567567568	53143.5	0	0.0	781.0	7	0.2956081081081081	213.0	0	0.0	213.0	0	0.0
info	40	36	54640.5	16	0.6756756756756757	54640.5	37	1.5625	803.0	17	0.7179054054054054	219.0	0	0.0	219.0	0	0.0
info	40	37	56137.5	5	0.21114864864864863	56137.5	3	0.1266891891891892	825.0	14	0.5912162162162162	225.0	0	0.0	225.0	0	0.0
info	40	38	57634.5	14	0.5912162162162162	57634.5	1	0.04222972972972973	847.0	9	0.38006756756756754	231.0	0	0.0	231.0	0	0.0
info	40	39	59131.5	16	0.6756756756756757	59131.5	1	0.04222972972972973	869.0	9	0.38006756756756754	237.0	0	0.0	237.0	0	0.0
info	40	40	60628.5	8	0.33783783783783783	60628.5	38	1.6047297297297296	891.0	21	0.8868243243243243	243.0	0	0.0	243.0	0	0.0
info	40	41	62125.5	12	0.5067567567567568	62125.5	0	0.0	913.0	18	0.7601351351351351	249.0	0	0.0	249.0	0	0.0
info	40	42	63622.5	15	0.6334459459459459	63622.5	0	0.0	935.0	14	0.5912162162162162	255.0	0	0.0	255.0	0	0.0
info	40	43	65119.5	13	0.5489864864864865	65119.5	40	1.689189189189189	957.0	9	0.38006756756756754	261.0	0	0.0	261.0	0	0.0
info	40	44	66616.5	9	0.38006756756756754	66616.5	2	0.08445945945945946	979.0	10	0.42229729729729726	267.0	0	0.0	267.0	0	0.0
info	40	45	68113.5	13	0.5489864864864865	68113.5	0	0.0	1001.0	20	0.8445945945945945	273.0	0	0.0	273.0	0	0.0
info	40	46	69610.5	16	0.6756756756756757	69610.5	1	0.04222972972972973	1023.0	14	0.5912162162162162	279.0	0	0.0	279.0	0	0.0
info	40	47	71107.5	3	0.1266891891891892	71107.5	37	1.5625	1045.0	14	0.5912162162162162	285.0	0	0.0	285.0	0	0.0
info	40	48	72604.5	15	0.6334459459459459	72604.5	0	0.0	1067.0	11	0.46452702702702703	291.0	0	0.0	291.0	0	0.0
info	40	49	74101.5	16	0.6756756756756757	74101.5	0	0.0	1089.0	14	0.5912162162162162	297.0	0	0.0	297.0	0	0.0
info	40	50	75598.5	8	0.33783783783783783	75598.5	40	1.689189189189189	1111.0	17	0.7179054054054054	303.0	0	0.0	303.0	0	0.0
info	40	51	77095.5	16	0.6756756756756757	77095.5	0	0.0	1133.0	12	0.5067567567567568	309.0	0	0.0	309.0	0	0.0
info	40	52	78592.5	12	0.5067567567567568	78592.5	0	0.0	1155.0	9	0.38006756756756754	315.0	0	0.0	315.0	0	0.0
info	40	53	80089.5	12	0.5067567567567568	80089.5	40	1.689189189189189	1177.0	7	0.2956081081081081	321.0	0	0.0	321.0	0	0.0
info	40	54	81586.5	9	0.38006756756756754	81586.5	0	0.0	1199.0	10	0.42229729729729726	327.0	0	0.0	327.0	0	0.0
info	40	55	83083.5	14	0.5912162162162162	83083.5	0	0.0	1221.0	12	0.5067567567567568	333.0	0	0.0	333.0	0	0.0
info	40	56	84580.5	17	0.7179054054054054	84580.5	39	1.6469594594594594	1243.0	11	0.46452702702702703	339.0	0	0.0	339.0	0	0.0
info	40	57	86077.5	2	0.08445945945945946	86077.5	1	0.04222972972972973	1265.0	6	0.2533783783783784	345.0	0	0.0	345.0	0	0.0
info	40	58	87574.5	17	0.7179054054054054	87574.5	0	0.0	1287.0	16	0.6756756756756757	351.0	0	0.0	351.0	0	0.0
info	40	59	89071.5	14	0.5912162162162162	89071.5	0	0.0	1309.0	17	0.7179054054054054	357.0	0	0.0	357.0	0	0.0
info	40	60	90568.5	7	0.2956081081081081	90568.5	40	1.689189189189189	1331.0	19	0.8023648648648648	363.0	0	0.0	363.0	0	0.0
info	40	61	92065.5	10	0.42229729729729726	92065.5	0	0.0	1353.0	13	0.5489864864864865	369.0	0	0.0	369.0	0	0.0
info	40	62	93562.5	15	0.6334459459459459	93562.5	0	0.0	1375.0	14	0.5912162162162162	375.0	0	0.0	375.0	0	0.0
info	40	63	95059.5	15	0.6334459459459459	95059.5	40	1.689189189189189	1397.0	27	1.1402027027027026	381.0	0	0.0	381.0	0	0.0
info	40	64	96556.5	6	0.2533783783783784	96556.5	0	0.0	1419.0	10	0.42229729729729726	387.0	0	0.0	387.0	0	0.0
info	40	65	98053.5	14	0.5912162162162162	98053.5	0	0.0	1441.0	7	0.2956081081081081	393.0	0	0.0	393.0	0	0.0
info	40	66	99550.5	17	0.7179054054054054	99550.5	10	0.42229729729729726	1463.0	8	0.33783783783783783	399.0	0	0.0	399.0	0	0.0
info	40	67	101047.5	5	0.21114864864864863	101047.5	30	1.2668918918918919	1485.0	16	0.6756756756756757	405.0	0	0.0	405.0	0	0.0
info	40	68	102544.5	14	0.5912162162162162	102544.5	0	0.0	1507.0	18	0.7601351351351351	411.0	0	0.0	411.0	0	0.0
info	40	69	104041.5	15	0.6334459459459459	104041.5	0	0.0	1529.0	13	0.5489864864864865	417.0	0	0.0	417.0	0	0.0
info	40	70	105538.5	9	0.38006756756756754	105538.5	40	1.689189189189189	1551.0	2	0.08445945945945946	423.0	0	0.0	423.0	0	0.0
info	40	71	107035.5	13	0.5489864864864865	107035.5	0	0.0	1573.0	9	0.38006756756756754	429.0	0	0.0	429.0	0	0.0
info	40	72	108532.5	12	0.5067567567567568	108532.5	0	0.0	1595.0	15	0.6334459459459459	435.0	0	0.0	435.0	0	0.0
info	40	73	110029.5	15	0.6334459459459459	110029.5	40	1.689189189189189	1617.0	18	0.7601351351351351	441.0	0	0.0	441.0	0	0.0
info	40	74	111526.5	4	0.16891891891891891	111526.5	0	0.0	1639.0	13	0.5489864864864865	447.0	0	0.0	447.0	0	0.0
info	40	75	113023.5	16	0.6756756756756757	113023.5	0	0.0	1661.0	9	0.38006756756756754	453.0	0	0.0	453.0	0	0.0
info	40	76	114520.5	16	0.6756756756756757	114520.5	0	0.0	1683.0	8	0.33783783783783783	459.0	0	0.0	459.0	0	0.0
info	40	77	116017.5	5	0.21114864864864863	116017.5	40	1.689189189189189	1705.0	18	0.7601351351351351	465.0	0	0.0	465.0	0	0.0
info	40	78	117514.5	16	0.6756756756756757	117514.5	0	0.0	1727.0	16	0.6756756756756757	471.0	0	0.0	471.0	0	0.0
info	40	79	119011.5	13	0.5489864864864865	119011.5	1	0.04222972972972973	1749.0	6	0.2533783783783784	477.0	0	0.0	477.0	0	0.0
info	40	80	120508.5	10	0.42229729729729726	120508.5	39	1.6469594594594594	1771.0	10	0.42229729729729726	483.0	0	0.0	483.0	0	0.0
info	40	81	122005.5	8	0.33783783783783783	122005.5	0	0.0	1793.0	23	0.9712837837837838	489.0	0	0.0	489.0	0	0.0
info	40	82	123502.5	14	0.5912162162162162	123502.5	1	0.04222972972972973	1815.0	22	0.9290540540540541	495.0	0	0.0	495.0	0	0.0
info	40	83	124999.5	15	0.6334459459459459	124999.5	36	1.5202702702702702	1837.0	15	0.6334459459459459	501.0	0	0.0	501.0	0	0.0
info	40	84	126496.5	7	0.2956081081081081	126496.5	3	0.1266891891891892	1859.0	8	0.33783783783783783	507.0	0	0.0	507.0	0	0.0
info	40	85	127993.5	15	0.6334459459459459	127993.5	1	0.04222972972972973	1881.0	9	0.38006756756756754	513.0	0	0.0	513.0	0	0.0
info	40	86	129490.5	12	0.5067567567567568	129490.5	0	0.0	1903.0	15	0.6334459459459459	519.0	0	0.0	519.0	0	0.0
info	40	87	130987.5	9	0.38006756756756754	130987.5	39	1.6469594594594594	1925.0	15	0.6334459459459459	525.0	0	0.0	525.0	0	0.0
info	40	88	132484.5	10	0.42229729729729726	132484.5	0	0.0	1947.0	11	0.46452702702702703	531.0	0	0.0	531.0	0	0.0
info	40	89	133981.5	15	0.6334459459459459	133981.5	1	0.04222972972972973	1969.0	10	0.42229729729729726	537.0	0	0.0	537.0	0	0.0
info	40	90	135478.5	15	0.6334459459459459	135478.5	39	1.6469594594594594	1991.0	13	0.5489864864864865	543.0	0	0.0	543.0	0	0.0
info	40	91	136975.5	4	0.16891891891891891	136975.5	0	0.0	2013.0	20	0.8445945945945945	549.0	0	0.0	549.0	0	0.0
info	40	92	138472.5	13	0.5489864864864865	138472.5	0	0.0	2035.0	9	0.38006756756756754	555.0	0	0.0	555.0	0	0.0
info	40	93	139969.5	13	0.5489864864864865	139969.5	0	0.0	2057.0	6	0.2533783783783784	561.0	0	0.0	561.0	0	0.0
info	40	94	141466.5	10	0.42229729729729726	141466.5	40	1.689189189189189	2079.0	16	0.6756756756756757	567.0	0	0.0	567.0	0	0.0
info	40	95	142963.5	7	0.2956081081081081	142963.5	0	0.0	2101.0	16	0.6756756756756757	573.0	0	0.0	573.0	0	0.0
info	40	96	144460.5	18	0.7601351351351351	144460.5	0	0.0	2123.0	17	0.7179054054054054	579.0	0	0.0	579.0	0	0.0
info	40	97	145957.5	15	0.6334459459459459	145957.5	40	1.689189189189189	2145.0	11	0.46452702702702703	585.0	0	0.0	585.0	0	0.0
info	40	98	147454.5	4	0.16891891891891891	147454.5	0	0.0	2167.0	5	0.21114864864864863	591.0	0	0.0	591.0	0	0.0
info	40	99	148951.5	14	0.5912162162162162	148951.5	1	0.04222972972972973	2189.0	17	0.7179054054054054	597.0	0	0.0	597.0	0	0.0
info	40	100	150448.5	14	0.5912162162162162	150448.5	0	0.0	2211.0	17	0.7179054054054054	603.0	0	0.0	603.0	0	0.0
info	40	101	151945.5	8	0.33783783783783783	151945.5	39	1.6469594594594594	2233.0	13	0.5489864864864865	609.0	0	0.0	609.0	0	0.0
info	40	102	153442.5	11	0.46452702702702703	153442.5	0	0.0	2255.0	14	0.5912162162162162	615.0	0	0.0	615.0	0	0.0
info	40	103	154939.5	14	0.5912162162162162	154939.5	0	0.0	2277.0	9	0.38006756756756754	621.0	0	0.0	621.0	0	0.0
info	40	104	156436.5	15	0.6334459459459459	156436.5	40	1.689189189189189	2299.0	16	0.6756756756756757	627.0	0	0.0	627.0	0	0.0
info	40	105	157933.5	4	0.16891891891891891	157933.5	0	0.0	2321.0	16	0.6756756756756757	633.0	0	0.0	633.0	0	0.0
info	40	106	159430.5	14	0.5912162162162162	159430.5	1	0.04222972972972973	2343.0	8	0.33783783783783783	639.0	0	0.0	639.0	0	0.0
info	40	107	160927.5	14	0.5912162162162162	160927.5	0	0.0	2365.0	9	0.38006756756756754	645.0	0	0.0	645.0	0	0.0
info	40	108	162424.5	8	0.33783783783783783	162424.5	39	1.6469594594594594	2387.0	15	0.6334459459459459	651.0	0	0.0	651.0	0	0.0
info	40	109	163921.5	8	0.33783783783783783	163921.5	0	0.0	2409.0	17	0.7179054054054054	657.0	0	0.0	657.0	0	0.0
info	40	110	165418.5	16	0.6756756756756757	165418.5	0	0.0	2431.0	16	0.6756756756756757	663.0	0	0.0	663.0	0	0.0
info	40	111	166915.5	16	0.6756756756756757	166915.5	40	1.689189189189189	2453.0	15	0.6334459459459459	669.0	0	0.0	669.0	0	0.0
info	40	112	168412.5	6	0.2533783783783784	168412.5	0	0.0	2475.0	4	0.16891891891891891	675.0	0	0.0	675.0	0	0.0
info	40	113	169909.5	15	0.6334459459459459	169909.5	1	0.04222972972972973	2497.0	18	0.7601351351351351	681.0	0	0.0	681.0	0	0.0
info	40	114	171406.5	13	0.5489864864864865	171406.5	0	0.0	2519.0	10	0.42229729729729726	687.0	0	0.0	687.0	0	0.0
info	40	115	172903.5	6	0.2533783783783784	172903.5	39	1.6469594594594594	2541.0	13	0.5489864864864865	693.0	0	0.0	693.0	0	0.0
info	40	116	174400.5	15	0.6334459459459459	174400.5	1	0.04222972972972973	2563.0	10	0.42229729729729726	699.0	0	0.0	699.0	0	0.0
info	40	117	175897.5	16	0.6756756756756757	175897.5	0	0.0	2585.0	21	0.8868243243243243	705.0	0	0.0	705.0	0	0.0
info	40	118	177394.5	10	0.42229729729729726	177394.5	40	1.689189189189189	2607.0	27	1.1402027027027026	711.0	0	0.0	711.0	0	0.0
info	40	119	178891.5	11	0.46452702702702703	178891.5	0	0.0	2629.0	9	0.38006756756756754	717.0	0	0.0	717.0	0	0.0
info	40	120	180388.5	14	0.5912162162162162	180388.5	0	0.0	2651.0	6	0.2533783783783784	723.0	0	0.0	723.0	0	0.0
info	40	121	181885.5	15	0.6334459459459459	181885.5	40	1.689189189189189	2673.0	11	0.46452702702702703	729.0	0	0.0	729.0	0	0.0
info	40	122	183382.5	4	0.16891891891891891	183382.5	0	0.0	2695.0	11	0.46452702702702703	735.0	0	0.0	735.0	0	0.0
info	40	123	184879.5	18	0.7601351351351351	184879.5	1	0.04222972972972973	2717.0	12	0.5067567567567568	741.0	0	0.0	741.0	0	0.0
info	40	124	186376.5	15	0.6334459459459459	186376.5	0	0.0	2739.0	13	0.5489864864864865	747.0	0	0.0	747.0	0	0.0
info	40	125	187873.5	4	0.16891891891891891	187873.5	39	1.6469594594594594	2761.0	7	0.2956081081081081	753.0	0	0.0	753.0	0	0.0
info	40	126	189370.5	13	0.5489864864864865	189370.5	0	0.0	2783.0	15	0.6334459459459459	759.0	0	0.0	759.0	0	0.0
info	40	127	190867.5	13	0.5489864864864865	190867.5	0	0.0	2805.0	24	1.0135135135135136	765.0	0	0.0	765.0	0	0.0
info	40	128	192364.5	13	0.5489864864864865	192364.5	40	1.689189189189189	2827.0	16	0.6756756756756757	771.0	0	0.0	771.0	0	0.0
info	40	129	193861.5	4	0.16891891891891891	193861.5	0	0.0	2849.0	6	0.2533783783783784	777.0	0	0.0	777.0	0	0.0
info	40	130	195358.5	17	0.7179054054054054	195358.5	0	0.0	2871.0	4	0.16891891891891891	783.0	0	0.0	783.0	0	0.0
info	40	131	196855.5	15	0.6334459459459459	196855.5	0	0.0	2893.0	19	0.8023648648648648	789.0	0	0.0	789.0	0	0.0
info	40	132	198352.5	4	0.16891891891891891	198352.5	40	1.689189189189189	2915.0	19	0.8023648648648648	795.0	0	0.0	795.0	0	0.0
info	40	133	199849.5	12	0.5067567567567568	199849.5	0	0.0	2937.0	14	0.5912162162162162	801.0	0	0.0	801.0	0	0.0
info	40	134	201346.5	15	0.6334459459459459	201346.5	0	0.0	2959.0	6	0.2533783783783784	807.0	0	0.0	807.0	0	0.0
info	40	135	202843.5	13	0.5489864864864865	202843.5	40	1.689189189189189	2981.0	20	0.8445945945945945	813.0	0	0.0	813.0	0	0.0
info	40	136	204340.5	4	0.16891891891891891	204340.5	0	0.0	3003.0	23	0.9712837837837838	819.0	0	0.0	819.0	0	0.0
info	40	137	205837.5	16	0.6756756756756757	205837.5	0	0.0	3025.0	16	0.6756756756756757	825.0	0	0.0	825.0	0	0.0
info	40	138	207334.5	20	0.8445945945945945	207334.5	39	1.6469594594594594	3047.0	8	0.33783783783783783	831.0	0	0.0	831.0	0	0.0
info	40	139	208831.5	2	0.08445945945945946	208831.5	1	0.04222972972972973	3069.0	11	0.46452702702702703	837.0	0	0.0	837.0	0	0.0
info	40	140	210328.5	14	0.5912162162162162	210328.5	0	0.0	3091.0	20	0.8445945945945945	843.0	0	0.0	843.0	0	0.0
info	40	141	211825.5	14	0.5912162162162162	211825.5	0	0.0	3113.0	17	0.7179054054054054	849.0	0	0.0	849.0	0	0.0
info	40	142	213322.5	10	0.42229729729729726	213322.5	40	1.689189189189189	3135.0	13	0.5489864864864865	855.0	0	0.0	855.0	0	0.0
info	40	143	214819.5	11	0.46452702702702703	214819.5	0	0.0	3157.0	9	0.38006756756756754	861.0	0	0.0	861.0	0	0.0
info	40	144	216316.5	17	0.7179054054054054	216316.5	0	0.0	3179.0	12	0.5067567567567568	867.0	0	0.0	867.0	0	0.0
info	40	145	217813.5	12	0.5067567567567568	217813.5	40	1.689189189189189	3201.0	19	0.8023648648648648	873.0	0	0.0	873.0	0	0.0
info	40	146	219310.5	7	0.2956081081081081	219310.5	0	0.0	3223.0	15	0.6334459459459459	879.0	0	0.0	879.0	0	0.0
info	40	147	220807.5	15	0.6334459459459459	220807.5	0	0.0	3245.0	7	0.2956081081081081	885.0	0	0.0	885.0	0	0.0
info	40	148	222304.5	13	0.5489864864864865	222304.5	1	0.04222972972972973	3267.0	9	0.38006756756756754	891.0	0	0.0	891.0	0	0.0
info	40	149	223801.5	6	0.2533783783783784	223801.5	40	1.689189189189189	3289.0	23	0.9712837837837838	897.0	0	0.0	897.0	0	0.0
info	40	150	225298.5	18	0.7601351351351351	225298.5	0	0.0	3311.0	16	0.6756756756756757	903.0	0	0.0	903.0	0	0.0
info	40	151	226795.5	17	0.7179054054054054	226795.5	0	0.0	3333.0	7	0.2956081081081081	909.0	0	0.0	909.0	0	0.0
info	40	152	228292.5	5	0.21114864864864863	228292.5	40	1.689189189189189	3355.0	8	0.33783783783783783	915.0	0	0.0	915.0	0	0.0
info	40	153	229789.5	15	0.6334459459459459	229789.5	1	0.04222972972972973	3377.0	14	0.5912162162162162	921.0	0	0.0	921.0	0	0.0
info	40	154	231286.5	13	0.5489864864864865	231286.5	0	0.0	3399.0	20	0.8445945945945945	927.0	0	0.0	927.0	0	0.0
info	40	155	232783.5	12	0.5067567567567568	232783.5	39	1.6469594594594594	3421.0	18	0.7601351351351351	933.0	0	0.0	933.0	0	0.0
info	40	156	234280.5	11	0.46452702702702703	234280.5	0	0.0	3443.0	4	0.16891891891891891	939.0	0	0.0	939.0	0	0.0
info	40	157	235777.5	14	0.5912162162162162	235777.5	0	0.0	3465.0	8	0.33783783783783783	945.0	0	0.0	945.0	0	0.0
info	40	158	237274.5	15	0.6334459459459459	237274.5	40	1.689189189189189	3487.0	11	0.46452702702702703	951.0	0	0.0	951.0	0	0.0
info	40	159	238771.5	5	0.21114864864864863	238771.5	0	0.0	3509.0	14	0.5912162162162162	957.0	0	0.0	957.0	0	0.0
info	40	160	240268.5	14	0.5912162162162162	240268.5	0	0.0	3531.0	7	0.2956081081081081	963.0	0	0.0	963.0	0	0.0
info	40	161	241765.5	15	0.6334459459459459	241765.5	0	0.0	3553.0	3	0.1266891891891892	969.0	0	0.0	969.0	0	0.0
info	40	162	243262.5	6	0.2533783783783784	243262.5	40	1.689189189189189	3575.0	7	0.2956081081081081	975.0	0	0.0	975.0	0	0.0
info	40	163	244759.5	12	0.5067567567567568	244759.5	1	0.04222972972972973	3597.0	5	0.21114864864864863	981.0	0	0.0	981.0	0	0.0
info	40	164	246256.5	17	0.7179054054054054	246256.5	0	0.0	3619.0	9	0.38006756756756754	987.0	0	0.0	987.0	0	0.0
info	40	165	247753.5	11	0.46452702702702703	247753.5	39	1.6469594594594594	3641.0	6	0.2533783783783784	993.0	0	0.0	993.0	0	0.0
info	40	166	249250.5	12	0.5067567567567568	249250.5	3	0.1266891891891892	3663.0	1	0.04222972972972973	999.0	0	0.0	999.0	0	0.0
info	40	167	250747.5	14	0.5912162162162162	250747.5	0	0.0	3685.0	7	0.2956081081081081	1005.0	0	0.0	1005.0	0	0.0
info	40	168	252244.5	13	0.5489864864864865	252244.5	9	0.38006756756756754	3707.0	9	0.38006756756756754	1011.0	0	0.0	1011.0	0	0.0
info	40	169	253741.5	5	0.21114864864864863	253741.5	31	1.3091216216216215	3729.0	5	0.21114864864864863	1017.0	0	0.0	1017.0	0	0.0
info	40	170	255238.5	17	0.7179054054054054	255238.5	0	0.0	3751.0	4	0.16891891891891891	1023.0	0	0.0	1023.0	0	0.0
info	40	171	256735.5	17	0.7179054054054054	256735.5	0	0.0	3773.0	4	0.16891891891891891	1029.0	0	0.0	1029.0	0	0.0
info	40	172	258232.5	5	0.21114864864864863	258232.5	40	1.689189189189189	3795.0	1	0.04222972972972973	1035.0	0	0.0	1035.0	0	0.0
info	40	173	259729.5	12	0.5067567567567568	259729.5	0	0.0	3817.0	5	0.21114864864864863	1041.0	0	0.0	1041.0	0	0.0
info	40	174	261226.5	16	0.6756756756756757	261226.5	0	0.0	3839.0	2	0.08445945945945946	1047.0	0	0.0	1047.0	0	0.0
info	40	175	262723.5	12	0.5067567567567568	262723.5	40	1.689189189189189	3861.0	2	0.08445945945945946	1053.0	0	0.0	1053.0	0	0.0
info	40	176	264220.5	9	0.38006756756756754	264220.5	0	0.0	3883.0	3	0.1266891891891892	1059.0	0	0.0	1059.0	0	0.0
info	40	177	265717.5	15	0.6334459459459459	265717.5	0	0.0	3905.0	0	0.0	1065.0	0	0.0	1065.0	0	0.0
info	40	178	267214.5	16	0.6756756756756757	267214.5	37	1.5625	3927.0	0	0.0	1071.0	0	0.0	1071.0	0	0.0
info	40	179	268711.5	2	0.08445945945945946	268711.5	3	0.1266891891891892	3949.0	0	0.0	1077.0	0	0.0	1077.0	0	0.0
info	40	180	270208.5	14	0.5912162162162162	270208.5	0	0.0	3971.0	2	0.08445945945945946	1083.0	0	0.0	1083.0	0	0.0
info	40	181	271705.5	14	0.5912162162162162	271705.5	0	0.0	3993.0	5	0.21114864864864863	1089.0	0	0.0	1089.0	0	0.0
info	40	182	273202.5	10	0.42229729729729726	273202.5	40	1.689189189189189	4015.0	2	0.08445945945945946	1095.0	0	0.0	1095.0	0	0.0
info	40	183	274699.5	9	0.38006756756756754	274699.5	0	0.0	4037.0	0	0.0	1101.0	0	0.0	1101.0	0	0.0
info	40	184	276196.5	15	0.6334459459459459	276196.5	0	0.0	4059.0	0	0.0	1107.0	0	0.0	1107.0	0	0.0
info	40	185	277693.5	14	0.5912162162162162	277693.5	37	1.5625	4081.0	1	0.04222972972972973	1113.0	0	0.0	1113.0	0	0.0
info	40	186	279190.5	3	0.1266891891891892	279190.5	3	0.1266891891891892	4103.0	0	0.0	1119.0	0	0.0	1119.0	0	0.0
info	40	187	280687.5	15	0.6334459459459459	280687.5	0	0.0	4125.0	0	0.0	1125.0	0	0.0	1125.0	0	0.0
info	40	188	282184.5	16	0.6756756756756757	282184.5	0	0.0	4147.0	0	0.0	1131.0	0	0.0	1131.0	0	0.0
info	40	189	283681.5	8	0.33783783783783783	283681.5	40	1.689189189189189	4169.0	0	0.0	1137.0	0	0.0	1137.0	0	0.0
info	40	190	285178.5	9	0.38006756756756754	285178.5	1	0.04222972972972973	4191.0	1	0.04222972972972973	1143.0	0	0.0	1143.0	0	0.0
info	40	191	286675.5	14	0.5912162162162162	286675.5	0	0.0	4213.0	0	0.0	1149.0	0	0.0	1149.0	0	0.0
info	40	192	288172.5	15	0.6334459459459459	288172.5	8	0.33783783783783783	4235.0	2	0.08445945945945946	1155.0	0	0.0	1155.0	0	0.0
info	40	193	289669.5	6	0.2533783783783784	289669.5	32	1.3513513513513513	4257.0	0	0.0	1161.0	0	0.0	1161.0	0	0.0
info	40	194	291166.5	14	0.5912162162162162	291166.5	0	0.0	4279.0	0	0.0	1167.0	0	0.0	1167.0	0	0.0
info	40	195	292663.5	12	0.5067567567567568	292663.5	0	0.0	4301.0	0	0.0	1173.0	0	0.0	1173.0	0	0.0
info	40	196	294160.5	11	0.46452702702702703	294160.5	40	1.689189189189189	4323.0	0	0.0	1179.0	0	0.0	1179.0	0	0.0
info	40	197	295657.5	6	0.2533783783783784	295657.5	0	0.0	4345.0	0	0.0	1185.0	0	0.0	1185.0	0	0.0
info	40	198	297154.5	15	0.6334459459459459	297154.5	0	0.0	4367.0	0	0.0	1191.0	0	0.0	1191.0	0	0.0
info	40	199	298651.5	19	0.8023648648648648	298651.5	40	1.689189189189189	4389.0	0	0.0	1197.0	0	0.0	1197.0	0	0.0
home	40	0	746.0	3	0.1266891891891892	746.0	0	0.0	9.0	110	4.64527027027027	3.0	2368	100.0	3.0	2368	100.0
home	40	1	2238.0	34	1.4358108108108107	2238.0	9	0.38006756756756754	27.0	20	0.8445945945945945	9.0	0	0.0	9.0	0	0.0
home	40	2	3730.0	4	0.16891891891891891	3730.0	32	1.3513513513513513	45.0	45	1.9003378378378377	15.0	0	0.0	15.0	0	0.0
home	40	3	5222.0	0	0.0	5222.0	0	0.0	63.0	63	2.660472972972973	21.0	0	0.0	21.0	0	0.0
home	40	4	6714.0	0	0.0	6714.0	0	0.0	81.0	88	3.7162162162162162	27.0	0	0.0	27.0	0	0.0
home	40	5	8206.0	40	1.689189189189189	8206.0	40	1.689189189189189	99.0	332	14.02027027027027	33.0	0	0.0	33.0	0	0.0
home	40	6	9698.0	1	0.04222972972972973	9698.0	0	0.0	117.0	399	16.84966216216216	39.0	0	0.0	39.0	0	0.0
home	40	7	11190.0	1	0.04222972972972973	11190.0	0	0.0	135.0	226	9.54391891891892	45.0	0	0.0	45.0	0	0.0
home	40	8	12682.0	36	1.5202702702702702	12682.0	37	1.5625	153.0	171	7.221283783783783	51.0	0	0.0	51.0	0	0.0
home	40	9	14174.0	2	0.08445945945945946	14174.0	3	0.1266891891891892	171.0	260	10.97972972972973	57.0	0	0.0	57.0	0	0.0
home	40	10	15666.0	0	0.0	15666.0	0	0.0	189.0	270	11.402027027027026	63.0	0	0.0	63.0	0	0.0
home	40	11	17158.0	0	0.0	17158.0	0	0.0	207.0	186	7.85472972972973	69.0	0	0.0	69.0	0	0.0
home	40	12	18650.0	40	1.689189189189189	18650.0	40	1.689189189189189	225.0	78	3.293918918918919	75.0	0	0.0	75.0	0	0.0
home	40	13	20142.0	0	0.0	20142.0	0	0.0	243.0	34	1.4358108108108107	81.0	0	0.0	81.0	0	0.0
home	40	14	21634.0	1	0.04222972972972973	21634.0	0	0.0	261.0	12	0.5067567567567568	87.0	0	0.0	87.0	0	0.0
home	40	15	23126.0	39	1.6469594594594594	23126.0	40	1.689189189189189	279.0	14	0.5912162162162162	93.0	0	0.0	93.0	0	0.0
home	40	16	24618.0	1	0.04222972972972973	24618.0	1	0.04222972972972973	297.0	8	0.33783783783783783	99.0	0	0.0	99.0	0	0.0
home	40	17	26110.0	1	0.04222972972972973	26110.0	0	0.0	315.0	4	0.16891891891891891	105.0	0	0.0	105.0	0	0.0
home	40	18	27602.0	33	1.3935810810810811	27602.0	1	0.04222972972972973	333.0	0	0.0	111.0	0	0.0	111.0	0	0.0
home	40	19	29094.0	6	0.2533783783783784	29094.0	39	1.6469594594594594	351.0	2	0.08445945945945946	117.0	0	0.0	117.0	0	0.0
home	40	20	30586.0	1	0.04222972972972973	30586.0	0	0.0	369.0	0	0.0	123.0	0	0.0	123.0	0	0.0
home	40	21	32078.0	0	0.0	32078.0	0	0.0	387.0	0	0.0	129.0	0	0.0	129.0	0	0.0
home	40	22	33570.0	39	1.6469594594594594	33570.0	40	1.689189189189189	405.0	1	0.04222972972972973	135.0	0	0.0	135.0	0	0.0
home	40	23	35062.0	0	0.0	35062.0	0	0.0	423.0	0	0.0	141.0	0	0.0	141.0	0	0.0
home	40	24	36554.0	0	0.0	36554.0	0	0.0	441.0	1	0.04222972972972973	147.0	0	0.0	147.0	0	0.0
home	40	25	38046.0	40	1.689189189189189	38046.0	40	1.689189189189189	459.0	1	0.04222972972972973	153.0	0	0.0	153.0	0	0.0
home	40	26	39538.0	0	0.0	39538.0	0	0.0	477.0	0	0.0	159.0	0	0.0	159.0	0	0.0
home	40	27	41030.0	0	0.0	41030.0	0	0.0	495.0	0	0.0	165.0	0	0.0	165.0	0	0.0
home	40	28	42522.0	0	0.0	42522.0	0	0.0	513.0	0	0.0	171.0	0	0.0	171.0	0	0.0
home	40	29	44014.0	40	1.689189189189189	44014.0	40	1.689189189189189	531.0	0	0.0	177.0	0	0.0	177.0	0	0.0
home	40	30	45506.0	0	0.0	45506.0	0	0.0	549.0	2	0.08445945945945946	183.0	0	0.0	183.0	0	0.0
home	40	31	46998.0	1	0.04222972972972973	46998.0	0	0.0	567.0	0	0.0	189.0	0	0.0	189.0	0	0.0
home	40	32	48490.0	37	1.5625	48490.0	8	0.33783783783783783	585.0	0	0.0	195.0	0	0.0	195.0	0	0.0
home	40	33	49982.0	2	0.08445945945945946	49982.0	32	1.3513513513513513	603.0	7	0.2956081081081081	201.0	0	0.0	201.0	0	0.0
home	40	34	51474.0	0	0.0	51474.0	0	0.0	621.0	1	0.04222972972972973	207.0	0	0.0	207.0	0	0.0
home	40	35	52966.0	0	0.0	52966.0	0	0.0	639.0	1	0.04222972972972973	213.0	0	0.0	213.0	0	0.0
home	40	36	54458.0	40	1.689189189189189	54458.0	40	1.689189189189189	657.0	1	0.04222972972972973	219.0	0	0.0	219.0	0	0.0
home	40	37	55950.0	1	0.04222972972972973	55950.0	0	0.0	675.0	2	0.08445945945945946	225.0	0	0.0	225.0	0	0.0
home	40	38	57442.0	0	0.0	57442.0	0	0.0	693.0	1	0.04222972972972973	231.0	0	0.0	231.0	0	0.0
home	40	39	58934.0	39	1.6469594594594594	58934.0	40	1.689189189189189	711.0	0	0.0	237.0	0	0.0	237.0	0	0.0
home	40	40	60426.0	0	0.0	60426.0	0	0.0	729.0	0	0.0	243.0	0	0.0	243.0	0	0.0
home	40	41	61918.0	0	0.0	61918.0	0	0.0	747.0	0	0.0	249.0	0	0.0	249.0	0	0.0
home	40	42	63410.0	0	0.0	63410.0	0	0.0	765.0	1	0.04222972972972973	255.0	0	0.0	255.0	0	0.0
home	40	43	64902.0	40	1.689189189189189	64902.0	40	1.689189189189189	783.0	1	0.04222972972972973	261.0	0	0.0	261.0	0	0.0
home	40	44	66394.0	2	0.08445945945945946	66394.0	0	0.0	801.0	0	0.0	267.0	0	0.0	267.0	0	0.0
home	40	45	67886.0	0	0.0	67886.0	0	0.0	819.0	0	0.0	273.0	0	0.0	273.0	0	0.0
home	40	46	69378.0	38	1.6047297297297296	69378.0	40	1.689189189189189	837.0	0	0.0	279.0	0	0.0	279.0	0	0.0
home	40	47	70870.0	0	0.0	70870.0	0	0.0	855.0	0	0.0	285.0	0	0.0	285.0	0	0.0
home	40	48	72362.0	0	0.0	72362.0	0	0.0	873.0	1	0.04222972972972973	291.0	0	0.0	291.0	0	0.0
home	40	49	73854.0	40	1.689189189189189	73854.0	40	1.689189189189189	891.0	0	0.0	297.0	0	0.0	297.0	0	0.0
home	40	50	75346.0	0	0.0	75346.0	0	0.0	909.0	0	0.0	303.0	0	0.0	303.0	0	0.0
home	40	51	76838.0	0	0.0	76838.0	0	0.0	927.0	0	0.0	309.0	0	0.0	309.0	0	0.0
home	40	52	78330.0	0	0.0	78330.0	0	0.0	945.0	0	0.0	315.0	0	0.0	315.0	0	0.0
home	40	53	79822.0	40	1.689189189189189	79822.0	40	1.689189189189189	963.0	0	0.0	321.0	0	0.0	321.0	0	0.0
home	40	54	81314.0	0	0.0	81314.0	0	0.0	981.0	0	0.0	327.0	0	0.0	327.0	0	0.0
home	40	55	82806.0	0	0.0	82806.0	0	0.0	999.0	0	0.0	333.0	0	0.0	333.0	0	0.0
home	40	56	84298.0	40	1.689189189189189	84298.0	40	1.689189189189189	1017.0	0	0.0	339.0	0	0.0	339.0	0	0.0
home	40	57	85790.0	0	0.0	85790.0	0	0.0	1035.0	0	0.0	345.0	0	0.0	345.0	0	0.0
home	40	58	87282.0	0	0.0	87282.0	0	0.0	1053.0	0	0.0	351.0	0	0.0	351.0	0	0.0
home	40	59	88774.0	40	1.689189189189189	88774.0	40	1.689189189189189	1071.0	0	0.0	357.0	0	0.0	357.0	0	0.0
home	40	60	90266.0	0	0.0	90266.0	0	0.0	1089.0	0	0.0	363.0	0	0.0	363.0	0	0.0
home	40	61	91758.0	0	0.0	91758.0	0	0.0	1107.0	0	0.0	369.0	0	0.0	369.0	0	0.0
home	40	62	93250.0	1	0.04222972972972973	93250.0	0	0.0	1125.0	0	0.0	375.0	0	0.0	375.0	0	0.0
home	40	63	94742.0	39	1.6469594594594594	94742.0	40	1.689189189189189	1143.0	1	0.04222972972972973	381.0	0	0.0	381.0	0	0.0
home	40	64	96234.0	0	0.0	96234.0	0	0.0	1161.0	0	0.0	387.0	0	0.0	387.0	0	0.0
home	40	65	97726.0	0	0.0	97726.0	0	0.0	1179.0	2	0.08445945945945946	393.0	0	0.0	393.0	0	0.0
home	40	66	99218.0	40	1.689189189189189	99218.0	40	1.689189189189189	1197.0	1	0.04222972972972973	399.0	0	0.0	399.0	0	0.0
home	40	67	100710.0	0	0.0	100710.0	0	0.0	1215.0	0	0.0	405.0	0	0.0	405.0	0	0.0
home	40	68	102202.0	0	0.0	102202.0	0	0.0	1233.0	0	0.0	411.0	0	0.0	411.0	0	0.0
home	40	69	103694.0	38	1.6047297297297296	103694.0	2	0.08445945945945946	1251.0	0	0.0	417.0	0	0.0	417.0	0	0.0
home	40	70	105186.0	2	0.08445945945945946	105186.0	38	1.6047297297297296	1269.0	0	0.0	423.0	0	0.0	423.0	0	0.0
home	40	71	106678.0	0	0.0	106678.0	0	0.0	1287.0	0	0.0	429.0	0	0.0	429.0	0	0.0
home	40	72	108170.0	0	0.0	108170.0	0	0.0	1305.0	0	0.0	435.0	0	0.0	435.0	0	0.0
home	40	73	109662.0	40	1.689189189189189	109662.0	40	1.689189189189189	1323.0	0	0.0	441.0	0	0.0	441.0	0	0.0
home	40	74	111154.0	0	0.0	111154.0	0	0.0	1341.0	0	0.0	447.0	0	0.0	447.0	0	0.0
home	40	75	112646.0	0	0.0	112646.0	0	0.0	1359.0	0	0.0	453.0	0	0.0	453.0	0	0.0
home	40	76	114138.0	40	1.689189189189189	114138.0	40	1.689189189189189	1377.0	0	0.0	459.0	0	0.0	459.0	0	0.0
home	40	77	115630.0	0	0.0	115630.0	0	0.0	1395.0	1	0.04222972972972973	465.0	0	0.0	465.0	0	0.0
home	40	78	117122.0	0	0.0	117122.0	0	0.0	1413.0	0	0.0	471.0	0	0.0	471.0	0	0.0
home	40	79	118614.0	1	0.04222972972972973	118614.0	0	0.0	1431.0	0	0.0	477.0	0	0.0	477.0	0	0.0
home	40	80	120106.0	39	1.6469594594594594	120106.0	40	1.689189189189189	1449.0	0	0.0	483.0	0	0.0	483.0	0	0.0
home	40	81	121598.0	0	0.0	121598.0	0	0.0	1467.0	0	0.0	489.0	0	0.0	489.0	0	0.0
home	40	82	123090.0	1	0.04222972972972973	123090.0	0	0.0	1485.0	0	0.0	495.0	0	0.0	495.0	0	0.0
home	40	83	124582.0	39	1.6469594594594594	124582.0	40	1.689189189189189	1503.0	0	0.0	501.0	0	0.0	501.0	0	0.0
home	40	84	126074.0	0	0.0	126074.0	0	0.0	1521.0	0	0.0	507.0	0	0.0	507.0	0	0.0
home	40	85	127566.0	1	0.04222972972972973	127566.0	0	0.0	1539.0	0	0.0	513.0	0	0.0	513.0	0	0.0
home	40	86	129058.0	0	0.0	129058.0	0	0.0	1557.0	0	0.0	519.0	0	0.0	519.0	0	0.0
home	40	87	130550.0	39	1.6469594594594594	130550.0	40	1.689189189189189	1575.0	0	0.0	525.0	0	0.0	525.0	0	0.0
home	40	88	132042.0	0	0.0	132042.0	0	0.0	1593.0	0	0.0	531.0	0	0.0	531.0	0	0.0
home	40	89	133534.0	1	0.04222972972972973	133534.0	0	0.0	1611.0	0	0.0	537.0	0	0.0	537.0	0	0.0
home	40	90	135026.0	39	1.6469594594594594	135026.0	40	1.689189189189189	1629.0	0	0.0	543.0	0	0.0	543.0	0	0.0
home	40	91	136518.0	0	0.0	136518.0	0	0.0	1647.0	0	0.0	549.0	0	0.0	549.0	0	0.0
home	40	92	138010.0	0	0.0	138010.0	0	0.0	1665.0	0	0.0	555.0	0	0.0	555.0	0	0.0
home	40	93	139502.0	1	0.04222972972972973	139502.0	0	0.0	1683.0	0	0.0	561.0	0	0.0	561.0	0	0.0
home	40	94	140994.0	39	1.6469594594594594	140994.0	40	1.689189189189189	1701.0	0	0.0	567.0	0	0.0	567.0	0	0.0
home	40	95	142486.0	0	0.0	142486.0	0	0.0	1719.0	0	0.0	573.0	0	0.0	573.0	0	0.0
home	40	96	143978.0	0	0.0	143978.0	0	0.0	1737.0	0	0.0	579.0	0	0.0	579.0	0	0.0
home	40	97	145470.0	40	1.689189189189189	145470.0	40	1.689189189189189	1755.0	1	0.04222972972972973	585.0	0	0.0	585.0	0	0.0
home	40	98	146962.0	0	0.0	146962.0	0	0.0	1773.0	1	0.04222972972972973	591.0	0	0.0	591.0	0	0.0
home	40	99	148454.0	1	0.04222972972972973	148454.0	0	0.0	1791.0	0	0.0	597.0	0	0.0	597.0	0	0.0
home	40	100	149946.0	0	0.0	149946.0	0	0.0	1809.0	0	0.0	603.0	0	0.0	603.0	0	0.0
home	40	101	151438.0	39	1.6469594594594594	151438.0	40	1.689189189189189	1827.0	0	0.0	609.0	0	0.0	609.0	0	0.0
home	40	102	152930.0	0	0.0	152930.0	0	0.0	1845.0	0	0.0	615.0	0	0.0	615.0	0	0.0
home	40	103	154422.0	0	0.0	154422.0	0	0.0	1863.0	0	0.0	621.0	0	0.0	621.0	0	0.0
home	40	104	155914.0	40	1.689189189189189	155914.0	40	1.689189189189189	1881.0	0	0.0	627.0	0	0.0	627.0	0	0.0
home	40	105	157406.0	0	0.0	157406.0	0	0.0	1899.0	1	0.04222972972972973	633.0	0	0.0	633.0	0	0.0
home	40	106	158898.0	1	0.04222972972972973	158898.0	0	0.0	1917.0	1	0.04222972972972973	639.0	0	0.0	639.0	0	0.0
home	40	107	160390.0	0	0.0	160390.0	0	0.0	1935.0	0	0.0	645.0	0	0.0	645.0	0	0.0
home	40	108	161882.0	39	1.6469594594594594	161882.0	40	1.689189189189189	1953.0	0	0.0	651.0	0	0.0	651.0	0	0.0
home	40	109	163374.0	0	0.0	163374.0	0	0.0	1971.0	0	0.0	657.0	0	0.0	657.0	0	0.0
home	40	110	164866.0	0	0.0	164866.0	0	0.0	1989.0	0	0.0	663.0	0	0.0	663.0	0	0.0
home	40	111	166358.0	40	1.689189189189189	166358.0	40	1.689189189189189	2007.0	0	0.0	669.0	0	0.0	669.0	0	0.0
home	40	112	167850.0	0	0.0	167850.0	0	0.0	2025.0	0	0.0	675.0	0	0.0	675.0	0	0.0
home	40	113	169342.0	1	0.04222972972972973	169342.0	0	0.0	2043.0	0	0.0	681.0	0	0.0	681.0	0	0.0
home	40	114	170834.0	35	1.4780405405405406	170834.0	1	0.04222972972972973	2061.0	1	0.04222972972972973	687.0	0	0.0	687.0	0	0.0
home	40	115	172326.0	5	0.21114864864864863	172326.0	40	1.689189189189189	2079.0	0	0.0	693.0	0	0.0	693.0	0	0.0
home	40	116	173818.0	0	0.0	173818.0	0	0.0	2097.0	0	0.0	699.0	0	0.0	699.0	0	0.0
home	40	117	175310.0	0	0.0	175310.0	0	0.0	2115.0	0	0.0	705.0	0	0.0	705.0	0	0.0
home	40	118	176802.0	40	1.689189189189189	176802.0	40	1.689189189189189	2133.0	0	0.0	711.0	0	0.0	711.0	0	0.0
home	40	119	178294.0	0	0.0	178294.0	0	0.0	2151.0	0	0.0	717.0	0	0.0	717.0	0	0.0
home	40	120	179786.0	0	0.0	179786.0	0	0.0	2169.0	0	0.0	723.0	0	0.0	723.0	0	0.0
home	40	121	181278.0	40	1.689189189189189	181278.0	40	1.689189189189189	2187.0	0	0.0	729.0	0	0.0	729.0	0	0.0
home	40	122	182770.0	0	0.0	182770.0	0	0.0	2205.0	0	0.0	735.0	0	0.0	735.0	0	0.0
home	40	123	184262.0	1	0.04222972972972973	184262.0	0	0.0	2223.0	0	0.0	741.0	0	0.0	741.0	0	0.0
home	40	124	185754.0	39	1.6469594594594594	185754.0	40	1.689189189189189	2241.0	0	0.0	747.0	0	0.0	747.0	0	0.0
home	40	125	187246.0	0	0.0	187246.0	0	0.0	2259.0	0	0.0	753.0	0	0.0	753.0	0	0.0
home	40	126	188738.0	0	0.0	188738.0	0	0.0	2277.0	0	0.0	759.0	0	0.0	759.0	0	0.0
home	40	127	190230.0	0	0.0	190230.0	0	0.0	2295.0	1	0.04222972972972973	765.0	0	0.0	765.0	0	0.0
home	40	128	191722.0	40	1.689189189189189	191722.0	40	1.689189189189189	2313.0	0	0.0	771.0	0	0.0	771.0	0	0.0
home	40	129	193214.0	0	0.0	193214.0	0	0.0	2331.0	0	0.0	777.0	0	0.0	777.0	0	0.0
home	40	130	194706.0	0	0.0	194706.0	0	0.0	2349.0	0	0.0	783.0	0	0.0	783.0	0	0.0
home	40	131	196198.0	39	1.6469594594594594	196198.0	39	1.6469594594594594	2367.0	0	0.0	789.0	0	0.0	789.0	0	0.0
home	40	132	197690.0	1	0.04222972972972973	197690.0	1	0.04222972972972973	2385.0	0	0.0	795.0	0	0.0	795.0	0	0.0
home	40	133	199182.0	0	0.0	199182.0	0	0.0	2403.0	0	0.0	801.0	0	0.0	801.0	0	0.0
home	40	134	200674.0	0	0.0	200674.0	0	0.0	2421.0	1	0.04222972972972973	807.0	0	0.0	807.0	0	0.0
home	40	135	202166.0	40	1.689189189189189	202166.0	40	1.689189189189189	2439.0	0	0.0	813.0	0	0.0	813.0	0	0.0
home	40	136	203658.0	0	0.0	203658.0	0	0.0	2457.0	0	0.0	819.0	0	0.0	819.0	0	0.0
home	40	137	205150.0	0	0.0	205150.0	0	0.0	2475.0	0	0.0	825.0	0	0.0	825.0	0	0.0
home	40	138	206642.0	40	1.689189189189189	206642.0	40	1.689189189189189	2493.0	0	0.0	831.0	0	0.0	831.0	0	0.0
home	40	139	208134.0	0	0.0	208134.0	0	0.0	2511.0	1	0.04222972972972973	837.0	0	0.0	837.0	0	0.0
home	40	140	209626.0	0	0.0	209626.0	0	0.0	2529.0	0	0.0	843.0	0	0.0	843.0	0	0.0
home	40	141	211118.0	0	0.0	211118.0	0	0.0	2547.0	0	0.0	849.0	0	0.0	849.0	0	0.0
home	40	142	212610.0	40	1.689189189189189	212610.0	40	1.689189189189189	2565.0	0	0.0	855.0	0	0.0	855.0	0	0.0
home	40	143	214102.0	0	0.0	214102.0	0	0.0	2583.0	0	0.0	861.0	0	0.0	861.0	0	0.0
home	40	144	215594.0	0	0.0	215594.0	0	0.0	2601.0	1	0.04222972972972973	867.0	0	0.0	867.0	0	0.0
home	40	145	217086.0	40	1.689189189189189	217086.0	40	1.689189189189189	2619.0	1	0.04222972972972973	873.0	0	0.0	873.0	0	0.0
home	40	146	218578.0	0	0.0	218578.0	0	0.0	2637.0	0	0.0	879.0	0	0.0	879.0	0	0.0
home	40	147	220070.0	0	0.0	220070.0	0	0.0	2655.0	0	0.0	885.0	0	0.0	885.0	0	0.0
home	40	148	221562.0	38	1.6047297297297296	221562.0	1	0.04222972972972973	2673.0	0	0.0	891.0	0	0.0	891.0	0	0.0
home	40	149	223054.0	3	0.1266891891891892	223054.0	40	1.689189189189189	2691.0	0	0.0	897.0	0	0.0	897.0	0	0.0
home	40	150	224546.0	0	0.0	224546.0	0	0.0	2709.0	0	0.0	903.0	0	0.0	903.0	0	0.0
home	40	151	226038.0	37	1.5625	226038.0	5	0.21114864864864863	2727.0	1	0.04222972972972973	909.0	0	0.0	909.0	0	0.0
home	40	152	227530.0	3	0.1266891891891892	227530.0	35	1.4780405405405406	2745.0	0	0.0	915.0	0	0.0	915.0	0	0.0
home	40	153	229022.0	1	0.04222972972972973	229022.0	0	0.0	2763.0	0	0.0	921.0	0	0.0	921.0	0	0.0
home	40	154	230514.0	0	0.0	230514.0	0	0.0	2781.0	1	0.04222972972972973	927.0	0	0.0	927.0	0	0.0
home	40	155	232006.0	39	1.6469594594594594	232006.0	40	1.689189189189189	2799.0	0	0.0	933.0	0	0.0	933.0	0	0.0
home	40	156	233498.0	0	0.0	233498.0	0	0.0	2817.0	0	0.0	939.0	0	0.0	939.0	0	0.0
home	40	157	234990.0	1	0.04222972972972973	234990.0	0	0.0	2835.0	0	0.0	945.0	0	0.0	945.0	0	0.0
home	40	158	236482.0	39	1.6469594594594594	236482.0	40	1.689189189189189	2853.0	0	0.0	951.0	0	0.0	951.0	0	0.0
home	40	159	237974.0	0	0.0	237974.0	0	0.0	2871.0	1	0.04222972972972973	957.0	0	0.0	957.0	0	0.0
home	40	160	239466.0	0	0.0	239466.0	0	0.0	2889.0	0	0.0	963.0	0	0.0	963.0	0	0.0
home	40	161	240958.0	0	0.0	240958.0	0	0.0	2907.0	0	0.0	969.0	0	0.0	969.0	0	0.0
home	40	162	242450.0	41	1.7314189189189189	242450.0	40	1.689189189189189	2925.0	0	0.0	975.0	0	0.0	975.0	0	0.0
home	40	163	243942.0	0	0.0	243942.0	0	0.0	2943.0	0	0.0	981.0	0	0.0	981.0	0	0.0
home	40	164	245434.0	0	0.0	245434.0	0	0.0	2961.0	0	0.0	987.0	0	0.0	987.0	0	0.0
home	40	165	246926.0	39	1.6469594594594594	246926.0	40	1.689189189189189	2979.0	0	0.0	993.0	0	0.0	993.0	0	0.0
home	40	166	248418.0	3	0.1266891891891892	248418.0	3	0.1266891891891892	2997.0	0	0.0	999.0	0	0.0	999.0	0	0.0
home	40	167	249910.0	0	0.0	249910.0	0	0.0	3015.0	0	0.0	1005.0	0	0.0	1005.0	0	0.0
home	40	168	251402.0	40	1.689189189189189	251402.0	13	0.5489864864864865	3033.0	0	0.0	1011.0	0	0.0	1011.0	0	0.0
home	40	169	252894.0	0	0.0	252894.0	27	1.1402027027027026	3051.0	0	0.0	1017.0	0	0.0	1017.0	0	0.0
home	40	170	254386.0	0	0.0	254386.0	0	0.0	3069.0	1	0.04222972972972973	1023.0	0	0.0	1023.0	0	0.0
home	40	171	255878.0	10	0.42229729729729726	255878.0	0	0.0	3087.0	0	0.0	1029.0	0	0.0	1029.0	0	0.0
home	40	172	257370.0	30	1.2668918918918919	257370.0	40	1.689189189189189	3105.0	0	0.0	1035.0	0	0.0	1035.0	0	0.0
home	40	173	258862.0	0	0.0	258862.0	0	0.0	3123.0	0	0.0	1041.0	0	0.0	1041.0	0	0.0
home	40	174	260354.0	0	0.0	260354.0	0	0.0	3141.0	0	0.0	1047.0	0	0.0	1047.0	0	0.0
home	40	175	261846.0	40	1.689189189189189	261846.0	40	1.689189189189189	3159.0	0	0.0	1053.0	0	0.0	1053.0	0	0.0
home	40	176	263338.0	0	0.0	263338.0	0	0.0	3177.0	0	0.0	1059.0	0	0.0	1059.0	0	0.0
home	40	177	264830.0	0	0.0	264830.0	0	0.0	3195.0	1	0.04222972972972973	1065.0	0	0.0	1065.0	0	0.0
home	40	178	266322.0	40	1.689189189189189	266322.0	40	1.689189189189189	3213.0	0	0.0	1071.0	0	0.0	1071.0	0	0.0
home	40	179	267814.0	0	0.0	267814.0	0	0.0	3231.0	1	0.04222972972972973	1077.0	0	0.0	1077.0	0	0.0
home	40	180	269306.0	0	0.0	269306.0	0	0.0	3249.0	0	0.0	1083.0	0	0.0	1083.0	0	0.0
home	40	181	270798.0	0	0.0	270798.0	0	0.0	3267.0	0	0.0	1089.0	0	0.0	1089.0	0	0.0
home	40	182	272290.0	40	1.689189189189189	272290.0	40	1.689189189189189	3285.0	0	0.0	1095.0	0	0.0	1095.0	0	0.0
home	40	183	273782.0	0	0.0	273782.0	0	0.0	3303.0	0	0.0	1101.0	0	0.0	1101.0	0	0.0
home	40	184	275274.0	0	0.0	275274.0	0	0.0	3321.0	0	0.0	1107.0	0	0.0	1107.0	0	0.0
home	40	185	276766.0	38	1.6047297297297296	276766.0	37	1.5625	3339.0	0	0.0	1113.0	0	0.0	1113.0	0	0.0
home	40	186	278258.0	2	0.08445945945945946	278258.0	3	0.1266891891891892	3357.0	0	0.0	1119.0	0	0.0	1119.0	0	0.0
home	40	187	279750.0	0	0.0	279750.0	0	0.0	3375.0	2	0.08445945945945946	1125.0	0	0.0	1125.0	0	0.0
home	40	188	281242.0	0	0.0	281242.0	0	0.0	3393.0	0	0.0	1131.0	0	0.0	1131.0	0	0.0
home	40	189	282734.0	40	1.689189189189189	282734.0	40	1.689189189189189	3411.0	0	0.0	1137.0	0	0.0	1137.0	0	0.0
home	40	190	284226.0	1	0.04222972972972973	284226.0	1	0.04222972972972973	3429.0	0	0.0	1143.0	0	0.0	1143.0	0	0.0
home	40	191	285718.0	0	0.0	285718.0	0	0.0	3447.0	0	0.0	1149.0	0	0.0	1149.0	0	0.0
home	40	192	287210.0	28	1.1824324324324325	287210.0	5	0.21114864864864863	3465.0	0	0.0	1155.0	0	0.0	1155.0	0	0.0
home	40	193	288702.0	12	0.5067567567567568	288702.0	35	1.4780405405405406	3483.0	1	0.04222972972972973	1161.0	0	0.0	1161.0	0	0.0
home	40	194	290194.0	0	0.0	290194.0	0	0.0	3501.0	0	0.0	1167.0	0	0.0	1167.0	0	0.0
home	40	195	291686.0	0	0.0	291686.0	0	0.0	3519.0	0	0.0	1173.0	0	0.0	1173.0	0	0.0
home	40	196	293178.0	40	1.689189189189189	293178.0	40	1.689189189189189	3537.0	0	0.0	1179.0	0	0.0	1179.0	0	0.0
home	40	197	294670.0	0	0.0	294670.0	0	0.0	3555.0	0	0.0	1185.0	0	0.0	1185.0	0	0.0
home	40	198	296162.0	0	0.0	296162.0	0	0.0	3573.0	0	0.0	1191.0	0	0.0	1191.0	0	0.0
home	40	199	297654.0	40	1.689189189189189	297654.0	40	1.689189189189189	3591.0	1	0.04222972972972973	1197.0	0	0.0	1197.0	0	0.0
