'Request type'	'Load'	'Bucket'	'Start time'	'Absolute'	'Percent of requests'	'End time'	'Absolute'	'Percent of requests'	'Residence time'	'Absolute'	'Percent of requests'	'Theor. think time'	'Absolute'	'Percent of requests'	'Actual think time'	'Absolute'	'Percent of requests'
login	12	0	747.5	12	0.6940427993059572	747.5	12	0.6940427993059572	4.0	0	0.0	3.0	1729	100.0	3.0	1729	100.0
login	12	1	2242.5	12	0.6940427993059572	2242.5	6	0.3470213996529786	12.0	0	0.0	9.0	0	0.0	9.0	0	0.0
login	12	2	3737.5	12	0.6940427993059572	3737.5	6	0.3470213996529786	20.0	0	0.0	15.0	0	0.0	15.0	0	0.0
login	12	3	5232.5	0	0.0	5232.5	12	0.6940427993059572	28.0	0	0.0	21.0	0	0.0	21.0	0	0.0
login	12	4	6727.5	12	0.6940427993059572	6727.5	9	0.5205320994794679	36.0	0	0.0	27.0	0	0.0	27.0	0	0.0
login	12	5	8222.5	12	0.6940427993059572	8222.5	7	0.4048582995951417	44.0	0	0.0	33.0	0	0.0	33.0	0	0.0
login	12	6	9717.5	1	0.0578368999421631	9717.5	8	0.4626951995373048	52.0	0	0.0	39.0	0	0.0	39.0	0	0.0
login	12	7	11212.5	11	0.6362058993637941	11212.5	12	0.6940427993059572	60.0	0	0.0	45.0	0	0.0	45.0	0	0.0
login	12	8	12707.5	12	0.6940427993059572	12707.5	8	0.4626951995373048	68.0	0	0.0	51.0	0	0.0	51.0	0	0.0
login	12	9	14202.5	12	0.6940427993059572	14202.5	6	0.3470213996529786	76.0	0	0.0	57.0	0	0.0	57.0	0	0.0
login	12	10	15697.5	0	0.0	15697.5	10	0.578368999421631	84.0	1	0.0578368999421631	63.0	0	0.0	63.0	0	0.0
login	12	11	17192.5	12	0.6940427993059572	17192.5	9	0.5205320994794679	92.0	1	0.0578368999421631	69.0	0	0.0	69.0	0	0.0
login	12	12	18687.5	12	0.6940427993059572	18687.5	5	0.2891844997108155	100.0	2	0.1156737998843262	75.0	0	0.0	75.0	0	0.0
login	12	13	20182.5	0	0.0	20182.5	10	0.578368999421631	108.0	0	0.0	81.0	0	0.0	81.0	0	0.0
login	12	14	21677.5	12	0.6940427993059572	21677.5	12	0.6940427993059572	116.0	0	0.0	87.0	0	0.0	87.0	0	0.0
login	12	15	23172.5	12	0.6940427993059572	23172.5	8	0.4626951995373048	124.0	1	0.0578368999421631	93.0	0	0.0	93.0	0	0.0
login	12	16	24667.5	12	0.6940427993059572	24667.5	8	0.4626951995373048	132.0	2	0.1156737998843262	99.0	0	0.0	99.0	0	0.0
login	12	17	26162.5	0	0.0	26162.5	8	0.4626951995373048	140.0	1	0.0578368999421631	105.0	0	0.0	105.0	0	0.0
login	12	18	27657.5	12	0.6940427993059572	27657.5	12	0.6940427993059572	148.0	0	0.0	111.0	0	0.0	111.0	0	0.0
login	12	19	29152.5	12	0.6940427993059572	29152.5	7	0.4048582995951417	156.0	0	0.0	117.0	0	0.0	117.0	0	0.0
login	12	20	30647.5	12	0.6940427993059572	30647.5	6	0.3470213996529786	164.0	1	0.0578368999421631	123.0	0	0.0	123.0	0	0.0
login	12	21	32142.5	0	0.0	32142.5	11	0.6362058993637941	172.0	2	0.1156737998843262	129.0	0	0.0	129.0	0	0.0
login	12	22	33637.5	12	0.6940427993059572	33637.5	12	0.6940427993059572	180.0	5	0.2891844997108155	135.0	0	0.0	135.0	0	0.0
login	12	23	35132.5	12	0.6940427993059572	35132.5	8	0.4626951995373048	188.0	8	0.4626951995373048	141.0	0	0.0	141.0	0	0.0
login	12	24	36627.5	12	0.6940427993059572	36627.5	4	0.2313475997686524	196.0	7	0.4048582995951417	147.0	0	0.0	147.0	0	0.0
login	12	25	38122.5	0	0.0	38122.5	12	0.6940427993059572	204.0	5	0.2891844997108155	153.0	0	0.0	153.0	0	0.0
login	12	26	39617.5	12	0.6940427993059572	39617.5	8	0.4626951995373048	212.0	4	0.2313475997686524	159.0	0	0.0	159.0	0	0.0
login	12	27	41112.5	12	0.6940427993059572	41112.5	5	0.2891844997108155	220.0	7	0.4048582995951417	165.0	0	0.0	165.0	0	0.0
login	12	28	42607.5	0	0.0	42607.5	11	0.6362058993637941	228.0	6	0.3470213996529786	171.0	0	0.0	171.0	0	0.0
login	12	29	44102.5	12	0.6940427993059572	44102.5	12	0.6940427993059572	236.0	4	0.2313475997686524	177.0	0	0.0	177.0	0	0.0
login	12	30	45597.5	12	0.6940427993059572	45597.5	4	0.2313475997686524	244.0	4	0.2313475997686524	183.0	0	0.0	183.0	0	0.0
login	12	31	47092.5	0	0.0	47092.5	8	0.4626951995373048	252.0	4	0.2313475997686524	189.0	0	0.0	189.0	0	0.0
login	12	32	48587.5	12	0.6940427993059572	48587.5	12	0.6940427993059572	260.0	6	0.3470213996529786	195.0	0	0.0	195.0	0	0.0
login	12	33	50082.5	12	0.6940427993059572	50082.5	9	0.5205320994794679	268.0	6	0.3470213996529786	201.0	0	0.0	201.0	0	0.0
login	12	34	51577.5	12	0.6940427993059572	51577.5	5	0.2891844997108155	276.0	6	0.3470213996529786	207.0	0	0.0	207.0	0	0.0
login	12	35	53072.5	0	0.0	53072.5	10	0.578368999421631	284.0	14	0.8097165991902834	213.0	0	0.0	213.0	0	0.0
login	12	36	54567.5	12	0.6940427993059572	54567.5	11	0.6362058993637941	292.0	14	0.8097165991902834	219.0	0	0.0	219.0	0	0.0
login	12	37	56062.5	12	0.6940427993059572	56062.5	6	0.3470213996529786	300.0	10	0.578368999421631	225.0	0	0.0	225.0	0	0.0
login	12	38	57557.5	10	0.578368999421631	57557.5	7	0.4048582995951417	308.0	10	0.578368999421631	231.0	0	0.0	231.0	0	0.0
login	12	39	59052.5	2	0.1156737998843262	59052.5	12	0.6940427993059572	316.0	10	0.578368999421631	237.0	0	0.0	237.0	0	0.0
login	12	40	60547.5	12	0.6940427993059572	60547.5	10	0.578368999421631	324.0	7	0.4048582995951417	243.0	0	0.0	243.0	0	0.0
login	12	41	62042.5	12	0.6940427993059572	62042.5	7	0.4048582995951417	332.0	5	0.2891844997108155	249.0	0	0.0	249.0	0	0.0
login	12	42	63537.5	2	0.1156737998843262	63537.5	7	0.4048582995951417	340.0	11	0.6362058993637941	255.0	0	0.0	255.0	0	0.0
login	12	43	65032.5	10	0.578368999421631	65032.5	12	0.6940427993059572	348.0	8	0.4626951995373048	261.0	0	0.0	261.0	0	0.0
login	12	44	66527.5	12	0.6940427993059572	66527.5	7	0.4048582995951417	356.0	12	0.6940427993059572	267.0	0	0.0	267.0	0	0.0
login	12	45	68022.5	12	0.6940427993059572	68022.5	5	0.2891844997108155	364.0	6	0.3470213996529786	273.0	0	0.0	273.0	0	0.0
login	12	46	69517.5	0	0.0	69517.5	12	0.6940427993059572	372.0	14	0.8097165991902834	279.0	0	0.0	279.0	0	0.0
login	12	47	71012.5	12	0.6940427993059572	71012.5	8	0.4626951995373048	380.0	18	1.0410641989589358	285.0	0	0.0	285.0	0	0.0
login	12	48	72507.5	12	0.6940427993059572	72507.5	4	0.2313475997686524	388.0	18	1.0410641989589358	291.0	0	0.0	291.0	0	0.0
login	12	49	74002.5	0	0.0	74002.5	12	0.6940427993059572	396.0	19	1.098901098901099	297.0	0	0.0	297.0	0	0.0
login	12	50	75497.5	12	0.6940427993059572	75497.5	12	0.6940427993059572	404.0	12	0.6940427993059572	303.0	0	0.0	303.0	0	0.0
login	12	51	76992.5	12	0.6940427993059572	76992.5	2	0.1156737998843262	412.0	15	0.8675534991324465	309.0	0	0.0	309.0	0	0.0
login	12	52	78487.5	0	0.0	78487.5	10	0.578368999421631	420.0	21	1.2145748987854252	315.0	0	0.0	315.0	0	0.0
login	12	53	79982.5	12	0.6940427993059572	79982.5	12	0.6940427993059572	428.0	29	1.67727009832273	321.0	0	0.0	321.0	0	0.0
login	12	54	81477.5	12	0.6940427993059572	81477.5	5	0.2891844997108155	436.0	14	0.8097165991902834	327.0	0	0.0	327.0	0	0.0
login	12	55	82972.5	12	0.6940427993059572	82972.5	7	0.4048582995951417	444.0	17	0.9832272990167727	333.0	0	0.0	333.0	0	0.0
login	12	56	84467.5	0	0.0	84467.5	12	0.6940427993059572	452.0	11	0.6362058993637941	339.0	0	0.0	339.0	0	0.0
login	12	57	85962.5	12	0.6940427993059572	85962.5	8	0.4626951995373048	460.0	7	0.4048582995951417	345.0	0	0.0	345.0	0	0.0
login	12	58	87457.5	12	0.6940427993059572	87457.5	4	0.2313475997686524	468.0	17	0.9832272990167727	351.0	0	0.0	351.0	0	0.0
login	12	59	88952.5	0	0.0	88952.5	12	0.6940427993059572	476.0	15	0.8675534991324465	357.0	0	0.0	357.0	0	0.0
login	12	60	90447.5	12	0.6940427993059572	90447.5	9	0.5205320994794679	484.0	26	1.5037593984962407	363.0	0	0.0	363.0	0	0.0
login	12	61	91942.5	12	0.6940427993059572	91942.5	9	0.5205320994794679	492.0	23	1.3302486986697513	369.0	0	0.0	369.0	0	0.0
login	12	62	93437.5	12	0.6940427993059572	93437.5	7	0.4048582995951417	500.0	24	1.3880855986119145	375.0	0	0.0	375.0	0	0.0
login	12	63	94932.5	0	0.0	94932.5	11	0.6362058993637941	508.0	25	1.4459224985540775	381.0	0	0.0	381.0	0	0.0
login	12	64	96427.5	12	0.6940427993059572	96427.5	8	0.4626951995373048	516.0	17	0.9832272990167727	387.0	0	0.0	387.0	0	0.0
login	12	65	97922.5	12	0.6940427993059572	97922.5	5	0.2891844997108155	524.0	12	0.6940427993059572	393.0	0	0.0	393.0	0	0.0
login	12	66	99417.5	0	0.0	99417.5	11	0.6362058993637941	532.0	13	0.7518796992481204	399.0	0	0.0	399.0	0	0.0
login	12	67	100912.5	12	0.6940427993059572	100912.5	12	0.6940427993059572	540.0	10	0.578368999421631	405.0	0	0.0	405.0	0	0.0
login	12	68	102407.5	12	0.6940427993059572	102407.5	5	0.2891844997108155	548.0	6	0.3470213996529786	411.0	0	0.0	411.0	0	0.0
login	12	69	103902.5	12	0.6940427993059572	103902.5	7	0.4048582995951417	556.0	9	0.5205320994794679	417.0	0	0.0	417.0	0	0.0
login	12	70	105397.5	0	0.0	105397.5	12	0.6940427993059572	564.0	10	0.578368999421631	423.0	0	0.0	423.0	0	0.0
login	12	71	106892.5	12	0.6940427993059572	106892.5	12	0.6940427993059572	572.0	16	0.9253903990746096	429.0	0	0.0	429.0	0	0.0
login	12	72	108387.5	12	0.6940427993059572	108387.5	7	0.4048582995951417	580.0	13	0.7518796992481204	435.0	0	0.0	435.0	0	0.0
login	12	73	109882.5	12	0.6940427993059572	109882.5	6	0.3470213996529786	588.0	14	0.8097165991902834	441.0	0	0.0	441.0	0	0.0
login	12	74	111377.5	0	0.0	111377.5	11	0.6362058993637941	596.0	20	1.156737998843262	447.0	0	0.0	447.0	0	0.0
login	12	75	112872.5	12	0.6940427993059572	112872.5	12	0.6940427993059572	604.0	31	1.7929438982070562	453.0	0	0.0	453.0	0	0.0
login	12	76	114367.5	12	0.6940427993059572	114367.5	6	0.3470213996529786	612.0	18	1.0410641989589358	459.0	0	0.0	459.0	0	0.0
login	12	77	115862.5	0	0.0	115862.5	6	0.3470213996529786	620.0	12	0.6940427993059572	465.0	0	0.0	465.0	0	0.0
login	12	78	117357.5	12	0.6940427993059572	117357.5	12	0.6940427993059572	628.0	7	0.4048582995951417	471.0	0	0.0	471.0	0	0.0
login	12	79	118852.5	12	0.6940427993059572	118852.5	7	0.4048582995951417	636.0	7	0.4048582995951417	477.0	0	0.0	477.0	0	0.0
login	12	80	120347.5	12	0.6940427993059572	120347.5	8	0.4626951995373048	644.0	11	0.6362058993637941	483.0	0	0.0	483.0	0	0.0
login	12	81	121842.5	0	0.0	121842.5	9	0.5205320994794679	652.0	8	0.4626951995373048	489.0	0	0.0	489.0	0	0.0
login	12	82	123337.5	12	0.6940427993059572	123337.5	12	0.6940427993059572	660.0	3	0.1735106998264893	495.0	0	0.0	495.0	0	0.0
login	12	83	124832.5	12	0.6940427993059572	124832.5	8	0.4626951995373048	668.0	13	0.7518796992481204	501.0	0	0.0	501.0	0	0.0
login	12	84	126327.5	12	0.6940427993059572	126327.5	4	0.2313475997686524	676.0	11	0.6362058993637941	507.0	0	0.0	507.0	0	0.0
login	12	85	127822.5	0	0.0	127822.5	12	0.6940427993059572	684.0	10	0.578368999421631	513.0	0	0.0	513.0	0	0.0
login	12	86	129317.5	12	0.6940427993059572	129317.5	8	0.4626951995373048	692.0	22	1.2724117987275883	519.0	0	0.0	519.0	0	0.0
login	12	87	130812.5	12	0.6940427993059572	130812.5	8	0.4626951995373048	700.0	27	1.5615962984384038	525.0	0	0.0	525.0	0	0.0
login	12	88	132307.5	0	0.0	132307.5	8	0.4626951995373048	708.0	13	0.7518796992481204	531.0	0	0.0	531.0	0	0.0
login	12	89	133802.5	12	0.6940427993059572	133802.5	12	0.6940427993059572	716.0	15	0.8675534991324465	537.0	0	0.0	537.0	0	0.0
login	12	90	135297.5	12	0.6940427993059572	135297.5	8	0.4626951995373048	724.0	13	0.7518796992481204	543.0	0	0.0	543.0	0	0.0
login	12	91	136792.5	12	0.6940427993059572	136792.5	4	0.2313475997686524	732.0	8	0.4626951995373048	549.0	0	0.0	549.0	0	0.0
login	12	92	138287.5	0	0.0	138287.5	12	0.6940427993059572	740.0	9	0.5205320994794679	555.0	0	0.0	555.0	0	0.0
login	12	93	139782.5	12	0.6940427993059572	139782.5	9	0.5205320994794679	748.0	6	0.3470213996529786	561.0	0	0.0	561.0	0	0.0
login	12	94	141277.5	12	0.6940427993059572	141277.5	6	0.3470213996529786	756.0	3	0.1735106998264893	567.0	0	0.0	567.0	0	0.0
login	12	95	142772.5	0	0.0	142772.5	9	0.5205320994794679	764.0	15	0.8675534991324465	573.0	0	0.0	573.0	0	0.0
login	12	96	144267.5	12	0.6940427993059572	144267.5	12	0.6940427993059572	772.0	10	0.578368999421631	579.0	0	0.0	579.0	0	0.0
login	12	97	145762.5	12	0.6940427993059572	145762.5	10	0.578368999421631	780.0	10	0.578368999421631	585.0	0	0.0	585.0	0	0.0
login	12	98	147257.5	12	0.6940427993059572	147257.5	5	0.2891844997108155	788.0	22	1.2724117987275883	591.0	0	0.0	591.0	0	0.0
login	12	99	148752.5	0	0.0	148752.5	9	0.5205320994794679	796.0	21	1.2145748987854252	597.0	0	0.0	597.0	0	0.0
login	12	100	150247.5	12	0.6940427993059572	150247.5	12	0.6940427993059572	804.0	20	1.156737998843262	603.0	0	0.0	603.0	0	0.0
login	12	101	151742.5	12	0.6940427993059572	151742.5	8	0.4626951995373048	812.0	22	1.2724117987275883	609.0	0	0.0	609.0	0	0.0
login	12	102	153237.5	12	0.6940427993059572	153237.5	4	0.2313475997686524	820.0	20	1.156737998843262	615.0	0	0.0	615.0	0	0.0
login	12	103	154732.5	0	0.0	154732.5	12	0.6940427993059572	828.0	14	0.8097165991902834	621.0	0	0.0	621.0	0	0.0
login	12	104	156227.5	12	0.6940427993059572	156227.5	10	0.578368999421631	836.0	10	0.578368999421631	627.0	0	0.0	627.0	0	0.0
login	12	105	157722.5	12	0.6940427993059572	157722.5	4	0.2313475997686524	844.0	11	0.6362058993637941	633.0	0	0.0	633.0	0	0.0
login	12	106	159217.5	10	0.578368999421631	159217.5	10	0.578368999421631	852.0	12	0.6940427993059572	639.0	0	0.0	639.0	0	0.0
login	12	107	160712.5	2	0.1156737998843262	160712.5	12	0.6940427993059572	860.0	13	0.7518796992481204	645.0	0	0.0	645.0	0	0.0
login	12	108	162207.5	12	0.6940427993059572	162207.5	12	0.6940427993059572	868.0	11	0.6362058993637941	651.0	0	0.0	651.0	0	0.0
login	12	109	163702.5	12	0.6940427993059572	163702.5	7	0.4048582995951417	876.0	18	1.0410641989589358	657.0	0	0.0	657.0	0	0.0
login	12	110	165197.5	12	0.6940427993059572	165197.5	5	0.2891844997108155	884.0	25	1.4459224985540775	663.0	0	0.0	663.0	0	0.0
login	12	111	166692.5	0	0.0	166692.5	12	0.6940427993059572	892.0	19	1.098901098901099	669.0	0	0.0	669.0	0	0.0
login	12	112	168187.5	12	0.6940427993059572	168187.5	10	0.578368999421631	900.0	23	1.3302486986697513	675.0	0	0.0	675.0	0	0.0
login	12	113	169682.5	12	0.6940427993059572	169682.5	7	0.4048582995951417	908.0	22	1.2724117987275883	681.0	0	0.0	681.0	0	0.0
login	12	114	171177.5	9	0.5205320994794679	171177.5	8	0.4626951995373048	916.0	17	0.9832272990167727	687.0	0	0.0	687.0	0	0.0
login	12	115	172672.5	4	0.2313475997686524	172672.5	12	0.6940427993059572	924.0	19	1.098901098901099	693.0	0	0.0	693.0	0	0.0
login	12	116	174167.5	12	0.6940427993059572	174167.5	12	0.6940427993059572	932.0	10	0.578368999421631	699.0	0	0.0	699.0	0	0.0
login	12	117	175662.5	12	0.6940427993059572	175662.5	8	0.4626951995373048	940.0	13	0.7518796992481204	705.0	0	0.0	705.0	0	0.0
login	12	118	177157.5	12	0.6940427993059572	177157.5	4	0.2313475997686524	948.0	8	0.4626951995373048	711.0	0	0.0	711.0	0	0.0
login	12	119	178652.5	0	0.0	178652.5	12	0.6940427993059572	956.0	10	0.578368999421631	717.0	0	0.0	717.0	0	0.0
login	12	120	180147.5	12	0.6940427993059572	180147.5	10	0.578368999421631	964.0	8	0.4626951995373048	723.0	0	0.0	723.0	0	0.0
login	12	121	181642.5	12	0.6940427993059572	181642.5	6	0.3470213996529786	972.0	12	0.6940427993059572	729.0	0	0.0	729.0	0	0.0
login	12	122	183137.5	1	0.0578368999421631	183137.5	8	0.4626951995373048	980.0	10	0.578368999421631	735.0	0	0.0	735.0	0	0.0
login	12	123	184632.5	11	0.6362058993637941	184632.5	12	0.6940427993059572	988.0	18	1.0410641989589358	741.0	0	0.0	741.0	0	0.0
login	12	124	186127.5	12	0.6940427993059572	186127.5	8	0.4626951995373048	996.0	21	1.2145748987854252	747.0	0	0.0	747.0	0	0.0
login	12	125	187622.5	12	0.6940427993059572	187622.5	5	0.2891844997108155	1004.0	12	0.6940427993059572	753.0	0	0.0	753.0	0	0.0
login	12	126	189117.5	0	0.0	189117.5	11	0.6362058993637941	1012.0	24	1.3880855986119145	759.0	0	0.0	759.0	0	0.0
login	12	127	190612.5	12	0.6940427993059572	190612.5	8	0.4626951995373048	1020.0	11	0.6362058993637941	765.0	0	0.0	765.0	0	0.0
login	12	128	192107.5	12	0.6940427993059572	192107.5	5	0.2891844997108155	1028.0	6	0.3470213996529786	771.0	0	0.0	771.0	0	0.0
login	12	129	193602.5	0	0.0	193602.5	11	0.6362058993637941	1036.0	8	0.4626951995373048	777.0	0	0.0	777.0	0	0.0
login	12	130	195097.5	12	0.6940427993059572	195097.5	10	0.578368999421631	1044.0	5	0.2891844997108155	783.0	0	0.0	783.0	0	0.0
login	12	131	196592.5	12	0.6940427993059572	196592.5	5	0.2891844997108155	1052.0	13	0.7518796992481204	789.0	0	0.0	789.0	0	0.0
login	12	132	198087.5	0	0.0	198087.5	9	0.5205320994794679	1060.0	12	0.6940427993059572	795.0	0	0.0	795.0	0	0.0
login	12	133	199582.5	12	0.6940427993059572	199582.5	12	0.6940427993059572	1068.0	13	0.7518796992481204	801.0	0	0.0	801.0	0	0.0
login	12	134	201077.5	12	0.6940427993059572	201077.5	6	0.3470213996529786	1076.0	21	1.2145748987854252	807.0	0	0.0	807.0	0	0.0
login	12	135	202572.5	7	0.4048582995951417	202572.5	6	0.3470213996529786	1084.0	21	1.2145748987854252	813.0	0	0.0	813.0	0	0.0
login	12	136	204067.5	5	0.2891844997108155	204067.5	12	0.6940427993059572	1092.0	17	0.9832272990167727	819.0	0	0.0	819.0	0	0.0
login	12	137	205562.5	12	0.6940427993059572	205562.5	8	0.4626951995373048	1100.0	18	1.0410641989589358	825.0	0	0.0	825.0	0	0.0
login	12	138	207057.5	12	0.6940427993059572	207057.5	5	0.2891844997108155	1108.0	13	0.7518796992481204	831.0	0	0.0	831.0	0	0.0
login	12	139	208552.5	0	0.0	208552.5	11	0.6362058993637941	1116.0	17	0.9832272990167727	837.0	0	0.0	837.0	0	0.0
login	12	140	210047.5	12	0.6940427993059572	210047.5	12	0.6940427993059572	1124.0	8	0.4626951995373048	843.0	0	0.0	843.0	0	0.0
login	12	141	211542.5	12	0.6940427993059572	211542.5	7	0.4048582995951417	1132.0	5	0.2891844997108155	849.0	0	0.0	849.0	0	0.0
login	12	142	213037.5	12	0.6940427993059572	213037.5	5	0.2891844997108155	1140.0	5	0.2891844997108155	855.0	0	0.0	855.0	0	0.0
login	12	143	214532.5	0	0.0	214532.5	12	0.6940427993059572	1148.0	5	0.2891844997108155	861.0	0	0.0	861.0	0	0.0
login	12	144	216027.5	12	0.6940427993059572	216027.5	8	0.4626951995373048	1156.0	4	0.2313475997686524	867.0	0	0.0	867.0	0	0.0
login	12	145	217522.5	12	0.6940427993059572	217522.5	6	0.3470213996529786	1164.0	7	0.4048582995951417	873.0	0	0.0	873.0	0	0.0
login	12	146	219017.5	0	0.0	219017.5	10	0.578368999421631	1172.0	9	0.5205320994794679	879.0	0	0.0	879.0	0	0.0
login	12	147	220512.5	12	0.6940427993059572	220512.5	12	0.6940427993059572	1180.0	9	0.5205320994794679	885.0	0	0.0	885.0	0	0.0
login	12	148	222007.5	12	0.6940427993059572	222007.5	7	0.4048582995951417	1188.0	10	0.578368999421631	891.0	0	0.0	891.0	0	0.0
login	12	149	223502.5	12	0.6940427993059572	223502.5	5	0.2891844997108155	1196.0	10	0.578368999421631	897.0	0	0.0	897.0	0	0.0
login	12	150	224997.5	0	0.0	224997.5	12	0.6940427993059572	1204.0	13	0.7518796992481204	903.0	0	0.0	903.0	0	0.0
login	12	151	226492.5	12	0.6940427993059572	226492.5	7	0.4048582995951417	1212.0	5	0.2891844997108155	909.0	0	0.0	909.0	0	0.0
login	12	152	227987.5	12	0.6940427993059572	227987.5	5	0.2891844997108155	1220.0	7	0.4048582995951417	915.0	0	0.0	915.0	0	0.0
login	12	153	229482.5	0	0.0	229482.5	12	0.6940427993059572	1228.0	5	0.2891844997108155	921.0	0	0.0	921.0	0	0.0
login	12	154	230977.5	12	0.6940427993059572	230977.5	12	0.6940427993059572	1236.0	1	0.0578368999421631	927.0	0	0.0	927.0	0	0.0
login	12	155	232472.5	12	0.6940427993059572	232472.5	7	0.4048582995951417	1244.0	4	0.2313475997686524	933.0	0	0.0	933.0	0	0.0
login	12	156	233967.5	12	0.6940427993059572	233967.5	5	0.2891844997108155	1252.0	7	0.4048582995951417	939.0	0	0.0	939.0	0	0.0
login	12	157	235462.5	0	0.0	235462.5	12	0.6940427993059572	1260.0	6	0.3470213996529786	945.0	0	0.0	945.0	0	0.0
login	12	158	236957.5	12	0.6940427993059572	236957.5	9	0.5205320994794679	1268.0	3	0.1735106998264893	951.0	0	0.0	951.0	0	0.0
login	12	159	238452.5	12	0.6940427993059572	238452.5	4	0.2313475997686524	1276.0	5	0.2891844997108155	957.0	0	0.0	957.0	0	0.0
login	12	160	239947.5	0	0.0	239947.5	11	0.6362058993637941	1284.0	5	0.2891844997108155	963.0	0	0.0	963.0	0	0.0
login	12	161	241442.5	12	0.6940427993059572	241442.5	12	0.6940427993059572	1292.0	3	0.1735106998264893	969.0	0	0.0	969.0	0	0.0
login	12	162	242937.5	12	0.6940427993059572	242937.5	4	0.2313475997686524	1300.0	2	0.1156737998843262	975.0	0	0.0	975.0	0	0.0
login	12	163	244432.5	0	0.0	244432.5	8	0.4626951995373048	1308.0	1	0.0578368999421631	981.0	0	0.0	981.0	0	0.0
login	12	164	245927.5	12	0.6940427993059572	245927.5	12	0.6940427993059572	1316.0	5	0.2891844997108155	987.0	0	0.0	987.0	0	0.0
login	12	165	247422.5	12	0.6940427993059572	247422.5	7	0.4048582995951417	1324.0	1	0.0578368999421631	993.0	0	0.0	993.0	0	0.0
login	12	166	248917.5	12	0.6940427993059572	248917.5	6	0.3470213996529786	1332.0	1	0.0578368999421631	999.0	0	0.0	999.0	0	0.0
login	12	167	250412.5	0	0.0	250412.5	11	0.6362058993637941	1340.0	2	0.1156737998843262	1005.0	0	0.0	1005.0	0	0.0
login	12	168	251907.5	12	0.6940427993059572	251907.5	9	0.5205320994794679	1348.0	1	0.0578368999421631	1011.0	0	0.0	1011.0	0	0.0
login	12	169	253402.5	12	0.6940427993059572	253402.5	5	0.2891844997108155	1356.0	0	0.0	1017.0	0	0.0	1017.0	0	0.0
login	12	170	254897.5	0	0.0	254897.5	10	0.578368999421631	1364.0	2	0.1156737998843262	1023.0	0	0.0	1023.0	0	0.0
login	12	171	256392.5	12	0.6940427993059572	256392.5	12	0.6940427993059572	1372.0	0	0.0	1029.0	0	0.0	1029.0	0	0.0
login	12	172	257887.5	12	0.6940427993059572	257887.5	5	0.2891844997108155	1380.0	0	0.0	1035.0	0	0.0	1035.0	0	0.0
login	12	173	259382.5	9	0.5205320994794679	259382.5	7	0.4048582995951417	1388.0	0	0.0	1041.0	0	0.0	1041.0	0	0.0
login	12	174	260877.5	3	0.1735106998264893	260877.5	12	0.6940427993059572	1396.0	0	0.0	1047.0	0	0.0	1047.0	0	0.0
login	12	175	262372.5	12	0.6940427993059572	262372.5	11	0.6362058993637941	1404.0	0	0.0	1053.0	0	0.0	1053.0	0	0.0
login	12	176	263867.5	12	0.6940427993059572	263867.5	6	0.3470213996529786	1412.0	1	0.0578368999421631	1059.0	0	0.0	1059.0	0	0.0
login	12	177	265362.5	10	0.578368999421631	265362.5	7	0.4048582995951417	1420.0	0	0.0	1065.0	0	0.0	1065.0	0	0.0
login	12	178	266857.5	2	0.1156737998843262	266857.5	12	0.6940427993059572	1428.0	0	0.0	1071.0	0	0.0	1071.0	0	0.0
login	12	179	268352.5	12	0.6940427993059572	268352.5	9	0.5205320994794679	1436.0	0	0.0	1077.0	0	0.0	1077.0	0	0.0
login	12	180	269847.5	12	0.6940427993059572	269847.5	6	0.3470213996529786	1444.0	0	0.0	1083.0	0	0.0	1083.0	0	0.0
login	12	181	271342.5	0	0.0	271342.5	9	0.5205320994794679	1452.0	0	0.0	1089.0	0	0.0	1089.0	0	0.0
login	12	182	272837.5	12	0.6940427993059572	272837.5	12	0.6940427993059572	1460.0	0	0.0	1095.0	0	0.0	1095.0	0	0.0
login	12	183	274332.5	12	0.6940427993059572	274332.5	6	0.3470213996529786	1468.0	0	0.0	1101.0	0	0.0	1101.0	0	0.0
login	12	184	275827.5	12	0.6940427993059572	275827.5	6	0.3470213996529786	1476.0	0	0.0	1107.0	0	0.0	1107.0	0	0.0
login	12	185	277322.5	0	0.0	277322.5	12	0.6940427993059572	1484.0	0	0.0	1113.0	0	0.0	1113.0	0	0.0
login	12	186	278817.5	12	0.6940427993059572	278817.5	8	0.4626951995373048	1492.0	0	0.0	1119.0	0	0.0	1119.0	0	0.0
login	12	187	280312.5	12	0.6940427993059572	280312.5	6	0.3470213996529786	1500.0	0	0.0	1125.0	0	0.0	1125.0	0	0.0
login	12	188	281807.5	0	0.0	281807.5	10	0.578368999421631	1508.0	0	0.0	1131.0	0	0.0	1131.0	0	0.0
login	12	189	283302.5	12	0.6940427993059572	283302.5	12	0.6940427993059572	1516.0	0	0.0	1137.0	0	0.0	1137.0	0	0.0
login	12	190	284797.5	12	0.6940427993059572	284797.5	6	0.3470213996529786	1524.0	0	0.0	1143.0	0	0.0	1143.0	0	0.0
login	12	191	286292.5	12	0.6940427993059572	286292.5	6	0.3470213996529786	1532.0	0	0.0	1149.0	0	0.0	1149.0	0	0.0
login	12	192	287787.5	0	0.0	287787.5	12	0.6940427993059572	1540.0	0	0.0	1155.0	0	0.0	1155.0	0	0.0
login	12	193	289282.5	12	0.6940427993059572	289282.5	6	0.3470213996529786	1548.0	0	0.0	1161.0	0	0.0	1161.0	0	0.0
login	12	194	290777.5	12	0.6940427993059572	290777.5	6	0.3470213996529786	1556.0	0	0.0	1167.0	0	0.0	1167.0	0	0.0
login	12	195	292272.5	0	0.0	292272.5	12	0.6940427993059572	1564.0	0	0.0	1173.0	0	0.0	1173.0	0	0.0
login	12	196	293767.5	12	0.6940427993059572	293767.5	8	0.4626951995373048	1572.0	0	0.0	1179.0	0	0.0	1179.0	0	0.0
login	12	197	295262.5	12	0.6940427993059572	295262.5	7	0.4048582995951417	1580.0	0	0.0	1185.0	0	0.0	1185.0	0	0.0
login	12	198	296757.5	0	0.0	296757.5	9	0.5205320994794679	1588.0	0	0.0	1191.0	0	0.0	1191.0	0	0.0
login	12	199	298252.5	12	0.6940427993059572	298252.5	12	0.6940427993059572	1596.0	0	0.0	1197.0	0	0.0	1197.0	0	0.0
info	12	0	746.5	12	0.6940427993059572	746.5	12	0.6940427993059572	3.0	250	14.459224985540775	3.0	1729	100.0	3.0	1729	100.0
info	12	1	2239.5	12	0.6940427993059572	2239.5	12	0.6940427993059572	9.0	46	2.6604973973395025	9.0	0	0.0	9.0	0	0.0
info	12	2	3732.5	4	0.2313475997686524	3732.5	0	0.0	15.0	63	3.6437246963562755	15.0	0	0.0	15.0	0	0.0
info	12	3	5225.5	8	0.4626951995373048	5225.5	12	0.6940427993059572	21.0	62	3.5858877964141125	21.0	0	0.0	21.0	0	0.0
info	12	4	6718.5	12	0.6940427993059572	6718.5	12	0.6940427993059572	27.0	33	1.9086176980913823	27.0	0	0.0	27.0	0	0.0
info	12	5	8211.5	9	0.5205320994794679	8211.5	3	0.1735106998264893	33.0	21	1.2145748987854252	33.0	0	0.0	33.0	0	0.0
info	12	6	9704.5	5	0.2891844997108155	9704.5	9	0.5205320994794679	39.0	7	0.4048582995951417	39.0	0	0.0	39.0	0	0.0
info	12	7	11197.5	10	0.578368999421631	11197.5	12	0.6940427993059572	45.0	18	1.0410641989589358	45.0	0	0.0	45.0	0	0.0
info	12	8	12690.5	12	0.6940427993059572	12690.5	12	0.6940427993059572	51.0	19	1.098901098901099	51.0	0	0.0	51.0	0	0.0
info	12	9	14183.5	6	0.3470213996529786	14183.5	0	0.0	57.0	15	0.8675534991324465	57.0	0	0.0	57.0	0	0.0
info	12	10	15676.5	6	0.3470213996529786	15676.5	12	0.6940427993059572	63.0	24	1.3880855986119145	63.0	0	0.0	63.0	0	0.0
info	12	11	17169.5	12	0.6940427993059572	17169.5	12	0.6940427993059572	69.0	24	1.3880855986119145	69.0	0	0.0	69.0	0	0.0
info	12	12	18662.5	7	0.4048582995951417	18662.5	0	0.0	75.0	29	1.67727009832273	75.0	0	0.0	75.0	0	0.0
info	12	13	20155.5	6	0.3470213996529786	20155.5	12	0.6940427993059572	81.0	16	0.9253903990746096	81.0	0	0.0	81.0	0	0.0
info	12	14	21648.5	11	0.6362058993637941	21648.5	12	0.6940427993059572	87.0	11	0.6362058993637941	87.0	0	0.0	87.0	0	0.0
info	12	15	23141.5	12	0.6940427993059572	23141.5	12	0.6940427993059572	93.0	11	0.6362058993637941	93.0	0	0.0	93.0	0	0.0
info	12	16	24634.5	8	0.4626951995373048	24634.5	0	0.0	99.0	12	0.6940427993059572	99.0	0	0.0	99.0	0	0.0
info	12	17	26127.5	5	0.2891844997108155	26127.5	12	0.6940427993059572	105.0	10	0.578368999421631	105.0	0	0.0	105.0	0	0.0
info	12	18	27620.5	11	0.6362058993637941	27620.5	12	0.6940427993059572	111.0	6	0.3470213996529786	111.0	0	0.0	111.0	0	0.0
info	12	19	29113.5	12	0.6940427993059572	29113.5	12	0.6940427993059572	117.0	5	0.2891844997108155	117.0	0	0.0	117.0	0	0.0
info	12	20	30606.5	5	0.2891844997108155	30606.5	0	0.0	123.0	6	0.3470213996529786	123.0	0	0.0	123.0	0	0.0
info	12	21	32099.5	8	0.4626951995373048	32099.5	12	0.6940427993059572	129.0	7	0.4048582995951417	129.0	0	0.0	129.0	0	0.0
info	12	22	33592.5	11	0.6362058993637941	33592.5	12	0.6940427993059572	135.0	2	0.1156737998843262	135.0	0	0.0	135.0	0	0.0
info	12	23	35085.5	12	0.6940427993059572	35085.5	12	0.6940427993059572	141.0	1	0.0578368999421631	141.0	0	0.0	141.0	0	0.0
info	12	24	36578.5	6	0.3470213996529786	36578.5	0	0.0	147.0	3	0.1735106998264893	147.0	0	0.0	147.0	0	0.0
info	12	25	38071.5	6	0.3470213996529786	38071.5	12	0.6940427993059572	153.0	6	0.3470213996529786	153.0	0	0.0	153.0	0	0.0
info	12	26	39564.5	12	0.6940427993059572	39564.5	12	0.6940427993059572	159.0	3	0.1735106998264893	159.0	0	0.0	159.0	0	0.0
info	12	27	41057.5	7	0.4048582995951417	41057.5	0	0.0	165.0	2	0.1156737998843262	165.0	0	0.0	165.0	0	0.0
info	12	28	42550.5	5	0.2891844997108155	42550.5	12	0.6940427993059572	171.0	4	0.2313475997686524	171.0	0	0.0	171.0	0	0.0
info	12	29	44043.5	12	0.6940427993059572	44043.5	12	0.6940427993059572	177.0	7	0.4048582995951417	177.0	0	0.0	177.0	0	0.0
info	12	30	45536.5	8	0.4626951995373048	45536.5	0	0.0	183.0	13	0.7518796992481204	183.0	0	0.0	183.0	0	0.0
info	12	31	47029.5	4	0.2313475997686524	47029.5	12	0.6940427993059572	189.0	10	0.578368999421631	189.0	0	0.0	189.0	0	0.0
info	12	32	48522.5	12	0.6940427993059572	48522.5	12	0.6940427993059572	195.0	9	0.5205320994794679	195.0	0	0.0	195.0	0	0.0
info	12	33	50015.5	12	0.6940427993059572	50015.5	12	0.6940427993059572	201.0	9	0.5205320994794679	201.0	0	0.0	201.0	0	0.0
info	12	34	51508.5	7	0.4048582995951417	51508.5	0	0.0	207.0	5	0.2891844997108155	207.0	0	0.0	207.0	0	0.0
info	12	35	53001.5	5	0.2891844997108155	53001.5	12	0.6940427993059572	213.0	10	0.578368999421631	213.0	0	0.0	213.0	0	0.0
info	12	36	54494.5	12	0.6940427993059572	54494.5	12	0.6940427993059572	219.0	9	0.5205320994794679	219.0	0	0.0	219.0	0	0.0
info	12	37	55987.5	9	0.5205320994794679	55987.5	2	0.1156737998843262	225.0	5	0.2891844997108155	225.0	0	0.0	225.0	0	0.0
info	12	38	57480.5	6	0.3470213996529786	57480.5	10	0.578368999421631	231.0	8	0.4626951995373048	231.0	0	0.0	231.0	0	0.0
info	12	39	58973.5	9	0.5205320994794679	58973.5	12	0.6940427993059572	237.0	9	0.5205320994794679	237.0	0	0.0	237.0	0	0.0
info	12	40	60466.5	12	0.6940427993059572	60466.5	12	0.6940427993059572	243.0	5	0.2891844997108155	243.0	0	0.0	243.0	0	0.0
info	12	41	61959.5	9	0.5205320994794679	61959.5	0	0.0	249.0	2	0.1156737998843262	249.0	0	0.0	249.0	0	0.0
info	12	42	63452.5	4	0.2313475997686524	63452.5	12	0.6940427993059572	255.0	5	0.2891844997108155	255.0	0	0.0	255.0	0	0.0
info	12	43	64945.5	11	0.6362058993637941	64945.5	12	0.6940427993059572	261.0	6	0.3470213996529786	261.0	0	0.0	261.0	0	0.0
info	12	44	66438.5	10	0.578368999421631	66438.5	10	0.578368999421631	267.0	6	0.3470213996529786	267.0	0	0.0	267.0	0	0.0
info	12	45	67931.5	3	0.1735106998264893	67931.5	2	0.1156737998843262	273.0	12	0.6940427993059572	273.0	0	0.0	273.0	0	0.0
info	12	46	69424.5	11	0.6362058993637941	69424.5	12	0.6940427993059572	279.0	13	0.7518796992481204	279.0	0	0.0	279.0	0	0.0
info	12	47	70917.5	12	0.6940427993059572	70917.5	12	0.6940427993059572	285.0	9	0.5205320994794679	285.0	0	0.0	285.0	0	0.0
info	12	48	72410.5	5	0.2891844997108155	72410.5	0	0.0	291.0	12	0.6940427993059572	291.0	0	0.0	291.0	0	0.0
info	12	49	73903.5	7	0.4048582995951417	73903.5	12	0.6940427993059572	297.0	8	0.4626951995373048	297.0	0	0.0	297.0	0	0.0
info	12	50	75396.5	12	0.6940427993059572	75396.5	12	0.6940427993059572	303.0	19	1.098901098901099	303.0	0	0.0	303.0	0	0.0
info	12	51	76889.5	6	0.3470213996529786	76889.5	0	0.0	309.0	11	0.6362058993637941	309.0	0	0.0	309.0	0	0.0
info	12	52	78382.5	6	0.3470213996529786	78382.5	12	0.6940427993059572	315.0	5	0.2891844997108155	315.0	0	0.0	315.0	0	0.0
info	12	53	79875.5	12	0.6940427993059572	79875.5	12	0.6940427993059572	321.0	5	0.2891844997108155	321.0	0	0.0	321.0	0	0.0
info	12	54	81368.5	8	0.4626951995373048	81368.5	0	0.0	327.0	5	0.2891844997108155	327.0	0	0.0	327.0	0	0.0
info	12	55	82861.5	6	0.3470213996529786	82861.5	12	0.6940427993059572	333.0	3	0.1735106998264893	333.0	0	0.0	333.0	0	0.0
info	12	56	84354.5	10	0.578368999421631	84354.5	12	0.6940427993059572	339.0	9	0.5205320994794679	339.0	0	0.0	339.0	0	0.0
info	12	57	85847.5	12	0.6940427993059572	85847.5	12	0.6940427993059572	345.0	8	0.4626951995373048	345.0	0	0.0	345.0	0	0.0
info	12	58	87340.5	4	0.2313475997686524	87340.5	0	0.0	351.0	5	0.2891844997108155	351.0	0	0.0	351.0	0	0.0
info	12	59	88833.5	8	0.4626951995373048	88833.5	12	0.6940427993059572	357.0	14	0.8097165991902834	357.0	0	0.0	357.0	0	0.0
info	12	60	90326.5	12	0.6940427993059572	90326.5	12	0.6940427993059572	363.0	11	0.6362058993637941	363.0	0	0.0	363.0	0	0.0
info	12	61	91819.5	11	0.6362058993637941	91819.5	11	0.6362058993637941	369.0	12	0.6940427993059572	369.0	0	0.0	369.0	0	0.0
info	12	62	93312.5	5	0.2891844997108155	93312.5	1	0.0578368999421631	375.0	11	0.6362058993637941	375.0	0	0.0	375.0	0	0.0
info	12	63	94805.5	8	0.4626951995373048	94805.5	12	0.6940427993059572	381.0	11	0.6362058993637941	381.0	0	0.0	381.0	0	0.0
info	12	64	96298.5	11	0.6362058993637941	96298.5	11	0.6362058993637941	387.0	11	0.6362058993637941	387.0	0	0.0	387.0	0	0.0
info	12	65	97791.5	4	0.2313475997686524	97791.5	1	0.0578368999421631	393.0	30	1.735106998264893	393.0	0	0.0	393.0	0	0.0
info	12	66	99284.5	9	0.5205320994794679	99284.5	12	0.6940427993059572	399.0	19	1.098901098901099	399.0	0	0.0	399.0	0	0.0
info	12	67	100777.5	12	0.6940427993059572	100777.5	12	0.6940427993059572	405.0	20	1.156737998843262	405.0	0	0.0	405.0	0	0.0
info	12	68	102270.5	10	0.578368999421631	102270.5	9	0.5205320994794679	411.0	10	0.578368999421631	411.0	0	0.0	411.0	0	0.0
info	12	69	103763.5	3	0.1735106998264893	103763.5	3	0.1735106998264893	417.0	10	0.578368999421631	417.0	0	0.0	417.0	0	0.0
info	12	70	105256.5	11	0.6362058993637941	105256.5	12	0.6940427993059572	423.0	12	0.6940427993059572	423.0	0	0.0	423.0	0	0.0
info	12	71	106749.5	12	0.6940427993059572	106749.5	12	0.6940427993059572	429.0	11	0.6362058993637941	429.0	0	0.0	429.0	0	0.0
info	12	72	108242.5	9	0.5205320994794679	108242.5	9	0.5205320994794679	435.0	9	0.5205320994794679	435.0	0	0.0	435.0	0	0.0
info	12	73	109735.5	5	0.2891844997108155	109735.5	3	0.1735106998264893	441.0	8	0.4626951995373048	441.0	0	0.0	441.0	0	0.0
info	12	74	111228.5	10	0.578368999421631	111228.5	12	0.6940427993059572	447.0	8	0.4626951995373048	447.0	0	0.0	447.0	0	0.0
info	12	75	112721.5	12	0.6940427993059572	112721.5	12	0.6940427993059572	453.0	15	0.8675534991324465	453.0	0	0.0	453.0	0	0.0
info	12	76	114214.5	7	0.4048582995951417	114214.5	0	0.0	459.0	8	0.4626951995373048	459.0	0	0.0	459.0	0	0.0
info	12	77	115707.5	5	0.2891844997108155	115707.5	12	0.6940427993059572	465.0	7	0.4048582995951417	465.0	0	0.0	465.0	0	0.0
info	12	78	117200.5	12	0.6940427993059572	117200.5	12	0.6940427993059572	471.0	10	0.578368999421631	471.0	0	0.0	471.0	0	0.0
info	12	79	118693.5	12	0.6940427993059572	118693.5	12	0.6940427993059572	477.0	13	0.7518796992481204	477.0	0	0.0	477.0	0	0.0
info	12	80	120186.5	6	0.3470213996529786	120186.5	0	0.0	483.0	22	1.2724117987275883	483.0	0	0.0	483.0	0	0.0
info	12	81	121679.5	6	0.3470213996529786	121679.5	12	0.6940427993059572	489.0	23	1.3302486986697513	489.0	0	0.0	489.0	0	0.0
info	12	82	123172.5	12	0.6940427993059572	123172.5	12	0.6940427993059572	495.0	17	0.9832272990167727	495.0	0	0.0	495.0	0	0.0
info	12	83	124665.5	12	0.6940427993059572	124665.5	12	0.6940427993059572	501.0	17	0.9832272990167727	501.0	0	0.0	501.0	0	0.0
info	12	84	126158.5	4	0.2313475997686524	126158.5	0	0.0	507.0	13	0.7518796992481204	507.0	0	0.0	507.0	0	0.0
info	12	85	127651.5	8	0.4626951995373048	127651.5	12	0.6940427993059572	513.0	14	0.8097165991902834	513.0	0	0.0	513.0	0	0.0
info	12	86	129144.5	12	0.6940427993059572	129144.5	12	0.6940427993059572	519.0	12	0.6940427993059572	519.0	0	0.0	519.0	0	0.0
info	12	87	130637.5	7	0.4048582995951417	130637.5	0	0.0	525.0	10	0.578368999421631	525.0	0	0.0	525.0	0	0.0
info	12	88	132130.5	5	0.2891844997108155	132130.5	12	0.6940427993059572	531.0	9	0.5205320994794679	531.0	0	0.0	531.0	0	0.0
info	12	89	133623.5	12	0.6940427993059572	133623.5	12	0.6940427993059572	537.0	3	0.1735106998264893	537.0	0	0.0	537.0	0	0.0
info	12	90	135116.5	10	0.578368999421631	135116.5	10	0.578368999421631	543.0	4	0.2313475997686524	543.0	0	0.0	543.0	0	0.0
info	12	91	136609.5	3	0.1735106998264893	136609.5	2	0.1156737998843262	549.0	3	0.1735106998264893	549.0	0	0.0	549.0	0	0.0
info	12	92	138102.5	11	0.6362058993637941	138102.5	12	0.6940427993059572	555.0	5	0.2891844997108155	555.0	0	0.0	555.0	0	0.0
info	12	93	139595.5	12	0.6940427993059572	139595.5	12	0.6940427993059572	561.0	7	0.4048582995951417	561.0	0	0.0	561.0	0	0.0
info	12	94	141088.5	6	0.3470213996529786	141088.5	0	0.0	567.0	11	0.6362058993637941	567.0	0	0.0	567.0	0	0.0
info	12	95	142581.5	6	0.3470213996529786	142581.5	12	0.6940427993059572	573.0	5	0.2891844997108155	573.0	0	0.0	573.0	0	0.0
info	12	96	144074.5	12	0.6940427993059572	144074.5	12	0.6940427993059572	579.0	7	0.4048582995951417	579.0	0	0.0	579.0	0	0.0
info	12	97	145567.5	12	0.6940427993059572	145567.5	12	0.6940427993059572	585.0	13	0.7518796992481204	585.0	0	0.0	585.0	0	0.0
info	12	98	147060.5	6	0.3470213996529786	147060.5	0	0.0	591.0	8	0.4626951995373048	591.0	0	0.0	591.0	0	0.0
info	12	99	148553.5	6	0.3470213996529786	148553.5	12	0.6940427993059572	597.0	17	0.9832272990167727	597.0	0	0.0	597.0	0	0.0
info	12	100	150046.5	12	0.6940427993059572	150046.5	12	0.6940427993059572	603.0	11	0.6362058993637941	603.0	0	0.0	603.0	0	0.0
info	12	101	151539.5	12	0.6940427993059572	151539.5	12	0.6940427993059572	609.0	12	0.6940427993059572	609.0	0	0.0	609.0	0	0.0
info	12	102	153032.5	2	0.1156737998843262	153032.5	0	0.0	615.0	13	0.7518796992481204	615.0	0	0.0	615.0	0	0.0
info	12	103	154525.5	10	0.578368999421631	154525.5	12	0.6940427993059572	621.0	7	0.4048582995951417	621.0	0	0.0	621.0	0	0.0
info	12	104	156018.5	12	0.6940427993059572	156018.5	12	0.6940427993059572	627.0	13	0.7518796992481204	627.0	0	0.0	627.0	0	0.0
info	12	105	157511.5	5	0.2891844997108155	157511.5	0	0.0	633.0	12	0.6940427993059572	633.0	0	0.0	633.0	0	0.0
info	12	106	159004.5	9	0.5205320994794679	159004.5	12	0.6940427993059572	639.0	4	0.2313475997686524	639.0	0	0.0	639.0	0	0.0
info	12	107	160497.5	10	0.578368999421631	160497.5	12	0.6940427993059572	645.0	7	0.4048582995951417	645.0	0	0.0	645.0	0	0.0
info	12	108	161990.5	12	0.6940427993059572	161990.5	12	0.6940427993059572	651.0	4	0.2313475997686524	651.0	0	0.0	651.0	0	0.0
info	12	109	163483.5	8	0.4626951995373048	163483.5	0	0.0	657.0	7	0.4048582995951417	657.0	0	0.0	657.0	0	0.0
info	12	110	164976.5	6	0.3470213996529786	164976.5	12	0.6940427993059572	663.0	5	0.2891844997108155	663.0	0	0.0	663.0	0	0.0
info	12	111	166469.5	10	0.578368999421631	166469.5	12	0.6940427993059572	669.0	12	0.6940427993059572	669.0	0	0.0	669.0	0	0.0
info	12	112	167962.5	12	0.6940427993059572	167962.5	12	0.6940427993059572	675.0	13	0.7518796992481204	675.0	0	0.0	675.0	0	0.0
info	12	113	169455.5	7	0.4048582995951417	169455.5	1	0.0578368999421631	681.0	8	0.4626951995373048	681.0	0	0.0	681.0	0	0.0
info	12	114	170948.5	6	0.3470213996529786	170948.5	12	0.6940427993059572	687.0	10	0.578368999421631	687.0	0	0.0	687.0	0	0.0
info	12	115	172441.5	12	0.6940427993059572	172441.5	12	0.6940427993059572	693.0	8	0.4626951995373048	693.0	0	0.0	693.0	0	0.0
info	12	116	173934.5	12	0.6940427993059572	173934.5	12	0.6940427993059572	699.0	11	0.6362058993637941	699.0	0	0.0	699.0	0	0.0
info	12	117	175427.5	9	0.5205320994794679	175427.5	9	0.5205320994794679	705.0	4	0.2313475997686524	705.0	0	0.0	705.0	0	0.0
info	12	118	176920.5	5	0.2891844997108155	176920.5	3	0.1735106998264893	711.0	10	0.578368999421631	711.0	0	0.0	711.0	0	0.0
info	12	119	178413.5	10	0.578368999421631	178413.5	12	0.6940427993059572	717.0	11	0.6362058993637941	717.0	0	0.0	717.0	0	0.0
info	12	120	179906.5	12	0.6940427993059572	179906.5	12	0.6940427993059572	723.0	12	0.6940427993059572	723.0	0	0.0	723.0	0	0.0
info	12	121	181399.5	7	0.4048582995951417	181399.5	0	0.0	729.0	4	0.2313475997686524	729.0	0	0.0	729.0	0	0.0
info	12	122	182892.5	6	0.3470213996529786	182892.5	12	0.6940427993059572	735.0	7	0.4048582995951417	735.0	0	0.0	735.0	0	0.0
info	12	123	184385.5	11	0.6362058993637941	184385.5	12	0.6940427993059572	741.0	2	0.1156737998843262	741.0	0	0.0	741.0	0	0.0
info	12	124	185878.5	10	0.578368999421631	185878.5	10	0.578368999421631	747.0	1	0.0578368999421631	747.0	0	0.0	747.0	0	0.0
info	12	125	187371.5	4	0.2313475997686524	187371.5	2	0.1156737998843262	753.0	7	0.4048582995951417	753.0	0	0.0	753.0	0	0.0
info	12	126	188864.5	10	0.578368999421631	188864.5	12	0.6940427993059572	759.0	3	0.1735106998264893	759.0	0	0.0	759.0	0	0.0
info	12	127	190357.5	12	0.6940427993059572	190357.5	12	0.6940427993059572	765.0	3	0.1735106998264893	765.0	0	0.0	765.0	0	0.0
info	12	128	191850.5	3	0.1735106998264893	191850.5	0	0.0	771.0	3	0.1735106998264893	771.0	0	0.0	771.0	0	0.0
info	12	129	193343.5	9	0.5205320994794679	193343.5	12	0.6940427993059572	777.0	3	0.1735106998264893	777.0	0	0.0	777.0	0	0.0
info	12	130	194836.5	12	0.6940427993059572	194836.5	12	0.6940427993059572	783.0	2	0.1156737998843262	783.0	0	0.0	783.0	0	0.0
info	12	131	196329.5	5	0.2891844997108155	196329.5	0	0.0	789.0	5	0.2891844997108155	789.0	0	0.0	789.0	0	0.0
info	12	132	197822.5	7	0.4048582995951417	197822.5	12	0.6940427993059572	795.0	4	0.2313475997686524	795.0	0	0.0	795.0	0	0.0
info	12	133	199315.5	12	0.6940427993059572	199315.5	12	0.6940427993059572	801.0	3	0.1735106998264893	801.0	0	0.0	801.0	0	0.0
info	12	134	200808.5	7	0.4048582995951417	200808.5	0	0.0	807.0	3	0.1735106998264893	807.0	0	0.0	807.0	0	0.0
info	12	135	202301.5	5	0.2891844997108155	202301.5	12	0.6940427993059572	813.0	7	0.4048582995951417	813.0	0	0.0	813.0	0	0.0
info	12	136	203794.5	12	0.6940427993059572	203794.5	12	0.6940427993059572	819.0	5	0.2891844997108155	819.0	0	0.0	819.0	0	0.0
info	12	137	205287.5	10	0.578368999421631	205287.5	9	0.5205320994794679	825.0	2	0.1156737998843262	825.0	0	0.0	825.0	0	0.0
info	12	138	206780.5	4	0.2313475997686524	206780.5	3	0.1735106998264893	831.0	0	0.0	831.0	0	0.0	831.0	0	0.0
info	12	139	208273.5	10	0.578368999421631	208273.5	12	0.6940427993059572	837.0	2	0.1156737998843262	837.0	0	0.0	837.0	0	0.0
info	12	140	209766.5	12	0.6940427993059572	209766.5	12	0.6940427993059572	843.0	0	0.0	843.0	0	0.0	843.0	0	0.0
info	12	141	211259.5	10	0.578368999421631	211259.5	8	0.4626951995373048	849.0	2	0.1156737998843262	849.0	0	0.0	849.0	0	0.0
info	12	142	212752.5	4	0.2313475997686524	212752.5	4	0.2313475997686524	855.0	3	0.1735106998264893	855.0	0	0.0	855.0	0	0.0
info	12	143	214245.5	10	0.578368999421631	214245.5	12	0.6940427993059572	861.0	1	0.0578368999421631	861.0	0	0.0	861.0	0	0.0
info	12	144	215738.5	12	0.6940427993059572	215738.5	12	0.6940427993059572	867.0	1	0.0578368999421631	867.0	0	0.0	867.0	0	0.0
info	12	145	217231.5	4	0.2313475997686524	217231.5	0	0.0	873.0	0	0.0	873.0	0	0.0	873.0	0	0.0
info	12	146	218724.5	8	0.4626951995373048	218724.5	12	0.6940427993059572	879.0	3	0.1735106998264893	879.0	0	0.0	879.0	0	0.0
info	12	147	220217.5	12	0.6940427993059572	220217.5	12	0.6940427993059572	885.0	3	0.1735106998264893	885.0	0	0.0	885.0	0	0.0
info	12	148	221710.5	7	0.4048582995951417	221710.5	0	0.0	891.0	4	0.2313475997686524	891.0	0	0.0	891.0	0	0.0
info	12	149	223203.5	5	0.2891844997108155	223203.5	12	0.6940427993059572	897.0	0	0.0	897.0	0	0.0	897.0	0	0.0
info	12	150	224696.5	12	0.6940427993059572	224696.5	12	0.6940427993059572	903.0	0	0.0	903.0	0	0.0	903.0	0	0.0
info	12	151	226189.5	8	0.4626951995373048	226189.5	0	0.0	909.0	1	0.0578368999421631	909.0	0	0.0	909.0	0	0.0
info	12	152	227682.5	5	0.2891844997108155	227682.5	12	0.6940427993059572	915.0	2	0.1156737998843262	915.0	0	0.0	915.0	0	0.0
info	12	153	229175.5	11	0.6362058993637941	229175.5	12	0.6940427993059572	921.0	1	0.0578368999421631	921.0	0	0.0	921.0	0	0.0
info	12	154	230668.5	12	0.6940427993059572	230668.5	12	0.6940427993059572	927.0	0	0.0	927.0	0	0.0	927.0	0	0.0
info	12	155	232161.5	8	0.4626951995373048	232161.5	0	0.0	933.0	3	0.1735106998264893	933.0	0	0.0	933.0	0	0.0
info	12	156	233654.5	4	0.2313475997686524	233654.5	12	0.6940427993059572	939.0	0	0.0	939.0	0	0.0	939.0	0	0.0
info	12	157	235147.5	12	0.6940427993059572	235147.5	12	0.6940427993059572	945.0	0	0.0	945.0	0	0.0	945.0	0	0.0
info	12	158	236640.5	10	0.578368999421631	236640.5	10	0.578368999421631	951.0	0	0.0	951.0	0	0.0	951.0	0	0.0
info	12	159	238133.5	4	0.2313475997686524	238133.5	2	0.1156737998843262	957.0	1	0.0578368999421631	957.0	0	0.0	957.0	0	0.0
info	12	160	239626.5	10	0.578368999421631	239626.5	12	0.6940427993059572	963.0	1	0.0578368999421631	963.0	0	0.0	963.0	0	0.0
info	12	161	241119.5	12	0.6940427993059572	241119.5	12	0.6940427993059572	969.0	0	0.0	969.0	0	0.0	969.0	0	0.0
info	12	162	242612.5	4	0.2313475997686524	242612.5	0	0.0	975.0	0	0.0	975.0	0	0.0	975.0	0	0.0
info	12	163	244105.5	8	0.4626951995373048	244105.5	12	0.6940427993059572	981.0	1	0.0578368999421631	981.0	0	0.0	981.0	0	0.0
info	12	164	245598.5	12	0.6940427993059572	245598.5	12	0.6940427993059572	987.0	1	0.0578368999421631	987.0	0	0.0	987.0	0	0.0
info	12	165	247091.5	9	0.5205320994794679	247091.5	9	0.5205320994794679	993.0	1	0.0578368999421631	993.0	0	0.0	993.0	0	0.0
info	12	166	248584.5	5	0.2891844997108155	248584.5	3	0.1735106998264893	999.0	0	0.0	999.0	0	0.0	999.0	0	0.0
info	12	167	250077.5	10	0.578368999421631	250077.5	12	0.6940427993059572	1005.0	1	0.0578368999421631	1005.0	0	0.0	1005.0	0	0.0
info	12	168	251570.5	12	0.6940427993059572	251570.5	12	0.6940427993059572	1011.0	0	0.0	1011.0	0	0.0	1011.0	0	0.0
info	12	169	253063.5	5	0.2891844997108155	253063.5	0	0.0	1017.0	0	0.0	1017.0	0	0.0	1017.0	0	0.0
info	12	170	254556.5	7	0.4048582995951417	254556.5	12	0.6940427993059572	1023.0	0	0.0	1023.0	0	0.0	1023.0	0	0.0
info	12	171	256049.5	12	0.6940427993059572	256049.5	12	0.6940427993059572	1029.0	0	0.0	1029.0	0	0.0	1029.0	0	0.0
info	12	172	257542.5	5	0.2891844997108155	257542.5	0	0.0	1035.0	0	0.0	1035.0	0	0.0	1035.0	0	0.0
info	12	173	259035.5	7	0.4048582995951417	259035.5	12	0.6940427993059572	1041.0	0	0.0	1041.0	0	0.0	1041.0	0	0.0
info	12	174	260528.5	12	0.6940427993059572	260528.5	12	0.6940427993059572	1047.0	0	0.0	1047.0	0	0.0	1047.0	0	0.0
info	12	175	262021.5	12	0.6940427993059572	262021.5	12	0.6940427993059572	1053.0	0	0.0	1053.0	0	0.0	1053.0	0	0.0
info	12	176	263514.5	5	0.2891844997108155	263514.5	0	0.0	1059.0	0	0.0	1059.0	0	0.0	1059.0	0	0.0
info	12	177	265007.5	7	0.4048582995951417	265007.5	12	0.6940427993059572	1065.0	0	0.0	1065.0	0	0.0	1065.0	0	0.0
info	12	178	266500.5	12	0.6940427993059572	266500.5	12	0.6940427993059572	1071.0	1	0.0578368999421631	1071.0	0	0.0	1071.0	0	0.0
info	12	179	267993.5	9	0.5205320994794679	267993.5	9	0.5205320994794679	1077.0	0	0.0	1077.0	0	0.0	1077.0	0	0.0
info	12	180	269486.5	7	0.4048582995951417	269486.5	3	0.1735106998264893	1083.0	0	0.0	1083.0	0	0.0	1083.0	0	0.0
info	12	181	270979.5	8	0.4626951995373048	270979.5	12	0.6940427993059572	1089.0	0	0.0	1089.0	0	0.0	1089.0	0	0.0
info	12	182	272472.5	12	0.6940427993059572	272472.5	12	0.6940427993059572	1095.0	0	0.0	1095.0	0	0.0	1095.0	0	0.0
info	12	183	273965.5	8	0.4626951995373048	273965.5	0	0.0	1101.0	0	0.0	1101.0	0	0.0	1101.0	0	0.0
info	12	184	275458.5	4	0.2313475997686524	275458.5	12	0.6940427993059572	1107.0	0	0.0	1107.0	0	0.0	1107.0	0	0.0
info	12	185	276951.5	12	0.6940427993059572	276951.5	12	0.6940427993059572	1113.0	0	0.0	1113.0	0	0.0	1113.0	0	0.0
info	12	186	278444.5	9	0.5205320994794679	278444.5	4	0.2313475997686524	1119.0	0	0.0	1119.0	0	0.0	1119.0	0	0.0
info	12	187	279937.5	5	0.2891844997108155	279937.5	8	0.4626951995373048	1125.0	0	0.0	1125.0	0	0.0	1125.0	0	0.0
info	12	188	281430.5	10	0.578368999421631	281430.5	12	0.6940427993059572	1131.0	0	0.0	1131.0	0	0.0	1131.0	0	0.0
info	12	189	282923.5	12	0.6940427993059572	282923.5	12	0.6940427993059572	1137.0	0	0.0	1137.0	0	0.0	1137.0	0	0.0
info	12	190	284416.5	6	0.3470213996529786	284416.5	0	0.0	1143.0	0	0.0	1143.0	0	0.0	1143.0	0	0.0
info	12	191	285909.5	6	0.3470213996529786	285909.5	12	0.6940427993059572	1149.0	0	0.0	1149.0	0	0.0	1149.0	0	0.0
info	12	192	287402.5	12	0.6940427993059572	287402.5	12	0.6940427993059572	1155.0	0	0.0	1155.0	0	0.0	1155.0	0	0.0
info	12	193	288895.5	6	0.3470213996529786	288895.5	0	0.0	1161.0	0	0.0	1161.0	0	0.0	1161.0	0	0.0
info	12	194	290388.5	6	0.3470213996529786	290388.5	12	0.6940427993059572	1167.0	0	0.0	1167.0	0	0.0	1167.0	0	0.0
info	12	195	291881.5	12	0.6940427993059572	291881.5	12	0.6940427993059572	1173.0	0	0.0	1173.0	0	0.0	1173.0	0	0.0
info	12	196	293374.5	8	0.4626951995373048	293374.5	0	0.0	1179.0	0	0.0	1179.0	0	0.0	1179.0	0	0.0
info	12	197	294867.5	8	0.4626951995373048	294867.5	12	0.6940427993059572	1185.0	0	0.0	1185.0	0	0.0	1185.0	0	0.0
info	12	198	296360.5	8	0.4626951995373048	296360.5	12	0.6940427993059572	1191.0	0	0.0	1191.0	0	0.0	1191.0	0	0.0
info	12	199	297853.5	12	0.6940427993059572	297853.5	12	0.6940427993059572	1197.0	0	0.0	1197.0	0	0.0	1197.0	0	0.0
home	12	0	746.0	12	0.6940427993059572	746.0	12	0.6940427993059572	2.0	24	1.3880855986119145	3.0	1729	100.0	3.0	1729	100.0
home	12	1	2238.0	12	0.6940427993059572	2238.0	12	0.6940427993059572	6.0	251	14.517061885482939	9.0	0	0.0	9.0	0	0.0
home	12	2	3730.0	0	0.0	3730.0	0	0.0	10.0	53	3.0653556969346445	15.0	0	0.0	15.0	0	0.0
home	12	3	5222.0	12	0.6940427993059572	5222.0	12	0.6940427993059572	14.0	65	3.7593984962406015	21.0	0	0.0	21.0	0	0.0
home	12	4	6714.0	12	0.6940427993059572	6714.0	12	0.6940427993059572	18.0	87	5.0318102949681895	27.0	0	0.0	27.0	0	0.0
home	12	5	8206.0	12	0.6940427993059572	8206.0	12	0.6940427993059572	22.0	95	5.4945054945054945	33.0	0	0.0	33.0	0	0.0
home	12	6	9698.0	0	0.0	9698.0	0	0.0	26.0	98	5.668016194331984	39.0	0	0.0	39.0	0	0.0
home	12	7	11190.0	12	0.6940427993059572	11190.0	12	0.6940427993059572	30.0	83	4.8004626951995375	45.0	0	0.0	45.0	0	0.0
home	12	8	12682.0	12	0.6940427993059572	12682.0	12	0.6940427993059572	34.0	61	3.528050896471949	51.0	0	0.0	51.0	0	0.0
home	12	9	14174.0	10	0.578368999421631	14174.0	8	0.4626951995373048	38.0	45	2.6026604973973395	57.0	0	0.0	57.0	0	0.0
home	12	10	15666.0	2	0.1156737998843262	15666.0	4	0.2313475997686524	42.0	36	2.0821283979178715	63.0	0	0.0	63.0	0	0.0
home	12	11	17158.0	12	0.6940427993059572	17158.0	12	0.6940427993059572	46.0	45	2.6026604973973395	69.0	0	0.0	69.0	0	0.0
home	12	12	18650.0	11	0.6362058993637941	18650.0	11	0.6362058993637941	50.0	20	1.156737998843262	75.0	0	0.0	75.0	0	0.0
home	12	13	20142.0	1	0.0578368999421631	20142.0	1	0.0578368999421631	54.0	31	1.7929438982070562	81.0	0	0.0	81.0	0	0.0
home	12	14	21634.0	12	0.6940427993059572	21634.0	12	0.6940427993059572	58.0	24	1.3880855986119145	87.0	0	0.0	87.0	0	0.0
home	12	15	23126.0	12	0.6940427993059572	23126.0	12	0.6940427993059572	62.0	44	2.5448235974551765	93.0	0	0.0	93.0	0	0.0
home	12	16	24618.0	10	0.578368999421631	24618.0	9	0.5205320994794679	66.0	46	2.6604973973395025	99.0	0	0.0	99.0	0	0.0
home	12	17	26110.0	2	0.1156737998843262	26110.0	3	0.1735106998264893	70.0	52	3.0075187969924815	105.0	0	0.0	105.0	0	0.0
home	12	18	27602.0	12	0.6940427993059572	27602.0	12	0.6940427993059572	74.0	75	4.3377674956622325	111.0	0	0.0	111.0	0	0.0
home	12	19	29094.0	12	0.6940427993059572	29094.0	12	0.6940427993059572	78.0	75	4.3377674956622325	117.0	0	0.0	117.0	0	0.0
home	12	20	30586.0	10	0.578368999421631	30586.0	10	0.578368999421631	82.0	56	3.2388663967611335	123.0	0	0.0	123.0	0	0.0
home	12	21	32078.0	2	0.1156737998843262	32078.0	2	0.1156737998843262	86.0	56	3.2388663967611335	129.0	0	0.0	129.0	0	0.0
home	12	22	33570.0	12	0.6940427993059572	33570.0	12	0.6940427993059572	90.0	72	4.164256795835743	135.0	0	0.0	135.0	0	0.0
home	12	23	35062.0	12	0.6940427993059572	35062.0	12	0.6940427993059572	94.0	46	2.6604973973395025	141.0	0	0.0	141.0	0	0.0
home	12	24	36554.0	0	0.0	36554.0	0	0.0	98.0	44	2.5448235974551765	147.0	0	0.0	147.0	0	0.0
home	12	25	38046.0	12	0.6940427993059572	38046.0	12	0.6940427993059572	102.0	45	2.6026604973973395	153.0	0	0.0	153.0	0	0.0
home	12	26	39538.0	12	0.6940427993059572	39538.0	12	0.6940427993059572	106.0	20	1.156737998843262	159.0	0	0.0	159.0	0	0.0
home	12	27	41030.0	0	0.0	41030.0	0	0.0	110.0	17	0.9832272990167727	165.0	0	0.0	165.0	0	0.0
home	12	28	42522.0	12	0.6940427993059572	42522.0	12	0.6940427993059572	114.0	14	0.8097165991902834	171.0	0	0.0	171.0	0	0.0
home	12	29	44014.0	12	0.6940427993059572	44014.0	12	0.6940427993059572	118.0	10	0.578368999421631	177.0	0	0.0	177.0	0	0.0
home	12	30	45506.0	12	0.6940427993059572	45506.0	10	0.578368999421631	122.0	7	0.4048582995951417	183.0	0	0.0	183.0	0	0.0
home	12	31	46998.0	0	0.0	46998.0	2	0.1156737998843262	126.0	2	0.1156737998843262	189.0	0	0.0	189.0	0	0.0
home	12	32	48490.0	12	0.6940427993059572	48490.0	12	0.6940427993059572	130.0	3	0.1735106998264893	195.0	0	0.0	195.0	0	0.0
home	12	33	49982.0	12	0.6940427993059572	49982.0	12	0.6940427993059572	134.0	2	0.1156737998843262	201.0	0	0.0	201.0	0	0.0
home	12	34	51474.0	1	0.0578368999421631	51474.0	0	0.0	138.0	0	0.0	207.0	0	0.0	207.0	0	0.0
home	12	35	52966.0	11	0.6362058993637941	52966.0	12	0.6940427993059572	142.0	0	0.0	213.0	0	0.0	213.0	0	0.0
home	12	36	54458.0	12	0.6940427993059572	54458.0	12	0.6940427993059572	146.0	2	0.1156737998843262	219.0	0	0.0	219.0	0	0.0
home	12	37	55950.0	12	0.6940427993059572	55950.0	12	0.6940427993059572	150.0	2	0.1156737998843262	225.0	0	0.0	225.0	0	0.0
home	12	38	57442.0	0	0.0	57442.0	0	0.0	154.0	2	0.1156737998843262	231.0	0	0.0	231.0	0	0.0
home	12	39	58934.0	12	0.6940427993059572	58934.0	12	0.6940427993059572	158.0	4	0.2313475997686524	237.0	0	0.0	237.0	0	0.0
home	12	40	60426.0	12	0.6940427993059572	60426.0	12	0.6940427993059572	162.0	1	0.0578368999421631	243.0	0	0.0	243.0	0	0.0
home	12	41	61918.0	12	0.6940427993059572	61918.0	12	0.6940427993059572	166.0	2	0.1156737998843262	249.0	0	0.0	249.0	0	0.0
home	12	42	63410.0	0	0.0	63410.0	0	0.0	170.0	1	0.0578368999421631	255.0	0	0.0	255.0	0	0.0
home	12	43	64902.0	12	0.6940427993059572	64902.0	12	0.6940427993059572	174.0	0	0.0	261.0	0	0.0	261.0	0	0.0
home	12	44	66394.0	12	0.6940427993059572	66394.0	12	0.6940427993059572	178.0	0	0.0	267.0	0	0.0	267.0	0	0.0
home	12	45	67886.0	0	0.0	67886.0	0	0.0	182.0	0	0.0	273.0	0	0.0	273.0	0	0.0
home	12	46	69378.0	12	0.6940427993059572	69378.0	12	0.6940427993059572	186.0	0	0.0	279.0	0	0.0	279.0	0	0.0
home	12	47	70870.0	12	0.6940427993059572	70870.0	12	0.6940427993059572	190.0	0	0.0	285.0	0	0.0	285.0	0	0.0
home	12	48	72362.0	9	0.5205320994794679	72362.0	0	0.0	194.0	1	0.0578368999421631	291.0	0	0.0	291.0	0	0.0
home	12	49	73854.0	3	0.1735106998264893	73854.0	12	0.6940427993059572	198.0	0	0.0	297.0	0	0.0	297.0	0	0.0
home	12	50	75346.0	12	0.6940427993059572	75346.0	12	0.6940427993059572	202.0	0	0.0	303.0	0	0.0	303.0	0	0.0
home	12	51	76838.0	9	0.5205320994794679	76838.0	2	0.1156737998843262	206.0	0	0.0	309.0	0	0.0	309.0	0	0.0
home	12	52	78330.0	3	0.1735106998264893	78330.0	10	0.578368999421631	210.0	0	0.0	315.0	0	0.0	315.0	0	0.0
home	12	53	79822.0	12	0.6940427993059572	79822.0	12	0.6940427993059572	214.0	0	0.0	321.0	0	0.0	321.0	0	0.0
home	12	54	81314.0	12	0.6940427993059572	81314.0	12	0.6940427993059572	218.0	0	0.0	327.0	0	0.0	327.0	0	0.0
home	12	55	82806.0	0	0.0	82806.0	0	0.0	222.0	0	0.0	333.0	0	0.0	333.0	0	0.0
home	12	56	84298.0	12	0.6940427993059572	84298.0	12	0.6940427993059572	226.0	0	0.0	339.0	0	0.0	339.0	0	0.0
home	12	57	85790.0	12	0.6940427993059572	85790.0	12	0.6940427993059572	230.0	0	0.0	345.0	0	0.0	345.0	0	0.0
home	12	58	87282.0	0	0.0	87282.0	0	0.0	234.0	0	0.0	351.0	0	0.0	351.0	0	0.0
home	12	59	88774.0	12	0.6940427993059572	88774.0	12	0.6940427993059572	238.0	1	0.0578368999421631	357.0	0	0.0	357.0	0	0.0
home	12	60	90266.0	12	0.6940427993059572	90266.0	12	0.6940427993059572	242.0	0	0.0	363.0	0	0.0	363.0	0	0.0
home	12	61	91758.0	12	0.6940427993059572	91758.0	12	0.6940427993059572	246.0	0	0.0	369.0	0	0.0	369.0	0	0.0
home	12	62	93250.0	0	0.0	93250.0	0	0.0	250.0	1	0.0578368999421631	375.0	0	0.0	375.0	0	0.0
home	12	63	94742.0	12	0.6940427993059572	94742.0	12	0.6940427993059572	254.0	0	0.0	381.0	0	0.0	381.0	0	0.0
home	12	64	96234.0	12	0.6940427993059572	96234.0	12	0.6940427993059572	258.0	0	0.0	387.0	0	0.0	387.0	0	0.0
home	12	65	97726.0	0	0.0	97726.0	0	0.0	262.0	0	0.0	393.0	0	0.0	393.0	0	0.0
home	12	66	99218.0	12	0.6940427993059572	99218.0	12	0.6940427993059572	266.0	0	0.0	399.0	0	0.0	399.0	0	0.0
home	12	67	100710.0	12	0.6940427993059572	100710.0	12	0.6940427993059572	270.0	0	0.0	405.0	0	0.0	405.0	0	0.0
home	12	68	102202.0	12	0.6940427993059572	102202.0	12	0.6940427993059572	274.0	0	0.0	411.0	0	0.0	411.0	0	0.0
home	12	69	103694.0	0	0.0	103694.0	0	0.0	278.0	0	0.0	417.0	0	0.0	417.0	0	0.0
home	12	70	105186.0	12	0.6940427993059572	105186.0	12	0.6940427993059572	282.0	0	0.0	423.0	0	0.0	423.0	0	0.0
home	12	71	106678.0	12	0.6940427993059572	106678.0	12	0.6940427993059572	286.0	1	0.0578368999421631	429.0	0	0.0	429.0	0	0.0
home	12	72	108170.0	12	0.6940427993059572	108170.0	12	0.6940427993059572	290.0	0	0.0	435.0	0	0.0	435.0	0	0.0
home	12	73	109662.0	0	0.0	109662.0	0	0.0	294.0	0	0.0	441.0	0	0.0	441.0	0	0.0
home	12	74	111154.0	12	0.6940427993059572	111154.0	12	0.6940427993059572	298.0	0	0.0	447.0	0	0.0	447.0	0	0.0
home	12	75	112646.0	12	0.6940427993059572	112646.0	12	0.6940427993059572	302.0	0	0.0	453.0	0	0.0	453.0	0	0.0
home	12	76	114138.0	9	0.5205320994794679	114138.0	0	0.0	306.0	0	0.0	459.0	0	0.0	459.0	0	0.0
home	12	77	115630.0	3	0.1735106998264893	115630.0	12	0.6940427993059572	310.0	0	0.0	465.0	0	0.0	465.0	0	0.0
home	12	78	117122.0	12	0.6940427993059572	117122.0	12	0.6940427993059572	314.0	1	0.0578368999421631	471.0	0	0.0	471.0	0	0.0
home	12	79	118614.0	12	0.6940427993059572	118614.0	12	0.6940427993059572	318.0	0	0.0	477.0	0	0.0	477.0	0	0.0
home	12	80	120106.0	9	0.5205320994794679	120106.0	0	0.0	322.0	0	0.0	483.0	0	0.0	483.0	0	0.0
home	12	81	121598.0	3	0.1735106998264893	121598.0	12	0.6940427993059572	326.0	0	0.0	489.0	0	0.0	489.0	0	0.0
home	12	82	123090.0	12	0.6940427993059572	123090.0	12	0.6940427993059572	330.0	0	0.0	495.0	0	0.0	495.0	0	0.0
home	12	83	124582.0	12	0.6940427993059572	124582.0	12	0.6940427993059572	334.0	0	0.0	501.0	0	0.0	501.0	0	0.0
home	12	84	126074.0	0	0.0	126074.0	0	0.0	338.0	0	0.0	507.0	0	0.0	507.0	0	0.0
home	12	85	127566.0	12	0.6940427993059572	127566.0	12	0.6940427993059572	342.0	0	0.0	513.0	0	0.0	513.0	0	0.0
home	12	86	129058.0	12	0.6940427993059572	129058.0	12	0.6940427993059572	346.0	0	0.0	519.0	0	0.0	519.0	0	0.0
home	12	87	130550.0	9	0.5205320994794679	130550.0	0	0.0	350.0	0	0.0	525.0	0	0.0	525.0	0	0.0
home	12	88	132042.0	3	0.1735106998264893	132042.0	12	0.6940427993059572	354.0	0	0.0	531.0	0	0.0	531.0	0	0.0
home	12	89	133534.0	12	0.6940427993059572	133534.0	12	0.6940427993059572	358.0	0	0.0	537.0	0	0.0	537.0	0	0.0
home	12	90	135026.0	12	0.6940427993059572	135026.0	12	0.6940427993059572	362.0	0	0.0	543.0	0	0.0	543.0	0	0.0
home	12	91	136518.0	0	0.0	136518.0	0	0.0	366.0	1	0.0578368999421631	549.0	0	0.0	549.0	0	0.0
home	12	92	138010.0	12	0.6940427993059572	138010.0	12	0.6940427993059572	370.0	0	0.0	555.0	0	0.0	555.0	0	0.0
home	12	93	139502.0	12	0.6940427993059572	139502.0	12	0.6940427993059572	374.0	0	0.0	561.0	0	0.0	561.0	0	0.0
home	12	94	140994.0	0	0.0	140994.0	0	0.0	378.0	0	0.0	567.0	0	0.0	567.0	0	0.0
home	12	95	142486.0	12	0.6940427993059572	142486.0	12	0.6940427993059572	382.0	0	0.0	573.0	0	0.0	573.0	0	0.0
home	12	96	143978.0	12	0.6940427993059572	143978.0	12	0.6940427993059572	386.0	1	0.0578368999421631	579.0	0	0.0	579.0	0	0.0
home	12	97	145470.0	12	0.6940427993059572	145470.0	12	0.6940427993059572	390.0	1	0.0578368999421631	585.0	0	0.0	585.0	0	0.0
home	12	98	146962.0	0	0.0	146962.0	0	0.0	394.0	1	0.0578368999421631	591.0	0	0.0	591.0	0	0.0
home	12	99	148454.0	12	0.6940427993059572	148454.0	12	0.6940427993059572	398.0	0	0.0	597.0	0	0.0	597.0	0	0.0
home	12	100	149946.0	12	0.6940427993059572	149946.0	12	0.6940427993059572	402.0	0	0.0	603.0	0	0.0	603.0	0	0.0
home	12	101	151438.0	12	0.6940427993059572	151438.0	12	0.6940427993059572	406.0	0	0.0	609.0	0	0.0	609.0	0	0.0
home	12	102	152930.0	0	0.0	152930.0	0	0.0	410.0	0	0.0	615.0	0	0.0	615.0	0	0.0
home	12	103	154422.0	12	0.6940427993059572	154422.0	12	0.6940427993059572	414.0	0	0.0	621.0	0	0.0	621.0	0	0.0
home	12	104	155914.0	12	0.6940427993059572	155914.0	12	0.6940427993059572	418.0	0	0.0	627.0	0	0.0	627.0	0	0.0
home	12	105	157406.0	10	0.578368999421631	157406.0	10	0.578368999421631	422.0	0	0.0	633.0	0	0.0	633.0	0	0.0
home	12	106	158898.0	2	0.1156737998843262	158898.0	2	0.1156737998843262	426.0	0	0.0	639.0	0	0.0	639.0	0	0.0
home	12	107	160390.0	12	0.6940427993059572	160390.0	12	0.6940427993059572	430.0	0	0.0	645.0	0	0.0	645.0	0	0.0
home	12	108	161882.0	12	0.6940427993059572	161882.0	12	0.6940427993059572	434.0	0	0.0	651.0	0	0.0	651.0	0	0.0
home	12	109	163374.0	12	0.6940427993059572	163374.0	12	0.6940427993059572	438.0	1	0.0578368999421631	657.0	0	0.0	657.0	0	0.0
home	12	110	164866.0	0	0.0	164866.0	0	0.0	442.0	0	0.0	663.0	0	0.0	663.0	0	0.0
home	12	111	166358.0	12	0.6940427993059572	166358.0	12	0.6940427993059572	446.0	0	0.0	669.0	0	0.0	669.0	0	0.0
home	12	112	167850.0	12	0.6940427993059572	167850.0	12	0.6940427993059572	450.0	0	0.0	675.0	0	0.0	675.0	0	0.0
home	12	113	169342.0	9	0.5205320994794679	169342.0	2	0.1156737998843262	454.0	0	0.0	681.0	0	0.0	681.0	0	0.0
home	12	114	170834.0	4	0.2313475997686524	170834.0	11	0.6362058993637941	458.0	0	0.0	687.0	0	0.0	687.0	0	0.0
home	12	115	172326.0	12	0.6940427993059572	172326.0	12	0.6940427993059572	462.0	0	0.0	693.0	0	0.0	693.0	0	0.0
home	12	116	173818.0	12	0.6940427993059572	173818.0	12	0.6940427993059572	466.0	0	0.0	699.0	0	0.0	699.0	0	0.0
home	12	117	175310.0	12	0.6940427993059572	175310.0	12	0.6940427993059572	470.0	0	0.0	705.0	0	0.0	705.0	0	0.0
home	12	118	176802.0	0	0.0	176802.0	0	0.0	474.0	0	0.0	711.0	0	0.0	711.0	0	0.0
home	12	119	178294.0	12	0.6940427993059572	178294.0	12	0.6940427993059572	478.0	0	0.0	717.0	0	0.0	717.0	0	0.0
home	12	120	179786.0	12	0.6940427993059572	179786.0	12	0.6940427993059572	482.0	0	0.0	723.0	0	0.0	723.0	0	0.0
home	12	121	181278.0	8	0.4626951995373048	181278.0	0	0.0	486.0	0	0.0	729.0	0	0.0	729.0	0	0.0
home	12	122	182770.0	4	0.2313475997686524	182770.0	12	0.6940427993059572	490.0	0	0.0	735.0	0	0.0	735.0	0	0.0
home	12	123	184262.0	12	0.6940427993059572	184262.0	12	0.6940427993059572	494.0	0	0.0	741.0	0	0.0	741.0	0	0.0
home	12	124	185754.0	12	0.6940427993059572	185754.0	12	0.6940427993059572	498.0	0	0.0	747.0	0	0.0	747.0	0	0.0
home	12	125	187246.0	0	0.0	187246.0	0	0.0	502.0	0	0.0	753.0	0	0.0	753.0	0	0.0
home	12	126	188738.0	12	0.6940427993059572	188738.0	12	0.6940427993059572	506.0	0	0.0	759.0	0	0.0	759.0	0	0.0
home	12	127	190230.0	12	0.6940427993059572	190230.0	12	0.6940427993059572	510.0	0	0.0	765.0	0	0.0	765.0	0	0.0
home	12	128	191722.0	0	0.0	191722.0	0	0.0	514.0	0	0.0	771.0	0	0.0	771.0	0	0.0
home	12	129	193214.0	12	0.6940427993059572	193214.0	12	0.6940427993059572	518.0	0	0.0	777.0	0	0.0	777.0	0	0.0
home	12	130	194706.0	12	0.6940427993059572	194706.0	12	0.6940427993059572	522.0	0	0.0	783.0	0	0.0	783.0	0	0.0
home	12	131	196198.0	0	0.0	196198.0	0	0.0	526.0	0	0.0	789.0	0	0.0	789.0	0	0.0
home	12	132	197690.0	12	0.6940427993059572	197690.0	12	0.6940427993059572	530.0	0	0.0	795.0	0	0.0	795.0	0	0.0
home	12	133	199182.0	12	0.6940427993059572	199182.0	12	0.6940427993059572	534.0	0	0.0	801.0	0	0.0	801.0	0	0.0
home	12	134	200674.0	0	0.0	200674.0	0	0.0	538.0	0	0.0	807.0	0	0.0	807.0	0	0.0
home	12	135	202166.0	12	0.6940427993059572	202166.0	12	0.6940427993059572	542.0	0	0.0	813.0	0	0.0	813.0	0	0.0
home	12	136	203658.0	12	0.6940427993059572	203658.0	12	0.6940427993059572	546.0	0	0.0	819.0	0	0.0	819.0	0	0.0
home	12	137	205150.0	12	0.6940427993059572	205150.0	12	0.6940427993059572	550.0	0	0.0	825.0	0	0.0	825.0	0	0.0
home	12	138	206642.0	0	0.0	206642.0	0	0.0	554.0	0	0.0	831.0	0	0.0	831.0	0	0.0
home	12	139	208134.0	12	0.6940427993059572	208134.0	12	0.6940427993059572	558.0	0	0.0	837.0	0	0.0	837.0	0	0.0
home	12	140	209626.0	12	0.6940427993059572	209626.0	12	0.6940427993059572	562.0	0	0.0	843.0	0	0.0	843.0	0	0.0
home	12	141	211118.0	12	0.6940427993059572	211118.0	12	0.6940427993059572	566.0	0	0.0	849.0	0	0.0	849.0	0	0.0
home	12	142	212610.0	0	0.0	212610.0	0	0.0	570.0	0	0.0	855.0	0	0.0	855.0	0	0.0
home	12	143	214102.0	12	0.6940427993059572	214102.0	12	0.6940427993059572	574.0	0	0.0	861.0	0	0.0	861.0	0	0.0
home	12	144	215594.0	12	0.6940427993059572	215594.0	12	0.6940427993059572	578.0	0	0.0	867.0	0	0.0	867.0	0	0.0
home	12	145	217086.0	0	0.0	217086.0	0	0.0	582.0	0	0.0	873.0	0	0.0	873.0	0	0.0
home	12	146	218578.0	12	0.6940427993059572	218578.0	12	0.6940427993059572	586.0	0	0.0	879.0	0	0.0	879.0	0	0.0
home	12	147	220070.0	12	0.6940427993059572	220070.0	12	0.6940427993059572	590.0	0	0.0	885.0	0	0.0	885.0	0	0.0
home	12	148	221562.0	1	0.0578368999421631	221562.0	0	0.0	594.0	0	0.0	891.0	0	0.0	891.0	0	0.0
home	12	149	223054.0	11	0.6362058993637941	223054.0	12	0.6940427993059572	598.0	0	0.0	897.0	0	0.0	897.0	0	0.0
home	12	150	224546.0	12	0.6940427993059572	224546.0	12	0.6940427993059572	602.0	1	0.0578368999421631	903.0	0	0.0	903.0	0	0.0
home	12	151	226038.0	10	0.578368999421631	226038.0	10	0.578368999421631	606.0	0	0.0	909.0	0	0.0	909.0	0	0.0
home	12	152	227530.0	2	0.1156737998843262	227530.0	2	0.1156737998843262	610.0	0	0.0	915.0	0	0.0	915.0	0	0.0
home	12	153	229022.0	12	0.6940427993059572	229022.0	12	0.6940427993059572	614.0	0	0.0	921.0	0	0.0	921.0	0	0.0
home	12	154	230514.0	12	0.6940427993059572	230514.0	12	0.6940427993059572	618.0	0	0.0	927.0	0	0.0	927.0	0	0.0
home	12	155	232006.0	12	0.6940427993059572	232006.0	11	0.6362058993637941	622.0	0	0.0	933.0	0	0.0	933.0	0	0.0
home	12	156	233498.0	0	0.0	233498.0	1	0.0578368999421631	626.0	0	0.0	939.0	0	0.0	939.0	0	0.0
home	12	157	234990.0	12	0.6940427993059572	234990.0	12	0.6940427993059572	630.0	0	0.0	945.0	0	0.0	945.0	0	0.0
home	12	158	236482.0	12	0.6940427993059572	236482.0	12	0.6940427993059572	634.0	0	0.0	951.0	0	0.0	951.0	0	0.0
home	12	159	237974.0	0	0.0	237974.0	0	0.0	638.0	0	0.0	957.0	0	0.0	957.0	0	0.0
home	12	160	239466.0	12	0.6940427993059572	239466.0	12	0.6940427993059572	642.0	0	0.0	963.0	0	0.0	963.0	0	0.0
home	12	161	240958.0	12	0.6940427993059572	240958.0	12	0.6940427993059572	646.0	0	0.0	969.0	0	0.0	969.0	0	0.0
home	12	162	242450.0	0	0.0	242450.0	0	0.0	650.0	0	0.0	975.0	0	0.0	975.0	0	0.0
home	12	163	243942.0	12	0.6940427993059572	243942.0	12	0.6940427993059572	654.0	0	0.0	981.0	0	0.0	981.0	0	0.0
home	12	164	245434.0	12	0.6940427993059572	245434.0	12	0.6940427993059572	658.0	0	0.0	987.0	0	0.0	987.0	0	0.0
home	12	165	246926.0	11	0.6362058993637941	246926.0	10	0.578368999421631	662.0	0	0.0	993.0	0	0.0	993.0	0	0.0
home	12	166	248418.0	2	0.1156737998843262	248418.0	2	0.1156737998843262	666.0	0	0.0	999.0	0	0.0	999.0	0	0.0
home	12	167	249910.0	11	0.6362058993637941	249910.0	12	0.6940427993059572	670.0	0	0.0	1005.0	0	0.0	1005.0	0	0.0
home	12	168	251402.0	12	0.6940427993059572	251402.0	12	0.6940427993059572	674.0	0	0.0	1011.0	0	0.0	1011.0	0	0.0
home	12	169	252894.0	0	0.0	252894.0	0	0.0	678.0	0	0.0	1017.0	0	0.0	1017.0	0	0.0
home	12	170	254386.0	12	0.6940427993059572	254386.0	12	0.6940427993059572	682.0	0	0.0	1023.0	0	0.0	1023.0	0	0.0
home	12	171	255878.0	12	0.6940427993059572	255878.0	12	0.6940427993059572	686.0	0	0.0	1029.0	0	0.0	1029.0	0	0.0
home	12	172	257370.0	0	0.0	257370.0	0	0.0	690.0	0	0.0	1035.0	0	0.0	1035.0	0	0.0
home	12	173	258862.0	12	0.6940427993059572	258862.0	12	0.6940427993059572	694.0	0	0.0	1041.0	0	0.0	1041.0	0	0.0
home	12	174	260354.0	12	0.6940427993059572	260354.0	12	0.6940427993059572	698.0	0	0.0	1047.0	0	0.0	1047.0	0	0.0
home	12	175	261846.0	12	0.6940427993059572	261846.0	12	0.6940427993059572	702.0	0	0.0	1053.0	0	0.0	1053.0	0	0.0
home	12	176	263338.0	0	0.0	263338.0	0	0.0	706.0	0	0.0	1059.0	0	0.0	1059.0	0	0.0
home	12	177	264830.0	12	0.6940427993059572	264830.0	12	0.6940427993059572	710.0	0	0.0	1065.0	0	0.0	1065.0	0	0.0
home	12	178	266322.0	12	0.6940427993059572	266322.0	12	0.6940427993059572	714.0	0	0.0	1071.0	0	0.0	1071.0	0	0.0
home	12	179	267814.0	12	0.6940427993059572	267814.0	12	0.6940427993059572	718.0	0	0.0	1077.0	0	0.0	1077.0	0	0.0
home	12	180	269306.0	0	0.0	269306.0	0	0.0	722.0	0	0.0	1083.0	0	0.0	1083.0	0	0.0
home	12	181	270798.0	12	0.6940427993059572	270798.0	12	0.6940427993059572	726.0	0	0.0	1089.0	0	0.0	1089.0	0	0.0
home	12	182	272290.0	12	0.6940427993059572	272290.0	12	0.6940427993059572	730.0	0	0.0	1095.0	0	0.0	1095.0	0	0.0
home	12	183	273782.0	1	0.0578368999421631	273782.0	0	0.0	734.0	0	0.0	1101.0	0	0.0	1101.0	0	0.0
home	12	184	275274.0	11	0.6362058993637941	275274.0	12	0.6940427993059572	738.0	0	0.0	1107.0	0	0.0	1107.0	0	0.0
home	12	185	276766.0	12	0.6940427993059572	276766.0	12	0.6940427993059572	742.0	0	0.0	1113.0	0	0.0	1113.0	0	0.0
home	12	186	278258.0	11	0.6362058993637941	278258.0	11	0.6362058993637941	746.0	0	0.0	1119.0	0	0.0	1119.0	0	0.0
home	12	187	279750.0	1	0.0578368999421631	279750.0	1	0.0578368999421631	750.0	0	0.0	1125.0	0	0.0	1125.0	0	0.0
home	12	188	281242.0	12	0.6940427993059572	281242.0	12	0.6940427993059572	754.0	0	0.0	1131.0	0	0.0	1131.0	0	0.0
home	12	189	282734.0	12	0.6940427993059572	282734.0	12	0.6940427993059572	758.0	0	0.0	1137.0	0	0.0	1137.0	0	0.0
home	12	190	284226.0	0	0.0	284226.0	0	0.0	762.0	0	0.0	1143.0	0	0.0	1143.0	0	0.0
home	12	191	285718.0	12	0.6940427993059572	285718.0	12	0.6940427993059572	766.0	0	0.0	1149.0	0	0.0	1149.0	0	0.0
home	12	192	287210.0	12	0.6940427993059572	287210.0	12	0.6940427993059572	770.0	0	0.0	1155.0	0	0.0	1155.0	0	0.0
home	12	193	288702.0	0	0.0	288702.0	0	0.0	774.0	0	0.0	1161.0	0	0.0	1161.0	0	0.0
home	12	194	290194.0	12	0.6940427993059572	290194.0	12	0.6940427993059572	778.0	0	0.0	1167.0	0	0.0	1167.0	0	0.0
home	12	195	291686.0	12	0.6940427993059572	291686.0	12	0.6940427993059572	782.0	0	0.0	1173.0	0	0.0	1173.0	0	0.0
home	12	196	293178.0	12	0.6940427993059572	293178.0	12	0.6940427993059572	786.0	0	0.0	1179.0	0	0.0	1179.0	0	0.0
home	12	197	294670.0	0	0.0	294670.0	0	0.0	790.0	0	0.0	1185.0	0	0.0	1185.0	0	0.0
home	12	198	296162.0	12	0.6940427993059572	296162.0	12	0.6940427993059572	794.0	0	0.0	1191.0	0	0.0	1191.0	0	0.0
home	12	199	297654.0	12	0.6940427993059572	297654.0	12	0.6940427993059572	798.0	0	0.0	1197.0	0	0.0	1197.0	0	0.0
