'Request type'	'Load'	'Bucket'	'Start time'	'Absolute'	'Percent of requests'	'End time'	'Absolute'	'Percent of requests'	'Residence time'	'Absolute'	'Percent of requests'	'Theor. think time'	'Absolute'	'Percent of requests'	'Actual think time'	'Absolute'	'Percent of requests'
login	7	0	749.5	8	0.5445881552076243	749.5	7	0.47651463580667125	2.5	0	0.0	3.0	1469	100.0	3.0	1469	100.0
login	7	1	2248.5	11	0.7488087134104834	2248.5	7	0.47651463580667125	7.5	0	0.0	9.0	0	0.0	9.0	0	0.0
login	7	2	3747.5	9	0.6126616746085773	3747.5	9	0.6126616746085773	12.5	0	0.0	15.0	0	0.0	15.0	0	0.0
login	7	3	5246.5	7	0.47651463580667125	5246.5	8	0.5445881552076243	17.5	0	0.0	21.0	0	0.0	21.0	0	0.0
login	7	4	6745.5	7	0.47651463580667125	6745.5	7	0.47651463580667125	22.5	0	0.0	27.0	0	0.0	27.0	0	0.0
login	7	5	8244.5	7	0.47651463580667125	8244.5	8	0.5445881552076243	27.5	0	0.0	33.0	0	0.0	33.0	0	0.0
login	7	6	9743.5	9	0.6126616746085773	9743.5	8	0.5445881552076243	32.5	0	0.0	39.0	0	0.0	39.0	0	0.0
login	7	7	11242.5	7	0.47651463580667125	11242.5	8	0.5445881552076243	37.5	0	0.0	45.0	0	0.0	45.0	0	0.0
login	7	8	12741.5	7	0.47651463580667125	12741.5	9	0.6126616746085773	42.5	0	0.0	51.0	0	0.0	51.0	0	0.0
login	7	9	14240.5	7	0.47651463580667125	14240.5	6	0.40844111640571823	47.5	0	0.0	57.0	0	0.0	57.0	0	0.0
login	7	10	15739.5	7	0.47651463580667125	15739.5	6	0.40844111640571823	52.5	0	0.0	63.0	0	0.0	63.0	0	0.0
login	7	11	17238.5	7	0.47651463580667125	17238.5	7	0.47651463580667125	57.5	0	0.0	69.0	0	0.0	69.0	0	0.0
login	7	12	18737.5	7	0.47651463580667125	18737.5	6	0.40844111640571823	62.5	0	0.0	75.0	0	0.0	75.0	0	0.0
login	7	13	20236.5	7	0.47651463580667125	20236.5	5	0.34036759700476515	67.5	0	0.0	81.0	0	0.0	81.0	0	0.0
login	7	14	21735.5	7	0.47651463580667125	21735.5	6	0.40844111640571823	72.5	0	0.0	87.0	0	0.0	87.0	0	0.0
login	7	15	23234.5	0	0.0	23234.5	7	0.47651463580667125	77.5	6	0.40844111640571823	93.0	0	0.0	93.0	0	0.0
login	7	16	24733.5	7	0.47651463580667125	24733.5	7	0.47651463580667125	82.5	7	0.47651463580667125	99.0	0	0.0	99.0	0	0.0
login	7	17	26232.5	7	0.47651463580667125	26232.5	7	0.47651463580667125	87.5	3	0.20422055820285911	105.0	0	0.0	105.0	0	0.0
login	7	18	27731.5	7	0.47651463580667125	27731.5	7	0.47651463580667125	92.5	19	1.2933968686181077	111.0	0	0.0	111.0	0	0.0
login	7	19	29230.5	7	0.47651463580667125	29230.5	7	0.47651463580667125	97.5	9	0.6126616746085773	117.0	0	0.0	117.0	0	0.0
login	7	20	30729.5	7	0.47651463580667125	30729.5	7	0.47651463580667125	102.5	8	0.5445881552076243	123.0	0	0.0	123.0	0	0.0
login	7	21	32228.5	7	0.47651463580667125	32228.5	7	0.47651463580667125	107.5	16	1.0891763104152485	129.0	0	0.0	129.0	0	0.0
login	7	22	33727.5	7	0.47651463580667125	33727.5	7	0.47651463580667125	112.5	9	0.6126616746085773	135.0	0	0.0	135.0	0	0.0
login	7	23	35226.5	7	0.47651463580667125	35226.5	7	0.47651463580667125	117.5	7	0.47651463580667125	141.0	0	0.0	141.0	0	0.0
login	7	24	36725.5	7	0.47651463580667125	36725.5	7	0.47651463580667125	122.5	17	1.1572498298162015	147.0	0	0.0	147.0	0	0.0
login	7	25	38224.5	7	0.47651463580667125	38224.5	4	0.27229407760381213	127.5	21	1.4295439074200138	153.0	0	0.0	153.0	0	0.0
login	7	26	39723.5	7	0.47651463580667125	39723.5	7	0.47651463580667125	132.5	20	1.3614703880190606	159.0	0	0.0	159.0	0	0.0
login	7	27	41222.5	7	0.47651463580667125	41222.5	7	0.47651463580667125	137.5	19	1.2933968686181077	165.0	0	0.0	165.0	0	0.0
login	7	28	42721.5	7	0.47651463580667125	42721.5	7	0.47651463580667125	142.5	13	0.8849557522123894	171.0	0	0.0	171.0	0	0.0
login	7	29	44220.5	7	0.47651463580667125	44220.5	7	0.47651463580667125	147.5	16	1.0891763104152485	177.0	0	0.0	177.0	0	0.0
login	7	30	45719.5	7	0.47651463580667125	45719.5	7	0.47651463580667125	152.5	19	1.2933968686181077	183.0	0	0.0	183.0	0	0.0
login	7	31	47218.5	7	0.47651463580667125	47218.5	5	0.34036759700476515	157.5	13	0.8849557522123894	189.0	0	0.0	189.0	0	0.0
login	7	32	48717.5	7	0.47651463580667125	48717.5	5	0.34036759700476515	162.5	15	1.0211027910142956	195.0	0	0.0	195.0	0	0.0
login	7	33	50216.5	5	0.34036759700476515	50216.5	7	0.47651463580667125	167.5	13	0.8849557522123894	201.0	0	0.0	201.0	0	0.0
login	7	34	51715.5	8	0.5445881552076243	51715.5	7	0.47651463580667125	172.5	13	0.8849557522123894	207.0	0	0.0	207.0	0	0.0
login	7	35	53214.5	5	0.34036759700476515	53214.5	7	0.47651463580667125	177.5	18	1.2253233492171547	213.0	0	0.0	213.0	0	0.0
login	7	36	54713.5	7	0.47651463580667125	54713.5	7	0.47651463580667125	182.5	15	1.0211027910142956	219.0	0	0.0	219.0	0	0.0
login	7	37	56212.5	3	0.20422055820285911	56212.5	7	0.47651463580667125	187.5	15	1.0211027910142956	225.0	0	0.0	225.0	0	0.0
login	7	38	57711.5	7	0.47651463580667125	57711.5	7	0.47651463580667125	192.5	16	1.0891763104152485	231.0	0	0.0	231.0	0	0.0
login	7	39	59210.5	7	0.47651463580667125	59210.5	7	0.47651463580667125	197.5	16	1.0891763104152485	237.0	0	0.0	237.0	0	0.0
login	7	40	60709.5	7	0.47651463580667125	60709.5	7	0.47651463580667125	202.5	12	0.8168822328114365	243.0	0	0.0	243.0	0	0.0
login	7	41	62208.5	8	0.5445881552076243	62208.5	7	0.47651463580667125	207.5	15	1.0211027910142956	249.0	0	0.0	249.0	0	0.0
login	7	42	63707.5	8	0.5445881552076243	63707.5	9	0.6126616746085773	212.5	13	0.8849557522123894	255.0	0	0.0	255.0	0	0.0
login	7	43	65206.5	7	0.47651463580667125	65206.5	7	0.47651463580667125	217.5	14	0.9530292716133425	261.0	0	0.0	261.0	0	0.0
login	7	44	66705.5	7	0.47651463580667125	66705.5	7	0.47651463580667125	222.5	15	1.0211027910142956	267.0	0	0.0	267.0	0	0.0
login	7	45	68204.5	7	0.47651463580667125	68204.5	7	0.47651463580667125	227.5	11	0.7488087134104834	273.0	0	0.0	273.0	0	0.0
login	7	46	69703.5	7	0.47651463580667125	69703.5	7	0.47651463580667125	232.5	14	0.9530292716133425	279.0	0	0.0	279.0	0	0.0
login	7	47	71202.5	7	0.47651463580667125	71202.5	7	0.47651463580667125	237.5	4	0.27229407760381213	285.0	0	0.0	285.0	0	0.0
login	7	48	72701.5	7	0.47651463580667125	72701.5	7	0.47651463580667125	242.5	10	0.6807351940095303	291.0	0	0.0	291.0	0	0.0
login	7	49	74200.5	7	0.47651463580667125	74200.5	7	0.47651463580667125	247.5	7	0.47651463580667125	297.0	0	0.0	297.0	0	0.0
login	7	50	75699.5	7	0.47651463580667125	75699.5	7	0.47651463580667125	252.5	9	0.6126616746085773	303.0	0	0.0	303.0	0	0.0
login	7	51	77198.5	7	0.47651463580667125	77198.5	7	0.47651463580667125	257.5	11	0.7488087134104834	309.0	0	0.0	309.0	0	0.0
login	7	52	78697.5	7	0.47651463580667125	78697.5	7	0.47651463580667125	262.5	8	0.5445881552076243	315.0	0	0.0	315.0	0	0.0
login	7	53	80196.5	8	0.5445881552076243	80196.5	8	0.5445881552076243	267.5	10	0.6807351940095303	321.0	0	0.0	321.0	0	0.0
login	7	54	81695.5	7	0.47651463580667125	81695.5	7	0.47651463580667125	272.5	8	0.5445881552076243	327.0	0	0.0	327.0	0	0.0
login	7	55	83194.5	7	0.47651463580667125	83194.5	7	0.47651463580667125	277.5	8	0.5445881552076243	333.0	0	0.0	333.0	0	0.0
login	7	56	84693.5	7	0.47651463580667125	84693.5	4	0.27229407760381213	282.5	20	1.3614703880190606	339.0	0	0.0	339.0	0	0.0
login	7	57	86192.5	7	0.47651463580667125	86192.5	7	0.47651463580667125	287.5	14	0.9530292716133425	345.0	0	0.0	345.0	0	0.0
login	7	58	87691.5	7	0.47651463580667125	87691.5	4	0.27229407760381213	292.5	9	0.6126616746085773	351.0	0	0.0	351.0	0	0.0
login	7	59	89190.5	7	0.47651463580667125	89190.5	6	0.40844111640571823	297.5	13	0.8849557522123894	357.0	0	0.0	357.0	0	0.0
login	7	60	90689.5	7	0.47651463580667125	90689.5	9	0.6126616746085773	302.5	10	0.6807351940095303	363.0	0	0.0	363.0	0	0.0
login	7	61	92188.5	7	0.47651463580667125	92188.5	7	0.47651463580667125	307.5	11	0.7488087134104834	369.0	0	0.0	369.0	0	0.0
login	7	62	93687.5	7	0.47651463580667125	93687.5	5	0.34036759700476515	312.5	9	0.6126616746085773	375.0	0	0.0	375.0	0	0.0
login	7	63	95186.5	6	0.40844111640571823	95186.5	7	0.47651463580667125	317.5	9	0.6126616746085773	381.0	0	0.0	381.0	0	0.0
login	7	64	96685.5	8	0.5445881552076243	96685.5	8	0.5445881552076243	322.5	9	0.6126616746085773	387.0	0	0.0	387.0	0	0.0
login	7	65	98184.5	7	0.47651463580667125	98184.5	7	0.47651463580667125	327.5	9	0.6126616746085773	393.0	0	0.0	393.0	0	0.0
login	7	66	99683.5	7	0.47651463580667125	99683.5	7	0.47651463580667125	332.5	4	0.27229407760381213	399.0	0	0.0	399.0	0	0.0
login	7	67	101182.5	6	0.40844111640571823	101182.5	7	0.47651463580667125	337.5	1	0.06807351940095303	405.0	0	0.0	405.0	0	0.0
login	7	68	102681.5	6	0.40844111640571823	102681.5	7	0.47651463580667125	342.5	11	0.7488087134104834	411.0	0	0.0	411.0	0	0.0
login	7	69	104180.5	7	0.47651463580667125	104180.5	7	0.47651463580667125	347.5	8	0.5445881552076243	417.0	0	0.0	417.0	0	0.0
login	7	70	105679.5	3	0.20422055820285911	105679.5	7	0.47651463580667125	352.5	4	0.27229407760381213	423.0	0	0.0	423.0	0	0.0
login	7	71	107178.5	7	0.47651463580667125	107178.5	7	0.47651463580667125	357.5	8	0.5445881552076243	429.0	0	0.0	429.0	0	0.0
login	7	72	108677.5	7	0.47651463580667125	108677.5	7	0.47651463580667125	362.5	10	0.6807351940095303	435.0	0	0.0	435.0	0	0.0
login	7	73	110176.5	7	0.47651463580667125	110176.5	7	0.47651463580667125	367.5	19	1.2933968686181077	441.0	0	0.0	441.0	0	0.0
login	7	74	111675.5	7	0.47651463580667125	111675.5	7	0.47651463580667125	372.5	12	0.8168822328114365	447.0	0	0.0	447.0	0	0.0
login	7	75	113174.5	7	0.47651463580667125	113174.5	7	0.47651463580667125	377.5	21	1.4295439074200138	453.0	0	0.0	453.0	0	0.0
login	7	76	114673.5	7	0.47651463580667125	114673.5	7	0.47651463580667125	382.5	11	0.7488087134104834	459.0	0	0.0	459.0	0	0.0
login	7	77	116172.5	8	0.5445881552076243	116172.5	8	0.5445881552076243	387.5	11	0.7488087134104834	465.0	0	0.0	465.0	0	0.0
login	7	78	117671.5	10	0.6807351940095303	117671.5	8	0.5445881552076243	392.5	10	0.6807351940095303	471.0	0	0.0	471.0	0	0.0
login	7	79	119170.5	10	0.6807351940095303	119170.5	10	0.6807351940095303	397.5	19	1.2933968686181077	477.0	0	0.0	477.0	0	0.0
login	7	80	120669.5	8	0.5445881552076243	120669.5	9	0.6126616746085773	402.5	25	1.7018379850238259	483.0	0	0.0	483.0	0	0.0
login	7	81	122168.5	9	0.6126616746085773	122168.5	9	0.6126616746085773	407.5	18	1.2253233492171547	489.0	0	0.0	489.0	0	0.0
login	7	82	123667.5	9	0.6126616746085773	123667.5	9	0.6126616746085773	412.5	15	1.0211027910142956	495.0	0	0.0	495.0	0	0.0
login	7	83	125166.5	10	0.6807351940095303	125166.5	8	0.5445881552076243	417.5	14	0.9530292716133425	501.0	0	0.0	501.0	0	0.0
login	7	84	126665.5	8	0.5445881552076243	126665.5	11	0.7488087134104834	422.5	15	1.0211027910142956	507.0	0	0.0	507.0	0	0.0
login	7	85	128164.5	9	0.6126616746085773	128164.5	8	0.5445881552076243	427.5	14	0.9530292716133425	513.0	0	0.0	513.0	0	0.0
login	7	86	129663.5	8	0.5445881552076243	129663.5	9	0.6126616746085773	432.5	18	1.2253233492171547	519.0	0	0.0	519.0	0	0.0
login	7	87	131162.5	11	0.7488087134104834	131162.5	11	0.7488087134104834	437.5	9	0.6126616746085773	525.0	0	0.0	525.0	0	0.0
login	7	88	132661.5	7	0.47651463580667125	132661.5	7	0.47651463580667125	442.5	15	1.0211027910142956	531.0	0	0.0	531.0	0	0.0
login	7	89	134160.5	10	0.6807351940095303	134160.5	8	0.5445881552076243	447.5	16	1.0891763104152485	537.0	0	0.0	537.0	0	0.0
login	7	90	135659.5	8	0.5445881552076243	135659.5	10	0.6807351940095303	452.5	14	0.9530292716133425	543.0	0	0.0	543.0	0	0.0
login	7	91	137158.5	10	0.6807351940095303	137158.5	7	0.47651463580667125	457.5	17	1.1572498298162015	549.0	0	0.0	549.0	0	0.0
login	7	92	138657.5	8	0.5445881552076243	138657.5	10	0.6807351940095303	462.5	14	0.9530292716133425	555.0	0	0.0	555.0	0	0.0
login	7	93	140156.5	10	0.6807351940095303	140156.5	10	0.6807351940095303	467.5	19	1.2933968686181077	561.0	0	0.0	561.0	0	0.0
login	7	94	141655.5	7	0.47651463580667125	141655.5	8	0.5445881552076243	472.5	17	1.1572498298162015	567.0	0	0.0	567.0	0	0.0
login	7	95	143154.5	8	0.5445881552076243	143154.5	8	0.5445881552076243	477.5	26	1.7699115044247788	573.0	0	0.0	573.0	0	0.0
login	7	96	144653.5	7	0.47651463580667125	144653.5	7	0.47651463580667125	482.5	23	1.5656909462219197	579.0	0	0.0	579.0	0	0.0
login	7	97	146152.5	8	0.5445881552076243	146152.5	8	0.5445881552076243	487.5	20	1.3614703880190606	585.0	0	0.0	585.0	0	0.0
login	7	98	147651.5	7	0.47651463580667125	147651.5	7	0.47651463580667125	492.5	18	1.2253233492171547	591.0	0	0.0	591.0	0	0.0
login	7	99	149150.5	7	0.47651463580667125	149150.5	7	0.47651463580667125	497.5	14	0.9530292716133425	597.0	0	0.0	597.0	0	0.0
login	7	100	150649.5	7	0.47651463580667125	150649.5	7	0.47651463580667125	502.5	21	1.4295439074200138	603.0	0	0.0	603.0	0	0.0
login	7	101	152148.5	7	0.47651463580667125	152148.5	7	0.47651463580667125	507.5	10	0.6807351940095303	609.0	0	0.0	609.0	0	0.0
login	7	102	153647.5	7	0.47651463580667125	153647.5	7	0.47651463580667125	512.5	16	1.0891763104152485	615.0	0	0.0	615.0	0	0.0
login	7	103	155146.5	7	0.47651463580667125	155146.5	7	0.47651463580667125	517.5	19	1.2933968686181077	621.0	0	0.0	621.0	0	0.0
login	7	104	156645.5	7	0.47651463580667125	156645.5	7	0.47651463580667125	522.5	7	0.47651463580667125	627.0	0	0.0	627.0	0	0.0
login	7	105	158144.5	7	0.47651463580667125	158144.5	7	0.47651463580667125	527.5	4	0.27229407760381213	633.0	0	0.0	633.0	0	0.0
login	7	106	159643.5	7	0.47651463580667125	159643.5	7	0.47651463580667125	532.5	8	0.5445881552076243	639.0	0	0.0	639.0	0	0.0
login	7	107	161142.5	7	0.47651463580667125	161142.5	7	0.47651463580667125	537.5	8	0.5445881552076243	645.0	0	0.0	645.0	0	0.0
login	7	108	162641.5	7	0.47651463580667125	162641.5	6	0.40844111640571823	542.5	9	0.6126616746085773	651.0	0	0.0	651.0	0	0.0
login	7	109	164140.5	7	0.47651463580667125	164140.5	5	0.34036759700476515	547.5	12	0.8168822328114365	657.0	0	0.0	657.0	0	0.0
login	7	110	165639.5	7	0.47651463580667125	165639.5	7	0.47651463580667125	552.5	11	0.7488087134104834	663.0	0	0.0	663.0	0	0.0
login	7	111	167138.5	7	0.47651463580667125	167138.5	7	0.47651463580667125	557.5	5	0.34036759700476515	669.0	0	0.0	669.0	0	0.0
login	7	112	168637.5	7	0.47651463580667125	168637.5	6	0.40844111640571823	562.5	8	0.5445881552076243	675.0	0	0.0	675.0	0	0.0
login	7	113	170136.5	7	0.47651463580667125	170136.5	4	0.27229407760381213	567.5	11	0.7488087134104834	681.0	0	0.0	681.0	0	0.0
login	7	114	171635.5	7	0.47651463580667125	171635.5	7	0.47651463580667125	572.5	7	0.47651463580667125	687.0	0	0.0	687.0	0	0.0
login	7	115	173134.5	7	0.47651463580667125	173134.5	8	0.5445881552076243	577.5	4	0.27229407760381213	693.0	0	0.0	693.0	0	0.0
login	7	116	174633.5	7	0.47651463580667125	174633.5	8	0.5445881552076243	582.5	4	0.27229407760381213	699.0	0	0.0	699.0	0	0.0
login	7	117	176132.5	7	0.47651463580667125	176132.5	5	0.34036759700476515	587.5	9	0.6126616746085773	705.0	0	0.0	705.0	0	0.0
login	7	118	177631.5	4	0.27229407760381213	177631.5	7	0.47651463580667125	592.5	11	0.7488087134104834	711.0	0	0.0	711.0	0	0.0
login	7	119	179130.5	3	0.20422055820285911	179130.5	7	0.47651463580667125	597.5	5	0.34036759700476515	717.0	0	0.0	717.0	0	0.0
login	7	120	180629.5	7	0.47651463580667125	180629.5	7	0.47651463580667125	602.5	8	0.5445881552076243	723.0	0	0.0	723.0	0	0.0
login	7	121	182128.5	7	0.47651463580667125	182128.5	7	0.47651463580667125	607.5	6	0.40844111640571823	729.0	0	0.0	729.0	0	0.0
login	7	122	183627.5	7	0.47651463580667125	183627.5	7	0.47651463580667125	612.5	10	0.6807351940095303	735.0	0	0.0	735.0	0	0.0
login	7	123	185126.5	8	0.5445881552076243	185126.5	8	0.5445881552076243	617.5	3	0.20422055820285911	741.0	0	0.0	741.0	0	0.0
login	7	124	186625.5	8	0.5445881552076243	186625.5	7	0.47651463580667125	622.5	7	0.47651463580667125	747.0	0	0.0	747.0	0	0.0
login	7	125	188124.5	7	0.47651463580667125	188124.5	8	0.5445881552076243	627.5	5	0.34036759700476515	753.0	0	0.0	753.0	0	0.0
login	7	126	189623.5	7	0.47651463580667125	189623.5	7	0.47651463580667125	632.5	6	0.40844111640571823	759.0	0	0.0	759.0	0	0.0
login	7	127	191122.5	7	0.47651463580667125	191122.5	7	0.47651463580667125	637.5	2	0.13614703880190607	765.0	0	0.0	765.0	0	0.0
login	7	128	192621.5	7	0.47651463580667125	192621.5	7	0.47651463580667125	642.5	8	0.5445881552076243	771.0	0	0.0	771.0	0	0.0
login	7	129	194120.5	7	0.47651463580667125	194120.5	7	0.47651463580667125	647.5	5	0.34036759700476515	777.0	0	0.0	777.0	0	0.0
login	7	130	195619.5	7	0.47651463580667125	195619.5	7	0.47651463580667125	652.5	3	0.20422055820285911	783.0	0	0.0	783.0	0	0.0
login	7	131	197118.5	7	0.47651463580667125	197118.5	7	0.47651463580667125	657.5	7	0.47651463580667125	789.0	0	0.0	789.0	0	0.0
login	7	132	198617.5	7	0.47651463580667125	198617.5	7	0.47651463580667125	662.5	3	0.20422055820285911	795.0	0	0.0	795.0	0	0.0
login	7	133	200116.5	7	0.47651463580667125	200116.5	7	0.47651463580667125	667.5	6	0.40844111640571823	801.0	0	0.0	801.0	0	0.0
login	7	134	201615.5	9	0.6126616746085773	201615.5	8	0.5445881552076243	672.5	7	0.47651463580667125	807.0	0	0.0	807.0	0	0.0
login	7	135	203114.5	12	0.8168822328114365	203114.5	9	0.6126616746085773	677.5	10	0.6807351940095303	813.0	0	0.0	813.0	0	0.0
login	7	136	204613.5	7	0.47651463580667125	204613.5	8	0.5445881552076243	682.5	6	0.40844111640571823	819.0	0	0.0	819.0	0	0.0
login	7	137	206112.5	8	0.5445881552076243	206112.5	10	0.6807351940095303	687.5	9	0.6126616746085773	825.0	0	0.0	825.0	0	0.0
login	7	138	207611.5	9	0.6126616746085773	207611.5	9	0.6126616746085773	692.5	4	0.27229407760381213	831.0	0	0.0	831.0	0	0.0
login	7	139	209110.5	8	0.5445881552076243	209110.5	9	0.6126616746085773	697.5	4	0.27229407760381213	837.0	0	0.0	837.0	0	0.0
login	7	140	210609.5	7	0.47651463580667125	210609.5	7	0.47651463580667125	702.5	6	0.40844111640571823	843.0	0	0.0	843.0	0	0.0
login	7	141	212108.5	11	0.7488087134104834	212108.5	10	0.6807351940095303	707.5	4	0.27229407760381213	849.0	0	0.0	849.0	0	0.0
login	7	142	213607.5	10	0.6807351940095303	213607.5	9	0.6126616746085773	712.5	7	0.47651463580667125	855.0	0	0.0	855.0	0	0.0
login	7	143	215106.5	7	0.47651463580667125	215106.5	9	0.6126616746085773	717.5	3	0.20422055820285911	861.0	0	0.0	861.0	0	0.0
login	7	144	216605.5	8	0.5445881552076243	216605.5	8	0.5445881552076243	722.5	2	0.13614703880190607	867.0	0	0.0	867.0	0	0.0
login	7	145	218104.5	10	0.6807351940095303	218104.5	8	0.5445881552076243	727.5	2	0.13614703880190607	873.0	0	0.0	873.0	0	0.0
login	7	146	219603.5	10	0.6807351940095303	219603.5	11	0.7488087134104834	732.5	1	0.06807351940095303	879.0	0	0.0	879.0	0	0.0
login	7	147	221102.5	8	0.5445881552076243	221102.5	9	0.6126616746085773	737.5	0	0.0	885.0	0	0.0	885.0	0	0.0
login	7	148	222601.5	8	0.5445881552076243	222601.5	8	0.5445881552076243	742.5	2	0.13614703880190607	891.0	0	0.0	891.0	0	0.0
login	7	149	224100.5	10	0.6807351940095303	224100.5	9	0.6126616746085773	747.5	0	0.0	897.0	0	0.0	897.0	0	0.0
login	7	150	225599.5	10	0.6807351940095303	225599.5	9	0.6126616746085773	752.5	4	0.27229407760381213	903.0	0	0.0	903.0	0	0.0
login	7	151	227098.5	7	0.47651463580667125	227098.5	9	0.6126616746085773	757.5	2	0.13614703880190607	909.0	0	0.0	909.0	0	0.0
login	7	152	228597.5	10	0.6807351940095303	228597.5	8	0.5445881552076243	762.5	3	0.20422055820285911	915.0	0	0.0	915.0	0	0.0
login	7	153	230096.5	9	0.6126616746085773	230096.5	9	0.6126616746085773	767.5	1	0.06807351940095303	921.0	0	0.0	921.0	0	0.0
login	7	154	231595.5	9	0.6126616746085773	231595.5	9	0.6126616746085773	772.5	0	0.0	927.0	0	0.0	927.0	0	0.0
login	7	155	233094.5	8	0.5445881552076243	233094.5	10	0.6807351940095303	777.5	1	0.06807351940095303	933.0	0	0.0	933.0	0	0.0
login	7	156	234593.5	9	0.6126616746085773	234593.5	9	0.6126616746085773	782.5	1	0.06807351940095303	939.0	0	0.0	939.0	0	0.0
login	7	157	236092.5	9	0.6126616746085773	236092.5	8	0.5445881552076243	787.5	2	0.13614703880190607	945.0	0	0.0	945.0	0	0.0
login	7	158	237591.5	7	0.47651463580667125	237591.5	8	0.5445881552076243	792.5	1	0.06807351940095303	951.0	0	0.0	951.0	0	0.0
login	7	159	239090.5	11	0.7488087134104834	239090.5	7	0.47651463580667125	797.5	1	0.06807351940095303	957.0	0	0.0	957.0	0	0.0
login	7	160	240589.5	7	0.47651463580667125	240589.5	7	0.47651463580667125	802.5	0	0.0	963.0	0	0.0	963.0	0	0.0
login	7	161	242088.5	10	0.6807351940095303	242088.5	10	0.6807351940095303	807.5	0	0.0	969.0	0	0.0	969.0	0	0.0
login	7	162	243587.5	7	0.47651463580667125	243587.5	7	0.47651463580667125	812.5	1	0.06807351940095303	975.0	0	0.0	975.0	0	0.0
login	7	163	245086.5	7	0.47651463580667125	245086.5	9	0.6126616746085773	817.5	1	0.06807351940095303	981.0	0	0.0	981.0	0	0.0
login	7	164	246585.5	8	0.5445881552076243	246585.5	8	0.5445881552076243	822.5	0	0.0	987.0	0	0.0	987.0	0	0.0
login	7	165	248084.5	7	0.47651463580667125	248084.5	4	0.27229407760381213	827.5	0	0.0	993.0	0	0.0	993.0	0	0.0
login	7	166	249583.5	7	0.47651463580667125	249583.5	5	0.34036759700476515	832.5	1	0.06807351940095303	999.0	0	0.0	999.0	0	0.0
login	7	167	251082.5	7	0.47651463580667125	251082.5	8	0.5445881552076243	837.5	0	0.0	1005.0	0	0.0	1005.0	0	0.0
login	7	168	252581.5	7	0.47651463580667125	252581.5	8	0.5445881552076243	842.5	0	0.0	1011.0	0	0.0	1011.0	0	0.0
login	7	169	254080.5	7	0.47651463580667125	254080.5	7	0.47651463580667125	847.5	0	0.0	1017.0	0	0.0	1017.0	0	0.0
login	7	170	255579.5	7	0.47651463580667125	255579.5	6	0.40844111640571823	852.5	0	0.0	1023.0	0	0.0	1023.0	0	0.0
login	7	171	257078.5	7	0.47651463580667125	257078.5	8	0.5445881552076243	857.5	0	0.0	1029.0	0	0.0	1029.0	0	0.0
login	7	172	258577.5	7	0.47651463580667125	258577.5	7	0.47651463580667125	862.5	0	0.0	1035.0	0	0.0	1035.0	0	0.0
login	7	173	260076.5	7	0.47651463580667125	260076.5	6	0.40844111640571823	867.5	0	0.0	1041.0	0	0.0	1041.0	0	0.0
login	7	174	261575.5	7	0.47651463580667125	261575.5	7	0.47651463580667125	872.5	0	0.0	1047.0	0	0.0	1047.0	0	0.0
login	7	175	263074.5	7	0.47651463580667125	263074.5	7	0.47651463580667125	877.5	0	0.0	1053.0	0	0.0	1053.0	0	0.0
login	7	176	264573.5	7	0.47651463580667125	264573.5	6	0.40844111640571823	882.5	0	0.0	1059.0	0	0.0	1059.0	0	0.0
login	7	177	266072.5	5	0.34036759700476515	266072.5	7	0.47651463580667125	887.5	0	0.0	1065.0	0	0.0	1065.0	0	0.0
login	7	178	267571.5	8	0.5445881552076243	267571.5	7	0.47651463580667125	892.5	0	0.0	1071.0	0	0.0	1071.0	0	0.0
login	7	179	269070.5	5	0.34036759700476515	269070.5	7	0.47651463580667125	897.5	0	0.0	1077.0	0	0.0	1077.0	0	0.0
login	7	180	270569.5	7	0.47651463580667125	270569.5	7	0.47651463580667125	902.5	0	0.0	1083.0	0	0.0	1083.0	0	0.0
login	7	181	272068.5	5	0.34036759700476515	272068.5	7	0.47651463580667125	907.5	0	0.0	1089.0	0	0.0	1089.0	0	0.0
login	7	182	273567.5	7	0.47651463580667125	273567.5	7	0.47651463580667125	912.5	0	0.0	1095.0	0	0.0	1095.0	0	0.0
login	7	183	275066.5	5	0.34036759700476515	275066.5	7	0.47651463580667125	917.5	0	0.0	1101.0	0	0.0	1101.0	0	0.0
login	7	184	276565.5	7	0.47651463580667125	276565.5	7	0.47651463580667125	922.5	0	0.0	1107.0	0	0.0	1107.0	0	0.0
login	7	185	278064.5	7	0.47651463580667125	278064.5	7	0.47651463580667125	927.5	0	0.0	1113.0	0	0.0	1113.0	0	0.0
login	7	186	279563.5	7	0.47651463580667125	279563.5	7	0.47651463580667125	932.5	0	0.0	1119.0	0	0.0	1119.0	0	0.0
login	7	187	281062.5	7	0.47651463580667125	281062.5	7	0.47651463580667125	937.5	0	0.0	1125.0	0	0.0	1125.0	0	0.0
login	7	188	282561.5	7	0.47651463580667125	282561.5	7	0.47651463580667125	942.5	0	0.0	1131.0	0	0.0	1131.0	0	0.0
login	7	189	284060.5	7	0.47651463580667125	284060.5	7	0.47651463580667125	947.5	0	0.0	1137.0	0	0.0	1137.0	0	0.0
login	7	190	285559.5	7	0.47651463580667125	285559.5	7	0.47651463580667125	952.5	0	0.0	1143.0	0	0.0	1143.0	0	0.0
login	7	191	287058.5	7	0.47651463580667125	287058.5	7	0.47651463580667125	957.5	0	0.0	1149.0	0	0.0	1149.0	0	0.0
login	7	192	288557.5	7	0.47651463580667125	288557.5	7	0.47651463580667125	962.5	0	0.0	1155.0	0	0.0	1155.0	0	0.0
login	7	193	290056.5	7	0.47651463580667125	290056.5	7	0.47651463580667125	967.5	0	0.0	1161.0	0	0.0	1161.0	0	0.0
login	7	194	291555.5	7	0.47651463580667125	291555.5	7	0.47651463580667125	972.5	0	0.0	1167.0	0	0.0	1167.0	0	0.0
login	7	195	293054.5	7	0.47651463580667125	293054.5	7	0.47651463580667125	977.5	0	0.0	1173.0	0	0.0	1173.0	0	0.0
login	7	196	294553.5	7	0.47651463580667125	294553.5	7	0.47651463580667125	982.5	0	0.0	1179.0	0	0.0	1179.0	0	0.0
login	7	197	296052.5	7	0.47651463580667125	296052.5	7	0.47651463580667125	987.5	0	0.0	1185.0	0	0.0	1185.0	0	0.0
login	7	198	297551.5	7	0.47651463580667125	297551.5	7	0.47651463580667125	992.5	0	0.0	1191.0	0	0.0	1191.0	0	0.0
login	7	199	299050.5	7	0.47651463580667125	299050.5	7	0.47651463580667125	997.5	0	0.0	1197.0	0	0.0	1197.0	0	0.0
info	7	0	748.0	10	0.6807351940095303	748.0	10	0.6807351940095303	1.5	162	11.027910142954392	3.0	1469	100.0	3.0	1469	100.0
info	7	1	2244.0	11	0.7488087134104834	2244.0	11	0.7488087134104834	4.5	651	44.31586113002042	9.0	0	0.0	9.0	0	0.0
info	7	2	3740.0	7	0.47651463580667125	3740.0	7	0.47651463580667125	7.5	121	8.236895847515317	15.0	0	0.0	15.0	0	0.0
info	7	3	5236.0	7	0.47651463580667125	5236.0	7	0.47651463580667125	10.5	52	3.5398230088495577	21.0	0	0.0	21.0	0	0.0
info	7	4	6732.0	7	0.47651463580667125	6732.0	7	0.47651463580667125	13.5	42	2.8590878148400276	27.0	0	0.0	27.0	0	0.0
info	7	5	8228.0	9	0.6126616746085773	8228.0	9	0.6126616746085773	16.5	31	2.110279101429544	33.0	0	0.0	33.0	0	0.0
info	7	6	9724.0	7	0.47651463580667125	9724.0	7	0.47651463580667125	19.5	12	0.8168822328114365	39.0	0	0.0	39.0	0	0.0
info	7	7	11220.0	7	0.47651463580667125	11220.0	7	0.47651463580667125	22.5	19	1.2933968686181077	45.0	0	0.0	45.0	0	0.0
info	7	8	12716.0	7	0.47651463580667125	12716.0	7	0.47651463580667125	25.5	8	0.5445881552076243	51.0	0	0.0	51.0	0	0.0
info	7	9	14212.0	7	0.47651463580667125	14212.0	7	0.47651463580667125	28.5	10	0.6807351940095303	57.0	0	0.0	57.0	0	0.0
info	7	10	15708.0	7	0.47651463580667125	15708.0	7	0.47651463580667125	31.5	3	0.20422055820285911	63.0	0	0.0	63.0	0	0.0
info	7	11	17204.0	7	0.47651463580667125	17204.0	7	0.47651463580667125	34.5	7	0.47651463580667125	69.0	0	0.0	69.0	0	0.0
info	7	12	18700.0	7	0.47651463580667125	18700.0	7	0.47651463580667125	37.5	6	0.40844111640571823	75.0	0	0.0	75.0	0	0.0
info	7	13	20196.0	7	0.47651463580667125	20196.0	3	0.20422055820285911	40.5	8	0.5445881552076243	81.0	0	0.0	81.0	0	0.0
info	7	14	21692.0	2	0.13614703880190607	21692.0	4	0.27229407760381213	43.5	19	1.2933968686181077	87.0	0	0.0	87.0	0	0.0
info	7	15	23188.0	7	0.47651463580667125	23188.0	7	0.47651463580667125	46.5	16	1.0891763104152485	93.0	0	0.0	93.0	0	0.0
info	7	16	24684.0	6	0.40844111640571823	24684.0	7	0.47651463580667125	49.5	7	0.47651463580667125	99.0	0	0.0	99.0	0	0.0
info	7	17	26180.0	6	0.40844111640571823	26180.0	7	0.47651463580667125	52.5	10	0.6807351940095303	105.0	0	0.0	105.0	0	0.0
info	7	18	27676.0	8	0.5445881552076243	27676.0	7	0.47651463580667125	55.5	5	0.34036759700476515	111.0	0	0.0	111.0	0	0.0
info	7	19	29172.0	6	0.40844111640571823	29172.0	7	0.47651463580667125	58.5	11	0.7488087134104834	117.0	0	0.0	117.0	0	0.0
info	7	20	30668.0	7	0.47651463580667125	30668.0	7	0.47651463580667125	61.5	3	0.20422055820285911	123.0	0	0.0	123.0	0	0.0
info	7	21	32164.0	7	0.47651463580667125	32164.0	7	0.47651463580667125	64.5	9	0.6126616746085773	129.0	0	0.0	129.0	0	0.0
info	7	22	33660.0	7	0.47651463580667125	33660.0	7	0.47651463580667125	67.5	2	0.13614703880190607	135.0	0	0.0	135.0	0	0.0
info	7	23	35156.0	7	0.47651463580667125	35156.0	7	0.47651463580667125	70.5	6	0.40844111640571823	141.0	0	0.0	141.0	0	0.0
info	7	24	36652.0	7	0.47651463580667125	36652.0	7	0.47651463580667125	73.5	5	0.34036759700476515	147.0	0	0.0	147.0	0	0.0
info	7	25	38148.0	7	0.47651463580667125	38148.0	7	0.47651463580667125	76.5	10	0.6807351940095303	153.0	0	0.0	153.0	0	0.0
info	7	26	39644.0	7	0.47651463580667125	39644.0	7	0.47651463580667125	79.5	4	0.27229407760381213	159.0	0	0.0	159.0	0	0.0
info	7	27	41140.0	7	0.47651463580667125	41140.0	7	0.47651463580667125	82.5	7	0.47651463580667125	165.0	0	0.0	165.0	0	0.0
info	7	28	42636.0	7	0.47651463580667125	42636.0	7	0.47651463580667125	85.5	4	0.27229407760381213	171.0	0	0.0	171.0	0	0.0
info	7	29	44132.0	7	0.47651463580667125	44132.0	7	0.47651463580667125	88.5	3	0.20422055820285911	177.0	0	0.0	177.0	0	0.0
info	7	30	45628.0	7	0.47651463580667125	45628.0	7	0.47651463580667125	91.5	5	0.34036759700476515	183.0	0	0.0	183.0	0	0.0
info	7	31	47124.0	7	0.47651463580667125	47124.0	7	0.47651463580667125	94.5	4	0.27229407760381213	189.0	0	0.0	189.0	0	0.0
info	7	32	48620.0	4	0.27229407760381213	48620.0	4	0.27229407760381213	97.5	7	0.47651463580667125	195.0	0	0.0	195.0	0	0.0
info	7	33	50116.0	6	0.40844111640571823	50116.0	3	0.20422055820285911	100.5	7	0.47651463580667125	201.0	0	0.0	201.0	0	0.0
info	7	34	51612.0	6	0.40844111640571823	51612.0	7	0.47651463580667125	103.5	2	0.13614703880190607	207.0	0	0.0	207.0	0	0.0
info	7	35	53108.0	8	0.5445881552076243	53108.0	7	0.47651463580667125	106.5	5	0.34036759700476515	213.0	0	0.0	213.0	0	0.0
info	7	36	54604.0	5	0.34036759700476515	54604.0	7	0.47651463580667125	109.5	5	0.34036759700476515	219.0	0	0.0	219.0	0	0.0
info	7	37	56100.0	6	0.40844111640571823	56100.0	7	0.47651463580667125	112.5	9	0.6126616746085773	225.0	0	0.0	225.0	0	0.0
info	7	38	57596.0	8	0.5445881552076243	57596.0	7	0.47651463580667125	115.5	4	0.27229407760381213	231.0	0	0.0	231.0	0	0.0
info	7	39	59092.0	6	0.40844111640571823	59092.0	7	0.47651463580667125	118.5	6	0.40844111640571823	237.0	0	0.0	237.0	0	0.0
info	7	40	60588.0	7	0.47651463580667125	60588.0	7	0.47651463580667125	121.5	6	0.40844111640571823	243.0	0	0.0	243.0	0	0.0
info	7	41	62084.0	9	0.6126616746085773	62084.0	9	0.6126616746085773	124.5	4	0.27229407760381213	249.0	0	0.0	249.0	0	0.0
info	7	42	63580.0	8	0.5445881552076243	63580.0	7	0.47651463580667125	127.5	2	0.13614703880190607	255.0	0	0.0	255.0	0	0.0
info	7	43	65076.0	6	0.40844111640571823	65076.0	7	0.47651463580667125	130.5	5	0.34036759700476515	261.0	0	0.0	261.0	0	0.0
info	7	44	66572.0	7	0.47651463580667125	66572.0	7	0.47651463580667125	133.5	5	0.34036759700476515	267.0	0	0.0	267.0	0	0.0
info	7	45	68068.0	7	0.47651463580667125	68068.0	7	0.47651463580667125	136.5	4	0.27229407760381213	273.0	0	0.0	273.0	0	0.0
info	7	46	69564.0	7	0.47651463580667125	69564.0	7	0.47651463580667125	139.5	3	0.20422055820285911	279.0	0	0.0	279.0	0	0.0
info	7	47	71060.0	7	0.47651463580667125	71060.0	7	0.47651463580667125	142.5	1	0.06807351940095303	285.0	0	0.0	285.0	0	0.0
info	7	48	72556.0	7	0.47651463580667125	72556.0	7	0.47651463580667125	145.5	2	0.13614703880190607	291.0	0	0.0	291.0	0	0.0
info	7	49	74052.0	7	0.47651463580667125	74052.0	7	0.47651463580667125	148.5	2	0.13614703880190607	297.0	0	0.0	297.0	0	0.0
info	7	50	75548.0	7	0.47651463580667125	75548.0	7	0.47651463580667125	151.5	1	0.06807351940095303	303.0	0	0.0	303.0	0	0.0
info	7	51	77044.0	7	0.47651463580667125	77044.0	7	0.47651463580667125	154.5	0	0.0	309.0	0	0.0	309.0	0	0.0
info	7	52	78540.0	8	0.5445881552076243	78540.0	8	0.5445881552076243	157.5	4	0.27229407760381213	315.0	0	0.0	315.0	0	0.0
info	7	53	80036.0	7	0.47651463580667125	80036.0	7	0.47651463580667125	160.5	1	0.06807351940095303	321.0	0	0.0	321.0	0	0.0
info	7	54	81532.0	7	0.47651463580667125	81532.0	7	0.47651463580667125	163.5	2	0.13614703880190607	327.0	0	0.0	327.0	0	0.0
info	7	55	83028.0	7	0.47651463580667125	83028.0	7	0.47651463580667125	166.5	1	0.06807351940095303	333.0	0	0.0	333.0	0	0.0
info	7	56	84524.0	7	0.47651463580667125	84524.0	7	0.47651463580667125	169.5	0	0.0	339.0	0	0.0	339.0	0	0.0
info	7	57	86020.0	6	0.40844111640571823	86020.0	6	0.40844111640571823	172.5	0	0.0	345.0	0	0.0	345.0	0	0.0
info	7	58	87516.0	6	0.40844111640571823	87516.0	6	0.40844111640571823	175.5	9	0.6126616746085773	351.0	0	0.0	351.0	0	0.0
info	7	59	89012.0	6	0.40844111640571823	89012.0	6	0.40844111640571823	178.5	1	0.06807351940095303	357.0	0	0.0	357.0	0	0.0
info	7	60	90508.0	9	0.6126616746085773	90508.0	9	0.6126616746085773	181.5	4	0.27229407760381213	363.0	0	0.0	363.0	0	0.0
info	7	61	92004.0	8	0.5445881552076243	92004.0	6	0.40844111640571823	184.5	6	0.40844111640571823	369.0	0	0.0	369.0	0	0.0
info	7	62	93500.0	4	0.27229407760381213	93500.0	6	0.40844111640571823	187.5	4	0.27229407760381213	375.0	0	0.0	375.0	0	0.0
info	7	63	94996.0	7	0.47651463580667125	94996.0	7	0.47651463580667125	190.5	5	0.34036759700476515	381.0	0	0.0	381.0	0	0.0
info	7	64	96492.0	9	0.6126616746085773	96492.0	9	0.6126616746085773	193.5	5	0.34036759700476515	387.0	0	0.0	387.0	0	0.0
info	7	65	97988.0	5	0.34036759700476515	97988.0	2	0.13614703880190607	196.5	6	0.40844111640571823	393.0	0	0.0	393.0	0	0.0
info	7	66	99484.0	5	0.34036759700476515	99484.0	7	0.47651463580667125	199.5	1	0.06807351940095303	399.0	0	0.0	399.0	0	0.0
info	7	67	100980.0	6	0.40844111640571823	100980.0	7	0.47651463580667125	202.5	3	0.20422055820285911	405.0	0	0.0	405.0	0	0.0
info	7	68	102476.0	7	0.47651463580667125	102476.0	7	0.47651463580667125	205.5	2	0.13614703880190607	411.0	0	0.0	411.0	0	0.0
info	7	69	103972.0	7	0.47651463580667125	103972.0	7	0.47651463580667125	208.5	6	0.40844111640571823	417.0	0	0.0	417.0	0	0.0
info	7	70	105468.0	7	0.47651463580667125	105468.0	7	0.47651463580667125	211.5	4	0.27229407760381213	423.0	0	0.0	423.0	0	0.0
info	7	71	106964.0	7	0.47651463580667125	106964.0	7	0.47651463580667125	214.5	4	0.27229407760381213	429.0	0	0.0	429.0	0	0.0
info	7	72	108460.0	7	0.47651463580667125	108460.0	7	0.47651463580667125	217.5	0	0.0	435.0	0	0.0	435.0	0	0.0
info	7	73	109956.0	7	0.47651463580667125	109956.0	7	0.47651463580667125	220.5	1	0.06807351940095303	441.0	0	0.0	441.0	0	0.0
info	7	74	111452.0	7	0.47651463580667125	111452.0	7	0.47651463580667125	223.5	0	0.0	447.0	0	0.0	447.0	0	0.0
info	7	75	112948.0	7	0.47651463580667125	112948.0	7	0.47651463580667125	226.5	1	0.06807351940095303	453.0	0	0.0	453.0	0	0.0
info	7	76	114444.0	7	0.47651463580667125	114444.0	7	0.47651463580667125	229.5	2	0.13614703880190607	459.0	0	0.0	459.0	0	0.0
info	7	77	115940.0	9	0.6126616746085773	115940.0	9	0.6126616746085773	232.5	0	0.0	465.0	0	0.0	465.0	0	0.0
info	7	78	117436.0	9	0.6126616746085773	117436.0	9	0.6126616746085773	235.5	1	0.06807351940095303	471.0	0	0.0	471.0	0	0.0
info	7	79	118932.0	10	0.6807351940095303	118932.0	10	0.6807351940095303	238.5	1	0.06807351940095303	477.0	0	0.0	477.0	0	0.0
info	7	80	120428.0	8	0.5445881552076243	120428.0	8	0.5445881552076243	241.5	0	0.0	483.0	0	0.0	483.0	0	0.0
info	7	81	121924.0	10	0.6807351940095303	121924.0	10	0.6807351940095303	244.5	0	0.0	489.0	0	0.0	489.0	0	0.0
info	7	82	123420.0	8	0.5445881552076243	123420.0	8	0.5445881552076243	247.5	0	0.0	495.0	0	0.0	495.0	0	0.0
info	7	83	124916.0	11	0.7488087134104834	124916.0	11	0.7488087134104834	250.5	0	0.0	501.0	0	0.0	501.0	0	0.0
info	7	84	126412.0	7	0.47651463580667125	126412.0	7	0.47651463580667125	253.5	3	0.20422055820285911	507.0	0	0.0	507.0	0	0.0
info	7	85	127908.0	9	0.6126616746085773	127908.0	9	0.6126616746085773	256.5	0	0.0	513.0	0	0.0	513.0	0	0.0
info	7	86	129404.0	10	0.6807351940095303	129404.0	10	0.6807351940095303	259.5	0	0.0	519.0	0	0.0	519.0	0	0.0
info	7	87	130900.0	9	0.6126616746085773	130900.0	9	0.6126616746085773	262.5	2	0.13614703880190607	525.0	0	0.0	525.0	0	0.0
info	7	88	132396.0	7	0.47651463580667125	132396.0	7	0.47651463580667125	265.5	2	0.13614703880190607	531.0	0	0.0	531.0	0	0.0
info	7	89	133892.0	10	0.6807351940095303	133892.0	10	0.6807351940095303	268.5	0	0.0	537.0	0	0.0	537.0	0	0.0
info	7	90	135388.0	8	0.5445881552076243	135388.0	8	0.5445881552076243	271.5	1	0.06807351940095303	543.0	0	0.0	543.0	0	0.0
info	7	91	136884.0	9	0.6126616746085773	136884.0	9	0.6126616746085773	274.5	1	0.06807351940095303	549.0	0	0.0	549.0	0	0.0
info	7	92	138380.0	9	0.6126616746085773	138380.0	9	0.6126616746085773	277.5	2	0.13614703880190607	555.0	0	0.0	555.0	0	0.0
info	7	93	139876.0	10	0.6807351940095303	139876.0	10	0.6807351940095303	280.5	0	0.0	561.0	0	0.0	561.0	0	0.0
info	7	94	141372.0	8	0.5445881552076243	141372.0	8	0.5445881552076243	283.5	3	0.20422055820285911	567.0	0	0.0	567.0	0	0.0
info	7	95	142868.0	7	0.47651463580667125	142868.0	7	0.47651463580667125	286.5	1	0.06807351940095303	573.0	0	0.0	573.0	0	0.0
info	7	96	144364.0	7	0.47651463580667125	144364.0	7	0.47651463580667125	289.5	1	0.06807351940095303	579.0	0	0.0	579.0	0	0.0
info	7	97	145860.0	8	0.5445881552076243	145860.0	8	0.5445881552076243	292.5	1	0.06807351940095303	585.0	0	0.0	585.0	0	0.0
info	7	98	147356.0	7	0.47651463580667125	147356.0	7	0.47651463580667125	295.5	3	0.20422055820285911	591.0	0	0.0	591.0	0	0.0
info	7	99	148852.0	7	0.47651463580667125	148852.0	7	0.47651463580667125	298.5	1	0.06807351940095303	597.0	0	0.0	597.0	0	0.0
info	7	100	150348.0	7	0.47651463580667125	150348.0	7	0.47651463580667125	301.5	0	0.0	603.0	0	0.0	603.0	0	0.0
info	7	101	151844.0	7	0.47651463580667125	151844.0	7	0.47651463580667125	304.5	2	0.13614703880190607	609.0	0	0.0	609.0	0	0.0
info	7	102	153340.0	7	0.47651463580667125	153340.0	7	0.47651463580667125	307.5	0	0.0	615.0	0	0.0	615.0	0	0.0
info	7	103	154836.0	7	0.47651463580667125	154836.0	7	0.47651463580667125	310.5	2	0.13614703880190607	621.0	0	0.0	621.0	0	0.0
info	7	104	156332.0	7	0.47651463580667125	156332.0	7	0.47651463580667125	313.5	0	0.0	627.0	0	0.0	627.0	0	0.0
info	7	105	157828.0	7	0.47651463580667125	157828.0	7	0.47651463580667125	316.5	0	0.0	633.0	0	0.0	633.0	0	0.0
info	7	106	159324.0	7	0.47651463580667125	159324.0	7	0.47651463580667125	319.5	1	0.06807351940095303	639.0	0	0.0	639.0	0	0.0
info	7	107	160820.0	7	0.47651463580667125	160820.0	7	0.47651463580667125	322.5	1	0.06807351940095303	645.0	0	0.0	645.0	0	0.0
info	7	108	162316.0	7	0.47651463580667125	162316.0	7	0.47651463580667125	325.5	0	0.0	651.0	0	0.0	651.0	0	0.0
info	7	109	163812.0	4	0.27229407760381213	163812.0	4	0.27229407760381213	328.5	2	0.13614703880190607	657.0	0	0.0	657.0	0	0.0
info	7	110	165308.0	10	0.6807351940095303	165308.0	10	0.6807351940095303	331.5	0	0.0	663.0	0	0.0	663.0	0	0.0
info	7	111	166804.0	7	0.47651463580667125	166804.0	7	0.47651463580667125	334.5	0	0.0	669.0	0	0.0	669.0	0	0.0
info	7	112	168300.0	4	0.27229407760381213	168300.0	4	0.27229407760381213	337.5	1	0.06807351940095303	675.0	0	0.0	675.0	0	0.0
info	7	113	169796.0	7	0.47651463580667125	169796.0	7	0.47651463580667125	340.5	0	0.0	681.0	0	0.0	681.0	0	0.0
info	7	114	171292.0	7	0.47651463580667125	171292.0	6	0.40844111640571823	343.5	0	0.0	687.0	0	0.0	687.0	0	0.0
info	7	115	172788.0	5	0.34036759700476515	172788.0	4	0.27229407760381213	346.5	2	0.13614703880190607	693.0	0	0.0	693.0	0	0.0
info	7	116	174284.0	7	0.47651463580667125	174284.0	7	0.47651463580667125	349.5	0	0.0	699.0	0	0.0	699.0	0	0.0
info	7	117	175780.0	5	0.34036759700476515	175780.0	7	0.47651463580667125	352.5	0	0.0	705.0	0	0.0	705.0	0	0.0
info	7	118	177276.0	7	0.47651463580667125	177276.0	7	0.47651463580667125	355.5	2	0.13614703880190607	711.0	0	0.0	711.0	0	0.0
info	7	119	178772.0	7	0.47651463580667125	178772.0	7	0.47651463580667125	358.5	0	0.0	717.0	0	0.0	717.0	0	0.0
info	7	120	180268.0	7	0.47651463580667125	180268.0	7	0.47651463580667125	361.5	0	0.0	723.0	0	0.0	723.0	0	0.0
info	7	121	181764.0	7	0.47651463580667125	181764.0	7	0.47651463580667125	364.5	0	0.0	729.0	0	0.0	729.0	0	0.0
info	7	122	183260.0	7	0.47651463580667125	183260.0	7	0.47651463580667125	367.5	0	0.0	735.0	0	0.0	735.0	0	0.0
info	7	123	184756.0	8	0.5445881552076243	184756.0	8	0.5445881552076243	370.5	0	0.0	741.0	0	0.0	741.0	0	0.0
info	7	124	186252.0	8	0.5445881552076243	186252.0	8	0.5445881552076243	373.5	0	0.0	747.0	0	0.0	747.0	0	0.0
info	7	125	187748.0	7	0.47651463580667125	187748.0	7	0.47651463580667125	376.5	0	0.0	753.0	0	0.0	753.0	0	0.0
info	7	126	189244.0	7	0.47651463580667125	189244.0	7	0.47651463580667125	379.5	1	0.06807351940095303	759.0	0	0.0	759.0	0	0.0
info	7	127	190740.0	7	0.47651463580667125	190740.0	7	0.47651463580667125	382.5	0	0.0	765.0	0	0.0	765.0	0	0.0
info	7	128	192236.0	7	0.47651463580667125	192236.0	7	0.47651463580667125	385.5	0	0.0	771.0	0	0.0	771.0	0	0.0
info	7	129	193732.0	7	0.47651463580667125	193732.0	7	0.47651463580667125	388.5	1	0.06807351940095303	777.0	0	0.0	777.0	0	0.0
info	7	130	195228.0	7	0.47651463580667125	195228.0	7	0.47651463580667125	391.5	1	0.06807351940095303	783.0	0	0.0	783.0	0	0.0
info	7	131	196724.0	7	0.47651463580667125	196724.0	7	0.47651463580667125	394.5	1	0.06807351940095303	789.0	0	0.0	789.0	0	0.0
info	7	132	198220.0	7	0.47651463580667125	198220.0	7	0.47651463580667125	397.5	2	0.13614703880190607	795.0	0	0.0	795.0	0	0.0
info	7	133	199716.0	7	0.47651463580667125	199716.0	7	0.47651463580667125	400.5	0	0.0	801.0	0	0.0	801.0	0	0.0
info	7	134	201212.0	9	0.6126616746085773	201212.0	9	0.6126616746085773	403.5	1	0.06807351940095303	807.0	0	0.0	807.0	0	0.0
info	7	135	202708.0	8	0.5445881552076243	202708.0	8	0.5445881552076243	406.5	1	0.06807351940095303	813.0	0	0.0	813.0	0	0.0
info	7	136	204204.0	8	0.5445881552076243	204204.0	8	0.5445881552076243	409.5	3	0.20422055820285911	819.0	0	0.0	819.0	0	0.0
info	7	137	205700.0	10	0.6807351940095303	205700.0	10	0.6807351940095303	412.5	0	0.0	825.0	0	0.0	825.0	0	0.0
info	7	138	207196.0	10	0.6807351940095303	207196.0	10	0.6807351940095303	415.5	0	0.0	831.0	0	0.0	831.0	0	0.0
info	7	139	208692.0	8	0.5445881552076243	208692.0	8	0.5445881552076243	418.5	1	0.06807351940095303	837.0	0	0.0	837.0	0	0.0
info	7	140	210188.0	7	0.47651463580667125	210188.0	7	0.47651463580667125	421.5	2	0.13614703880190607	843.0	0	0.0	843.0	0	0.0
info	7	141	211684.0	10	0.6807351940095303	211684.0	10	0.6807351940095303	424.5	0	0.0	849.0	0	0.0	849.0	0	0.0
info	7	142	213180.0	10	0.6807351940095303	213180.0	10	0.6807351940095303	427.5	0	0.0	855.0	0	0.0	855.0	0	0.0
info	7	143	214676.0	8	0.5445881552076243	214676.0	8	0.5445881552076243	430.5	1	0.06807351940095303	861.0	0	0.0	861.0	0	0.0
info	7	144	216172.0	8	0.5445881552076243	216172.0	8	0.5445881552076243	433.5	0	0.0	867.0	0	0.0	867.0	0	0.0
info	7	145	217668.0	9	0.6126616746085773	217668.0	9	0.6126616746085773	436.5	0	0.0	873.0	0	0.0	873.0	0	0.0
info	7	146	219164.0	11	0.7488087134104834	219164.0	11	0.7488087134104834	439.5	0	0.0	879.0	0	0.0	879.0	0	0.0
info	7	147	220660.0	8	0.5445881552076243	220660.0	8	0.5445881552076243	442.5	0	0.0	885.0	0	0.0	885.0	0	0.0
info	7	148	222156.0	8	0.5445881552076243	222156.0	8	0.5445881552076243	445.5	0	0.0	891.0	0	0.0	891.0	0	0.0
info	7	149	223652.0	9	0.6126616746085773	223652.0	9	0.6126616746085773	448.5	0	0.0	897.0	0	0.0	897.0	0	0.0
info	7	150	225148.0	9	0.6126616746085773	225148.0	9	0.6126616746085773	451.5	0	0.0	903.0	0	0.0	903.0	0	0.0
info	7	151	226644.0	9	0.6126616746085773	226644.0	9	0.6126616746085773	454.5	0	0.0	909.0	0	0.0	909.0	0	0.0
info	7	152	228140.0	8	0.5445881552076243	228140.0	8	0.5445881552076243	457.5	1	0.06807351940095303	915.0	0	0.0	915.0	0	0.0
info	7	153	229636.0	9	0.6126616746085773	229636.0	9	0.6126616746085773	460.5	0	0.0	921.0	0	0.0	921.0	0	0.0
info	7	154	231132.0	9	0.6126616746085773	231132.0	9	0.6126616746085773	463.5	0	0.0	927.0	0	0.0	927.0	0	0.0
info	7	155	232628.0	10	0.6807351940095303	232628.0	10	0.6807351940095303	466.5	0	0.0	933.0	0	0.0	933.0	0	0.0
info	7	156	234124.0	9	0.6126616746085773	234124.0	9	0.6126616746085773	469.5	0	0.0	939.0	0	0.0	939.0	0	0.0
info	7	157	235620.0	8	0.5445881552076243	235620.0	8	0.5445881552076243	472.5	1	0.06807351940095303	945.0	0	0.0	945.0	0	0.0
info	7	158	237116.0	8	0.5445881552076243	237116.0	8	0.5445881552076243	475.5	0	0.0	951.0	0	0.0	951.0	0	0.0
info	7	159	238612.0	7	0.47651463580667125	238612.0	7	0.47651463580667125	478.5	1	0.06807351940095303	957.0	0	0.0	957.0	0	0.0
info	7	160	240108.0	7	0.47651463580667125	240108.0	7	0.47651463580667125	481.5	0	0.0	963.0	0	0.0	963.0	0	0.0
info	7	161	241604.0	10	0.6807351940095303	241604.0	10	0.6807351940095303	484.5	0	0.0	969.0	0	0.0	969.0	0	0.0
info	7	162	243100.0	7	0.47651463580667125	243100.0	5	0.34036759700476515	487.5	0	0.0	975.0	0	0.0	975.0	0	0.0
info	7	163	244596.0	9	0.6126616746085773	244596.0	11	0.7488087134104834	490.5	0	0.0	981.0	0	0.0	981.0	0	0.0
info	7	164	246092.0	8	0.5445881552076243	246092.0	8	0.5445881552076243	493.5	0	0.0	987.0	0	0.0	987.0	0	0.0
info	7	165	247588.0	4	0.27229407760381213	247588.0	2	0.13614703880190607	496.5	0	0.0	993.0	0	0.0	993.0	0	0.0
info	7	166	249084.0	5	0.34036759700476515	249084.0	7	0.47651463580667125	499.5	0	0.0	999.0	0	0.0	999.0	0	0.0
info	7	167	250580.0	7	0.47651463580667125	250580.0	7	0.47651463580667125	502.5	0	0.0	1005.0	0	0.0	1005.0	0	0.0
info	7	168	252076.0	9	0.6126616746085773	252076.0	7	0.47651463580667125	505.5	0	0.0	1011.0	0	0.0	1011.0	0	0.0
info	7	169	253572.0	6	0.40844111640571823	253572.0	7	0.47651463580667125	508.5	0	0.0	1017.0	0	0.0	1017.0	0	0.0
info	7	170	255068.0	7	0.47651463580667125	255068.0	7	0.47651463580667125	511.5	0	0.0	1023.0	0	0.0	1023.0	0	0.0
info	7	171	256564.0	6	0.40844111640571823	256564.0	7	0.47651463580667125	514.5	0	0.0	1029.0	0	0.0	1029.0	0	0.0
info	7	172	258060.0	8	0.5445881552076243	258060.0	7	0.47651463580667125	517.5	0	0.0	1035.0	0	0.0	1035.0	0	0.0
info	7	173	259556.0	7	0.47651463580667125	259556.0	7	0.47651463580667125	520.5	0	0.0	1041.0	0	0.0	1041.0	0	0.0
info	7	174	261052.0	6	0.40844111640571823	261052.0	7	0.47651463580667125	523.5	0	0.0	1047.0	0	0.0	1047.0	0	0.0
info	7	175	262548.0	7	0.47651463580667125	262548.0	7	0.47651463580667125	526.5	0	0.0	1053.0	0	0.0	1053.0	0	0.0
info	7	176	264044.0	7	0.47651463580667125	264044.0	7	0.47651463580667125	529.5	0	0.0	1059.0	0	0.0	1059.0	0	0.0
info	7	177	265540.0	7	0.47651463580667125	265540.0	7	0.47651463580667125	532.5	1	0.06807351940095303	1065.0	0	0.0	1065.0	0	0.0
info	7	178	267036.0	7	0.47651463580667125	267036.0	7	0.47651463580667125	535.5	0	0.0	1071.0	0	0.0	1071.0	0	0.0
info	7	179	268532.0	7	0.47651463580667125	268532.0	7	0.47651463580667125	538.5	0	0.0	1077.0	0	0.0	1077.0	0	0.0
info	7	180	270028.0	7	0.47651463580667125	270028.0	7	0.47651463580667125	541.5	0	0.0	1083.0	0	0.0	1083.0	0	0.0
info	7	181	271524.0	7	0.47651463580667125	271524.0	7	0.47651463580667125	544.5	0	0.0	1089.0	0	0.0	1089.0	0	0.0
info	7	182	273020.0	7	0.47651463580667125	273020.0	7	0.47651463580667125	547.5	0	0.0	1095.0	0	0.0	1095.0	0	0.0
info	7	183	274516.0	7	0.47651463580667125	274516.0	7	0.47651463580667125	550.5	0	0.0	1101.0	0	0.0	1101.0	0	0.0
info	7	184	276012.0	7	0.47651463580667125	276012.0	7	0.47651463580667125	553.5	0	0.0	1107.0	0	0.0	1107.0	0	0.0
info	7	185	277508.0	7	0.47651463580667125	277508.0	7	0.47651463580667125	556.5	0	0.0	1113.0	0	0.0	1113.0	0	0.0
info	7	186	279004.0	7	0.47651463580667125	279004.0	7	0.47651463580667125	559.5	0	0.0	1119.0	0	0.0	1119.0	0	0.0
info	7	187	280500.0	7	0.47651463580667125	280500.0	7	0.47651463580667125	562.5	0	0.0	1125.0	0	0.0	1125.0	0	0.0
info	7	188	281996.0	7	0.47651463580667125	281996.0	7	0.47651463580667125	565.5	0	0.0	1131.0	0	0.0	1131.0	0	0.0
info	7	189	283492.0	7	0.47651463580667125	283492.0	7	0.47651463580667125	568.5	0	0.0	1137.0	0	0.0	1137.0	0	0.0
info	7	190	284988.0	7	0.47651463580667125	284988.0	7	0.47651463580667125	571.5	0	0.0	1143.0	0	0.0	1143.0	0	0.0
info	7	191	286484.0	7	0.47651463580667125	286484.0	7	0.47651463580667125	574.5	0	0.0	1149.0	0	0.0	1149.0	0	0.0
info	7	192	287980.0	7	0.47651463580667125	287980.0	7	0.47651463580667125	577.5	0	0.0	1155.0	0	0.0	1155.0	0	0.0
info	7	193	289476.0	7	0.47651463580667125	289476.0	7	0.47651463580667125	580.5	0	0.0	1161.0	0	0.0	1161.0	0	0.0
info	7	194	290972.0	7	0.47651463580667125	290972.0	7	0.47651463580667125	583.5	0	0.0	1167.0	0	0.0	1167.0	0	0.0
info	7	195	292468.0	7	0.47651463580667125	292468.0	7	0.47651463580667125	586.5	0	0.0	1173.0	0	0.0	1173.0	0	0.0
info	7	196	293964.0	7	0.47651463580667125	293964.0	7	0.47651463580667125	589.5	0	0.0	1179.0	0	0.0	1179.0	0	0.0
info	7	197	295460.0	7	0.47651463580667125	295460.0	7	0.47651463580667125	592.5	0	0.0	1185.0	0	0.0	1185.0	0	0.0
info	7	198	296956.0	7	0.47651463580667125	296956.0	7	0.47651463580667125	595.5	0	0.0	1191.0	0	0.0	1191.0	0	0.0
info	7	199	298452.0	7	0.47651463580667125	298452.0	7	0.47651463580667125	598.5	0	0.0	1197.0	0	0.0	1197.0	0	0.0
home	7	0	748.0	11	0.7488087134104834	748.0	10	0.6807351940095303	1.0	0	0.0	3.0	1469	100.0	3.0	1469	100.0
home	7	1	2244.0	10	0.6807351940095303	2244.0	11	0.7488087134104834	3.0	94	6.398910823689585	9.0	0	0.0	9.0	0	0.0
home	7	2	3740.0	7	0.47651463580667125	3740.0	7	0.47651463580667125	5.0	547	37.23621511232131	15.0	0	0.0	15.0	0	0.0
home	7	3	5236.0	7	0.47651463580667125	5236.0	7	0.47651463580667125	7.0	140	9.530292716133424	21.0	0	0.0	21.0	0	0.0
home	7	4	6732.0	7	0.47651463580667125	6732.0	7	0.47651463580667125	9.0	65	4.424778761061948	27.0	0	0.0	27.0	0	0.0
home	7	5	8228.0	9	0.6126616746085773	8228.0	9	0.6126616746085773	11.0	60	4.084411164057182	33.0	0	0.0	33.0	0	0.0
home	7	6	9724.0	7	0.47651463580667125	9724.0	7	0.47651463580667125	13.0	50	3.4036759700476518	39.0	0	0.0	39.0	0	0.0
home	7	7	11220.0	7	0.47651463580667125	11220.0	7	0.47651463580667125	15.0	62	4.220558202859088	45.0	0	0.0	45.0	0	0.0
home	7	8	12716.0	7	0.47651463580667125	12716.0	7	0.47651463580667125	17.0	49	3.335602450646699	51.0	0	0.0	51.0	0	0.0
home	7	9	14212.0	7	0.47651463580667125	14212.0	7	0.47651463580667125	19.0	51	3.4717494894486047	57.0	0	0.0	57.0	0	0.0
home	7	10	15708.0	7	0.47651463580667125	15708.0	7	0.47651463580667125	21.0	28	1.906058543226685	63.0	0	0.0	63.0	0	0.0
home	7	11	17204.0	7	0.47651463580667125	17204.0	7	0.47651463580667125	23.0	29	1.974132062627638	69.0	0	0.0	69.0	0	0.0
home	7	12	18700.0	7	0.47651463580667125	18700.0	7	0.47651463580667125	25.0	13	0.8849557522123894	75.0	0	0.0	75.0	0	0.0
home	7	13	20196.0	7	0.47651463580667125	20196.0	0	0.0	27.0	11	0.7488087134104834	81.0	0	0.0	81.0	0	0.0
home	7	14	21692.0	0	0.0	21692.0	7	0.47651463580667125	29.0	15	1.0211027910142956	87.0	0	0.0	87.0	0	0.0
home	7	15	23188.0	7	0.47651463580667125	23188.0	7	0.47651463580667125	31.0	9	0.6126616746085773	93.0	0	0.0	93.0	0	0.0
home	7	16	24684.0	7	0.47651463580667125	24684.0	7	0.47651463580667125	33.0	6	0.40844111640571823	99.0	0	0.0	99.0	0	0.0
home	7	17	26180.0	7	0.47651463580667125	26180.0	7	0.47651463580667125	35.0	8	0.5445881552076243	105.0	0	0.0	105.0	0	0.0
home	7	18	27676.0	7	0.47651463580667125	27676.0	7	0.47651463580667125	37.0	7	0.47651463580667125	111.0	0	0.0	111.0	0	0.0
home	7	19	29172.0	7	0.47651463580667125	29172.0	7	0.47651463580667125	39.0	5	0.34036759700476515	117.0	0	0.0	117.0	0	0.0
home	7	20	30668.0	7	0.47651463580667125	30668.0	7	0.47651463580667125	41.0	4	0.27229407760381213	123.0	0	0.0	123.0	0	0.0
home	7	21	32164.0	7	0.47651463580667125	32164.0	7	0.47651463580667125	43.0	8	0.5445881552076243	129.0	0	0.0	129.0	0	0.0
home	7	22	33660.0	7	0.47651463580667125	33660.0	7	0.47651463580667125	45.0	19	1.2933968686181077	135.0	0	0.0	135.0	0	0.0
home	7	23	35156.0	7	0.47651463580667125	35156.0	7	0.47651463580667125	47.0	18	1.2253233492171547	141.0	0	0.0	141.0	0	0.0
home	7	24	36652.0	7	0.47651463580667125	36652.0	7	0.47651463580667125	49.0	16	1.0891763104152485	147.0	0	0.0	147.0	0	0.0
home	7	25	38148.0	7	0.47651463580667125	38148.0	7	0.47651463580667125	51.0	18	1.2253233492171547	153.0	0	0.0	153.0	0	0.0
home	7	26	39644.0	7	0.47651463580667125	39644.0	7	0.47651463580667125	53.0	21	1.4295439074200138	159.0	0	0.0	159.0	0	0.0
home	7	27	41140.0	7	0.47651463580667125	41140.0	7	0.47651463580667125	55.0	20	1.3614703880190606	165.0	0	0.0	165.0	0	0.0
home	7	28	42636.0	7	0.47651463580667125	42636.0	7	0.47651463580667125	57.0	17	1.1572498298162015	171.0	0	0.0	171.0	0	0.0
home	7	29	44132.0	7	0.47651463580667125	44132.0	7	0.47651463580667125	59.0	13	0.8849557522123894	177.0	0	0.0	177.0	0	0.0
home	7	30	45628.0	7	0.47651463580667125	45628.0	7	0.47651463580667125	61.0	6	0.40844111640571823	183.0	0	0.0	183.0	0	0.0
home	7	31	47124.0	7	0.47651463580667125	47124.0	7	0.47651463580667125	63.0	3	0.20422055820285911	189.0	0	0.0	189.0	0	0.0
home	7	32	48620.0	4	0.27229407760381213	48620.0	4	0.27229407760381213	65.0	6	0.40844111640571823	195.0	0	0.0	195.0	0	0.0
home	7	33	50116.0	3	0.20422055820285911	50116.0	3	0.20422055820285911	67.0	6	0.40844111640571823	201.0	0	0.0	201.0	0	0.0
home	7	34	51612.0	7	0.47651463580667125	51612.0	7	0.47651463580667125	69.0	4	0.27229407760381213	207.0	0	0.0	207.0	0	0.0
home	7	35	53108.0	7	0.47651463580667125	53108.0	7	0.47651463580667125	71.0	2	0.13614703880190607	213.0	0	0.0	213.0	0	0.0
home	7	36	54604.0	7	0.47651463580667125	54604.0	7	0.47651463580667125	73.0	4	0.27229407760381213	219.0	0	0.0	219.0	0	0.0
home	7	37	56100.0	7	0.47651463580667125	56100.0	7	0.47651463580667125	75.0	5	0.34036759700476515	225.0	0	0.0	225.0	0	0.0
home	7	38	57596.0	7	0.47651463580667125	57596.0	7	0.47651463580667125	77.0	2	0.13614703880190607	231.0	0	0.0	231.0	0	0.0
home	7	39	59092.0	7	0.47651463580667125	59092.0	7	0.47651463580667125	79.0	1	0.06807351940095303	237.0	0	0.0	237.0	0	0.0
home	7	40	60588.0	7	0.47651463580667125	60588.0	7	0.47651463580667125	81.0	1	0.06807351940095303	243.0	0	0.0	243.0	0	0.0
home	7	41	62084.0	9	0.6126616746085773	62084.0	9	0.6126616746085773	83.0	2	0.13614703880190607	249.0	0	0.0	249.0	0	0.0
home	7	42	63580.0	7	0.47651463580667125	63580.0	7	0.47651463580667125	85.0	4	0.27229407760381213	255.0	0	0.0	255.0	0	0.0
home	7	43	65076.0	7	0.47651463580667125	65076.0	7	0.47651463580667125	87.0	0	0.0	261.0	0	0.0	261.0	0	0.0
home	7	44	66572.0	7	0.47651463580667125	66572.0	7	0.47651463580667125	89.0	0	0.0	267.0	0	0.0	267.0	0	0.0
home	7	45	68068.0	7	0.47651463580667125	68068.0	7	0.47651463580667125	91.0	1	0.06807351940095303	273.0	0	0.0	273.0	0	0.0
home	7	46	69564.0	7	0.47651463580667125	69564.0	7	0.47651463580667125	93.0	0	0.0	279.0	0	0.0	279.0	0	0.0
home	7	47	71060.0	7	0.47651463580667125	71060.0	7	0.47651463580667125	95.0	0	0.0	285.0	0	0.0	285.0	0	0.0
home	7	48	72556.0	7	0.47651463580667125	72556.0	7	0.47651463580667125	97.0	0	0.0	291.0	0	0.0	291.0	0	0.0
home	7	49	74052.0	7	0.47651463580667125	74052.0	7	0.47651463580667125	99.0	0	0.0	297.0	0	0.0	297.0	0	0.0
home	7	50	75548.0	7	0.47651463580667125	75548.0	7	0.47651463580667125	101.0	1	0.06807351940095303	303.0	0	0.0	303.0	0	0.0
home	7	51	77044.0	7	0.47651463580667125	77044.0	7	0.47651463580667125	103.0	0	0.0	309.0	0	0.0	309.0	0	0.0
home	7	52	78540.0	8	0.5445881552076243	78540.0	8	0.5445881552076243	105.0	0	0.0	315.0	0	0.0	315.0	0	0.0
home	7	53	80036.0	7	0.47651463580667125	80036.0	7	0.47651463580667125	107.0	2	0.13614703880190607	321.0	0	0.0	321.0	0	0.0
home	7	54	81532.0	7	0.47651463580667125	81532.0	7	0.47651463580667125	109.0	2	0.13614703880190607	327.0	0	0.0	327.0	0	0.0
home	7	55	83028.0	7	0.47651463580667125	83028.0	7	0.47651463580667125	111.0	0	0.0	333.0	0	0.0	333.0	0	0.0
home	7	56	84524.0	7	0.47651463580667125	84524.0	7	0.47651463580667125	113.0	0	0.0	339.0	0	0.0	339.0	0	0.0
home	7	57	86020.0	6	0.40844111640571823	86020.0	6	0.40844111640571823	115.0	0	0.0	345.0	0	0.0	345.0	0	0.0
home	7	58	87516.0	6	0.40844111640571823	87516.0	6	0.40844111640571823	117.0	0	0.0	351.0	0	0.0	351.0	0	0.0
home	7	59	89012.0	6	0.40844111640571823	89012.0	6	0.40844111640571823	119.0	0	0.0	357.0	0	0.0	357.0	0	0.0
home	7	60	90508.0	9	0.6126616746085773	90508.0	9	0.6126616746085773	121.0	1	0.06807351940095303	363.0	0	0.0	363.0	0	0.0
home	7	61	92004.0	6	0.40844111640571823	92004.0	4	0.27229407760381213	123.0	0	0.0	369.0	0	0.0	369.0	0	0.0
home	7	62	93500.0	6	0.40844111640571823	93500.0	8	0.5445881552076243	125.0	1	0.06807351940095303	375.0	0	0.0	375.0	0	0.0
home	7	63	94996.0	7	0.47651463580667125	94996.0	7	0.47651463580667125	127.0	0	0.0	381.0	0	0.0	381.0	0	0.0
home	7	64	96492.0	9	0.6126616746085773	96492.0	9	0.6126616746085773	129.0	0	0.0	387.0	0	0.0	387.0	0	0.0
home	7	65	97988.0	2	0.13614703880190607	97988.0	2	0.13614703880190607	131.0	0	0.0	393.0	0	0.0	393.0	0	0.0
home	7	66	99484.0	7	0.47651463580667125	99484.0	7	0.47651463580667125	133.0	0	0.0	399.0	0	0.0	399.0	0	0.0
home	7	67	100980.0	7	0.47651463580667125	100980.0	7	0.47651463580667125	135.0	1	0.06807351940095303	405.0	0	0.0	405.0	0	0.0
home	7	68	102476.0	7	0.47651463580667125	102476.0	7	0.47651463580667125	137.0	0	0.0	411.0	0	0.0	411.0	0	0.0
home	7	69	103972.0	7	0.47651463580667125	103972.0	7	0.47651463580667125	139.0	0	0.0	417.0	0	0.0	417.0	0	0.0
home	7	70	105468.0	7	0.47651463580667125	105468.0	7	0.47651463580667125	141.0	0	0.0	423.0	0	0.0	423.0	0	0.0
home	7	71	106964.0	7	0.47651463580667125	106964.0	7	0.47651463580667125	143.0	0	0.0	429.0	0	0.0	429.0	0	0.0
home	7	72	108460.0	7	0.47651463580667125	108460.0	7	0.47651463580667125	145.0	0	0.0	435.0	0	0.0	435.0	0	0.0
home	7	73	109956.0	7	0.47651463580667125	109956.0	7	0.47651463580667125	147.0	0	0.0	441.0	0	0.0	441.0	0	0.0
home	7	74	111452.0	7	0.47651463580667125	111452.0	7	0.47651463580667125	149.0	0	0.0	447.0	0	0.0	447.0	0	0.0
home	7	75	112948.0	7	0.47651463580667125	112948.0	7	0.47651463580667125	151.0	1	0.06807351940095303	453.0	0	0.0	453.0	0	0.0
home	7	76	114444.0	7	0.47651463580667125	114444.0	7	0.47651463580667125	153.0	0	0.0	459.0	0	0.0	459.0	0	0.0
home	7	77	115940.0	9	0.6126616746085773	115940.0	9	0.6126616746085773	155.0	0	0.0	465.0	0	0.0	465.0	0	0.0
home	7	78	117436.0	9	0.6126616746085773	117436.0	9	0.6126616746085773	157.0	0	0.0	471.0	0	0.0	471.0	0	0.0
home	7	79	118932.0	10	0.6807351940095303	118932.0	10	0.6807351940095303	159.0	0	0.0	477.0	0	0.0	477.0	0	0.0
home	7	80	120428.0	9	0.6126616746085773	120428.0	8	0.5445881552076243	161.0	0	0.0	483.0	0	0.0	483.0	0	0.0
home	7	81	121924.0	9	0.6126616746085773	121924.0	10	0.6807351940095303	163.0	0	0.0	489.0	0	0.0	489.0	0	0.0
home	7	82	123420.0	8	0.5445881552076243	123420.0	8	0.5445881552076243	165.0	0	0.0	495.0	0	0.0	495.0	0	0.0
home	7	83	124916.0	11	0.7488087134104834	124916.0	11	0.7488087134104834	167.0	0	0.0	501.0	0	0.0	501.0	0	0.0
home	7	84	126412.0	7	0.47651463580667125	126412.0	7	0.47651463580667125	169.0	0	0.0	507.0	0	0.0	507.0	0	0.0
home	7	85	127908.0	9	0.6126616746085773	127908.0	9	0.6126616746085773	171.0	0	0.0	513.0	0	0.0	513.0	0	0.0
home	7	86	129404.0	10	0.6807351940095303	129404.0	10	0.6807351940095303	173.0	0	0.0	519.0	0	0.0	519.0	0	0.0
home	7	87	130900.0	9	0.6126616746085773	130900.0	9	0.6126616746085773	175.0	0	0.0	525.0	0	0.0	525.0	0	0.0
home	7	88	132396.0	7	0.47651463580667125	132396.0	7	0.47651463580667125	177.0	0	0.0	531.0	0	0.0	531.0	0	0.0
home	7	89	133892.0	10	0.6807351940095303	133892.0	10	0.6807351940095303	179.0	0	0.0	537.0	0	0.0	537.0	0	0.0
home	7	90	135388.0	8	0.5445881552076243	135388.0	8	0.5445881552076243	181.0	0	0.0	543.0	0	0.0	543.0	0	0.0
home	7	91	136884.0	9	0.6126616746085773	136884.0	9	0.6126616746085773	183.0	1	0.06807351940095303	549.0	0	0.0	549.0	0	0.0
home	7	92	138380.0	10	0.6807351940095303	138380.0	9	0.6126616746085773	185.0	0	0.0	555.0	0	0.0	555.0	0	0.0
home	7	93	139876.0	9	0.6126616746085773	139876.0	10	0.6807351940095303	187.0	2	0.13614703880190607	561.0	0	0.0	561.0	0	0.0
home	7	94	141372.0	8	0.5445881552076243	141372.0	8	0.5445881552076243	189.0	0	0.0	567.0	0	0.0	567.0	0	0.0
home	7	95	142868.0	7	0.47651463580667125	142868.0	7	0.47651463580667125	191.0	0	0.0	573.0	0	0.0	573.0	0	0.0
home	7	96	144364.0	7	0.47651463580667125	144364.0	7	0.47651463580667125	193.0	1	0.06807351940095303	579.0	0	0.0	579.0	0	0.0
home	7	97	145860.0	8	0.5445881552076243	145860.0	8	0.5445881552076243	195.0	0	0.0	585.0	0	0.0	585.0	0	0.0
home	7	98	147356.0	7	0.47651463580667125	147356.0	7	0.47651463580667125	197.0	1	0.06807351940095303	591.0	0	0.0	591.0	0	0.0
home	7	99	148852.0	7	0.47651463580667125	148852.0	7	0.47651463580667125	199.0	0	0.0	597.0	0	0.0	597.0	0	0.0
home	7	100	150348.0	7	0.47651463580667125	150348.0	7	0.47651463580667125	201.0	0	0.0	603.0	0	0.0	603.0	0	0.0
home	7	101	151844.0	7	0.47651463580667125	151844.0	7	0.47651463580667125	203.0	0	0.0	609.0	0	0.0	609.0	0	0.0
home	7	102	153340.0	7	0.47651463580667125	153340.0	7	0.47651463580667125	205.0	0	0.0	615.0	0	0.0	615.0	0	0.0
home	7	103	154836.0	7	0.47651463580667125	154836.0	7	0.47651463580667125	207.0	2	0.13614703880190607	621.0	0	0.0	621.0	0	0.0
home	7	104	156332.0	7	0.47651463580667125	156332.0	7	0.47651463580667125	209.0	0	0.0	627.0	0	0.0	627.0	0	0.0
home	7	105	157828.0	7	0.47651463580667125	157828.0	7	0.47651463580667125	211.0	0	0.0	633.0	0	0.0	633.0	0	0.0
home	7	106	159324.0	7	0.47651463580667125	159324.0	7	0.47651463580667125	213.0	0	0.0	639.0	0	0.0	639.0	0	0.0
home	7	107	160820.0	7	0.47651463580667125	160820.0	7	0.47651463580667125	215.0	1	0.06807351940095303	645.0	0	0.0	645.0	0	0.0
home	7	108	162316.0	7	0.47651463580667125	162316.0	7	0.47651463580667125	217.0	0	0.0	651.0	0	0.0	651.0	0	0.0
home	7	109	163812.0	4	0.27229407760381213	163812.0	4	0.27229407760381213	219.0	0	0.0	657.0	0	0.0	657.0	0	0.0
home	7	110	165308.0	10	0.6807351940095303	165308.0	10	0.6807351940095303	221.0	0	0.0	663.0	0	0.0	663.0	0	0.0
home	7	111	166804.0	7	0.47651463580667125	166804.0	7	0.47651463580667125	223.0	0	0.0	669.0	0	0.0	669.0	0	0.0
home	7	112	168300.0	4	0.27229407760381213	168300.0	4	0.27229407760381213	225.0	0	0.0	675.0	0	0.0	675.0	0	0.0
home	7	113	169796.0	7	0.47651463580667125	169796.0	3	0.20422055820285911	227.0	0	0.0	681.0	0	0.0	681.0	0	0.0
home	7	114	171292.0	6	0.40844111640571823	171292.0	7	0.47651463580667125	229.0	0	0.0	687.0	0	0.0	687.0	0	0.0
home	7	115	172788.0	4	0.27229407760381213	172788.0	7	0.47651463580667125	231.0	0	0.0	693.0	0	0.0	693.0	0	0.0
home	7	116	174284.0	7	0.47651463580667125	174284.0	7	0.47651463580667125	233.0	0	0.0	699.0	0	0.0	699.0	0	0.0
home	7	117	175780.0	7	0.47651463580667125	175780.0	7	0.47651463580667125	235.0	0	0.0	705.0	0	0.0	705.0	0	0.0
home	7	118	177276.0	7	0.47651463580667125	177276.0	7	0.47651463580667125	237.0	0	0.0	711.0	0	0.0	711.0	0	0.0
home	7	119	178772.0	7	0.47651463580667125	178772.0	7	0.47651463580667125	239.0	0	0.0	717.0	0	0.0	717.0	0	0.0
home	7	120	180268.0	7	0.47651463580667125	180268.0	7	0.47651463580667125	241.0	0	0.0	723.0	0	0.0	723.0	0	0.0
home	7	121	181764.0	7	0.47651463580667125	181764.0	7	0.47651463580667125	243.0	0	0.0	729.0	0	0.0	729.0	0	0.0
home	7	122	183260.0	7	0.47651463580667125	183260.0	7	0.47651463580667125	245.0	0	0.0	735.0	0	0.0	735.0	0	0.0
home	7	123	184756.0	8	0.5445881552076243	184756.0	8	0.5445881552076243	247.0	0	0.0	741.0	0	0.0	741.0	0	0.0
home	7	124	186252.0	8	0.5445881552076243	186252.0	8	0.5445881552076243	249.0	0	0.0	747.0	0	0.0	747.0	0	0.0
home	7	125	187748.0	7	0.47651463580667125	187748.0	7	0.47651463580667125	251.0	0	0.0	753.0	0	0.0	753.0	0	0.0
home	7	126	189244.0	7	0.47651463580667125	189244.0	7	0.47651463580667125	253.0	0	0.0	759.0	0	0.0	759.0	0	0.0
home	7	127	190740.0	7	0.47651463580667125	190740.0	7	0.47651463580667125	255.0	0	0.0	765.0	0	0.0	765.0	0	0.0
home	7	128	192236.0	7	0.47651463580667125	192236.0	7	0.47651463580667125	257.0	0	0.0	771.0	0	0.0	771.0	0	0.0
home	7	129	193732.0	7	0.47651463580667125	193732.0	7	0.47651463580667125	259.0	0	0.0	777.0	0	0.0	777.0	0	0.0
home	7	130	195228.0	7	0.47651463580667125	195228.0	7	0.47651463580667125	261.0	0	0.0	783.0	0	0.0	783.0	0	0.0
home	7	131	196724.0	7	0.47651463580667125	196724.0	7	0.47651463580667125	263.0	0	0.0	789.0	0	0.0	789.0	0	0.0
home	7	132	198220.0	7	0.47651463580667125	198220.0	7	0.47651463580667125	265.0	0	0.0	795.0	0	0.0	795.0	0	0.0
home	7	133	199716.0	7	0.47651463580667125	199716.0	7	0.47651463580667125	267.0	0	0.0	801.0	0	0.0	801.0	0	0.0
home	7	134	201212.0	9	0.6126616746085773	201212.0	9	0.6126616746085773	269.0	0	0.0	807.0	0	0.0	807.0	0	0.0
home	7	135	202708.0	8	0.5445881552076243	202708.0	8	0.5445881552076243	271.0	0	0.0	813.0	0	0.0	813.0	0	0.0
home	7	136	204204.0	8	0.5445881552076243	204204.0	8	0.5445881552076243	273.0	0	0.0	819.0	0	0.0	819.0	0	0.0
home	7	137	205700.0	10	0.6807351940095303	205700.0	10	0.6807351940095303	275.0	0	0.0	825.0	0	0.0	825.0	0	0.0
home	7	138	207196.0	10	0.6807351940095303	207196.0	10	0.6807351940095303	277.0	0	0.0	831.0	0	0.0	831.0	0	0.0
home	7	139	208692.0	8	0.5445881552076243	208692.0	8	0.5445881552076243	279.0	0	0.0	837.0	0	0.0	837.0	0	0.0
home	7	140	210188.0	7	0.47651463580667125	210188.0	7	0.47651463580667125	281.0	0	0.0	843.0	0	0.0	843.0	0	0.0
home	7	141	211684.0	10	0.6807351940095303	211684.0	10	0.6807351940095303	283.0	1	0.06807351940095303	849.0	0	0.0	849.0	0	0.0
home	7	142	213180.0	10	0.6807351940095303	213180.0	10	0.6807351940095303	285.0	0	0.0	855.0	0	0.0	855.0	0	0.0
home	7	143	214676.0	8	0.5445881552076243	214676.0	8	0.5445881552076243	287.0	0	0.0	861.0	0	0.0	861.0	0	0.0
home	7	144	216172.0	8	0.5445881552076243	216172.0	8	0.5445881552076243	289.0	0	0.0	867.0	0	0.0	867.0	0	0.0
home	7	145	217668.0	9	0.6126616746085773	217668.0	9	0.6126616746085773	291.0	0	0.0	873.0	0	0.0	873.0	0	0.0
home	7	146	219164.0	11	0.7488087134104834	219164.0	11	0.7488087134104834	293.0	0	0.0	879.0	0	0.0	879.0	0	0.0
home	7	147	220660.0	8	0.5445881552076243	220660.0	8	0.5445881552076243	295.0	0	0.0	885.0	0	0.0	885.0	0	0.0
home	7	148	222156.0	8	0.5445881552076243	222156.0	8	0.5445881552076243	297.0	0	0.0	891.0	0	0.0	891.0	0	0.0
home	7	149	223652.0	9	0.6126616746085773	223652.0	9	0.6126616746085773	299.0	0	0.0	897.0	0	0.0	897.0	0	0.0
home	7	150	225148.0	9	0.6126616746085773	225148.0	9	0.6126616746085773	301.0	1	0.06807351940095303	903.0	0	0.0	903.0	0	0.0
home	7	151	226644.0	9	0.6126616746085773	226644.0	9	0.6126616746085773	303.0	0	0.0	909.0	0	0.0	909.0	0	0.0
home	7	152	228140.0	8	0.5445881552076243	228140.0	8	0.5445881552076243	305.0	0	0.0	915.0	0	0.0	915.0	0	0.0
home	7	153	229636.0	9	0.6126616746085773	229636.0	9	0.6126616746085773	307.0	0	0.0	921.0	0	0.0	921.0	0	0.0
home	7	154	231132.0	9	0.6126616746085773	231132.0	9	0.6126616746085773	309.0	0	0.0	927.0	0	0.0	927.0	0	0.0
home	7	155	232628.0	10	0.6807351940095303	232628.0	10	0.6807351940095303	311.0	0	0.0	933.0	0	0.0	933.0	0	0.0
home	7	156	234124.0	9	0.6126616746085773	234124.0	9	0.6126616746085773	313.0	0	0.0	939.0	0	0.0	939.0	0	0.0
home	7	157	235620.0	8	0.5445881552076243	235620.0	8	0.5445881552076243	315.0	0	0.0	945.0	0	0.0	945.0	0	0.0
home	7	158	237116.0	8	0.5445881552076243	237116.0	8	0.5445881552076243	317.0	0	0.0	951.0	0	0.0	951.0	0	0.0
home	7	159	238612.0	7	0.47651463580667125	238612.0	7	0.47651463580667125	319.0	0	0.0	957.0	0	0.0	957.0	0	0.0
home	7	160	240108.0	7	0.47651463580667125	240108.0	7	0.47651463580667125	321.0	0	0.0	963.0	0	0.0	963.0	0	0.0
home	7	161	241604.0	10	0.6807351940095303	241604.0	9	0.6126616746085773	323.0	0	0.0	969.0	0	0.0	969.0	0	0.0
home	7	162	243100.0	5	0.34036759700476515	243100.0	6	0.40844111640571823	325.0	0	0.0	975.0	0	0.0	975.0	0	0.0
home	7	163	244596.0	11	0.7488087134104834	244596.0	10	0.6807351940095303	327.0	0	0.0	981.0	0	0.0	981.0	0	0.0
home	7	164	246092.0	8	0.5445881552076243	246092.0	9	0.6126616746085773	329.0	0	0.0	987.0	0	0.0	987.0	0	0.0
home	7	165	247588.0	2	0.13614703880190607	247588.0	2	0.13614703880190607	331.0	0	0.0	993.0	0	0.0	993.0	0	0.0
home	7	166	249084.0	7	0.47651463580667125	249084.0	7	0.47651463580667125	333.0	0	0.0	999.0	0	0.0	999.0	0	0.0
home	7	167	250580.0	7	0.47651463580667125	250580.0	7	0.47651463580667125	335.0	0	0.0	1005.0	0	0.0	1005.0	0	0.0
home	7	168	252076.0	7	0.47651463580667125	252076.0	7	0.47651463580667125	337.0	0	0.0	1011.0	0	0.0	1011.0	0	0.0
home	7	169	253572.0	7	0.47651463580667125	253572.0	7	0.47651463580667125	339.0	0	0.0	1017.0	0	0.0	1017.0	0	0.0
home	7	170	255068.0	7	0.47651463580667125	255068.0	7	0.47651463580667125	341.0	0	0.0	1023.0	0	0.0	1023.0	0	0.0
home	7	171	256564.0	7	0.47651463580667125	256564.0	7	0.47651463580667125	343.0	0	0.0	1029.0	0	0.0	1029.0	0	0.0
home	7	172	258060.0	7	0.47651463580667125	258060.0	7	0.47651463580667125	345.0	0	0.0	1035.0	0	0.0	1035.0	0	0.0
home	7	173	259556.0	7	0.47651463580667125	259556.0	7	0.47651463580667125	347.0	0	0.0	1041.0	0	0.0	1041.0	0	0.0
home	7	174	261052.0	7	0.47651463580667125	261052.0	7	0.47651463580667125	349.0	0	0.0	1047.0	0	0.0	1047.0	0	0.0
home	7	175	262548.0	7	0.47651463580667125	262548.0	7	0.47651463580667125	351.0	0	0.0	1053.0	0	0.0	1053.0	0	0.0
home	7	176	264044.0	7	0.47651463580667125	264044.0	7	0.47651463580667125	353.0	0	0.0	1059.0	0	0.0	1059.0	0	0.0
home	7	177	265540.0	7	0.47651463580667125	265540.0	7	0.47651463580667125	355.0	0	0.0	1065.0	0	0.0	1065.0	0	0.0
home	7	178	267036.0	7	0.47651463580667125	267036.0	7	0.47651463580667125	357.0	0	0.0	1071.0	0	0.0	1071.0	0	0.0
home	7	179	268532.0	7	0.47651463580667125	268532.0	7	0.47651463580667125	359.0	0	0.0	1077.0	0	0.0	1077.0	0	0.0
home	7	180	270028.0	7	0.47651463580667125	270028.0	7	0.47651463580667125	361.0	0	0.0	1083.0	0	0.0	1083.0	0	0.0
home	7	181	271524.0	7	0.47651463580667125	271524.0	7	0.47651463580667125	363.0	0	0.0	1089.0	0	0.0	1089.0	0	0.0
home	7	182	273020.0	7	0.47651463580667125	273020.0	7	0.47651463580667125	365.0	0	0.0	1095.0	0	0.0	1095.0	0	0.0
home	7	183	274516.0	7	0.47651463580667125	274516.0	7	0.47651463580667125	367.0	0	0.0	1101.0	0	0.0	1101.0	0	0.0
home	7	184	276012.0	7	0.47651463580667125	276012.0	7	0.47651463580667125	369.0	0	0.0	1107.0	0	0.0	1107.0	0	0.0
home	7	185	277508.0	7	0.47651463580667125	277508.0	7	0.47651463580667125	371.0	0	0.0	1113.0	0	0.0	1113.0	0	0.0
home	7	186	279004.0	7	0.47651463580667125	279004.0	7	0.47651463580667125	373.0	0	0.0	1119.0	0	0.0	1119.0	0	0.0
home	7	187	280500.0	7	0.47651463580667125	280500.0	7	0.47651463580667125	375.0	0	0.0	1125.0	0	0.0	1125.0	0	0.0
home	7	188	281996.0	7	0.47651463580667125	281996.0	7	0.47651463580667125	377.0	0	0.0	1131.0	0	0.0	1131.0	0	0.0
home	7	189	283492.0	7	0.47651463580667125	283492.0	7	0.47651463580667125	379.0	0	0.0	1137.0	0	0.0	1137.0	0	0.0
home	7	190	284988.0	7	0.47651463580667125	284988.0	7	0.47651463580667125	381.0	0	0.0	1143.0	0	0.0	1143.0	0	0.0
home	7	191	286484.0	7	0.47651463580667125	286484.0	7	0.47651463580667125	383.0	0	0.0	1149.0	0	0.0	1149.0	0	0.0
home	7	192	287980.0	7	0.47651463580667125	287980.0	7	0.47651463580667125	385.0	0	0.0	1155.0	0	0.0	1155.0	0	0.0
home	7	193	289476.0	7	0.47651463580667125	289476.0	7	0.47651463580667125	387.0	0	0.0	1161.0	0	0.0	1161.0	0	0.0
home	7	194	290972.0	7	0.47651463580667125	290972.0	7	0.47651463580667125	389.0	0	0.0	1167.0	0	0.0	1167.0	0	0.0
home	7	195	292468.0	7	0.47651463580667125	292468.0	7	0.47651463580667125	391.0	0	0.0	1173.0	0	0.0	1173.0	0	0.0
home	7	196	293964.0	7	0.47651463580667125	293964.0	7	0.47651463580667125	393.0	0	0.0	1179.0	0	0.0	1179.0	0	0.0
home	7	197	295460.0	7	0.47651463580667125	295460.0	7	0.47651463580667125	395.0	0	0.0	1185.0	0	0.0	1185.0	0	0.0
home	7	198	296956.0	7	0.47651463580667125	296956.0	7	0.47651463580667125	397.0	0	0.0	1191.0	0	0.0	1191.0	0	0.0
home	7	199	298452.0	7	0.47651463580667125	298452.0	7	0.47651463580667125	399.0	0	0.0	1197.0	0	0.0	1197.0	0	0.0
