'Request type'	'Load'	'Bucket'	'Start time'	'Absolute'	'Percent of requests'	'End time'	'Absolute'	'Percent of requests'	'Residence time'	'Absolute'	'Percent of requests'	'Theor. think time'	'Absolute'	'Percent of requests'	'Actual think time'	'Absolute'	'Percent of requests'
login	12	0	748.5	12	1.5384615384615383	748.5	4	0.5128205128205128	10.5	0	0.0	3.0	780	99.99999999999999	3.0	780	99.99999999999999
login	12	1	2245.5	0	0.0	2245.5	4	0.5128205128205128	31.5	0	0.0	9.0	0	0.0	9.0	0	0.0
login	12	2	3742.5	0	0.0	3742.5	4	0.5128205128205128	52.5	0	0.0	15.0	0	0.0	15.0	0	0.0
login	12	3	5239.5	12	1.5384615384615383	5239.5	2	0.2564102564102564	73.5	0	0.0	21.0	0	0.0	21.0	0	0.0
login	12	4	6736.5	0	0.0	6736.5	4	0.5128205128205128	94.5	0	0.0	27.0	0	0.0	27.0	0	0.0
login	12	5	8233.5	0	0.0	8233.5	6	0.7692307692307692	115.5	0	0.0	33.0	0	0.0	33.0	0	0.0
login	12	6	9730.5	12	1.5384615384615383	9730.5	0	0.0	136.5	0	0.0	39.0	0	0.0	39.0	0	0.0
login	12	7	11227.5	0	0.0	11227.5	7	0.8974358974358974	157.5	0	0.0	45.0	0	0.0	45.0	0	0.0
login	12	8	12724.5	0	0.0	12724.5	5	0.641025641025641	178.5	0	0.0	51.0	0	0.0	51.0	0	0.0
login	12	9	14221.5	12	1.5384615384615383	14221.5	0	0.0	199.5	0	0.0	57.0	0	0.0	57.0	0	0.0
login	12	10	15718.5	0	0.0	15718.5	5	0.641025641025641	220.5	0	0.0	63.0	0	0.0	63.0	0	0.0
login	12	11	17215.5	0	0.0	17215.5	5	0.641025641025641	241.5	0	0.0	69.0	0	0.0	69.0	0	0.0
login	12	12	18712.5	12	1.5384615384615383	18712.5	2	0.2564102564102564	262.5	0	0.0	75.0	0	0.0	75.0	0	0.0
login	12	13	20209.5	0	0.0	20209.5	4	0.5128205128205128	283.5	0	0.0	81.0	0	0.0	81.0	0	0.0
login	12	14	21706.5	0	0.0	21706.5	5	0.641025641025641	304.5	0	0.0	87.0	0	0.0	87.0	0	0.0
login	12	15	23203.5	12	1.5384615384615383	23203.5	4	0.5128205128205128	325.5	0	0.0	93.0	0	0.0	93.0	0	0.0
login	12	16	24700.5	0	0.0	24700.5	4	0.5128205128205128	346.5	0	0.0	99.0	0	0.0	99.0	0	0.0
login	12	17	26197.5	0	0.0	26197.5	4	0.5128205128205128	367.5	0	0.0	105.0	0	0.0	105.0	0	0.0
login	12	18	27694.5	12	1.5384615384615383	27694.5	3	0.3846153846153846	388.5	1	0.1282051282051282	111.0	0	0.0	111.0	0	0.0
login	12	19	29191.5	0	0.0	29191.5	4	0.5128205128205128	409.5	0	0.0	117.0	0	0.0	117.0	0	0.0
login	12	20	30688.5	0	0.0	30688.5	4	0.5128205128205128	430.5	0	0.0	123.0	0	0.0	123.0	0	0.0
login	12	21	32185.5	6	0.7692307692307692	32185.5	4	0.5128205128205128	451.5	0	0.0	129.0	0	0.0	129.0	0	0.0
login	12	22	33682.5	6	0.7692307692307692	33682.5	4	0.5128205128205128	472.5	0	0.0	135.0	0	0.0	135.0	0	0.0
login	12	23	35179.5	0	0.0	35179.5	4	0.5128205128205128	493.5	1	0.1282051282051282	141.0	0	0.0	141.0	0	0.0
login	12	24	36676.5	10	1.282051282051282	36676.5	4	0.5128205128205128	514.5	0	0.0	147.0	0	0.0	147.0	0	0.0
login	12	25	38173.5	2	0.2564102564102564	38173.5	2	0.2564102564102564	535.5	0	0.0	153.0	0	0.0	153.0	0	0.0
login	12	26	39670.5	0	0.0	39670.5	5	0.641025641025641	556.5	0	0.0	159.0	0	0.0	159.0	0	0.0
login	12	27	41167.5	11	1.4102564102564101	41167.5	5	0.641025641025641	577.5	0	0.0	165.0	0	0.0	165.0	0	0.0
login	12	28	42664.5	1	0.1282051282051282	42664.5	2	0.2564102564102564	598.5	2	0.2564102564102564	171.0	0	0.0	171.0	0	0.0
login	12	29	44161.5	0	0.0	44161.5	5	0.641025641025641	619.5	2	0.2564102564102564	177.0	0	0.0	177.0	0	0.0
login	12	30	45658.5	0	0.0	45658.5	5	0.641025641025641	640.5	0	0.0	183.0	0	0.0	183.0	0	0.0
login	12	31	47155.5	12	1.5384615384615383	47155.5	4	0.5128205128205128	661.5	1	0.1282051282051282	189.0	0	0.0	189.0	0	0.0
login	12	32	48652.5	0	0.0	48652.5	4	0.5128205128205128	682.5	1	0.1282051282051282	195.0	0	0.0	195.0	0	0.0
login	12	33	50149.5	0	0.0	50149.5	4	0.5128205128205128	703.5	9	1.1538461538461537	201.0	0	0.0	201.0	0	0.0
login	12	34	51646.5	12	1.5384615384615383	51646.5	0	0.0	724.5	1	0.1282051282051282	207.0	0	0.0	207.0	0	0.0
login	12	35	53143.5	0	0.0	53143.5	6	0.7692307692307692	745.5	0	0.0	213.0	0	0.0	213.0	0	0.0
login	12	36	54640.5	0	0.0	54640.5	6	0.7692307692307692	766.5	1	0.1282051282051282	219.0	0	0.0	219.0	0	0.0
login	12	37	56137.5	12	1.5384615384615383	56137.5	0	0.0	787.5	6	0.7692307692307692	225.0	0	0.0	225.0	0	0.0
login	12	38	57634.5	0	0.0	57634.5	4	0.5128205128205128	808.5	6	0.7692307692307692	231.0	0	0.0	231.0	0	0.0
login	12	39	59131.5	0	0.0	59131.5	4	0.5128205128205128	829.5	0	0.0	237.0	0	0.0	237.0	0	0.0
login	12	40	60628.5	0	0.0	60628.5	4	0.5128205128205128	850.5	0	0.0	243.0	0	0.0	243.0	0	0.0
login	12	41	62125.5	12	1.5384615384615383	62125.5	3	0.3846153846153846	871.5	0	0.0	249.0	0	0.0	249.0	0	0.0
login	12	42	63622.5	0	0.0	63622.5	5	0.641025641025641	892.5	8	1.0256410256410255	255.0	0	0.0	255.0	0	0.0
login	12	43	65119.5	0	0.0	65119.5	4	0.5128205128205128	913.5	3	0.3846153846153846	261.0	0	0.0	261.0	0	0.0
login	12	44	66616.5	12	1.5384615384615383	66616.5	1	0.1282051282051282	934.5	0	0.0	267.0	0	0.0	267.0	0	0.0
login	12	45	68113.5	0	0.0	68113.5	6	0.7692307692307692	955.5	0	0.0	273.0	0	0.0	273.0	0	0.0
login	12	46	69610.5	0	0.0	69610.5	5	0.641025641025641	976.5	4	0.5128205128205128	279.0	0	0.0	279.0	0	0.0
login	12	47	71107.5	12	1.5384615384615383	71107.5	1	0.1282051282051282	997.5	8	1.0256410256410255	285.0	0	0.0	285.0	0	0.0
login	12	48	72604.5	0	0.0	72604.5	5	0.641025641025641	1018.5	5	0.641025641025641	291.0	0	0.0	291.0	0	0.0
login	12	49	74101.5	0	0.0	74101.5	5	0.641025641025641	1039.5	0	0.0	297.0	0	0.0	297.0	0	0.0
login	12	50	75598.5	12	1.5384615384615383	75598.5	1	0.1282051282051282	1060.5	0	0.0	303.0	0	0.0	303.0	0	0.0
login	12	51	77095.5	0	0.0	77095.5	6	0.7692307692307692	1081.5	12	1.5384615384615383	309.0	0	0.0	309.0	0	0.0
login	12	52	78592.5	0	0.0	78592.5	4	0.5128205128205128	1102.5	17	2.1794871794871793	315.0	0	0.0	315.0	0	0.0
login	12	53	80089.5	12	1.5384615384615383	80089.5	2	0.2564102564102564	1123.5	2	0.2564102564102564	321.0	0	0.0	321.0	0	0.0
login	12	54	81586.5	0	0.0	81586.5	4	0.5128205128205128	1144.5	0	0.0	327.0	0	0.0	327.0	0	0.0
login	12	55	83083.5	0	0.0	83083.5	5	0.641025641025641	1165.5	4	0.5128205128205128	333.0	0	0.0	333.0	0	0.0
login	12	56	84580.5	12	1.5384615384615383	84580.5	3	0.3846153846153846	1186.5	9	1.1538461538461537	339.0	0	0.0	339.0	0	0.0
login	12	57	86077.5	0	0.0	86077.5	3	0.3846153846153846	1207.5	13	1.6666666666666665	345.0	0	0.0	345.0	0	0.0
login	12	58	87574.5	0	0.0	87574.5	5	0.641025641025641	1228.5	1	0.1282051282051282	351.0	0	0.0	351.0	0	0.0
login	12	59	89071.5	11	1.4102564102564101	89071.5	4	0.5128205128205128	1249.5	1	0.1282051282051282	357.0	0	0.0	357.0	0	0.0
login	12	60	90568.5	1	0.1282051282051282	90568.5	4	0.5128205128205128	1270.5	1	0.1282051282051282	363.0	0	0.0	363.0	0	0.0
login	12	61	92065.5	0	0.0	92065.5	6	0.7692307692307692	1291.5	11	1.4102564102564101	369.0	0	0.0	369.0	0	0.0
login	12	62	93562.5	12	1.5384615384615383	93562.5	2	0.2564102564102564	1312.5	12	1.5384615384615383	375.0	0	0.0	375.0	0	0.0
login	12	63	95059.5	0	0.0	95059.5	5	0.641025641025641	1333.5	0	0.0	381.0	0	0.0	381.0	0	0.0
login	12	64	96556.5	0	0.0	96556.5	3	0.3846153846153846	1354.5	0	0.0	387.0	0	0.0	387.0	0	0.0
login	12	65	98053.5	11	1.4102564102564101	98053.5	4	0.5128205128205128	1375.5	10	1.282051282051282	393.0	0	0.0	393.0	0	0.0
login	12	66	99550.5	1	0.1282051282051282	99550.5	2	0.2564102564102564	1396.5	23	2.9487179487179485	399.0	0	0.0	399.0	0	0.0
login	12	67	101047.5	0	0.0	101047.5	6	0.7692307692307692	1417.5	6	0.7692307692307692	405.0	0	0.0	405.0	0	0.0
login	12	68	102544.5	11	1.4102564102564101	102544.5	4	0.5128205128205128	1438.5	0	0.0	411.0	0	0.0	411.0	0	0.0
login	12	69	104041.5	1	0.1282051282051282	104041.5	4	0.5128205128205128	1459.5	1	0.1282051282051282	417.0	0	0.0	417.0	0	0.0
login	12	70	105538.5	0	0.0	105538.5	4	0.5128205128205128	1480.5	10	1.282051282051282	423.0	0	0.0	423.0	0	0.0
login	12	71	107035.5	12	1.5384615384615383	107035.5	4	0.5128205128205128	1501.5	13	1.6666666666666665	429.0	0	0.0	429.0	0	0.0
login	12	72	108532.5	0	0.0	108532.5	4	0.5128205128205128	1522.5	1	0.1282051282051282	435.0	0	0.0	435.0	0	0.0
login	12	73	110029.5	0	0.0	110029.5	4	0.5128205128205128	1543.5	0	0.0	441.0	0	0.0	441.0	0	0.0
login	12	74	111526.5	0	0.0	111526.5	4	0.5128205128205128	1564.5	0	0.0	447.0	0	0.0	447.0	0	0.0
login	12	75	113023.5	12	1.5384615384615383	113023.5	2	0.2564102564102564	1585.5	5	0.641025641025641	453.0	0	0.0	453.0	0	0.0
login	12	76	114520.5	0	0.0	114520.5	5	0.641025641025641	1606.5	3	0.3846153846153846	459.0	0	0.0	459.0	0	0.0
login	12	77	116017.5	0	0.0	116017.5	5	0.641025641025641	1627.5	1	0.1282051282051282	465.0	0	0.0	465.0	0	0.0
login	12	78	117514.5	12	1.5384615384615383	117514.5	3	0.3846153846153846	1648.5	0	0.0	471.0	0	0.0	471.0	0	0.0
login	12	79	119011.5	0	0.0	119011.5	5	0.641025641025641	1669.5	1	0.1282051282051282	477.0	0	0.0	477.0	0	0.0
login	12	80	120508.5	0	0.0	120508.5	4	0.5128205128205128	1690.5	3	0.3846153846153846	483.0	0	0.0	483.0	0	0.0
login	12	81	122005.5	12	1.5384615384615383	122005.5	0	0.0	1711.5	5	0.641025641025641	489.0	0	0.0	489.0	0	0.0
login	12	82	123502.5	0	0.0	123502.5	8	1.0256410256410255	1732.5	0	0.0	495.0	0	0.0	495.0	0	0.0
login	12	83	124999.5	0	0.0	124999.5	4	0.5128205128205128	1753.5	0	0.0	501.0	0	0.0	501.0	0	0.0
login	12	84	126496.5	12	1.5384615384615383	126496.5	0	0.0	1774.5	5	0.641025641025641	507.0	0	0.0	507.0	0	0.0
login	12	85	127993.5	0	0.0	127993.5	6	0.7692307692307692	1795.5	19	2.4358974358974357	513.0	0	0.0	513.0	0	0.0
login	12	86	129490.5	0	0.0	129490.5	6	0.7692307692307692	1816.5	4	0.5128205128205128	519.0	0	0.0	519.0	0	0.0
login	12	87	130987.5	12	1.5384615384615383	130987.5	1	0.1282051282051282	1837.5	0	0.0	525.0	0	0.0	525.0	0	0.0
login	12	88	132484.5	0	0.0	132484.5	5	0.641025641025641	1858.5	0	0.0	531.0	0	0.0	531.0	0	0.0
login	12	89	133981.5	0	0.0	133981.5	6	0.7692307692307692	1879.5	10	1.282051282051282	537.0	0	0.0	537.0	0	0.0
login	12	90	135478.5	12	1.5384615384615383	135478.5	2	0.2564102564102564	1900.5	23	2.9487179487179485	543.0	0	0.0	543.0	0	0.0
login	12	91	136975.5	0	0.0	136975.5	6	0.7692307692307692	1921.5	6	0.7692307692307692	549.0	0	0.0	549.0	0	0.0
login	12	92	138472.5	0	0.0	138472.5	4	0.5128205128205128	1942.5	0	0.0	555.0	0	0.0	555.0	0	0.0
login	12	93	139969.5	12	1.5384615384615383	139969.5	4	0.5128205128205128	1963.5	1	0.1282051282051282	561.0	0	0.0	561.0	0	0.0
login	12	94	141466.5	0	0.0	141466.5	4	0.5128205128205128	1984.5	19	2.4358974358974357	567.0	0	0.0	567.0	0	0.0
login	12	95	142963.5	12	1.5384615384615383	142963.5	4	0.5128205128205128	2005.5	13	1.6666666666666665	573.0	0	0.0	573.0	0	0.0
login	12	96	144460.5	0	0.0	144460.5	2	0.2564102564102564	2026.5	0	0.0	579.0	0	0.0	579.0	0	0.0
login	12	97	145957.5	0	0.0	145957.5	5	0.641025641025641	2047.5	0	0.0	585.0	0	0.0	585.0	0	0.0
login	12	98	147454.5	0	0.0	147454.5	5	0.641025641025641	2068.5	6	0.7692307692307692	591.0	0	0.0	591.0	0	0.0
login	12	99	148951.5	12	1.5384615384615383	148951.5	0	0.0	2089.5	11	1.4102564102564101	597.0	0	0.0	597.0	0	0.0
login	12	100	150448.5	0	0.0	150448.5	8	1.0256410256410255	2110.5	7	0.8974358974358974	603.0	0	0.0	603.0	0	0.0
login	12	101	151945.5	0	0.0	151945.5	4	0.5128205128205128	2131.5	1	0.1282051282051282	609.0	0	0.0	609.0	0	0.0
login	12	102	153442.5	12	1.5384615384615383	153442.5	0	0.0	2152.5	0	0.0	615.0	0	0.0	615.0	0	0.0
login	12	103	154939.5	0	0.0	154939.5	7	0.8974358974358974	2173.5	7	0.8974358974358974	621.0	0	0.0	621.0	0	0.0
login	12	104	156436.5	0	0.0	156436.5	5	0.641025641025641	2194.5	14	1.7948717948717947	627.0	0	0.0	627.0	0	0.0
login	12	105	157933.5	12	1.5384615384615383	157933.5	0	0.0	2215.5	4	0.5128205128205128	633.0	0	0.0	633.0	0	0.0
login	12	106	159430.5	0	0.0	159430.5	6	0.7692307692307692	2236.5	0	0.0	639.0	0	0.0	639.0	0	0.0
login	12	107	160927.5	0	0.0	160927.5	6	0.7692307692307692	2257.5	0	0.0	645.0	0	0.0	645.0	0	0.0
login	12	108	162424.5	12	1.5384615384615383	162424.5	1	0.1282051282051282	2278.5	7	0.8974358974358974	651.0	0	0.0	651.0	0	0.0
login	12	109	163921.5	0	0.0	163921.5	5	0.641025641025641	2299.5	13	1.6666666666666665	657.0	0	0.0	657.0	0	0.0
login	12	110	165418.5	0	0.0	165418.5	6	0.7692307692307692	2320.5	2	0.2564102564102564	663.0	0	0.0	663.0	0	0.0
login	12	111	166915.5	12	1.5384615384615383	166915.5	1	0.1282051282051282	2341.5	0	0.0	669.0	0	0.0	669.0	0	0.0
login	12	112	168412.5	0	0.0	168412.5	6	0.7692307692307692	2362.5	4	0.5128205128205128	675.0	0	0.0	675.0	0	0.0
login	12	113	169909.5	0	0.0	169909.5	5	0.641025641025641	2383.5	8	1.0256410256410255	681.0	0	0.0	681.0	0	0.0
login	12	114	171406.5	12	1.5384615384615383	171406.5	0	0.0	2404.5	10	1.282051282051282	687.0	0	0.0	687.0	0	0.0
login	12	115	172903.5	0	0.0	172903.5	6	0.7692307692307692	2425.5	0	0.0	693.0	0	0.0	693.0	0	0.0
login	12	116	174400.5	0	0.0	174400.5	5	0.641025641025641	2446.5	1	0.1282051282051282	699.0	0	0.0	699.0	0	0.0
login	12	117	175897.5	12	1.5384615384615383	175897.5	1	0.1282051282051282	2467.5	1	0.1282051282051282	705.0	0	0.0	705.0	0	0.0
login	12	118	177394.5	0	0.0	177394.5	6	0.7692307692307692	2488.5	10	1.282051282051282	711.0	0	0.0	711.0	0	0.0
login	12	119	178891.5	0	0.0	178891.5	6	0.7692307692307692	2509.5	12	1.5384615384615383	717.0	0	0.0	717.0	0	0.0
login	12	120	180388.5	12	1.5384615384615383	180388.5	1	0.1282051282051282	2530.5	0	0.0	723.0	0	0.0	723.0	0	0.0
login	12	121	181885.5	0	0.0	181885.5	5	0.641025641025641	2551.5	0	0.0	729.0	0	0.0	729.0	0	0.0
login	12	122	183382.5	0	0.0	183382.5	6	0.7692307692307692	2572.5	6	0.7692307692307692	735.0	0	0.0	735.0	0	0.0
login	12	123	184879.5	12	1.5384615384615383	184879.5	0	0.0	2593.5	8	1.0256410256410255	741.0	0	0.0	741.0	0	0.0
login	12	124	186376.5	0	0.0	186376.5	4	0.5128205128205128	2614.5	9	1.1538461538461537	747.0	0	0.0	747.0	0	0.0
login	12	125	187873.5	0	0.0	187873.5	6	0.7692307692307692	2635.5	0	0.0	753.0	0	0.0	753.0	0	0.0
login	12	126	189370.5	12	1.5384615384615383	189370.5	2	0.2564102564102564	2656.5	1	0.1282051282051282	759.0	0	0.0	759.0	0	0.0
login	12	127	190867.5	0	0.0	190867.5	7	0.8974358974358974	2677.5	6	0.7692307692307692	765.0	0	0.0	765.0	0	0.0
login	12	128	192364.5	0	0.0	192364.5	5	0.641025641025641	2698.5	10	1.282051282051282	771.0	0	0.0	771.0	0	0.0
login	12	129	193861.5	12	1.5384615384615383	193861.5	0	0.0	2719.5	7	0.8974358974358974	777.0	0	0.0	777.0	0	0.0
login	12	130	195358.5	0	0.0	195358.5	7	0.8974358974358974	2740.5	0	0.0	783.0	0	0.0	783.0	0	0.0
login	12	131	196855.5	0	0.0	196855.5	5	0.641025641025641	2761.5	1	0.1282051282051282	789.0	0	0.0	789.0	0	0.0
login	12	132	198352.5	12	1.5384615384615383	198352.5	0	0.0	2782.5	5	0.641025641025641	795.0	0	0.0	795.0	0	0.0
login	12	133	199849.5	0	0.0	199849.5	6	0.7692307692307692	2803.5	3	0.3846153846153846	801.0	0	0.0	801.0	0	0.0
login	12	134	201346.5	0	0.0	201346.5	6	0.7692307692307692	2824.5	1	0.1282051282051282	807.0	0	0.0	807.0	0	0.0
login	12	135	202843.5	12	1.5384615384615383	202843.5	0	0.0	2845.5	0	0.0	813.0	0	0.0	813.0	0	0.0
login	12	136	204340.5	0	0.0	204340.5	7	0.8974358974358974	2866.5	1	0.1282051282051282	819.0	0	0.0	819.0	0	0.0
login	12	137	205837.5	0	0.0	205837.5	5	0.641025641025641	2887.5	7	0.8974358974358974	825.0	0	0.0	825.0	0	0.0
login	12	138	207334.5	12	1.5384615384615383	207334.5	1	0.1282051282051282	2908.5	6	0.7692307692307692	831.0	0	0.0	831.0	0	0.0
login	12	139	208831.5	0	0.0	208831.5	5	0.641025641025641	2929.5	0	0.0	837.0	0	0.0	837.0	0	0.0
login	12	140	210328.5	0	0.0	210328.5	6	0.7692307692307692	2950.5	0	0.0	843.0	0	0.0	843.0	0	0.0
login	12	141	211825.5	12	1.5384615384615383	211825.5	1	0.1282051282051282	2971.5	2	0.2564102564102564	849.0	0	0.0	849.0	0	0.0
login	12	142	213322.5	0	0.0	213322.5	5	0.641025641025641	2992.5	9	1.1538461538461537	855.0	0	0.0	855.0	0	0.0
login	12	143	214819.5	0	0.0	214819.5	6	0.7692307692307692	3013.5	2	0.2564102564102564	861.0	0	0.0	861.0	0	0.0
login	12	144	216316.5	12	1.5384615384615383	216316.5	1	0.1282051282051282	3034.5	0	0.0	867.0	0	0.0	867.0	0	0.0
login	12	145	217813.5	0	0.0	217813.5	5	0.641025641025641	3055.5	0	0.0	873.0	0	0.0	873.0	0	0.0
login	12	146	219310.5	0	0.0	219310.5	5	0.641025641025641	3076.5	8	1.0256410256410255	879.0	0	0.0	879.0	0	0.0
login	12	147	220807.5	12	1.5384615384615383	220807.5	1	0.1282051282051282	3097.5	15	1.923076923076923	885.0	0	0.0	885.0	0	0.0
login	12	148	222304.5	0	0.0	222304.5	3	0.3846153846153846	3118.5	4	0.5128205128205128	891.0	0	0.0	891.0	0	0.0
login	12	149	223801.5	0	0.0	223801.5	5	0.641025641025641	3139.5	0	0.0	897.0	0	0.0	897.0	0	0.0
login	12	150	225298.5	12	1.5384615384615383	225298.5	4	0.5128205128205128	3160.5	2	0.2564102564102564	903.0	0	0.0	903.0	0	0.0
login	12	151	226795.5	0	0.0	226795.5	2	0.2564102564102564	3181.5	10	1.282051282051282	909.0	0	0.0	909.0	0	0.0
login	12	152	228292.5	0	0.0	228292.5	5	0.641025641025641	3202.5	11	1.4102564102564101	915.0	0	0.0	915.0	0	0.0
login	12	153	229789.5	0	0.0	229789.5	5	0.641025641025641	3223.5	0	0.0	921.0	0	0.0	921.0	0	0.0
login	12	154	231286.5	12	1.5384615384615383	231286.5	2	0.2564102564102564	3244.5	0	0.0	927.0	0	0.0	927.0	0	0.0
login	12	155	232783.5	0	0.0	232783.5	4	0.5128205128205128	3265.5	4	0.5128205128205128	933.0	0	0.0	933.0	0	0.0
login	12	156	234280.5	0	0.0	234280.5	6	0.7692307692307692	3286.5	18	2.3076923076923075	939.0	0	0.0	939.0	0	0.0
login	12	157	235777.5	12	1.5384615384615383	235777.5	2	0.2564102564102564	3307.5	16	2.051282051282051	945.0	0	0.0	945.0	0	0.0
login	12	158	237274.5	0	0.0	237274.5	4	0.5128205128205128	3328.5	0	0.0	951.0	0	0.0	951.0	0	0.0
login	12	159	238771.5	0	0.0	238771.5	6	0.7692307692307692	3349.5	0	0.0	957.0	0	0.0	957.0	0	0.0
login	12	160	240268.5	12	1.5384615384615383	240268.5	1	0.1282051282051282	3370.5	7	0.8974358974358974	963.0	0	0.0	963.0	0	0.0
login	12	161	241765.5	0	0.0	241765.5	6	0.7692307692307692	3391.5	17	2.1794871794871793	969.0	0	0.0	969.0	0	0.0
login	12	162	243262.5	0	0.0	243262.5	5	0.641025641025641	3412.5	4	0.5128205128205128	975.0	0	0.0	975.0	0	0.0
login	12	163	244759.5	12	1.5384615384615383	244759.5	1	0.1282051282051282	3433.5	0	0.0	981.0	0	0.0	981.0	0	0.0
login	12	164	246256.5	0	0.0	246256.5	5	0.641025641025641	3454.5	3	0.3846153846153846	987.0	0	0.0	987.0	0	0.0
login	12	165	247753.5	0	0.0	247753.5	6	0.7692307692307692	3475.5	7	0.8974358974358974	993.0	0	0.0	993.0	0	0.0
login	12	166	249250.5	12	1.5384615384615383	249250.5	0	0.0	3496.5	18	2.3076923076923075	999.0	0	0.0	999.0	0	0.0
login	12	167	250747.5	0	0.0	250747.5	6	0.7692307692307692	3517.5	8	1.0256410256410255	1005.0	0	0.0	1005.0	0	0.0
login	12	168	252244.5	0	0.0	252244.5	4	0.5128205128205128	3538.5	1	0.1282051282051282	1011.0	0	0.0	1011.0	0	0.0
login	12	169	253741.5	12	1.5384615384615383	253741.5	3	0.3846153846153846	3559.5	3	0.3846153846153846	1017.0	0	0.0	1017.0	0	0.0
login	12	170	255238.5	0	0.0	255238.5	4	0.5128205128205128	3580.5	8	1.0256410256410255	1023.0	0	0.0	1023.0	0	0.0
login	12	171	256735.5	0	0.0	256735.5	5	0.641025641025641	3601.5	21	2.692307692307692	1029.0	0	0.0	1029.0	0	0.0
login	12	172	258232.5	12	1.5384615384615383	258232.5	2	0.2564102564102564	3622.5	6	0.7692307692307692	1035.0	0	0.0	1035.0	0	0.0
login	12	173	259729.5	0	0.0	259729.5	5	0.641025641025641	3643.5	1	0.1282051282051282	1041.0	0	0.0	1041.0	0	0.0
login	12	174	261226.5	0	0.0	261226.5	5	0.641025641025641	3664.5	4	0.5128205128205128	1047.0	0	0.0	1047.0	0	0.0
login	12	175	262723.5	12	1.5384615384615383	262723.5	2	0.2564102564102564	3685.5	13	1.6666666666666665	1053.0	0	0.0	1053.0	0	0.0
login	12	176	264220.5	0	0.0	264220.5	6	0.7692307692307692	3706.5	13	1.6666666666666665	1059.0	0	0.0	1059.0	0	0.0
login	12	177	265717.5	0	0.0	265717.5	6	0.7692307692307692	3727.5	2	0.2564102564102564	1065.0	0	0.0	1065.0	0	0.0
login	12	178	267214.5	12	1.5384615384615383	267214.5	0	0.0	3748.5	2	0.2564102564102564	1071.0	0	0.0	1071.0	0	0.0
login	12	179	268711.5	0	0.0	268711.5	4	0.5128205128205128	3769.5	2	0.2564102564102564	1077.0	0	0.0	1077.0	0	0.0
login	12	180	270208.5	0	0.0	270208.5	4	0.5128205128205128	3790.5	9	1.1538461538461537	1083.0	0	0.0	1083.0	0	0.0
login	12	181	271705.5	12	1.5384615384615383	271705.5	4	0.5128205128205128	3811.5	2	0.2564102564102564	1089.0	0	0.0	1089.0	0	0.0
login	12	182	273202.5	0	0.0	273202.5	4	0.5128205128205128	3832.5	1	0.1282051282051282	1095.0	0	0.0	1095.0	0	0.0
login	12	183	274699.5	0	0.0	274699.5	4	0.5128205128205128	3853.5	0	0.0	1101.0	0	0.0	1101.0	0	0.0
login	12	184	276196.5	0	0.0	276196.5	4	0.5128205128205128	3874.5	3	0.3846153846153846	1107.0	0	0.0	1107.0	0	0.0
login	12	185	277693.5	12	1.5384615384615383	277693.5	4	0.5128205128205128	3895.5	4	0.5128205128205128	1113.0	0	0.0	1113.0	0	0.0
login	12	186	279190.5	0	0.0	279190.5	4	0.5128205128205128	3916.5	2	0.2564102564102564	1119.0	0	0.0	1119.0	0	0.0
login	12	187	280687.5	0	0.0	280687.5	4	0.5128205128205128	3937.5	0	0.0	1125.0	0	0.0	1125.0	0	0.0
login	12	188	282184.5	12	1.5384615384615383	282184.5	2	0.2564102564102564	3958.5	1	0.1282051282051282	1131.0	0	0.0	1131.0	0	0.0
login	12	189	283681.5	0	0.0	283681.5	6	0.7692307692307692	3979.5	1	0.1282051282051282	1137.0	0	0.0	1137.0	0	0.0
login	12	190	285178.5	0	0.0	285178.5	4	0.5128205128205128	4000.5	0	0.0	1143.0	0	0.0	1143.0	0	0.0
login	12	191	286675.5	12	1.5384615384615383	286675.5	1	0.1282051282051282	4021.5	0	0.0	1149.0	0	0.0	1149.0	0	0.0
login	12	192	288172.5	0	0.0	288172.5	6	0.7692307692307692	4042.5	1	0.1282051282051282	1155.0	0	0.0	1155.0	0	0.0
login	12	193	289669.5	0	0.0	289669.5	5	0.641025641025641	4063.5	0	0.0	1161.0	0	0.0	1161.0	0	0.0
login	12	194	291166.5	12	1.5384615384615383	291166.5	1	0.1282051282051282	4084.5	2	0.2564102564102564	1167.0	0	0.0	1167.0	0	0.0
login	12	195	292663.5	0	0.0	292663.5	5	0.641025641025641	4105.5	0	0.0	1173.0	0	0.0	1173.0	0	0.0
login	12	196	294160.5	0	0.0	294160.5	6	0.7692307692307692	4126.5	0	0.0	1179.0	0	0.0	1179.0	0	0.0
login	12	197	295657.5	12	1.5384615384615383	295657.5	1	0.1282051282051282	4147.5	0	0.0	1185.0	0	0.0	1185.0	0	0.0
login	12	198	297154.5	0	0.0	297154.5	5	0.641025641025641	4168.5	0	0.0	1191.0	0	0.0	1191.0	0	0.0
login	12	199	298651.5	0	0.0	298651.5	6	0.7692307692307692	4189.5	0	0.0	1197.0	0	0.0	1197.0	0	0.0
info	12	0	746.0	6	0.7692307692307692	746.0	0	0.0	8.0	60	7.692307692307692	3.0	780	99.99999999999999	3.0	780	99.99999999999999
info	12	1	2238.0	6	0.7692307692307692	2238.0	12	1.5384615384615383	24.0	20	2.564102564102564	9.0	0	0.0	9.0	0	0.0
info	12	2	3730.0	0	0.0	3730.0	0	0.0	40.0	6	0.7692307692307692	15.0	0	0.0	15.0	0	0.0
info	12	3	5222.0	4	0.5128205128205128	5222.0	0	0.0	56.0	1	0.1282051282051282	21.0	0	0.0	21.0	0	0.0
info	12	4	6714.0	7	0.8974358974358974	6714.0	10	1.282051282051282	72.0	7	0.8974358974358974	27.0	0	0.0	27.0	0	0.0
info	12	5	8206.0	1	0.1282051282051282	8206.0	2	0.2564102564102564	88.0	26	3.333333333333333	33.0	0	0.0	33.0	0	0.0
info	12	6	9698.0	4	0.5128205128205128	9698.0	0	0.0	104.0	64	8.205128205128204	39.0	0	0.0	39.0	0	0.0
info	12	7	11190.0	6	0.7692307692307692	11190.0	9	1.1538461538461537	120.0	13	1.6666666666666665	45.0	0	0.0	45.0	0	0.0
info	12	8	12682.0	2	0.2564102564102564	12682.0	3	0.3846153846153846	136.0	0	0.0	51.0	0	0.0	51.0	0	0.0
info	12	9	14174.0	4	0.5128205128205128	14174.0	0	0.0	152.0	0	0.0	57.0	0	0.0	57.0	0	0.0
info	12	10	15666.0	4	0.5128205128205128	15666.0	0	0.0	168.0	0	0.0	63.0	0	0.0	63.0	0	0.0
info	12	11	17158.0	4	0.5128205128205128	17158.0	12	1.5384615384615383	184.0	27	3.4615384615384612	69.0	0	0.0	69.0	0	0.0
info	12	12	18650.0	3	0.3846153846153846	18650.0	0	0.0	200.0	24	3.0769230769230766	75.0	0	0.0	75.0	0	0.0
info	12	13	20142.0	5	0.641025641025641	20142.0	0	0.0	216.0	11	1.4102564102564101	81.0	0	0.0	81.0	0	0.0
info	12	14	21634.0	4	0.5128205128205128	21634.0	12	1.5384615384615383	232.0	1	0.1282051282051282	87.0	0	0.0	87.0	0	0.0
info	12	15	23126.0	2	0.2564102564102564	23126.0	1	0.1282051282051282	248.0	0	0.0	93.0	0	0.0	93.0	0	0.0
info	12	16	24618.0	5	0.641025641025641	24618.0	0	0.0	264.0	0	0.0	99.0	0	0.0	99.0	0	0.0
info	12	17	26110.0	5	0.641025641025641	26110.0	11	1.4102564102564101	280.0	3	0.3846153846153846	105.0	0	0.0	105.0	0	0.0
info	12	18	27602.0	3	0.3846153846153846	27602.0	0	0.0	296.0	14	1.7948717948717947	111.0	0	0.0	111.0	0	0.0
info	12	19	29094.0	5	0.641025641025641	29094.0	0	0.0	312.0	2	0.2564102564102564	117.0	0	0.0	117.0	0	0.0
info	12	20	30586.0	4	0.5128205128205128	30586.0	12	1.5384615384615383	328.0	1	0.1282051282051282	123.0	0	0.0	123.0	0	0.0
info	12	21	32078.0	0	0.0	32078.0	0	0.0	344.0	0	0.0	129.0	0	0.0	129.0	0	0.0
info	12	22	33570.0	8	1.0256410256410255	33570.0	0	0.0	360.0	0	0.0	135.0	0	0.0	135.0	0	0.0
info	12	23	35062.0	4	0.5128205128205128	35062.0	12	1.5384615384615383	376.0	1	0.1282051282051282	141.0	0	0.0	141.0	0	0.0
info	12	24	36554.0	1	0.1282051282051282	36554.0	0	0.0	392.0	5	0.641025641025641	147.0	0	0.0	147.0	0	0.0
info	12	25	38046.0	6	0.7692307692307692	38046.0	0	0.0	408.0	0	0.0	153.0	0	0.0	153.0	0	0.0
info	12	26	39538.0	5	0.641025641025641	39538.0	12	1.5384615384615383	424.0	0	0.0	159.0	0	0.0	159.0	0	0.0
info	12	27	41030.0	1	0.1282051282051282	41030.0	0	0.0	440.0	0	0.0	165.0	0	0.0	165.0	0	0.0
info	12	28	42522.0	5	0.641025641025641	42522.0	0	0.0	456.0	0	0.0	171.0	0	0.0	171.0	0	0.0
info	12	29	44014.0	6	0.7692307692307692	44014.0	12	1.5384615384615383	472.0	0	0.0	177.0	0	0.0	177.0	0	0.0
info	12	30	45506.0	0	0.0	45506.0	0	0.0	488.0	3	0.3846153846153846	183.0	0	0.0	183.0	0	0.0
info	12	31	46998.0	4	0.5128205128205128	46998.0	0	0.0	504.0	7	0.8974358974358974	189.0	0	0.0	189.0	0	0.0
info	12	32	48490.0	8	1.0256410256410255	48490.0	12	1.5384615384615383	520.0	1	0.1282051282051282	195.0	0	0.0	195.0	0	0.0
info	12	33	49982.0	0	0.0	49982.0	0	0.0	536.0	0	0.0	201.0	0	0.0	201.0	0	0.0
info	12	34	51474.0	4	0.5128205128205128	51474.0	0	0.0	552.0	0	0.0	207.0	0	0.0	207.0	0	0.0
info	12	35	52966.0	4	0.5128205128205128	52966.0	0	0.0	568.0	0	0.0	213.0	0	0.0	213.0	0	0.0
info	12	36	54458.0	4	0.5128205128205128	54458.0	12	1.5384615384615383	584.0	1	0.1282051282051282	219.0	0	0.0	219.0	0	0.0
info	12	37	55950.0	0	0.0	55950.0	0	0.0	600.0	6	0.7692307692307692	225.0	0	0.0	225.0	0	0.0
info	12	38	57442.0	8	1.0256410256410255	57442.0	0	0.0	616.0	6	0.7692307692307692	231.0	0	0.0	231.0	0	0.0
info	12	39	58934.0	4	0.5128205128205128	58934.0	12	1.5384615384615383	632.0	0	0.0	237.0	0	0.0	237.0	0	0.0
info	12	40	60426.0	0	0.0	60426.0	0	0.0	648.0	0	0.0	243.0	0	0.0	243.0	0	0.0
info	12	41	61918.0	4	0.5128205128205128	61918.0	0	0.0	664.0	0	0.0	249.0	0	0.0	249.0	0	0.0
info	12	42	63410.0	6	0.7692307692307692	63410.0	10	1.282051282051282	680.0	1	0.1282051282051282	255.0	0	0.0	255.0	0	0.0
info	12	43	64902.0	2	0.2564102564102564	64902.0	2	0.2564102564102564	696.0	3	0.3846153846153846	261.0	0	0.0	261.0	0	0.0
info	12	44	66394.0	6	0.7692307692307692	66394.0	0	0.0	712.0	3	0.3846153846153846	267.0	0	0.0	267.0	0	0.0
info	12	45	67886.0	3	0.3846153846153846	67886.0	0	0.0	728.0	2	0.2564102564102564	273.0	0	0.0	273.0	0	0.0
info	12	46	69378.0	3	0.3846153846153846	69378.0	12	1.5384615384615383	744.0	0	0.0	279.0	0	0.0	279.0	0	0.0
info	12	47	70870.0	2	0.2564102564102564	70870.0	0	0.0	760.0	0	0.0	285.0	0	0.0	285.0	0	0.0
info	12	48	72362.0	5	0.641025641025641	72362.0	0	0.0	776.0	1	0.1282051282051282	291.0	0	0.0	291.0	0	0.0
info	12	49	73854.0	5	0.641025641025641	73854.0	12	1.5384615384615383	792.0	4	0.5128205128205128	297.0	0	0.0	297.0	0	0.0
info	12	50	75346.0	2	0.2564102564102564	75346.0	0	0.0	808.0	7	0.8974358974358974	303.0	0	0.0	303.0	0	0.0
info	12	51	76838.0	5	0.641025641025641	76838.0	0	0.0	824.0	4	0.5128205128205128	309.0	0	0.0	309.0	0	0.0
info	12	52	78330.0	5	0.641025641025641	78330.0	12	1.5384615384615383	840.0	0	0.0	315.0	0	0.0	315.0	0	0.0
info	12	53	79822.0	1	0.1282051282051282	79822.0	0	0.0	856.0	0	0.0	321.0	0	0.0	321.0	0	0.0
info	12	54	81314.0	6	0.7692307692307692	81314.0	0	0.0	872.0	1	0.1282051282051282	327.0	0	0.0	327.0	0	0.0
info	12	55	82806.0	5	0.641025641025641	82806.0	12	1.5384615384615383	888.0	4	0.5128205128205128	333.0	0	0.0	333.0	0	0.0
info	12	56	84298.0	1	0.1282051282051282	84298.0	0	0.0	904.0	12	1.5384615384615383	339.0	0	0.0	339.0	0	0.0
info	12	57	85790.0	5	0.641025641025641	85790.0	0	0.0	920.0	0	0.0	345.0	0	0.0	345.0	0	0.0
info	12	58	87282.0	6	0.7692307692307692	87282.0	12	1.5384615384615383	936.0	0	0.0	351.0	0	0.0	351.0	0	0.0
info	12	59	88774.0	0	0.0	88774.0	0	0.0	952.0	0	0.0	357.0	0	0.0	357.0	0	0.0
info	12	60	90266.0	6	0.7692307692307692	90266.0	0	0.0	968.0	0	0.0	363.0	0	0.0	363.0	0	0.0
info	12	61	91758.0	6	0.7692307692307692	91758.0	12	1.5384615384615383	984.0	2	0.2564102564102564	369.0	0	0.0	369.0	0	0.0
info	12	62	93250.0	1	0.1282051282051282	93250.0	0	0.0	1000.0	14	1.7948717948717947	375.0	0	0.0	375.0	0	0.0
info	12	63	94742.0	6	0.7692307692307692	94742.0	0	0.0	1016.0	7	0.8974358974358974	381.0	0	0.0	381.0	0	0.0
info	12	64	96234.0	5	0.641025641025641	96234.0	12	1.5384615384615383	1032.0	0	0.0	387.0	0	0.0	387.0	0	0.0
info	12	65	97726.0	1	0.1282051282051282	97726.0	0	0.0	1048.0	0	0.0	393.0	0	0.0	393.0	0	0.0
info	12	66	99218.0	5	0.641025641025641	99218.0	0	0.0	1064.0	0	0.0	399.0	0	0.0	399.0	0	0.0
info	12	67	100710.0	6	0.7692307692307692	100710.0	12	1.5384615384615383	1080.0	2	0.2564102564102564	405.0	0	0.0	405.0	0	0.0
info	12	68	102202.0	0	0.0	102202.0	0	0.0	1096.0	10	1.282051282051282	411.0	0	0.0	411.0	0	0.0
info	12	69	103694.0	7	0.8974358974358974	103694.0	0	0.0	1112.0	12	1.5384615384615383	417.0	0	0.0	417.0	0	0.0
info	12	70	105186.0	5	0.641025641025641	105186.0	12	1.5384615384615383	1128.0	1	0.1282051282051282	423.0	0	0.0	423.0	0	0.0
info	12	71	106678.0	0	0.0	106678.0	0	0.0	1144.0	0	0.0	429.0	0	0.0	429.0	0	0.0
info	12	72	108170.0	4	0.5128205128205128	108170.0	0	0.0	1160.0	0	0.0	435.0	0	0.0	435.0	0	0.0
info	12	73	109662.0	8	1.0256410256410255	109662.0	12	1.5384615384615383	1176.0	4	0.5128205128205128	441.0	0	0.0	441.0	0	0.0
info	12	74	111154.0	1	0.1282051282051282	111154.0	0	0.0	1192.0	13	1.6666666666666665	447.0	0	0.0	447.0	0	0.0
info	12	75	112646.0	5	0.641025641025641	112646.0	0	0.0	1208.0	6	0.7692307692307692	453.0	0	0.0	453.0	0	0.0
info	12	76	114138.0	3	0.3846153846153846	114138.0	0	0.0	1224.0	1	0.1282051282051282	459.0	0	0.0	459.0	0	0.0
info	12	77	115630.0	3	0.3846153846153846	115630.0	12	1.5384615384615383	1240.0	0	0.0	465.0	0	0.0	465.0	0	0.0
info	12	78	117122.0	4	0.5128205128205128	117122.0	0	0.0	1256.0	0	0.0	471.0	0	0.0	471.0	0	0.0
info	12	79	118614.0	4	0.5128205128205128	118614.0	0	0.0	1272.0	2	0.2564102564102564	477.0	0	0.0	477.0	0	0.0
info	12	80	120106.0	4	0.5128205128205128	120106.0	12	1.5384615384615383	1288.0	10	1.282051282051282	483.0	0	0.0	483.0	0	0.0
info	12	81	121598.0	4	0.5128205128205128	121598.0	0	0.0	1304.0	13	1.6666666666666665	489.0	0	0.0	489.0	0	0.0
info	12	82	123090.0	4	0.5128205128205128	123090.0	0	0.0	1320.0	9	1.1538461538461537	495.0	0	0.0	495.0	0	0.0
info	12	83	124582.0	4	0.5128205128205128	124582.0	12	1.5384615384615383	1336.0	0	0.0	501.0	0	0.0	501.0	0	0.0
info	12	84	126074.0	4	0.5128205128205128	126074.0	0	0.0	1352.0	0	0.0	507.0	0	0.0	507.0	0	0.0
info	12	85	127566.0	5	0.641025641025641	127566.0	3	0.3846153846153846	1368.0	0	0.0	513.0	0	0.0	513.0	0	0.0
info	12	86	129058.0	3	0.3846153846153846	129058.0	9	1.1538461538461537	1384.0	6	0.7692307692307692	519.0	0	0.0	519.0	0	0.0
info	12	87	130550.0	4	0.5128205128205128	130550.0	0	0.0	1400.0	12	1.5384615384615383	525.0	0	0.0	525.0	0	0.0
info	12	88	132042.0	5	0.641025641025641	132042.0	4	0.5128205128205128	1416.0	8	1.0256410256410255	531.0	0	0.0	531.0	0	0.0
info	12	89	133534.0	3	0.3846153846153846	133534.0	8	1.0256410256410255	1432.0	0	0.0	537.0	0	0.0	537.0	0	0.0
info	12	90	135026.0	4	0.5128205128205128	135026.0	0	0.0	1448.0	0	0.0	543.0	0	0.0	543.0	0	0.0
info	12	91	136518.0	6	0.7692307692307692	136518.0	9	1.1538461538461537	1464.0	0	0.0	549.0	0	0.0	549.0	0	0.0
info	12	92	138010.0	2	0.2564102564102564	138010.0	3	0.3846153846153846	1480.0	6	0.7692307692307692	555.0	0	0.0	555.0	0	0.0
info	12	93	139502.0	5	0.641025641025641	139502.0	0	0.0	1496.0	11	1.4102564102564101	561.0	0	0.0	561.0	0	0.0
info	12	94	140994.0	7	0.8974358974358974	140994.0	12	1.5384615384615383	1512.0	3	0.3846153846153846	567.0	0	0.0	567.0	0	0.0
info	12	95	142486.0	1	0.1282051282051282	142486.0	0	0.0	1528.0	0	0.0	573.0	0	0.0	573.0	0	0.0
info	12	96	143978.0	5	0.641025641025641	143978.0	0	0.0	1544.0	0	0.0	579.0	0	0.0	579.0	0	0.0
info	12	97	145470.0	5	0.641025641025641	145470.0	9	1.1538461538461537	1560.0	0	0.0	585.0	0	0.0	585.0	0	0.0
info	12	98	146962.0	1	0.1282051282051282	146962.0	3	0.3846153846153846	1576.0	2	0.2564102564102564	591.0	0	0.0	591.0	0	0.0
info	12	99	148454.0	4	0.5128205128205128	148454.0	0	0.0	1592.0	11	1.4102564102564101	597.0	0	0.0	597.0	0	0.0
info	12	100	149946.0	4	0.5128205128205128	149946.0	0	0.0	1608.0	8	1.0256410256410255	603.0	0	0.0	603.0	0	0.0
info	12	101	151438.0	4	0.5128205128205128	151438.0	12	1.5384615384615383	1624.0	1	0.1282051282051282	609.0	0	0.0	609.0	0	0.0
info	12	102	152930.0	4	0.5128205128205128	152930.0	0	0.0	1640.0	0	0.0	615.0	0	0.0	615.0	0	0.0
info	12	103	154422.0	4	0.5128205128205128	154422.0	0	0.0	1656.0	0	0.0	621.0	0	0.0	621.0	0	0.0
info	12	104	155914.0	4	0.5128205128205128	155914.0	12	1.5384615384615383	1672.0	0	0.0	627.0	0	0.0	627.0	0	0.0
info	12	105	157406.0	4	0.5128205128205128	157406.0	0	0.0	1688.0	13	1.6666666666666665	633.0	0	0.0	633.0	0	0.0
info	12	106	158898.0	4	0.5128205128205128	158898.0	0	0.0	1704.0	19	2.4358974358974357	639.0	0	0.0	639.0	0	0.0
info	12	107	160390.0	4	0.5128205128205128	160390.0	12	1.5384615384615383	1720.0	7	0.8974358974358974	645.0	0	0.0	645.0	0	0.0
info	12	108	161882.0	5	0.641025641025641	161882.0	0	0.0	1736.0	0	0.0	651.0	0	0.0	651.0	0	0.0
info	12	109	163374.0	2	0.2564102564102564	163374.0	0	0.0	1752.0	0	0.0	657.0	0	0.0	657.0	0	0.0
info	12	110	164866.0	5	0.641025641025641	164866.0	12	1.5384615384615383	1768.0	0	0.0	663.0	0	0.0	663.0	0	0.0
info	12	111	166358.0	2	0.2564102564102564	166358.0	0	0.0	1784.0	9	1.1538461538461537	669.0	0	0.0	669.0	0	0.0
info	12	112	167850.0	6	0.7692307692307692	167850.0	0	0.0	1800.0	14	1.7948717948717947	675.0	0	0.0	675.0	0	0.0
info	12	113	169342.0	4	0.5128205128205128	169342.0	12	1.5384615384615383	1816.0	6	0.7692307692307692	681.0	0	0.0	681.0	0	0.0
info	12	114	170834.0	1	0.1282051282051282	170834.0	0	0.0	1832.0	0	0.0	687.0	0	0.0	687.0	0	0.0
info	12	115	172326.0	6	0.7692307692307692	172326.0	0	0.0	1848.0	0	0.0	693.0	0	0.0	693.0	0	0.0
info	12	116	173818.0	5	0.641025641025641	173818.0	12	1.5384615384615383	1864.0	0	0.0	699.0	0	0.0	699.0	0	0.0
info	12	117	175310.0	1	0.1282051282051282	175310.0	0	0.0	1880.0	4	0.5128205128205128	705.0	0	0.0	705.0	0	0.0
info	12	118	176802.0	6	0.7692307692307692	176802.0	0	0.0	1896.0	7	0.8974358974358974	711.0	0	0.0	711.0	0	0.0
info	12	119	178294.0	5	0.641025641025641	178294.0	12	1.5384615384615383	1912.0	7	0.8974358974358974	717.0	0	0.0	717.0	0	0.0
info	12	120	179786.0	2	0.2564102564102564	179786.0	0	0.0	1928.0	2	0.2564102564102564	723.0	0	0.0	723.0	0	0.0
info	12	121	181278.0	5	0.641025641025641	181278.0	0	0.0	1944.0	0	0.0	729.0	0	0.0	729.0	0	0.0
info	12	122	182770.0	5	0.641025641025641	182770.0	12	1.5384615384615383	1960.0	0	0.0	735.0	0	0.0	735.0	0	0.0
info	12	123	184262.0	0	0.0	184262.0	0	0.0	1976.0	2	0.2564102564102564	741.0	0	0.0	741.0	0	0.0
info	12	124	185754.0	6	0.7692307692307692	185754.0	0	0.0	1992.0	7	0.8974358974358974	747.0	0	0.0	747.0	0	0.0
info	12	125	187246.0	6	0.7692307692307692	187246.0	12	1.5384615384615383	2008.0	7	0.8974358974358974	753.0	0	0.0	753.0	0	0.0
info	12	126	188738.0	3	0.3846153846153846	188738.0	0	0.0	2024.0	0	0.0	759.0	0	0.0	759.0	0	0.0
info	12	127	190230.0	5	0.641025641025641	190230.0	0	0.0	2040.0	0	0.0	765.0	0	0.0	765.0	0	0.0
info	12	128	191722.0	4	0.5128205128205128	191722.0	12	1.5384615384615383	2056.0	0	0.0	771.0	0	0.0	771.0	0	0.0
info	12	129	193214.0	3	0.3846153846153846	193214.0	0	0.0	2072.0	0	0.0	777.0	0	0.0	777.0	0	0.0
info	12	130	194706.0	5	0.641025641025641	194706.0	0	0.0	2088.0	8	1.0256410256410255	783.0	0	0.0	783.0	0	0.0
info	12	131	196198.0	4	0.5128205128205128	196198.0	12	1.5384615384615383	2104.0	15	1.923076923076923	789.0	0	0.0	789.0	0	0.0
info	12	132	197690.0	1	0.1282051282051282	197690.0	0	0.0	2120.0	1	0.1282051282051282	795.0	0	0.0	795.0	0	0.0
info	12	133	199182.0	6	0.7692307692307692	199182.0	0	0.0	2136.0	0	0.0	801.0	0	0.0	801.0	0	0.0
info	12	134	200674.0	5	0.641025641025641	200674.0	12	1.5384615384615383	2152.0	0	0.0	807.0	0	0.0	807.0	0	0.0
info	12	135	202166.0	4	0.5128205128205128	202166.0	0	0.0	2168.0	0	0.0	813.0	0	0.0	813.0	0	0.0
info	12	136	203658.0	4	0.5128205128205128	203658.0	0	0.0	2184.0	4	0.5128205128205128	819.0	0	0.0	819.0	0	0.0
info	12	137	205150.0	4	0.5128205128205128	205150.0	12	1.5384615384615383	2200.0	11	1.4102564102564101	825.0	0	0.0	825.0	0	0.0
info	12	138	206642.0	1	0.1282051282051282	206642.0	0	0.0	2216.0	5	0.641025641025641	831.0	0	0.0	831.0	0	0.0
info	12	139	208134.0	6	0.7692307692307692	208134.0	0	0.0	2232.0	0	0.0	837.0	0	0.0	837.0	0	0.0
info	12	140	209626.0	5	0.641025641025641	209626.0	12	1.5384615384615383	2248.0	0	0.0	843.0	0	0.0	843.0	0	0.0
info	12	141	211118.0	2	0.2564102564102564	211118.0	0	0.0	2264.0	0	0.0	849.0	0	0.0	849.0	0	0.0
info	12	142	212610.0	6	0.7692307692307692	212610.0	0	0.0	2280.0	4	0.5128205128205128	855.0	0	0.0	855.0	0	0.0
info	12	143	214102.0	4	0.5128205128205128	214102.0	12	1.5384615384615383	2296.0	16	2.051282051282051	861.0	0	0.0	861.0	0	0.0
info	12	144	215594.0	1	0.1282051282051282	215594.0	0	0.0	2312.0	9	1.1538461538461537	867.0	0	0.0	867.0	0	0.0
info	12	145	217086.0	6	0.7692307692307692	217086.0	0	0.0	2328.0	0	0.0	873.0	0	0.0	873.0	0	0.0
info	12	146	218578.0	5	0.641025641025641	218578.0	12	1.5384615384615383	2344.0	0	0.0	879.0	0	0.0	879.0	0	0.0
info	12	147	220070.0	1	0.1282051282051282	220070.0	0	0.0	2360.0	0	0.0	885.0	0	0.0	885.0	0	0.0
info	12	148	221562.0	5	0.641025641025641	221562.0	0	0.0	2376.0	3	0.3846153846153846	891.0	0	0.0	891.0	0	0.0
info	12	149	223054.0	5	0.641025641025641	223054.0	9	1.1538461538461537	2392.0	15	1.923076923076923	897.0	0	0.0	897.0	0	0.0
info	12	150	224546.0	1	0.1282051282051282	224546.0	3	0.3846153846153846	2408.0	13	1.6666666666666665	903.0	0	0.0	903.0	0	0.0
info	12	151	226038.0	4	0.5128205128205128	226038.0	0	0.0	2424.0	2	0.2564102564102564	909.0	0	0.0	909.0	0	0.0
info	12	152	227530.0	4	0.5128205128205128	227530.0	0	0.0	2440.0	0	0.0	915.0	0	0.0	915.0	0	0.0
info	12	153	229022.0	4	0.5128205128205128	229022.0	12	1.5384615384615383	2456.0	0	0.0	921.0	0	0.0	921.0	0	0.0
info	12	154	230514.0	2	0.2564102564102564	230514.0	0	0.0	2472.0	1	0.1282051282051282	927.0	0	0.0	927.0	0	0.0
info	12	155	232006.0	4	0.5128205128205128	232006.0	0	0.0	2488.0	7	0.8974358974358974	933.0	0	0.0	933.0	0	0.0
info	12	156	233498.0	6	0.7692307692307692	233498.0	12	1.5384615384615383	2504.0	7	0.8974358974358974	939.0	0	0.0	939.0	0	0.0
info	12	157	234990.0	3	0.3846153846153846	234990.0	0	0.0	2520.0	1	0.1282051282051282	945.0	0	0.0	945.0	0	0.0
info	12	158	236482.0	5	0.641025641025641	236482.0	0	0.0	2536.0	0	0.0	951.0	0	0.0	951.0	0	0.0
info	12	159	237974.0	4	0.5128205128205128	237974.0	12	1.5384615384615383	2552.0	0	0.0	957.0	0	0.0	957.0	0	0.0
info	12	160	239466.0	2	0.2564102564102564	239466.0	0	0.0	2568.0	0	0.0	963.0	0	0.0	963.0	0	0.0
info	12	161	240958.0	5	0.641025641025641	240958.0	0	0.0	2584.0	3	0.3846153846153846	969.0	0	0.0	969.0	0	0.0
info	12	162	242450.0	5	0.641025641025641	242450.0	12	1.5384615384615383	2600.0	2	0.2564102564102564	975.0	0	0.0	975.0	0	0.0
info	12	163	243942.0	1	0.1282051282051282	243942.0	0	0.0	2616.0	1	0.1282051282051282	981.0	0	0.0	981.0	0	0.0
info	12	164	245434.0	5	0.641025641025641	245434.0	0	0.0	2632.0	0	0.0	987.0	0	0.0	987.0	0	0.0
info	12	165	246926.0	6	0.7692307692307692	246926.0	12	1.5384615384615383	2648.0	0	0.0	993.0	0	0.0	993.0	0	0.0
info	12	166	248418.0	1	0.1282051282051282	248418.0	0	0.0	2664.0	0	0.0	999.0	0	0.0	999.0	0	0.0
info	12	167	249910.0	5	0.641025641025641	249910.0	0	0.0	2680.0	4	0.5128205128205128	1005.0	0	0.0	1005.0	0	0.0
info	12	168	251402.0	6	0.7692307692307692	251402.0	12	1.5384615384615383	2696.0	3	0.3846153846153846	1011.0	0	0.0	1011.0	0	0.0
info	12	169	252894.0	1	0.1282051282051282	252894.0	0	0.0	2712.0	0	0.0	1017.0	0	0.0	1017.0	0	0.0
info	12	170	254386.0	4	0.5128205128205128	254386.0	0	0.0	2728.0	0	0.0	1023.0	0	0.0	1023.0	0	0.0
info	12	171	255878.0	5	0.641025641025641	255878.0	10	1.282051282051282	2744.0	0	0.0	1029.0	0	0.0	1029.0	0	0.0
info	12	172	257370.0	2	0.2564102564102564	257370.0	2	0.2564102564102564	2760.0	0	0.0	1035.0	0	0.0	1035.0	0	0.0
info	12	173	258862.0	5	0.641025641025641	258862.0	0	0.0	2776.0	1	0.1282051282051282	1041.0	0	0.0	1041.0	0	0.0
info	12	174	260354.0	6	0.7692307692307692	260354.0	11	1.4102564102564101	2792.0	2	0.2564102564102564	1047.0	0	0.0	1047.0	0	0.0
info	12	175	261846.0	1	0.1282051282051282	261846.0	1	0.1282051282051282	2808.0	3	0.3846153846153846	1053.0	0	0.0	1053.0	0	0.0
info	12	176	263338.0	8	1.0256410256410255	263338.0	0	0.0	2824.0	0	0.0	1059.0	0	0.0	1059.0	0	0.0
info	12	177	264830.0	4	0.5128205128205128	264830.0	12	1.5384615384615383	2840.0	0	0.0	1065.0	0	0.0	1065.0	0	0.0
info	12	178	266322.0	0	0.0	266322.0	0	0.0	2856.0	0	0.0	1071.0	0	0.0	1071.0	0	0.0
info	12	179	267814.0	4	0.5128205128205128	267814.0	0	0.0	2872.0	0	0.0	1077.0	0	0.0	1077.0	0	0.0
info	12	180	269306.0	6	0.7692307692307692	269306.0	10	1.282051282051282	2888.0	1	0.1282051282051282	1083.0	0	0.0	1083.0	0	0.0
info	12	181	270798.0	2	0.2564102564102564	270798.0	2	0.2564102564102564	2904.0	2	0.2564102564102564	1089.0	0	0.0	1089.0	0	0.0
info	12	182	272290.0	4	0.5128205128205128	272290.0	0	0.0	2920.0	1	0.1282051282051282	1095.0	0	0.0	1095.0	0	0.0
info	12	183	273782.0	4	0.5128205128205128	273782.0	0	0.0	2936.0	0	0.0	1101.0	0	0.0	1101.0	0	0.0
info	12	184	275274.0	4	0.5128205128205128	275274.0	12	1.5384615384615383	2952.0	0	0.0	1107.0	0	0.0	1107.0	0	0.0
info	12	185	276766.0	4	0.5128205128205128	276766.0	0	0.0	2968.0	0	0.0	1113.0	0	0.0	1113.0	0	0.0
info	12	186	278258.0	4	0.5128205128205128	278258.0	0	0.0	2984.0	1	0.1282051282051282	1119.0	0	0.0	1119.0	0	0.0
info	12	187	279750.0	4	0.5128205128205128	279750.0	12	1.5384615384615383	3000.0	0	0.0	1125.0	0	0.0	1125.0	0	0.0
info	12	188	281242.0	2	0.2564102564102564	281242.0	0	0.0	3016.0	1	0.1282051282051282	1131.0	0	0.0	1131.0	0	0.0
info	12	189	282734.0	6	0.7692307692307692	282734.0	0	0.0	3032.0	0	0.0	1137.0	0	0.0	1137.0	0	0.0
info	12	190	284226.0	4	0.5128205128205128	284226.0	12	1.5384615384615383	3048.0	0	0.0	1143.0	0	0.0	1143.0	0	0.0
info	12	191	285718.0	1	0.1282051282051282	285718.0	0	0.0	3064.0	0	0.0	1149.0	0	0.0	1149.0	0	0.0
info	12	192	287210.0	6	0.7692307692307692	287210.0	0	0.0	3080.0	2	0.2564102564102564	1155.0	0	0.0	1155.0	0	0.0
info	12	193	288702.0	5	0.641025641025641	288702.0	12	1.5384615384615383	3096.0	1	0.1282051282051282	1161.0	0	0.0	1161.0	0	0.0
info	12	194	290194.0	1	0.1282051282051282	290194.0	0	0.0	3112.0	0	0.0	1167.0	0	0.0	1167.0	0	0.0
info	12	195	291686.0	5	0.641025641025641	291686.0	0	0.0	3128.0	0	0.0	1173.0	0	0.0	1173.0	0	0.0
info	12	196	293178.0	6	0.7692307692307692	293178.0	12	1.5384615384615383	3144.0	0	0.0	1179.0	0	0.0	1179.0	0	0.0
info	12	197	294670.0	1	0.1282051282051282	294670.0	0	0.0	3160.0	0	0.0	1185.0	0	0.0	1185.0	0	0.0
info	12	198	296162.0	5	0.641025641025641	296162.0	0	0.0	3176.0	0	0.0	1191.0	0	0.0	1191.0	0	0.0
info	12	199	297654.0	6	0.7692307692307692	297654.0	12	1.5384615384615383	3192.0	0	0.0	1197.0	0	0.0	1197.0	0	0.0
home	12	0	740.0	12	1.5384615384615383	740.0	12	1.5384615384615383	6.5	75	9.615384615384615	3.0	780	99.99999999999999	3.0	780	99.99999999999999
home	12	1	2220.0	0	0.0	2220.0	0	0.0	19.5	40	5.128205128205128	9.0	0	0.0	9.0	0	0.0
home	12	2	3700.0	0	0.0	3700.0	0	0.0	32.5	5	0.641025641025641	15.0	0	0.0	15.0	0	0.0
home	12	3	5180.0	12	1.5384615384615383	5180.0	12	1.5384615384615383	45.5	4	0.5128205128205128	21.0	0	0.0	21.0	0	0.0
home	12	4	6660.0	0	0.0	6660.0	0	0.0	58.5	0	0.0	27.0	0	0.0	27.0	0	0.0
home	12	5	8140.0	0	0.0	8140.0	0	0.0	71.5	18	2.3076923076923075	33.0	0	0.0	33.0	0	0.0
home	12	6	9620.0	12	1.5384615384615383	9620.0	12	1.5384615384615383	84.5	15	1.923076923076923	39.0	0	0.0	39.0	0	0.0
home	12	7	11100.0	0	0.0	11100.0	0	0.0	97.5	60	7.692307692307692	45.0	0	0.0	45.0	0	0.0
home	12	8	12580.0	0	0.0	12580.0	0	0.0	110.5	132	16.92307692307692	51.0	0	0.0	51.0	0	0.0
home	12	9	14060.0	12	1.5384615384615383	14060.0	12	1.5384615384615383	123.5	41	5.2564102564102555	57.0	0	0.0	57.0	0	0.0
home	12	10	15540.0	0	0.0	15540.0	0	0.0	136.5	7	0.8974358974358974	63.0	0	0.0	63.0	0	0.0
home	12	11	17020.0	0	0.0	17020.0	0	0.0	149.5	0	0.0	69.0	0	0.0	69.0	0	0.0
home	12	12	18500.0	9	1.1538461538461537	18500.0	9	1.1538461538461537	162.5	0	0.0	75.0	0	0.0	75.0	0	0.0
home	12	13	19980.0	3	0.3846153846153846	19980.0	3	0.3846153846153846	175.5	7	0.8974358974358974	81.0	0	0.0	81.0	0	0.0
home	12	14	21460.0	1	0.1282051282051282	21460.0	0	0.0	188.5	90	11.538461538461537	87.0	0	0.0	87.0	0	0.0
home	12	15	22940.0	8	1.0256410256410255	22940.0	1	0.1282051282051282	201.5	109	13.974358974358973	93.0	0	0.0	93.0	0	0.0
home	12	16	24420.0	3	0.3846153846153846	24420.0	11	1.4102564102564101	214.5	50	6.41025641025641	99.0	0	0.0	99.0	0	0.0
home	12	17	25900.0	0	0.0	25900.0	0	0.0	227.5	13	1.6666666666666665	105.0	0	0.0	105.0	0	0.0
home	12	18	27380.0	0	0.0	27380.0	0	0.0	240.5	2	0.2564102564102564	111.0	0	0.0	111.0	0	0.0
home	12	19	28860.0	12	1.5384615384615383	28860.0	12	1.5384615384615383	253.5	0	0.0	117.0	0	0.0	117.0	0	0.0
home	12	20	30340.0	0	0.0	30340.0	0	0.0	266.5	0	0.0	123.0	0	0.0	123.0	0	0.0
home	12	21	31820.0	0	0.0	31820.0	0	0.0	279.5	28	3.5897435897435894	129.0	0	0.0	129.0	0	0.0
home	12	22	33300.0	12	1.5384615384615383	33300.0	12	1.5384615384615383	292.5	35	4.487179487179487	135.0	0	0.0	135.0	0	0.0
home	12	23	34780.0	0	0.0	34780.0	0	0.0	305.5	15	1.923076923076923	141.0	0	0.0	141.0	0	0.0
home	12	24	36260.0	0	0.0	36260.0	0	0.0	318.5	6	0.7692307692307692	147.0	0	0.0	147.0	0	0.0
home	12	25	37740.0	12	1.5384615384615383	37740.0	12	1.5384615384615383	331.5	0	0.0	153.0	0	0.0	153.0	0	0.0
home	12	26	39220.0	0	0.0	39220.0	0	0.0	344.5	0	0.0	159.0	0	0.0	159.0	0	0.0
home	12	27	40700.0	0	0.0	40700.0	0	0.0	357.5	0	0.0	165.0	0	0.0	165.0	0	0.0
home	12	28	42180.0	12	1.5384615384615383	42180.0	12	1.5384615384615383	370.5	0	0.0	171.0	0	0.0	171.0	0	0.0
home	12	29	43660.0	0	0.0	43660.0	0	0.0	383.5	8	1.0256410256410255	177.0	0	0.0	177.0	0	0.0
home	12	30	45140.0	0	0.0	45140.0	0	0.0	396.5	12	1.5384615384615383	183.0	0	0.0	183.0	0	0.0
home	12	31	46620.0	12	1.5384615384615383	46620.0	12	1.5384615384615383	409.5	2	0.2564102564102564	189.0	0	0.0	189.0	0	0.0
home	12	32	48100.0	0	0.0	48100.0	0	0.0	422.5	0	0.0	195.0	0	0.0	195.0	0	0.0
home	12	33	49580.0	0	0.0	49580.0	0	0.0	435.5	0	0.0	201.0	0	0.0	201.0	0	0.0
home	12	34	51060.0	8	1.0256410256410255	51060.0	0	0.0	448.5	0	0.0	207.0	0	0.0	207.0	0	0.0
home	12	35	52540.0	4	0.5128205128205128	52540.0	12	1.5384615384615383	461.5	0	0.0	213.0	0	0.0	213.0	0	0.0
home	12	36	54020.0	0	0.0	54020.0	0	0.0	474.5	4	0.5128205128205128	219.0	0	0.0	219.0	0	0.0
home	12	37	55500.0	0	0.0	55500.0	0	0.0	487.5	0	0.0	225.0	0	0.0	225.0	0	0.0
home	12	38	56980.0	12	1.5384615384615383	56980.0	12	1.5384615384615383	500.5	0	0.0	231.0	0	0.0	231.0	0	0.0
home	12	39	58460.0	0	0.0	58460.0	0	0.0	513.5	1	0.1282051282051282	237.0	0	0.0	237.0	0	0.0
home	12	40	59940.0	0	0.0	59940.0	0	0.0	526.5	0	0.0	243.0	0	0.0	243.0	0	0.0
home	12	41	61420.0	12	1.5384615384615383	61420.0	12	1.5384615384615383	539.5	0	0.0	249.0	0	0.0	249.0	0	0.0
home	12	42	62900.0	0	0.0	62900.0	0	0.0	552.5	0	0.0	255.0	0	0.0	255.0	0	0.0
home	12	43	64380.0	0	0.0	64380.0	0	0.0	565.5	0	0.0	261.0	0	0.0	261.0	0	0.0
home	12	44	65860.0	12	1.5384615384615383	65860.0	12	1.5384615384615383	578.5	0	0.0	267.0	0	0.0	267.0	0	0.0
home	12	45	67340.0	0	0.0	67340.0	0	0.0	591.5	0	0.0	273.0	0	0.0	273.0	0	0.0
home	12	46	68820.0	0	0.0	68820.0	0	0.0	604.5	0	0.0	279.0	0	0.0	279.0	0	0.0
home	12	47	70300.0	11	1.4102564102564101	70300.0	0	0.0	617.5	0	0.0	285.0	0	0.0	285.0	0	0.0
home	12	48	71780.0	1	0.1282051282051282	71780.0	12	1.5384615384615383	630.5	0	0.0	291.0	0	0.0	291.0	0	0.0
home	12	49	73260.0	0	0.0	73260.0	0	0.0	643.5	0	0.0	297.0	0	0.0	297.0	0	0.0
home	12	50	74740.0	0	0.0	74740.0	0	0.0	656.5	0	0.0	303.0	0	0.0	303.0	0	0.0
home	12	51	76220.0	12	1.5384615384615383	76220.0	12	1.5384615384615383	669.5	0	0.0	309.0	0	0.0	309.0	0	0.0
home	12	52	77700.0	0	0.0	77700.0	0	0.0	682.5	0	0.0	315.0	0	0.0	315.0	0	0.0
home	12	53	79180.0	0	0.0	79180.0	0	0.0	695.5	0	0.0	321.0	0	0.0	321.0	0	0.0
home	12	54	80660.0	12	1.5384615384615383	80660.0	12	1.5384615384615383	708.5	0	0.0	327.0	0	0.0	327.0	0	0.0
home	12	55	82140.0	0	0.0	82140.0	0	0.0	721.5	0	0.0	333.0	0	0.0	333.0	0	0.0
home	12	56	83620.0	0	0.0	83620.0	0	0.0	734.5	0	0.0	339.0	0	0.0	339.0	0	0.0
home	12	57	85100.0	12	1.5384615384615383	85100.0	12	1.5384615384615383	747.5	0	0.0	345.0	0	0.0	345.0	0	0.0
home	12	58	86580.0	0	0.0	86580.0	0	0.0	760.5	0	0.0	351.0	0	0.0	351.0	0	0.0
home	12	59	88060.0	0	0.0	88060.0	0	0.0	773.5	0	0.0	357.0	0	0.0	357.0	0	0.0
home	12	60	89540.0	12	1.5384615384615383	89540.0	12	1.5384615384615383	786.5	0	0.0	363.0	0	0.0	363.0	0	0.0
home	12	61	91020.0	0	0.0	91020.0	0	0.0	799.5	0	0.0	369.0	0	0.0	369.0	0	0.0
home	12	62	92500.0	0	0.0	92500.0	0	0.0	812.5	0	0.0	375.0	0	0.0	375.0	0	0.0
home	12	63	93980.0	12	1.5384615384615383	93980.0	12	1.5384615384615383	825.5	0	0.0	381.0	0	0.0	381.0	0	0.0
home	12	64	95460.0	0	0.0	95460.0	0	0.0	838.5	0	0.0	387.0	0	0.0	387.0	0	0.0
home	12	65	96940.0	0	0.0	96940.0	0	0.0	851.5	0	0.0	393.0	0	0.0	393.0	0	0.0
home	12	66	98420.0	12	1.5384615384615383	98420.0	12	1.5384615384615383	864.5	0	0.0	399.0	0	0.0	399.0	0	0.0
home	12	67	99900.0	0	0.0	99900.0	0	0.0	877.5	0	0.0	405.0	0	0.0	405.0	0	0.0
home	12	68	101380.0	0	0.0	101380.0	0	0.0	890.5	0	0.0	411.0	0	0.0	411.0	0	0.0
home	12	69	102860.0	12	1.5384615384615383	102860.0	12	1.5384615384615383	903.5	0	0.0	417.0	0	0.0	417.0	0	0.0
home	12	70	104340.0	0	0.0	104340.0	0	0.0	916.5	0	0.0	423.0	0	0.0	423.0	0	0.0
home	12	71	105820.0	0	0.0	105820.0	0	0.0	929.5	0	0.0	429.0	0	0.0	429.0	0	0.0
home	12	72	107300.0	12	1.5384615384615383	107300.0	12	1.5384615384615383	942.5	0	0.0	435.0	0	0.0	435.0	0	0.0
home	12	73	108780.0	0	0.0	108780.0	0	0.0	955.5	0	0.0	441.0	0	0.0	441.0	0	0.0
home	12	74	110260.0	0	0.0	110260.0	0	0.0	968.5	0	0.0	447.0	0	0.0	447.0	0	0.0
home	12	75	111740.0	0	0.0	111740.0	0	0.0	981.5	0	0.0	453.0	0	0.0	453.0	0	0.0
home	12	76	113220.0	12	1.5384615384615383	113220.0	12	1.5384615384615383	994.5	0	0.0	459.0	0	0.0	459.0	0	0.0
home	12	77	114700.0	0	0.0	114700.0	0	0.0	1007.5	0	0.0	465.0	0	0.0	465.0	0	0.0
home	12	78	116180.0	0	0.0	116180.0	0	0.0	1020.5	0	0.0	471.0	0	0.0	471.0	0	0.0
home	12	79	117660.0	12	1.5384615384615383	117660.0	12	1.5384615384615383	1033.5	0	0.0	477.0	0	0.0	477.0	0	0.0
home	12	80	119140.0	0	0.0	119140.0	0	0.0	1046.5	0	0.0	483.0	0	0.0	483.0	0	0.0
home	12	81	120620.0	0	0.0	120620.0	0	0.0	1059.5	0	0.0	489.0	0	0.0	489.0	0	0.0
home	12	82	122100.0	12	1.5384615384615383	122100.0	12	1.5384615384615383	1072.5	0	0.0	495.0	0	0.0	495.0	0	0.0
home	12	83	123580.0	0	0.0	123580.0	0	0.0	1085.5	0	0.0	501.0	0	0.0	501.0	0	0.0
home	12	84	125060.0	1	0.1282051282051282	125060.0	0	0.0	1098.5	0	0.0	507.0	0	0.0	507.0	0	0.0
home	12	85	126540.0	11	1.4102564102564101	126540.0	12	1.5384615384615383	1111.5	0	0.0	513.0	0	0.0	513.0	0	0.0
home	12	86	128020.0	0	0.0	128020.0	0	0.0	1124.5	0	0.0	519.0	0	0.0	519.0	0	0.0
home	12	87	129500.0	0	0.0	129500.0	0	0.0	1137.5	0	0.0	525.0	0	0.0	525.0	0	0.0
home	12	88	130980.0	12	1.5384615384615383	130980.0	12	1.5384615384615383	1150.5	0	0.0	531.0	0	0.0	531.0	0	0.0
home	12	89	132460.0	0	0.0	132460.0	0	0.0	1163.5	0	0.0	537.0	0	0.0	537.0	0	0.0
home	12	90	133940.0	6	0.7692307692307692	133940.0	0	0.0	1176.5	0	0.0	543.0	0	0.0	543.0	0	0.0
home	12	91	135420.0	6	0.7692307692307692	135420.0	12	1.5384615384615383	1189.5	0	0.0	549.0	0	0.0	549.0	0	0.0
home	12	92	136900.0	0	0.0	136900.0	0	0.0	1202.5	0	0.0	555.0	0	0.0	555.0	0	0.0
home	12	93	138380.0	10	1.282051282051282	138380.0	10	1.282051282051282	1215.5	0	0.0	561.0	0	0.0	561.0	0	0.0
home	12	94	139860.0	2	0.2564102564102564	139860.0	2	0.2564102564102564	1228.5	0	0.0	567.0	0	0.0	567.0	0	0.0
home	12	95	141340.0	0	0.0	141340.0	0	0.0	1241.5	0	0.0	573.0	0	0.0	573.0	0	0.0
home	12	96	142820.0	0	0.0	142820.0	0	0.0	1254.5	0	0.0	579.0	0	0.0	579.0	0	0.0
home	12	97	144300.0	12	1.5384615384615383	144300.0	12	1.5384615384615383	1267.5	0	0.0	585.0	0	0.0	585.0	0	0.0
home	12	98	145780.0	0	0.0	145780.0	0	0.0	1280.5	0	0.0	591.0	0	0.0	591.0	0	0.0
home	12	99	147260.0	0	0.0	147260.0	0	0.0	1293.5	0	0.0	597.0	0	0.0	597.0	0	0.0
home	12	100	148740.0	12	1.5384615384615383	148740.0	12	1.5384615384615383	1306.5	0	0.0	603.0	0	0.0	603.0	0	0.0
home	12	101	150220.0	0	0.0	150220.0	0	0.0	1319.5	0	0.0	609.0	0	0.0	609.0	0	0.0
home	12	102	151700.0	0	0.0	151700.0	0	0.0	1332.5	0	0.0	615.0	0	0.0	615.0	0	0.0
home	12	103	153180.0	12	1.5384615384615383	153180.0	12	1.5384615384615383	1345.5	0	0.0	621.0	0	0.0	621.0	0	0.0
home	12	104	154660.0	0	0.0	154660.0	0	0.0	1358.5	0	0.0	627.0	0	0.0	627.0	0	0.0
home	12	105	156140.0	0	0.0	156140.0	0	0.0	1371.5	0	0.0	633.0	0	0.0	633.0	0	0.0
home	12	106	157620.0	12	1.5384615384615383	157620.0	12	1.5384615384615383	1384.5	0	0.0	639.0	0	0.0	639.0	0	0.0
home	12	107	159100.0	0	0.0	159100.0	0	0.0	1397.5	0	0.0	645.0	0	0.0	645.0	0	0.0
home	12	108	160580.0	0	0.0	160580.0	0	0.0	1410.5	0	0.0	651.0	0	0.0	651.0	0	0.0
home	12	109	162060.0	12	1.5384615384615383	162060.0	12	1.5384615384615383	1423.5	0	0.0	657.0	0	0.0	657.0	0	0.0
home	12	110	163540.0	0	0.0	163540.0	0	0.0	1436.5	0	0.0	663.0	0	0.0	663.0	0	0.0
home	12	111	165020.0	0	0.0	165020.0	0	0.0	1449.5	0	0.0	669.0	0	0.0	669.0	0	0.0
home	12	112	166500.0	12	1.5384615384615383	166500.0	12	1.5384615384615383	1462.5	0	0.0	675.0	0	0.0	675.0	0	0.0
home	12	113	167980.0	0	0.0	167980.0	0	0.0	1475.5	0	0.0	681.0	0	0.0	681.0	0	0.0
home	12	114	169460.0	0	0.0	169460.0	0	0.0	1488.5	0	0.0	687.0	0	0.0	687.0	0	0.0
home	12	115	170940.0	9	1.1538461538461537	170940.0	0	0.0	1501.5	0	0.0	693.0	0	0.0	693.0	0	0.0
home	12	116	172420.0	3	0.3846153846153846	172420.0	12	1.5384615384615383	1514.5	0	0.0	699.0	0	0.0	699.0	0	0.0
home	12	117	173900.0	0	0.0	173900.0	0	0.0	1527.5	0	0.0	705.0	0	0.0	705.0	0	0.0
home	12	118	175380.0	12	1.5384615384615383	175380.0	12	1.5384615384615383	1540.5	0	0.0	711.0	0	0.0	711.0	0	0.0
home	12	119	176860.0	0	0.0	176860.0	0	0.0	1553.5	0	0.0	717.0	0	0.0	717.0	0	0.0
home	12	120	178340.0	0	0.0	178340.0	0	0.0	1566.5	0	0.0	723.0	0	0.0	723.0	0	0.0
home	12	121	179820.0	12	1.5384615384615383	179820.0	12	1.5384615384615383	1579.5	0	0.0	729.0	0	0.0	729.0	0	0.0
home	12	122	181300.0	0	0.0	181300.0	0	0.0	1592.5	0	0.0	735.0	0	0.0	735.0	0	0.0
home	12	123	182780.0	0	0.0	182780.0	0	0.0	1605.5	0	0.0	741.0	0	0.0	741.0	0	0.0
home	12	124	184260.0	9	1.1538461538461537	184260.0	9	1.1538461538461537	1618.5	0	0.0	747.0	0	0.0	747.0	0	0.0
home	12	125	185740.0	3	0.3846153846153846	185740.0	3	0.3846153846153846	1631.5	0	0.0	753.0	0	0.0	753.0	0	0.0
home	12	126	187220.0	0	0.0	187220.0	0	0.0	1644.5	0	0.0	759.0	0	0.0	759.0	0	0.0
home	12	127	188700.0	12	1.5384615384615383	188700.0	12	1.5384615384615383	1657.5	0	0.0	765.0	0	0.0	765.0	0	0.0
home	12	128	190180.0	0	0.0	190180.0	0	0.0	1670.5	0	0.0	771.0	0	0.0	771.0	0	0.0
home	12	129	191660.0	0	0.0	191660.0	0	0.0	1683.5	0	0.0	777.0	0	0.0	777.0	0	0.0
home	12	130	193140.0	8	1.0256410256410255	193140.0	0	0.0	1696.5	0	0.0	783.0	0	0.0	783.0	0	0.0
home	12	131	194620.0	4	0.5128205128205128	194620.0	12	1.5384615384615383	1709.5	0	0.0	789.0	0	0.0	789.0	0	0.0
home	12	132	196100.0	0	0.0	196100.0	0	0.0	1722.5	0	0.0	795.0	0	0.0	795.0	0	0.0
home	12	133	197580.0	11	1.4102564102564101	197580.0	11	1.4102564102564101	1735.5	0	0.0	801.0	0	0.0	801.0	0	0.0
home	12	134	199060.0	1	0.1282051282051282	199060.0	1	0.1282051282051282	1748.5	0	0.0	807.0	0	0.0	807.0	0	0.0
home	12	135	200540.0	0	0.0	200540.0	0	0.0	1761.5	0	0.0	813.0	0	0.0	813.0	0	0.0
home	12	136	202020.0	8	1.0256410256410255	202020.0	0	0.0	1774.5	0	0.0	819.0	0	0.0	819.0	0	0.0
home	12	137	203500.0	4	0.5128205128205128	203500.0	12	1.5384615384615383	1787.5	0	0.0	825.0	0	0.0	825.0	0	0.0
home	12	138	204980.0	0	0.0	204980.0	0	0.0	1800.5	0	0.0	831.0	0	0.0	831.0	0	0.0
home	12	139	206460.0	10	1.282051282051282	206460.0	0	0.0	1813.5	0	0.0	837.0	0	0.0	837.0	0	0.0
home	12	140	207940.0	2	0.2564102564102564	207940.0	12	1.5384615384615383	1826.5	0	0.0	843.0	0	0.0	843.0	0	0.0
home	12	141	209420.0	0	0.0	209420.0	0	0.0	1839.5	0	0.0	849.0	0	0.0	849.0	0	0.0
home	12	142	210900.0	11	1.4102564102564101	210900.0	11	1.4102564102564101	1852.5	0	0.0	855.0	0	0.0	855.0	0	0.0
home	12	143	212380.0	1	0.1282051282051282	212380.0	1	0.1282051282051282	1865.5	0	0.0	861.0	0	0.0	861.0	0	0.0
home	12	144	213860.0	0	0.0	213860.0	0	0.0	1878.5	0	0.0	867.0	0	0.0	867.0	0	0.0
home	12	145	215340.0	0	0.0	215340.0	0	0.0	1891.5	0	0.0	873.0	0	0.0	873.0	0	0.0
home	12	146	216820.0	12	1.5384615384615383	216820.0	12	1.5384615384615383	1904.5	0	0.0	879.0	0	0.0	879.0	0	0.0
home	12	147	218300.0	0	0.0	218300.0	0	0.0	1917.5	0	0.0	885.0	0	0.0	885.0	0	0.0
home	12	148	219780.0	0	0.0	219780.0	0	0.0	1930.5	0	0.0	891.0	0	0.0	891.0	0	0.0
home	12	149	221260.0	12	1.5384615384615383	221260.0	12	1.5384615384615383	1943.5	0	0.0	897.0	0	0.0	897.0	0	0.0
home	12	150	222740.0	0	0.0	222740.0	0	0.0	1956.5	0	0.0	903.0	0	0.0	903.0	0	0.0
home	12	151	224220.0	0	0.0	224220.0	0	0.0	1969.5	0	0.0	909.0	0	0.0	909.0	0	0.0
home	12	152	225700.0	12	1.5384615384615383	225700.0	12	1.5384615384615383	1982.5	0	0.0	915.0	0	0.0	915.0	0	0.0
home	12	153	227180.0	0	0.0	227180.0	0	0.0	1995.5	0	0.0	921.0	0	0.0	921.0	0	0.0
home	12	154	228660.0	0	0.0	228660.0	0	0.0	2008.5	0	0.0	927.0	0	0.0	927.0	0	0.0
home	12	155	230140.0	9	1.1538461538461537	230140.0	8	1.0256410256410255	2021.5	0	0.0	933.0	0	0.0	933.0	0	0.0
home	12	156	231620.0	3	0.3846153846153846	231620.0	4	0.5128205128205128	2034.5	0	0.0	939.0	0	0.0	939.0	0	0.0
home	12	157	233100.0	0	0.0	233100.0	0	0.0	2047.5	0	0.0	945.0	0	0.0	945.0	0	0.0
home	12	158	234580.0	9	1.1538461538461537	234580.0	5	0.641025641025641	2060.5	0	0.0	951.0	0	0.0	951.0	0	0.0
home	12	159	236060.0	3	0.3846153846153846	236060.0	7	0.8974358974358974	2073.5	0	0.0	957.0	0	0.0	957.0	0	0.0
home	12	160	237540.0	0	0.0	237540.0	0	0.0	2086.5	0	0.0	963.0	0	0.0	963.0	0	0.0
home	12	161	239020.0	1	0.1282051282051282	239020.0	0	0.0	2099.5	0	0.0	969.0	0	0.0	969.0	0	0.0
home	12	162	240500.0	11	1.4102564102564101	240500.0	12	1.5384615384615383	2112.5	0	0.0	975.0	0	0.0	975.0	0	0.0
home	12	163	241980.0	0	0.0	241980.0	0	0.0	2125.5	0	0.0	981.0	0	0.0	981.0	0	0.0
home	12	164	243460.0	0	0.0	243460.0	0	0.0	2138.5	0	0.0	987.0	0	0.0	987.0	0	0.0
home	12	165	244940.0	12	1.5384615384615383	244940.0	12	1.5384615384615383	2151.5	0	0.0	993.0	0	0.0	993.0	0	0.0
home	12	166	246420.0	0	0.0	246420.0	0	0.0	2164.5	0	0.0	999.0	0	0.0	999.0	0	0.0
home	12	167	247900.0	0	0.0	247900.0	0	0.0	2177.5	0	0.0	1005.0	0	0.0	1005.0	0	0.0
home	12	168	249380.0	12	1.5384615384615383	249380.0	12	1.5384615384615383	2190.5	0	0.0	1011.0	0	0.0	1011.0	0	0.0
home	12	169	250860.0	0	0.0	250860.0	0	0.0	2203.5	0	0.0	1017.0	0	0.0	1017.0	0	0.0
home	12	170	252340.0	0	0.0	252340.0	0	0.0	2216.5	0	0.0	1023.0	0	0.0	1023.0	0	0.0
home	12	171	253820.0	12	1.5384615384615383	253820.0	12	1.5384615384615383	2229.5	0	0.0	1029.0	0	0.0	1029.0	0	0.0
home	12	172	255300.0	0	0.0	255300.0	0	0.0	2242.5	0	0.0	1035.0	0	0.0	1035.0	0	0.0
home	12	173	256780.0	0	0.0	256780.0	0	0.0	2255.5	0	0.0	1041.0	0	0.0	1041.0	0	0.0
home	12	174	258260.0	12	1.5384615384615383	258260.0	12	1.5384615384615383	2268.5	0	0.0	1047.0	0	0.0	1047.0	0	0.0
home	12	175	259740.0	0	0.0	259740.0	0	0.0	2281.5	0	0.0	1053.0	0	0.0	1053.0	0	0.0
home	12	176	261220.0	0	0.0	261220.0	0	0.0	2294.5	0	0.0	1059.0	0	0.0	1059.0	0	0.0
home	12	177	262700.0	12	1.5384615384615383	262700.0	12	1.5384615384615383	2307.5	0	0.0	1065.0	0	0.0	1065.0	0	0.0
home	12	178	264180.0	0	0.0	264180.0	0	0.0	2320.5	0	0.0	1071.0	0	0.0	1071.0	0	0.0
home	12	179	265660.0	0	0.0	265660.0	0	0.0	2333.5	0	0.0	1077.0	0	0.0	1077.0	0	0.0
home	12	180	267140.0	12	1.5384615384615383	267140.0	12	1.5384615384615383	2346.5	0	0.0	1083.0	0	0.0	1083.0	0	0.0
home	12	181	268620.0	0	0.0	268620.0	0	0.0	2359.5	0	0.0	1089.0	0	0.0	1089.0	0	0.0
home	12	182	270100.0	0	0.0	270100.0	0	0.0	2372.5	0	0.0	1095.0	0	0.0	1095.0	0	0.0
home	12	183	271580.0	0	0.0	271580.0	0	0.0	2385.5	0	0.0	1101.0	0	0.0	1101.0	0	0.0
home	12	184	273060.0	12	1.5384615384615383	273060.0	12	1.5384615384615383	2398.5	0	0.0	1107.0	0	0.0	1107.0	0	0.0
home	12	185	274540.0	0	0.0	274540.0	0	0.0	2411.5	0	0.0	1113.0	0	0.0	1113.0	0	0.0
home	12	186	276020.0	0	0.0	276020.0	0	0.0	2424.5	0	0.0	1119.0	0	0.0	1119.0	0	0.0
home	12	187	277500.0	12	1.5384615384615383	277500.0	12	1.5384615384615383	2437.5	0	0.0	1125.0	0	0.0	1125.0	0	0.0
home	12	188	278980.0	0	0.0	278980.0	0	0.0	2450.5	0	0.0	1131.0	0	0.0	1131.0	0	0.0
home	12	189	280460.0	0	0.0	280460.0	0	0.0	2463.5	0	0.0	1137.0	0	0.0	1137.0	0	0.0
home	12	190	281940.0	12	1.5384615384615383	281940.0	12	1.5384615384615383	2476.5	0	0.0	1143.0	0	0.0	1143.0	0	0.0
home	12	191	283420.0	0	0.0	283420.0	0	0.0	2489.5	0	0.0	1149.0	0	0.0	1149.0	0	0.0
home	12	192	284900.0	0	0.0	284900.0	0	0.0	2502.5	0	0.0	1155.0	0	0.0	1155.0	0	0.0
home	12	193	286380.0	12	1.5384615384615383	286380.0	12	1.5384615384615383	2515.5	0	0.0	1161.0	0	0.0	1161.0	0	0.0
home	12	194	287860.0	0	0.0	287860.0	0	0.0	2528.5	0	0.0	1167.0	0	0.0	1167.0	0	0.0
home	12	195	289340.0	0	0.0	289340.0	0	0.0	2541.5	0	0.0	1173.0	0	0.0	1173.0	0	0.0
home	12	196	290820.0	12	1.5384615384615383	290820.0	12	1.5384615384615383	2554.5	0	0.0	1179.0	0	0.0	1179.0	0	0.0
home	12	197	292300.0	0	0.0	292300.0	0	0.0	2567.5	0	0.0	1185.0	0	0.0	1185.0	0	0.0
home	12	198	293780.0	0	0.0	293780.0	0	0.0	2580.5	1	0.1282051282051282	1191.0	0	0.0	1191.0	0	0.0
home	12	199	295260.0	12	1.5384615384615383	295260.0	12	1.5384615384615383	2593.5	0	0.0	1197.0	0	0.0	1197.0	0	0.0
