'Request type'	'Load'	'Bucket'	'Start time'	'Absolute'	'Percent of requests'	'End time'	'Absolute'	'Percent of requests'	'Residence time'	'Absolute'	'Percent of requests'	'Theor. think time'	'Absolute'	'Percent of requests'	'Actual think time'	'Absolute'	'Percent of requests'
login	9	0	751.5	9	1.1083743842364533	751.5	3	0.3694581280788177	7.5	0	0.0	3.0	812	100.0	3.0	812	100.0
login	9	1	2254.5	0	0.0	2254.5	6	0.7389162561576355	22.5	0	0.0	9.0	0	0.0	9.0	0	0.0
login	9	2	3757.5	9	1.1083743842364533	3757.5	0	0.0	37.5	0	0.0	15.0	0	0.0	15.0	0	0.0
login	9	3	5260.5	0	0.0	5260.5	8	0.9852216748768473	52.5	0	0.0	21.0	0	0.0	21.0	0	0.0
login	9	4	6763.5	9	1.1083743842364533	6763.5	1	0.12315270935960591	67.5	0	0.0	27.0	0	0.0	27.0	0	0.0
login	9	5	8266.5	0	0.0	8266.5	4	0.49261083743842365	82.5	0	0.0	33.0	0	0.0	33.0	0	0.0
login	9	6	9769.5	0	0.0	9769.5	5	0.6157635467980296	97.5	0	0.0	39.0	0	0.0	39.0	0	0.0
login	9	7	11272.5	9	1.1083743842364533	11272.5	2	0.24630541871921183	112.5	0	0.0	45.0	0	0.0	45.0	0	0.0
login	9	8	12775.5	0	0.0	12775.5	7	0.8620689655172414	127.5	0	0.0	51.0	0	0.0	51.0	0	0.0
login	9	9	14278.5	9	1.1083743842364533	14278.5	1	0.12315270935960591	142.5	0	0.0	57.0	0	0.0	57.0	0	0.0
login	9	10	15781.5	0	0.0	15781.5	5	0.6157635467980296	157.5	0	0.0	63.0	0	0.0	63.0	0	0.0
login	9	11	17284.5	9	1.1083743842364533	17284.5	3	0.3694581280788177	172.5	0	0.0	69.0	0	0.0	69.0	0	0.0
login	9	12	18787.5	0	0.0	18787.5	5	0.6157635467980296	187.5	0	0.0	75.0	0	0.0	75.0	0	0.0
login	9	13	20290.5	8	0.9852216748768473	20290.5	4	0.49261083743842365	202.5	0	0.0	81.0	0	0.0	81.0	0	0.0
login	9	14	21793.5	1	0.12315270935960591	21793.5	4	0.49261083743842365	217.5	0	0.0	87.0	0	0.0	87.0	0	0.0
login	9	15	23296.5	0	0.0	23296.5	5	0.6157635467980296	232.5	0	0.0	93.0	0	0.0	93.0	0	0.0
login	9	16	24799.5	9	1.1083743842364533	24799.5	2	0.24630541871921183	247.5	0	0.0	99.0	0	0.0	99.0	0	0.0
login	9	17	26302.5	0	0.0	26302.5	7	0.8620689655172414	262.5	0	0.0	105.0	0	0.0	105.0	0	0.0
login	9	18	27805.5	9	1.1083743842364533	27805.5	1	0.12315270935960591	277.5	1	0.12315270935960591	111.0	0	0.0	111.0	0	0.0
login	9	19	29308.5	0	0.0	29308.5	5	0.6157635467980296	292.5	1	0.12315270935960591	117.0	0	0.0	117.0	0	0.0
login	9	20	30811.5	7	0.8620689655172414	30811.5	3	0.3694581280788177	307.5	0	0.0	123.0	0	0.0	123.0	0	0.0
login	9	21	32314.5	2	0.24630541871921183	32314.5	4	0.49261083743842365	322.5	0	0.0	129.0	0	0.0	129.0	0	0.0
login	9	22	33817.5	0	0.0	33817.5	5	0.6157635467980296	337.5	0	0.0	135.0	0	0.0	135.0	0	0.0
login	9	23	35320.5	9	1.1083743842364533	35320.5	3	0.3694581280788177	352.5	0	0.0	141.0	0	0.0	141.0	0	0.0
login	9	24	36823.5	0	0.0	36823.5	6	0.7389162561576355	367.5	0	0.0	147.0	0	0.0	147.0	0	0.0
login	9	25	38326.5	9	1.1083743842364533	38326.5	1	0.12315270935960591	382.5	0	0.0	153.0	0	0.0	153.0	0	0.0
login	9	26	39829.5	0	0.0	39829.5	5	0.6157635467980296	397.5	0	0.0	159.0	0	0.0	159.0	0	0.0
login	9	27	41332.5	7	0.8620689655172414	41332.5	3	0.3694581280788177	412.5	2	0.24630541871921183	165.0	0	0.0	165.0	0	0.0
login	9	28	42835.5	2	0.24630541871921183	42835.5	6	0.7389162561576355	427.5	0	0.0	171.0	0	0.0	171.0	0	0.0
login	9	29	44338.5	8	0.9852216748768473	44338.5	3	0.3694581280788177	442.5	0	0.0	177.0	0	0.0	177.0	0	0.0
login	9	30	45841.5	1	0.12315270935960591	45841.5	6	0.7389162561576355	457.5	0	0.0	183.0	0	0.0	183.0	0	0.0
login	9	31	47344.5	9	1.1083743842364533	47344.5	3	0.3694581280788177	472.5	1	0.12315270935960591	189.0	0	0.0	189.0	0	0.0
login	9	32	48847.5	0	0.0	48847.5	6	0.7389162561576355	487.5	0	0.0	195.0	0	0.0	195.0	0	0.0
login	9	33	50350.5	6	0.7389162561576355	50350.5	3	0.3694581280788177	502.5	1	0.12315270935960591	201.0	0	0.0	201.0	0	0.0
login	9	34	51853.5	3	0.3694581280788177	51853.5	4	0.49261083743842365	517.5	0	0.0	207.0	0	0.0	207.0	0	0.0
login	9	35	53356.5	7	0.8620689655172414	53356.5	5	0.6157635467980296	532.5	0	0.0	213.0	0	0.0	213.0	0	0.0
login	9	36	54859.5	2	0.24630541871921183	54859.5	4	0.49261083743842365	547.5	0	0.0	219.0	0	0.0	219.0	0	0.0
login	9	37	56362.5	0	0.0	56362.5	5	0.6157635467980296	562.5	0	0.0	225.0	0	0.0	225.0	0	0.0
login	9	38	57865.5	9	1.1083743842364533	57865.5	4	0.49261083743842365	577.5	2	0.24630541871921183	231.0	0	0.0	231.0	0	0.0
login	9	39	59368.5	0	0.0	59368.5	5	0.6157635467980296	592.5	2	0.24630541871921183	237.0	0	0.0	237.0	0	0.0
login	9	40	60871.5	9	1.1083743842364533	60871.5	0	0.0	607.5	9	1.1083743842364533	243.0	0	0.0	243.0	0	0.0
login	9	41	62374.5	0	0.0	62374.5	6	0.7389162561576355	622.5	2	0.24630541871921183	249.0	0	0.0	249.0	0	0.0
login	9	42	63877.5	9	1.1083743842364533	63877.5	3	0.3694581280788177	637.5	0	0.0	255.0	0	0.0	255.0	0	0.0
login	9	43	65380.5	0	0.0	65380.5	5	0.6157635467980296	652.5	0	0.0	261.0	0	0.0	261.0	0	0.0
login	9	44	66883.5	0	0.0	66883.5	4	0.49261083743842365	667.5	1	0.12315270935960591	267.0	0	0.0	267.0	0	0.0
login	9	45	68386.5	9	1.1083743842364533	68386.5	2	0.24630541871921183	682.5	6	0.7389162561576355	273.0	0	0.0	273.0	0	0.0
login	9	46	69889.5	0	0.0	69889.5	7	0.8620689655172414	697.5	8	0.9852216748768473	279.0	0	0.0	279.0	0	0.0
login	9	47	71392.5	9	1.1083743842364533	71392.5	2	0.24630541871921183	712.5	2	0.24630541871921183	285.0	0	0.0	285.0	0	0.0
login	9	48	72895.5	0	0.0	72895.5	6	0.7389162561576355	727.5	0	0.0	291.0	0	0.0	291.0	0	0.0
login	9	49	74398.5	9	1.1083743842364533	74398.5	1	0.12315270935960591	742.5	0	0.0	297.0	0	0.0	297.0	0	0.0
login	9	50	75901.5	0	0.0	75901.5	6	0.7389162561576355	757.5	1	0.12315270935960591	303.0	0	0.0	303.0	0	0.0
login	9	51	77404.5	9	1.1083743842364533	77404.5	3	0.3694581280788177	772.5	3	0.3694581280788177	309.0	0	0.0	309.0	0	0.0
login	9	52	78907.5	0	0.0	78907.5	4	0.49261083743842365	787.5	3	0.3694581280788177	315.0	0	0.0	315.0	0	0.0
login	9	53	80410.5	0	0.0	80410.5	5	0.6157635467980296	802.5	5	0.6157635467980296	321.0	0	0.0	321.0	0	0.0
login	9	54	81913.5	9	1.1083743842364533	81913.5	2	0.24630541871921183	817.5	2	0.24630541871921183	327.0	0	0.0	327.0	0	0.0
login	9	55	83416.5	0	0.0	83416.5	6	0.7389162561576355	832.5	0	0.0	333.0	0	0.0	333.0	0	0.0
login	9	56	84919.5	9	1.1083743842364533	84919.5	2	0.24630541871921183	847.5	0	0.0	339.0	0	0.0	339.0	0	0.0
login	9	57	86422.5	0	0.0	86422.5	6	0.7389162561576355	862.5	1	0.12315270935960591	345.0	0	0.0	345.0	0	0.0
login	9	58	87925.5	9	1.1083743842364533	87925.5	2	0.24630541871921183	877.5	0	0.0	351.0	0	0.0	351.0	0	0.0
login	9	59	89428.5	0	0.0	89428.5	4	0.49261083743842365	892.5	3	0.3694581280788177	357.0	0	0.0	357.0	0	0.0
login	9	60	90931.5	1	0.12315270935960591	90931.5	5	0.6157635467980296	907.5	7	0.8620689655172414	363.0	0	0.0	363.0	0	0.0
login	9	61	92434.5	8	0.9852216748768473	92434.5	3	0.3694581280788177	922.5	0	0.0	369.0	0	0.0	369.0	0	0.0
login	9	62	93937.5	4	0.49261083743842365	93937.5	6	0.7389162561576355	937.5	0	0.0	375.0	0	0.0	375.0	0	0.0
login	9	63	95440.5	5	0.6157635467980296	95440.5	4	0.49261083743842365	952.5	0	0.0	381.0	0	0.0	381.0	0	0.0
login	9	64	96943.5	0	0.0	96943.5	5	0.6157635467980296	967.5	0	0.0	387.0	0	0.0	387.0	0	0.0
login	9	65	98446.5	9	1.1083743842364533	98446.5	2	0.24630541871921183	982.5	3	0.3694581280788177	393.0	0	0.0	393.0	0	0.0
login	9	66	99949.5	0	0.0	99949.5	6	0.7389162561576355	997.5	8	0.9852216748768473	399.0	0	0.0	399.0	0	0.0
login	9	67	101452.5	9	1.1083743842364533	101452.5	2	0.24630541871921183	1012.5	10	1.2315270935960592	405.0	0	0.0	405.0	0	0.0
login	9	68	102955.5	0	0.0	102955.5	8	0.9852216748768473	1027.5	1	0.12315270935960591	411.0	0	0.0	411.0	0	0.0
login	9	69	104458.5	9	1.1083743842364533	104458.5	0	0.0	1042.5	0	0.0	417.0	0	0.0	417.0	0	0.0
login	9	70	105961.5	0	0.0	105961.5	4	0.49261083743842365	1057.5	0	0.0	423.0	0	0.0	423.0	0	0.0
login	9	71	107464.5	6	0.7389162561576355	107464.5	5	0.6157635467980296	1072.5	1	0.12315270935960591	429.0	0	0.0	429.0	0	0.0
login	9	72	108967.5	3	0.3694581280788177	108967.5	2	0.24630541871921183	1087.5	13	1.6009852216748768	435.0	0	0.0	435.0	0	0.0
login	9	73	110470.5	0	0.0	110470.5	7	0.8620689655172414	1102.5	18	2.2167487684729066	441.0	0	0.0	441.0	0	0.0
login	9	74	111973.5	9	1.1083743842364533	111973.5	2	0.24630541871921183	1117.5	15	1.8472906403940887	447.0	0	0.0	447.0	0	0.0
login	9	75	113476.5	1	0.12315270935960591	113476.5	7	0.8620689655172414	1132.5	0	0.0	453.0	0	0.0	453.0	0	0.0
login	9	76	114979.5	8	0.9852216748768473	114979.5	3	0.3694581280788177	1147.5	0	0.0	459.0	0	0.0	459.0	0	0.0
login	9	77	116482.5	0	0.0	116482.5	6	0.7389162561576355	1162.5	0	0.0	465.0	0	0.0	465.0	0	0.0
login	9	78	117985.5	9	1.1083743842364533	117985.5	1	0.12315270935960591	1177.5	8	0.9852216748768473	471.0	0	0.0	471.0	0	0.0
login	9	79	119488.5	0	0.0	119488.5	8	0.9852216748768473	1192.5	20	2.4630541871921183	477.0	0	0.0	477.0	0	0.0
login	9	80	120991.5	9	1.1083743842364533	120991.5	2	0.24630541871921183	1207.5	26	3.2019704433497536	483.0	0	0.0	483.0	0	0.0
login	9	81	122494.5	0	0.0	122494.5	7	0.8620689655172414	1222.5	4	0.49261083743842365	489.0	0	0.0	489.0	0	0.0
login	9	82	123997.5	9	1.1083743842364533	123997.5	0	0.0	1237.5	1	0.12315270935960591	495.0	0	0.0	495.0	0	0.0
login	9	83	125500.5	0	0.0	125500.5	7	0.8620689655172414	1252.5	0	0.0	501.0	0	0.0	501.0	0	0.0
login	9	84	127003.5	9	1.1083743842364533	127003.5	2	0.24630541871921183	1267.5	2	0.24630541871921183	507.0	0	0.0	507.0	0	0.0
login	9	85	128506.5	0	0.0	128506.5	4	0.49261083743842365	1282.5	17	2.0935960591133007	513.0	0	0.0	513.0	0	0.0
login	9	86	130009.5	6	0.7389162561576355	130009.5	5	0.6157635467980296	1297.5	32	3.9408866995073892	519.0	0	0.0	519.0	0	0.0
login	9	87	131512.5	3	0.3694581280788177	131512.5	5	0.6157635467980296	1312.5	11	1.354679802955665	525.0	0	0.0	525.0	0	0.0
login	9	88	133015.5	6	0.7389162561576355	133015.5	4	0.49261083743842365	1327.5	1	0.12315270935960591	531.0	0	0.0	531.0	0	0.0
login	9	89	134518.5	3	0.3694581280788177	134518.5	4	0.49261083743842365	1342.5	0	0.0	537.0	0	0.0	537.0	0	0.0
login	9	90	136021.5	0	0.0	136021.5	5	0.6157635467980296	1357.5	0	0.0	543.0	0	0.0	543.0	0	0.0
login	9	91	137524.5	9	1.1083743842364533	137524.5	1	0.12315270935960591	1372.5	1	0.12315270935960591	549.0	0	0.0	549.0	0	0.0
login	9	92	139027.5	0	0.0	139027.5	5	0.6157635467980296	1387.5	20	2.4630541871921183	555.0	0	0.0	555.0	0	0.0
login	9	93	140530.5	9	1.1083743842364533	140530.5	3	0.3694581280788177	1402.5	16	1.9704433497536946	561.0	0	0.0	561.0	0	0.0
login	9	94	142033.5	0	0.0	142033.5	4	0.49261083743842365	1417.5	3	0.3694581280788177	567.0	0	0.0	567.0	0	0.0
login	9	95	143536.5	5	0.6157635467980296	143536.5	5	0.6157635467980296	1432.5	1	0.12315270935960591	573.0	0	0.0	573.0	0	0.0
login	9	96	145039.5	4	0.49261083743842365	145039.5	3	0.3694581280788177	1447.5	0	0.0	579.0	0	0.0	579.0	0	0.0
login	9	97	146542.5	0	0.0	146542.5	6	0.7389162561576355	1462.5	0	0.0	585.0	0	0.0	585.0	0	0.0
login	9	98	148045.5	9	1.1083743842364533	148045.5	1	0.12315270935960591	1477.5	2	0.24630541871921183	591.0	0	0.0	591.0	0	0.0
login	9	99	149548.5	0	0.0	149548.5	7	0.8620689655172414	1492.5	8	0.9852216748768473	597.0	0	0.0	597.0	0	0.0
login	9	100	151051.5	9	1.1083743842364533	151051.5	2	0.24630541871921183	1507.5	6	0.7389162561576355	603.0	0	0.0	603.0	0	0.0
login	9	101	152554.5	0	0.0	152554.5	6	0.7389162561576355	1522.5	4	0.49261083743842365	609.0	0	0.0	609.0	0	0.0
login	9	102	154057.5	9	1.1083743842364533	154057.5	2	0.24630541871921183	1537.5	0	0.0	615.0	0	0.0	615.0	0	0.0
login	9	103	155560.5	0	0.0	155560.5	6	0.7389162561576355	1552.5	1	0.12315270935960591	621.0	0	0.0	621.0	0	0.0
login	9	104	157063.5	9	1.1083743842364533	157063.5	3	0.3694581280788177	1567.5	0	0.0	627.0	0	0.0	627.0	0	0.0
login	9	105	158566.5	0	0.0	158566.5	6	0.7389162561576355	1582.5	5	0.6157635467980296	633.0	0	0.0	633.0	0	0.0
login	9	106	160069.5	7	0.8620689655172414	160069.5	3	0.3694581280788177	1597.5	11	1.354679802955665	639.0	0	0.0	639.0	0	0.0
login	9	107	161572.5	2	0.24630541871921183	161572.5	4	0.49261083743842365	1612.5	6	0.7389162561576355	645.0	0	0.0	645.0	0	0.0
login	9	108	163075.5	0	0.0	163075.5	5	0.6157635467980296	1627.5	1	0.12315270935960591	651.0	0	0.0	651.0	0	0.0
login	9	109	164578.5	9	1.1083743842364533	164578.5	1	0.12315270935960591	1642.5	0	0.0	657.0	0	0.0	657.0	0	0.0
login	9	110	166081.5	0	0.0	166081.5	6	0.7389162561576355	1657.5	0	0.0	663.0	0	0.0	663.0	0	0.0
login	9	111	167584.5	9	1.1083743842364533	167584.5	3	0.3694581280788177	1672.5	0	0.0	669.0	0	0.0	669.0	0	0.0
login	9	112	169087.5	0	0.0	169087.5	6	0.7389162561576355	1687.5	11	1.354679802955665	675.0	0	0.0	675.0	0	0.0
login	9	113	170590.5	9	1.1083743842364533	170590.5	3	0.3694581280788177	1702.5	14	1.7241379310344829	681.0	0	0.0	681.0	0	0.0
login	9	114	172093.5	0	0.0	172093.5	7	0.8620689655172414	1717.5	9	1.1083743842364533	687.0	0	0.0	687.0	0	0.0
login	9	115	173596.5	9	1.1083743842364533	173596.5	1	0.12315270935960591	1732.5	0	0.0	693.0	0	0.0	693.0	0	0.0
login	9	116	175099.5	0	0.0	175099.5	4	0.49261083743842365	1747.5	0	0.0	699.0	0	0.0	699.0	0	0.0
login	9	117	176602.5	0	0.0	176602.5	5	0.6157635467980296	1762.5	0	0.0	705.0	0	0.0	705.0	0	0.0
login	9	118	178105.5	9	1.1083743842364533	178105.5	3	0.3694581280788177	1777.5	11	1.354679802955665	711.0	0	0.0	711.0	0	0.0
login	9	119	179608.5	0	0.0	179608.5	6	0.7389162561576355	1792.5	26	3.2019704433497536	717.0	0	0.0	717.0	0	0.0
login	9	120	181111.5	9	1.1083743842364533	181111.5	0	0.0	1807.5	13	1.6009852216748768	723.0	0	0.0	723.0	0	0.0
login	9	121	182614.5	0	0.0	182614.5	6	0.7389162561576355	1822.5	3	0.3694581280788177	729.0	0	0.0	729.0	0	0.0
login	9	122	184117.5	8	0.9852216748768473	184117.5	3	0.3694581280788177	1837.5	0	0.0	735.0	0	0.0	735.0	0	0.0
login	9	123	185620.5	1	0.12315270935960591	185620.5	5	0.6157635467980296	1852.5	0	0.0	741.0	0	0.0	741.0	0	0.0
login	9	124	187123.5	6	0.7389162561576355	187123.5	4	0.49261083743842365	1867.5	0	0.0	747.0	0	0.0	747.0	0	0.0
login	9	125	188626.5	3	0.3694581280788177	188626.5	4	0.49261083743842365	1882.5	17	2.0935960591133007	753.0	0	0.0	753.0	0	0.0
login	9	126	190129.5	0	0.0	190129.5	5	0.6157635467980296	1897.5	32	3.9408866995073892	759.0	0	0.0	759.0	0	0.0
login	9	127	191632.5	9	1.1083743842364533	191632.5	4	0.49261083743842365	1912.5	13	1.6009852216748768	765.0	0	0.0	765.0	0	0.0
login	9	128	193135.5	0	0.0	193135.5	5	0.6157635467980296	1927.5	0	0.0	771.0	0	0.0	771.0	0	0.0
login	9	129	194638.5	9	1.1083743842364533	194638.5	1	0.12315270935960591	1942.5	2	0.24630541871921183	777.0	0	0.0	777.0	0	0.0
login	9	130	196141.5	0	0.0	196141.5	5	0.6157635467980296	1957.5	1	0.12315270935960591	783.0	0	0.0	783.0	0	0.0
login	9	131	197644.5	9	1.1083743842364533	197644.5	3	0.3694581280788177	1972.5	5	0.6157635467980296	789.0	0	0.0	789.0	0	0.0
login	9	132	199147.5	0	0.0	199147.5	5	0.6157635467980296	1987.5	12	1.477832512315271	795.0	0	0.0	795.0	0	0.0
login	9	133	200650.5	9	1.1083743842364533	200650.5	4	0.49261083743842365	2002.5	17	2.0935960591133007	801.0	0	0.0	801.0	0	0.0
login	9	134	202153.5	0	0.0	202153.5	6	0.7389162561576355	2017.5	8	0.9852216748768473	807.0	0	0.0	807.0	0	0.0
login	9	135	203656.5	6	0.7389162561576355	203656.5	3	0.3694581280788177	2032.5	0	0.0	813.0	0	0.0	813.0	0	0.0
login	9	136	205159.5	3	0.3694581280788177	205159.5	4	0.49261083743842365	2047.5	0	0.0	819.0	0	0.0	819.0	0	0.0
login	9	137	206662.5	6	0.7389162561576355	206662.5	5	0.6157635467980296	2062.5	2	0.24630541871921183	825.0	0	0.0	825.0	0	0.0
login	9	138	208165.5	3	0.3694581280788177	208165.5	3	0.3694581280788177	2077.5	9	1.1083743842364533	831.0	0	0.0	831.0	0	0.0
login	9	139	209668.5	0	0.0	209668.5	6	0.7389162561576355	2092.5	22	2.70935960591133	837.0	0	0.0	837.0	0	0.0
login	9	140	211171.5	9	1.1083743842364533	211171.5	2	0.24630541871921183	2107.5	13	1.6009852216748768	843.0	0	0.0	843.0	0	0.0
login	9	141	212674.5	0	0.0	212674.5	7	0.8620689655172414	2122.5	3	0.3694581280788177	849.0	0	0.0	849.0	0	0.0
login	9	142	214177.5	9	1.1083743842364533	214177.5	2	0.24630541871921183	2137.5	0	0.0	855.0	0	0.0	855.0	0	0.0
login	9	143	215680.5	0	0.0	215680.5	5	0.6157635467980296	2152.5	0	0.0	861.0	0	0.0	861.0	0	0.0
login	9	144	217183.5	9	1.1083743842364533	217183.5	3	0.3694581280788177	2167.5	4	0.49261083743842365	867.0	0	0.0	867.0	0	0.0
login	9	145	218686.5	0	0.0	218686.5	6	0.7389162561576355	2182.5	10	1.2315270935960592	873.0	0	0.0	873.0	0	0.0
login	9	146	220189.5	9	1.1083743842364533	220189.5	3	0.3694581280788177	2197.5	13	1.6009852216748768	879.0	0	0.0	879.0	0	0.0
login	9	147	221692.5	0	0.0	221692.5	7	0.8620689655172414	2212.5	13	1.6009852216748768	885.0	0	0.0	885.0	0	0.0
login	9	148	223195.5	9	1.1083743842364533	223195.5	1	0.12315270935960591	2227.5	0	0.0	891.0	0	0.0	891.0	0	0.0
login	9	149	224698.5	0	0.0	224698.5	4	0.49261083743842365	2242.5	0	0.0	897.0	0	0.0	897.0	0	0.0
login	9	150	226201.5	8	0.9852216748768473	226201.5	5	0.6157635467980296	2257.5	3	0.3694581280788177	903.0	0	0.0	903.0	0	0.0
login	9	151	227704.5	1	0.12315270935960591	227704.5	4	0.49261083743842365	2272.5	7	0.8620689655172414	909.0	0	0.0	909.0	0	0.0
login	9	152	229207.5	0	0.0	229207.5	5	0.6157635467980296	2287.5	12	1.477832512315271	915.0	0	0.0	915.0	0	0.0
login	9	153	230710.5	9	1.1083743842364533	230710.5	1	0.12315270935960591	2302.5	21	2.586206896551724	921.0	0	0.0	921.0	0	0.0
login	9	154	232213.5	0	0.0	232213.5	8	0.9852216748768473	2317.5	7	0.8620689655172414	927.0	0	0.0	927.0	0	0.0
login	9	155	233716.5	9	1.1083743842364533	233716.5	1	0.12315270935960591	2332.5	0	0.0	933.0	0	0.0	933.0	0	0.0
login	9	156	235219.5	0	0.0	235219.5	6	0.7389162561576355	2347.5	0	0.0	939.0	0	0.0	939.0	0	0.0
login	9	157	236722.5	9	1.1083743842364533	236722.5	3	0.3694581280788177	2362.5	0	0.0	945.0	0	0.0	945.0	0	0.0
login	9	158	238225.5	1	0.12315270935960591	238225.5	5	0.6157635467980296	2377.5	11	1.354679802955665	951.0	0	0.0	951.0	0	0.0
login	9	159	239728.5	9	1.1083743842364533	239728.5	4	0.49261083743842365	2392.5	15	1.8472906403940887	957.0	0	0.0	957.0	0	0.0
login	9	160	241231.5	0	0.0	241231.5	5	0.6157635467980296	2407.5	15	1.8472906403940887	963.0	0	0.0	963.0	0	0.0
login	9	161	242734.5	6	0.7389162561576355	242734.5	4	0.49261083743842365	2422.5	4	0.49261083743842365	969.0	0	0.0	969.0	0	0.0
login	9	162	244237.5	3	0.3694581280788177	244237.5	5	0.6157635467980296	2437.5	0	0.0	975.0	0	0.0	975.0	0	0.0
login	9	163	245740.5	6	0.7389162561576355	245740.5	4	0.49261083743842365	2452.5	3	0.3694581280788177	981.0	0	0.0	981.0	0	0.0
login	9	164	247243.5	3	0.3694581280788177	247243.5	4	0.49261083743842365	2467.5	6	0.7389162561576355	987.0	0	0.0	987.0	0	0.0
login	9	165	248746.5	0	0.0	248746.5	5	0.6157635467980296	2482.5	8	0.9852216748768473	993.0	0	0.0	993.0	0	0.0
login	9	166	250249.5	9	1.1083743842364533	250249.5	1	0.12315270935960591	2497.5	10	1.2315270935960592	999.0	0	0.0	999.0	0	0.0
login	9	167	251752.5	0	0.0	251752.5	8	0.9852216748768473	2512.5	13	1.6009852216748768	1005.0	0	0.0	1005.0	0	0.0
login	9	168	253255.5	9	1.1083743842364533	253255.5	0	0.0	2527.5	2	0.24630541871921183	1011.0	0	0.0	1011.0	0	0.0
login	9	169	254758.5	0	0.0	254758.5	5	0.6157635467980296	2542.5	0	0.0	1017.0	0	0.0	1017.0	0	0.0
login	9	170	256261.5	9	1.1083743842364533	256261.5	4	0.49261083743842365	2557.5	1	0.12315270935960591	1023.0	0	0.0	1023.0	0	0.0
login	9	171	257764.5	0	0.0	257764.5	4	0.49261083743842365	2572.5	5	0.6157635467980296	1029.0	0	0.0	1029.0	0	0.0
login	9	172	259267.5	0	0.0	259267.5	5	0.6157635467980296	2587.5	7	0.8620689655172414	1035.0	0	0.0	1035.0	0	0.0
login	9	173	260770.5	9	1.1083743842364533	260770.5	3	0.3694581280788177	2602.5	6	0.7389162561576355	1041.0	0	0.0	1041.0	0	0.0
login	9	174	262273.5	0	0.0	262273.5	6	0.7389162561576355	2617.5	4	0.49261083743842365	1047.0	0	0.0	1047.0	0	0.0
login	9	175	263776.5	9	1.1083743842364533	263776.5	0	0.0	2632.5	2	0.24630541871921183	1053.0	0	0.0	1053.0	0	0.0
login	9	176	265279.5	0	0.0	265279.5	5	0.6157635467980296	2647.5	0	0.0	1059.0	0	0.0	1059.0	0	0.0
login	9	177	266782.5	8	0.9852216748768473	266782.5	4	0.49261083743842365	2662.5	0	0.0	1065.0	0	0.0	1065.0	0	0.0
login	9	178	268285.5	1	0.12315270935960591	268285.5	4	0.49261083743842365	2677.5	2	0.24630541871921183	1071.0	0	0.0	1071.0	0	0.0
login	9	179	269788.5	0	0.0	269788.5	5	0.6157635467980296	2692.5	4	0.49261083743842365	1077.0	0	0.0	1077.0	0	0.0
login	9	180	271291.5	9	1.1083743842364533	271291.5	1	0.12315270935960591	2707.5	8	0.9852216748768473	1083.0	0	0.0	1083.0	0	0.0
login	9	181	272794.5	0	0.0	272794.5	6	0.7389162561576355	2722.5	2	0.24630541871921183	1089.0	0	0.0	1089.0	0	0.0
login	9	182	274297.5	9	1.1083743842364533	274297.5	3	0.3694581280788177	2737.5	1	0.12315270935960591	1095.0	0	0.0	1095.0	0	0.0
login	9	183	275800.5	0	0.0	275800.5	6	0.7389162561576355	2752.5	0	0.0	1101.0	0	0.0	1101.0	0	0.0
login	9	184	277303.5	9	1.1083743842364533	277303.5	4	0.49261083743842365	2767.5	1	0.12315270935960591	1107.0	0	0.0	1107.0	0	0.0
login	9	185	278806.5	1	0.12315270935960591	278806.5	6	0.7389162561576355	2782.5	1	0.12315270935960591	1113.0	0	0.0	1113.0	0	0.0
login	9	186	280309.5	9	1.1083743842364533	280309.5	2	0.24630541871921183	2797.5	1	0.12315270935960591	1119.0	0	0.0	1119.0	0	0.0
login	9	187	281812.5	0	0.0	281812.5	6	0.7389162561576355	2812.5	2	0.24630541871921183	1125.0	0	0.0	1125.0	0	0.0
login	9	188	283315.5	6	0.7389162561576355	283315.5	3	0.3694581280788177	2827.5	1	0.12315270935960591	1131.0	0	0.0	1131.0	0	0.0
login	9	189	284818.5	3	0.3694581280788177	284818.5	4	0.49261083743842365	2842.5	0	0.0	1137.0	0	0.0	1137.0	0	0.0
login	9	190	286321.5	8	0.9852216748768473	286321.5	5	0.6157635467980296	2857.5	1	0.12315270935960591	1143.0	0	0.0	1143.0	0	0.0
login	9	191	287824.5	1	0.12315270935960591	287824.5	4	0.49261083743842365	2872.5	1	0.12315270935960591	1149.0	0	0.0	1149.0	0	0.0
login	9	192	289327.5	0	0.0	289327.5	5	0.6157635467980296	2887.5	1	0.12315270935960591	1155.0	0	0.0	1155.0	0	0.0
login	9	193	290830.5	9	1.1083743842364533	290830.5	0	0.0	2902.5	2	0.24630541871921183	1161.0	0	0.0	1161.0	0	0.0
login	9	194	292333.5	0	0.0	292333.5	9	1.1083743842364533	2917.5	0	0.0	1167.0	0	0.0	1167.0	0	0.0
login	9	195	293836.5	9	1.1083743842364533	293836.5	0	0.0	2932.5	0	0.0	1173.0	0	0.0	1173.0	0	0.0
login	9	196	295339.5	0	0.0	295339.5	4	0.49261083743842365	2947.5	0	0.0	1179.0	0	0.0	1179.0	0	0.0
login	9	197	296842.5	8	0.9852216748768473	296842.5	5	0.6157635467980296	2962.5	0	0.0	1185.0	0	0.0	1185.0	0	0.0
login	9	198	298345.5	1	0.12315270935960591	298345.5	2	0.24630541871921183	2977.5	0	0.0	1191.0	0	0.0	1191.0	0	0.0
login	9	199	299848.5	0	0.0	299848.5	7	0.8620689655172414	2992.5	0	0.0	1197.0	0	0.0	1197.0	0	0.0
info	9	0	747.0	7	0.865265760197775	747.0	7	0.865265760197775	5.0	171	21.137206427688504	3.0	809	100.0	3.0	809	100.0
info	9	1	2241.0	2	0.24721878862793573	2241.0	2	0.24721878862793573	15.0	30	3.708281829419036	9.0	0	0.0	9.0	0	0.0
info	9	2	3735.0	4	0.49443757725587145	3735.0	0	0.0	25.0	16	1.9777503090234858	15.0	0	0.0	15.0	0	0.0
info	9	3	5229.0	5	0.6180469715698393	5229.0	9	1.1124845488257107	35.0	1	0.12360939431396786	21.0	0	0.0	21.0	0	0.0
info	9	4	6723.0	1	0.12360939431396786	6723.0	0	0.0	45.0	0	0.0	27.0	0	0.0	27.0	0	0.0
info	9	5	8217.0	7	0.865265760197775	8217.0	8	0.9888751545117429	55.0	1	0.12360939431396786	33.0	0	0.0	33.0	0	0.0
info	9	6	9711.0	1	0.12360939431396786	9711.0	1	0.12360939431396786	65.0	1	0.12360939431396786	39.0	0	0.0	39.0	0	0.0
info	9	7	11205.0	6	0.7416563658838071	11205.0	1	0.12360939431396786	75.0	8	0.9888751545117429	45.0	0	0.0	45.0	0	0.0
info	9	8	12699.0	3	0.37082818294190356	12699.0	8	0.9888751545117429	85.0	36	4.449938195302843	51.0	0	0.0	51.0	0	0.0
info	9	9	14193.0	3	0.37082818294190356	14193.0	0	0.0	95.0	59	7.292954264524104	57.0	0	0.0	57.0	0	0.0
info	9	10	15687.0	6	0.7416563658838071	15687.0	9	1.1124845488257107	105.0	35	4.326328800988875	63.0	0	0.0	63.0	0	0.0
info	9	11	17181.0	4	0.49443757725587145	17181.0	0	0.0	115.0	6	0.7416563658838071	69.0	0	0.0	69.0	0	0.0
info	9	12	18675.0	5	0.6180469715698393	18675.0	9	1.1124845488257107	125.0	1	0.12360939431396786	75.0	0	0.0	75.0	0	0.0
info	9	13	20169.0	1	0.12360939431396786	20169.0	0	0.0	135.0	0	0.0	81.0	0	0.0	81.0	0	0.0
info	9	14	21663.0	7	0.865265760197775	21663.0	8	0.9888751545117429	145.0	0	0.0	87.0	0	0.0	87.0	0	0.0
info	9	15	23157.0	1	0.12360939431396786	23157.0	1	0.12360939431396786	155.0	0	0.0	93.0	0	0.0	93.0	0	0.0
info	9	16	24651.0	5	0.6180469715698393	24651.0	0	0.0	165.0	0	0.0	99.0	0	0.0	99.0	0	0.0
info	9	17	26145.0	4	0.49443757725587145	26145.0	9	1.1124845488257107	175.0	9	1.1124845488257107	105.0	0	0.0	105.0	0	0.0
info	9	18	27639.0	2	0.24721878862793573	27639.0	0	0.0	185.0	23	2.8430160692212607	111.0	0	0.0	111.0	0	0.0
info	9	19	29133.0	5	0.6180469715698393	29133.0	7	0.865265760197775	195.0	17	2.1013597033374536	117.0	0	0.0	117.0	0	0.0
info	9	20	30627.0	3	0.37082818294190356	30627.0	2	0.24721878862793573	205.0	12	1.4833127317676142	123.0	0	0.0	123.0	0	0.0
info	9	21	32121.0	6	0.7416563658838071	32121.0	6	0.7416563658838071	215.0	6	0.7416563658838071	129.0	0	0.0	129.0	0	0.0
info	9	22	33615.0	2	0.24721878862793573	33615.0	3	0.37082818294190356	225.0	2	0.24721878862793573	135.0	0	0.0	135.0	0	0.0
info	9	23	35109.0	5	0.6180469715698393	35109.0	0	0.0	235.0	0	0.0	141.0	0	0.0	141.0	0	0.0
info	9	24	36603.0	4	0.49443757725587145	36603.0	9	1.1124845488257107	245.0	0	0.0	147.0	0	0.0	147.0	0	0.0
info	9	25	38097.0	1	0.12360939431396786	38097.0	0	0.0	255.0	0	0.0	153.0	0	0.0	153.0	0	0.0
info	9	26	39591.0	8	0.9888751545117429	39591.0	9	1.1124845488257107	265.0	0	0.0	159.0	0	0.0	159.0	0	0.0
info	9	27	41085.0	2	0.24721878862793573	41085.0	0	0.0	275.0	7	0.865265760197775	165.0	0	0.0	165.0	0	0.0
info	9	28	42579.0	7	0.865265760197775	42579.0	9	1.1124845488257107	285.0	13	1.6069221260815822	171.0	0	0.0	171.0	0	0.0
info	9	29	44073.0	1	0.12360939431396786	44073.0	0	0.0	295.0	9	1.1124845488257107	177.0	0	0.0	177.0	0	0.0
info	9	30	45567.0	8	0.9888751545117429	45567.0	9	1.1124845488257107	305.0	9	1.1124845488257107	183.0	0	0.0	183.0	0	0.0
info	9	31	47061.0	1	0.12360939431396786	47061.0	0	0.0	315.0	4	0.49443757725587145	189.0	0	0.0	189.0	0	0.0
info	9	32	48555.0	6	0.7416563658838071	48555.0	7	0.865265760197775	325.0	1	0.12360939431396786	195.0	0	0.0	195.0	0	0.0
info	9	33	50049.0	3	0.37082818294190356	50049.0	2	0.24721878862793573	335.0	0	0.0	201.0	0	0.0	201.0	0	0.0
info	9	34	51543.0	6	0.7416563658838071	51543.0	7	0.865265760197775	345.0	0	0.0	207.0	0	0.0	207.0	0	0.0
info	9	35	53037.0	3	0.37082818294190356	53037.0	2	0.24721878862793573	355.0	0	0.0	213.0	0	0.0	213.0	0	0.0
info	9	36	54531.0	6	0.7416563658838071	54531.0	6	0.7416563658838071	365.0	0	0.0	219.0	0	0.0	219.0	0	0.0
info	9	37	56025.0	2	0.24721878862793573	56025.0	3	0.37082818294190356	375.0	0	0.0	225.0	0	0.0	225.0	0	0.0
info	9	38	57519.0	4	0.49443757725587145	57519.0	0	0.0	385.0	5	0.6180469715698393	231.0	0	0.0	231.0	0	0.0
info	9	39	59013.0	5	0.6180469715698393	59013.0	9	1.1124845488257107	395.0	7	0.865265760197775	237.0	0	0.0	237.0	0	0.0
info	9	40	60507.0	4	0.49443757725587145	60507.0	0	0.0	405.0	9	1.1124845488257107	243.0	0	0.0	243.0	0	0.0
info	9	41	62001.0	5	0.6180469715698393	62001.0	9	1.1124845488257107	415.0	1	0.12360939431396786	249.0	0	0.0	249.0	0	0.0
info	9	42	63495.0	1	0.12360939431396786	63495.0	0	0.0	425.0	0	0.0	255.0	0	0.0	255.0	0	0.0
info	9	43	64989.0	5	0.6180469715698393	64989.0	0	0.0	435.0	0	0.0	261.0	0	0.0	261.0	0	0.0
info	9	44	66483.0	3	0.37082818294190356	66483.0	9	1.1124845488257107	445.0	0	0.0	267.0	0	0.0	267.0	0	0.0
info	9	45	67977.0	4	0.49443757725587145	67977.0	0	0.0	455.0	0	0.0	273.0	0	0.0	273.0	0	0.0
info	9	46	69471.0	5	0.6180469715698393	69471.0	9	1.1124845488257107	465.0	0	0.0	279.0	0	0.0	279.0	0	0.0
info	9	47	70965.0	2	0.24721878862793573	70965.0	0	0.0	475.0	0	0.0	285.0	0	0.0	285.0	0	0.0
info	9	48	72459.0	7	0.865265760197775	72459.0	9	1.1124845488257107	485.0	3	0.37082818294190356	291.0	0	0.0	291.0	0	0.0
info	9	49	73953.0	4	0.49443757725587145	73953.0	0	0.0	495.0	8	0.9888751545117429	297.0	0	0.0	297.0	0	0.0
info	9	50	75447.0	5	0.6180469715698393	75447.0	9	1.1124845488257107	505.0	4	0.49443757725587145	303.0	0	0.0	303.0	0	0.0
info	9	51	76941.0	0	0.0	76941.0	0	0.0	515.0	1	0.12360939431396786	309.0	0	0.0	309.0	0	0.0
info	9	52	78435.0	4	0.49443757725587145	78435.0	0	0.0	525.0	0	0.0	315.0	0	0.0	315.0	0	0.0
info	9	53	79929.0	5	0.6180469715698393	79929.0	9	1.1124845488257107	535.0	0	0.0	321.0	0	0.0	321.0	0	0.0
info	9	54	81423.0	2	0.24721878862793573	81423.0	0	0.0	545.0	0	0.0	327.0	0	0.0	327.0	0	0.0
info	9	55	82917.0	7	0.865265760197775	82917.0	9	1.1124845488257107	555.0	0	0.0	333.0	0	0.0	333.0	0	0.0
info	9	56	84411.0	3	0.37082818294190356	84411.0	0	0.0	565.0	0	0.0	339.0	0	0.0	339.0	0	0.0
info	9	57	85905.0	6	0.7416563658838071	85905.0	9	1.1124845488257107	575.0	0	0.0	345.0	0	0.0	345.0	0	0.0
info	9	58	87399.0	0	0.0	87399.0	0	0.0	585.0	1	0.12360939431396786	351.0	0	0.0	351.0	0	0.0
info	9	59	88893.0	6	0.7416563658838071	88893.0	0	0.0	595.0	4	0.49443757725587145	357.0	0	0.0	357.0	0	0.0
info	9	60	90387.0	3	0.37082818294190356	90387.0	9	1.1124845488257107	605.0	4	0.49443757725587145	363.0	0	0.0	363.0	0	0.0
info	9	61	91881.0	5	0.6180469715698393	91881.0	0	0.0	615.0	2	0.24721878862793573	369.0	0	0.0	369.0	0	0.0
info	9	62	93375.0	4	0.49443757725587145	93375.0	9	1.1124845488257107	625.0	1	0.12360939431396786	375.0	0	0.0	375.0	0	0.0
info	9	63	94869.0	4	0.49443757725587145	94869.0	1	0.12360939431396786	635.0	0	0.0	381.0	0	0.0	381.0	0	0.0
info	9	64	96363.0	5	0.6180469715698393	96363.0	8	0.9888751545117429	645.0	0	0.0	387.0	0	0.0	387.0	0	0.0
info	9	65	97857.0	3	0.37082818294190356	97857.0	0	0.0	655.0	0	0.0	393.0	0	0.0	393.0	0	0.0
info	9	66	99351.0	6	0.7416563658838071	99351.0	9	1.1124845488257107	665.0	0	0.0	399.0	0	0.0	399.0	0	0.0
info	9	67	100845.0	4	0.49443757725587145	100845.0	0	0.0	675.0	1	0.12360939431396786	405.0	0	0.0	405.0	0	0.0
info	9	68	102339.0	5	0.6180469715698393	102339.0	9	1.1124845488257107	685.0	4	0.49443757725587145	411.0	0	0.0	411.0	0	0.0
info	9	69	103833.0	0	0.0	103833.0	0	0.0	695.0	11	1.3597033374536465	417.0	0	0.0	417.0	0	0.0
info	9	70	105327.0	4	0.49443757725587145	105327.0	0	0.0	705.0	6	0.7416563658838071	423.0	0	0.0	423.0	0	0.0
info	9	71	106821.0	5	0.6180469715698393	106821.0	9	1.1124845488257107	715.0	3	0.37082818294190356	429.0	0	0.0	429.0	0	0.0
info	9	72	108315.0	2	0.24721878862793573	108315.0	0	0.0	725.0	0	0.0	435.0	0	0.0	435.0	0	0.0
info	9	73	109809.0	7	0.865265760197775	109809.0	9	1.1124845488257107	735.0	0	0.0	441.0	0	0.0	441.0	0	0.0
info	9	74	111303.0	2	0.24721878862793573	111303.0	0	0.0	745.0	0	0.0	447.0	0	0.0	447.0	0	0.0
info	9	75	112797.0	7	0.865265760197775	112797.0	9	1.1124845488257107	755.0	0	0.0	453.0	0	0.0	453.0	0	0.0
info	9	76	114291.0	3	0.37082818294190356	114291.0	0	0.0	765.0	0	0.0	459.0	0	0.0	459.0	0	0.0
info	9	77	115785.0	6	0.7416563658838071	115785.0	9	1.1124845488257107	775.0	1	0.12360939431396786	465.0	0	0.0	465.0	0	0.0
info	9	78	117279.0	3	0.37082818294190356	117279.0	1	0.12360939431396786	785.0	2	0.24721878862793573	471.0	0	0.0	471.0	0	0.0
info	9	79	118773.0	6	0.7416563658838071	118773.0	8	0.9888751545117429	795.0	6	0.7416563658838071	477.0	0	0.0	477.0	0	0.0
info	9	80	120267.0	4	0.49443757725587145	120267.0	0	0.0	805.0	6	0.7416563658838071	483.0	0	0.0	483.0	0	0.0
info	9	81	121761.0	5	0.6180469715698393	121761.0	9	1.1124845488257107	815.0	2	0.24721878862793573	489.0	0	0.0	489.0	0	0.0
info	9	82	123255.0	0	0.0	123255.0	0	0.0	825.0	1	0.12360939431396786	495.0	0	0.0	495.0	0	0.0
info	9	83	124749.0	8	0.9888751545117429	124749.0	6	0.7416563658838071	835.0	0	0.0	501.0	0	0.0	501.0	0	0.0
info	9	84	126243.0	1	0.12360939431396786	126243.0	3	0.37082818294190356	845.0	0	0.0	507.0	0	0.0	507.0	0	0.0
info	9	85	127737.0	4	0.49443757725587145	127737.0	0	0.0	855.0	0	0.0	513.0	0	0.0	513.0	0	0.0
info	9	86	129231.0	5	0.6180469715698393	129231.0	9	1.1124845488257107	865.0	0	0.0	519.0	0	0.0	519.0	0	0.0
info	9	87	130725.0	5	0.6180469715698393	130725.0	0	0.0	875.0	1	0.12360939431396786	525.0	0	0.0	525.0	0	0.0
info	9	88	132219.0	4	0.49443757725587145	132219.0	9	1.1124845488257107	885.0	5	0.6180469715698393	531.0	0	0.0	531.0	0	0.0
info	9	89	133713.0	4	0.49443757725587145	133713.0	0	0.0	895.0	3	0.37082818294190356	537.0	0	0.0	537.0	0	0.0
info	9	90	135207.0	5	0.6180469715698393	135207.0	9	1.1124845488257107	905.0	4	0.49443757725587145	543.0	0	0.0	543.0	0	0.0
info	9	91	136701.0	1	0.12360939431396786	136701.0	0	0.0	915.0	3	0.37082818294190356	549.0	0	0.0	549.0	0	0.0
info	9	92	138195.0	5	0.6180469715698393	138195.0	6	0.7416563658838071	925.0	2	0.24721878862793573	555.0	0	0.0	555.0	0	0.0
info	9	93	139689.0	3	0.37082818294190356	139689.0	3	0.37082818294190356	935.0	1	0.12360939431396786	561.0	0	0.0	561.0	0	0.0
info	9	94	141183.0	4	0.49443757725587145	141183.0	0	0.0	945.0	0	0.0	567.0	0	0.0	567.0	0	0.0
info	9	95	142677.0	5	0.6180469715698393	142677.0	9	1.1124845488257107	955.0	0	0.0	573.0	0	0.0	573.0	0	0.0
info	9	96	144171.0	3	0.37082818294190356	144171.0	0	0.0	965.0	0	0.0	579.0	0	0.0	579.0	0	0.0
info	9	97	145665.0	6	0.7416563658838071	145665.0	9	1.1124845488257107	975.0	0	0.0	585.0	0	0.0	585.0	0	0.0
info	9	98	147159.0	1	0.12360939431396786	147159.0	0	0.0	985.0	9	1.1124845488257107	591.0	0	0.0	591.0	0	0.0
info	9	99	148653.0	7	0.865265760197775	148653.0	7	0.865265760197775	995.0	8	0.9888751545117429	597.0	0	0.0	597.0	0	0.0
info	9	100	150147.0	2	0.24721878862793573	150147.0	2	0.24721878862793573	1005.0	9	1.1124845488257107	603.0	0	0.0	603.0	0	0.0
info	9	101	151641.0	6	0.7416563658838071	151641.0	6	0.7416563658838071	1015.0	9	1.1124845488257107	609.0	0	0.0	609.0	0	0.0
info	9	102	153135.0	2	0.24721878862793573	153135.0	3	0.37082818294190356	1025.0	1	0.12360939431396786	615.0	0	0.0	615.0	0	0.0
info	9	103	154629.0	4	0.49443757725587145	154629.0	0	0.0	1035.0	1	0.12360939431396786	621.0	0	0.0	621.0	0	0.0
info	9	104	156123.0	5	0.6180469715698393	156123.0	9	1.1124845488257107	1045.0	0	0.0	627.0	0	0.0	627.0	0	0.0
info	9	105	157617.0	4	0.49443757725587145	157617.0	0	0.0	1055.0	0	0.0	633.0	0	0.0	633.0	0	0.0
info	9	106	159111.0	5	0.6180469715698393	159111.0	9	1.1124845488257107	1065.0	0	0.0	639.0	0	0.0	639.0	0	0.0
info	9	107	160605.0	4	0.49443757725587145	160605.0	0	0.0	1075.0	0	0.0	645.0	0	0.0	645.0	0	0.0
info	9	108	162099.0	5	0.6180469715698393	162099.0	9	1.1124845488257107	1085.0	11	1.3597033374536465	651.0	0	0.0	651.0	0	0.0
info	9	109	163593.0	1	0.12360939431396786	163593.0	0	0.0	1095.0	19	2.3485784919653896	657.0	0	0.0	657.0	0	0.0
info	9	110	165087.0	6	0.7416563658838071	165087.0	7	0.865265760197775	1105.0	7	0.865265760197775	663.0	0	0.0	663.0	0	0.0
info	9	111	166581.0	3	0.37082818294190356	166581.0	2	0.24721878862793573	1115.0	5	0.6180469715698393	669.0	0	0.0	669.0	0	0.0
info	9	112	168075.0	5	0.6180469715698393	168075.0	6	0.7416563658838071	1125.0	0	0.0	675.0	0	0.0	675.0	0	0.0
info	9	113	169569.0	4	0.49443757725587145	169569.0	3	0.37082818294190356	1135.0	0	0.0	681.0	0	0.0	681.0	0	0.0
info	9	114	171063.0	6	0.7416563658838071	171063.0	6	0.7416563658838071	1145.0	0	0.0	687.0	0	0.0	687.0	0	0.0
info	9	115	172557.0	2	0.24721878862793573	172557.0	3	0.37082818294190356	1155.0	0	0.0	693.0	0	0.0	693.0	0	0.0
info	9	116	174051.0	4	0.49443757725587145	174051.0	0	0.0	1165.0	0	0.0	699.0	0	0.0	699.0	0	0.0
info	9	117	175545.0	5	0.6180469715698393	175545.0	9	1.1124845488257107	1175.0	2	0.24721878862793573	705.0	0	0.0	705.0	0	0.0
info	9	118	177039.0	1	0.12360939431396786	177039.0	0	0.0	1185.0	13	1.6069221260815822	711.0	0	0.0	711.0	0	0.0
info	9	119	178533.0	7	0.865265760197775	178533.0	6	0.7416563658838071	1195.0	21	2.595797280593325	717.0	0	0.0	717.0	0	0.0
info	9	120	180027.0	1	0.12360939431396786	180027.0	3	0.37082818294190356	1205.0	22	2.719406674907293	723.0	0	0.0	723.0	0	0.0
info	9	121	181521.0	4	0.49443757725587145	181521.0	0	0.0	1215.0	9	1.1124845488257107	729.0	0	0.0	729.0	0	0.0
info	9	122	183015.0	5	0.6180469715698393	183015.0	9	1.1124845488257107	1225.0	1	0.12360939431396786	735.0	0	0.0	735.0	0	0.0
info	9	123	184509.0	5	0.6180469715698393	184509.0	0	0.0	1235.0	0	0.0	741.0	0	0.0	741.0	0	0.0
info	9	124	186003.0	4	0.49443757725587145	186003.0	9	1.1124845488257107	1245.0	0	0.0	747.0	0	0.0	747.0	0	0.0
info	9	125	187497.0	4	0.49443757725587145	187497.0	0	0.0	1255.0	0	0.0	753.0	0	0.0	753.0	0	0.0
info	9	126	188991.0	5	0.6180469715698393	188991.0	9	1.1124845488257107	1265.0	0	0.0	759.0	0	0.0	759.0	0	0.0
info	9	127	190485.0	0	0.0	190485.0	0	0.0	1275.0	0	0.0	765.0	0	0.0	765.0	0	0.0
info	9	128	191979.0	8	0.9888751545117429	191979.0	8	0.9888751545117429	1285.0	9	1.1124845488257107	771.0	0	0.0	771.0	0	0.0
info	9	129	193473.0	1	0.12360939431396786	193473.0	1	0.12360939431396786	1295.0	15	1.854140914709518	777.0	0	0.0	777.0	0	0.0
info	9	130	194967.0	6	0.7416563658838071	194967.0	6	0.7416563658838071	1305.0	6	0.7416563658838071	783.0	0	0.0	783.0	0	0.0
info	9	131	196461.0	3	0.37082818294190356	196461.0	3	0.37082818294190356	1315.0	3	0.37082818294190356	789.0	0	0.0	789.0	0	0.0
info	9	132	197955.0	4	0.49443757725587145	197955.0	0	0.0	1325.0	1	0.12360939431396786	795.0	0	0.0	795.0	0	0.0
info	9	133	199449.0	5	0.6180469715698393	199449.0	9	1.1124845488257107	1335.0	0	0.0	801.0	0	0.0	801.0	0	0.0
info	9	134	200943.0	2	0.24721878862793573	200943.0	0	0.0	1345.0	0	0.0	807.0	0	0.0	807.0	0	0.0
info	9	135	202437.0	7	0.865265760197775	202437.0	9	1.1124845488257107	1355.0	0	0.0	813.0	0	0.0	813.0	0	0.0
info	9	136	203931.0	2	0.24721878862793573	203931.0	0	0.0	1365.0	0	0.0	819.0	0	0.0	819.0	0	0.0
info	9	137	205425.0	7	0.865265760197775	205425.0	9	1.1124845488257107	1375.0	2	0.24721878862793573	825.0	0	0.0	825.0	0	0.0
info	9	138	206919.0	2	0.24721878862793573	206919.0	0	0.0	1385.0	6	0.7416563658838071	831.0	0	0.0	831.0	0	0.0
info	9	139	208413.0	6	0.7416563658838071	208413.0	7	0.865265760197775	1395.0	3	0.37082818294190356	837.0	0	0.0	837.0	0	0.0
info	9	140	209907.0	2	0.24721878862793573	209907.0	2	0.24721878862793573	1405.0	8	0.9888751545117429	843.0	0	0.0	843.0	0	0.0
info	9	141	211401.0	5	0.6180469715698393	211401.0	6	0.7416563658838071	1415.0	1	0.12360939431396786	849.0	0	0.0	849.0	0	0.0
info	9	142	212895.0	4	0.49443757725587145	212895.0	3	0.37082818294190356	1425.0	1	0.12360939431396786	855.0	0	0.0	855.0	0	0.0
info	9	143	214389.0	5	0.6180469715698393	214389.0	6	0.7416563658838071	1435.0	0	0.0	861.0	0	0.0	861.0	0	0.0
info	9	144	215883.0	4	0.49443757725587145	215883.0	3	0.37082818294190356	1445.0	0	0.0	867.0	0	0.0	867.0	0	0.0
info	9	145	217377.0	5	0.6180469715698393	217377.0	6	0.7416563658838071	1455.0	0	0.0	873.0	0	0.0	873.0	0	0.0
info	9	146	218871.0	3	0.37082818294190356	218871.0	3	0.37082818294190356	1465.0	0	0.0	879.0	0	0.0	879.0	0	0.0
info	9	147	220365.0	5	0.6180469715698393	220365.0	0	0.0	1475.0	0	0.0	885.0	0	0.0	885.0	0	0.0
info	9	148	221859.0	4	0.49443757725587145	221859.0	9	1.1124845488257107	1485.0	2	0.24721878862793573	891.0	0	0.0	891.0	0	0.0
info	9	149	223353.0	4	0.49443757725587145	223353.0	0	0.0	1495.0	3	0.37082818294190356	897.0	0	0.0	897.0	0	0.0
info	9	150	224847.0	5	0.6180469715698393	224847.0	9	1.1124845488257107	1505.0	1	0.12360939431396786	903.0	0	0.0	903.0	0	0.0
info	9	151	226341.0	1	0.12360939431396786	226341.0	0	0.0	1515.0	0	0.0	909.0	0	0.0	909.0	0	0.0
info	9	152	227835.0	8	0.9888751545117429	227835.0	8	0.9888751545117429	1525.0	0	0.0	915.0	0	0.0	915.0	0	0.0
info	9	153	229329.0	0	0.0	229329.0	1	0.12360939431396786	1535.0	0	0.0	921.0	0	0.0	921.0	0	0.0
info	9	154	230823.0	6	0.7416563658838071	230823.0	6	0.7416563658838071	1545.0	0	0.0	927.0	0	0.0	927.0	0	0.0
info	9	155	232317.0	3	0.37082818294190356	232317.0	3	0.37082818294190356	1555.0	0	0.0	933.0	0	0.0	933.0	0	0.0
info	9	156	233811.0	6	0.7416563658838071	233811.0	1	0.12360939431396786	1565.0	0	0.0	939.0	0	0.0	939.0	0	0.0
info	9	157	235305.0	4	0.49443757725587145	235305.0	9	1.1124845488257107	1575.0	1	0.12360939431396786	945.0	0	0.0	945.0	0	0.0
info	9	158	236799.0	4	0.49443757725587145	236799.0	0	0.0	1585.0	2	0.24721878862793573	951.0	0	0.0	951.0	0	0.0
info	9	159	238293.0	5	0.6180469715698393	238293.0	9	1.1124845488257107	1595.0	1	0.12360939431396786	957.0	0	0.0	957.0	0	0.0
info	9	160	239787.0	1	0.12360939431396786	239787.0	0	0.0	1605.0	0	0.0	963.0	0	0.0	963.0	0	0.0
info	9	161	241281.0	7	0.865265760197775	241281.0	8	0.9888751545117429	1615.0	0	0.0	969.0	0	0.0	969.0	0	0.0
info	9	162	242775.0	2	0.24721878862793573	242775.0	1	0.12360939431396786	1625.0	0	0.0	975.0	0	0.0	975.0	0	0.0
info	9	163	244269.0	8	0.9888751545117429	244269.0	9	1.1124845488257107	1635.0	0	0.0	981.0	0	0.0	981.0	0	0.0
info	9	164	245763.0	1	0.12360939431396786	245763.0	0	0.0	1645.0	0	0.0	987.0	0	0.0	987.0	0	0.0
info	9	165	247257.0	7	0.865265760197775	247257.0	8	0.9888751545117429	1655.0	0	0.0	993.0	0	0.0	993.0	0	0.0
info	9	166	248751.0	1	0.12360939431396786	248751.0	1	0.12360939431396786	1665.0	0	0.0	999.0	0	0.0	999.0	0	0.0
info	9	167	250245.0	5	0.6180469715698393	250245.0	0	0.0	1675.0	1	0.12360939431396786	1005.0	0	0.0	1005.0	0	0.0
info	9	168	251739.0	4	0.49443757725587145	251739.0	9	1.1124845488257107	1685.0	2	0.24721878862793573	1011.0	0	0.0	1011.0	0	0.0
info	9	169	253233.0	4	0.49443757725587145	253233.0	0	0.0	1695.0	2	0.24721878862793573	1017.0	0	0.0	1017.0	0	0.0
info	9	170	254727.0	5	0.6180469715698393	254727.0	9	1.1124845488257107	1705.0	1	0.12360939431396786	1023.0	0	0.0	1023.0	0	0.0
info	9	171	256221.0	2	0.24721878862793573	256221.0	0	0.0	1715.0	0	0.0	1029.0	0	0.0	1029.0	0	0.0
info	9	172	257715.0	6	0.7416563658838071	257715.0	8	0.9888751545117429	1725.0	0	0.0	1035.0	0	0.0	1035.0	0	0.0
info	9	173	259209.0	1	0.12360939431396786	259209.0	1	0.12360939431396786	1735.0	0	0.0	1041.0	0	0.0	1041.0	0	0.0
info	9	174	260703.0	5	0.6180469715698393	260703.0	0	0.0	1745.0	0	0.0	1047.0	0	0.0	1047.0	0	0.0
info	9	175	262197.0	4	0.49443757725587145	262197.0	9	1.1124845488257107	1755.0	0	0.0	1053.0	0	0.0	1053.0	0	0.0
info	9	176	263691.0	4	0.49443757725587145	263691.0	0	0.0	1765.0	0	0.0	1059.0	0	0.0	1059.0	0	0.0
info	9	177	265185.0	5	0.6180469715698393	265185.0	9	1.1124845488257107	1775.0	0	0.0	1065.0	0	0.0	1065.0	0	0.0
info	9	178	266679.0	0	0.0	266679.0	0	0.0	1785.0	0	0.0	1071.0	0	0.0	1071.0	0	0.0
info	9	179	268173.0	4	0.49443757725587145	268173.0	0	0.0	1795.0	1	0.12360939431396786	1077.0	0	0.0	1077.0	0	0.0
info	9	180	269667.0	5	0.6180469715698393	269667.0	9	1.1124845488257107	1805.0	0	0.0	1083.0	0	0.0	1083.0	0	0.0
info	9	181	271161.0	3	0.37082818294190356	271161.0	0	0.0	1815.0	0	0.0	1089.0	0	0.0	1089.0	0	0.0
info	9	182	272655.0	6	0.7416563658838071	272655.0	9	1.1124845488257107	1825.0	0	0.0	1095.0	0	0.0	1095.0	0	0.0
info	9	183	274149.0	4	0.49443757725587145	274149.0	0	0.0	1835.0	0	0.0	1101.0	0	0.0	1101.0	0	0.0
info	9	184	275643.0	5	0.6180469715698393	275643.0	9	1.1124845488257107	1845.0	0	0.0	1107.0	0	0.0	1107.0	0	0.0
info	9	185	277137.0	5	0.6180469715698393	277137.0	1	0.12360939431396786	1855.0	0	0.0	1113.0	0	0.0	1113.0	0	0.0
info	9	186	278631.0	5	0.6180469715698393	278631.0	9	1.1124845488257107	1865.0	0	0.0	1119.0	0	0.0	1119.0	0	0.0
info	9	187	280125.0	1	0.12360939431396786	280125.0	0	0.0	1875.0	0	0.0	1125.0	0	0.0	1125.0	0	0.0
info	9	188	281619.0	7	0.865265760197775	281619.0	7	0.865265760197775	1885.0	0	0.0	1131.0	0	0.0	1131.0	0	0.0
info	9	189	283113.0	3	0.37082818294190356	283113.0	2	0.24721878862793573	1895.0	0	0.0	1137.0	0	0.0	1137.0	0	0.0
info	9	190	284607.0	7	0.865265760197775	284607.0	9	1.1124845488257107	1905.0	0	0.0	1143.0	0	0.0	1143.0	0	0.0
info	9	191	286101.0	0	0.0	286101.0	0	0.0	1915.0	0	0.0	1149.0	0	0.0	1149.0	0	0.0
info	9	192	287595.0	5	0.6180469715698393	287595.0	0	0.0	1925.0	0	0.0	1155.0	0	0.0	1155.0	0	0.0
info	9	193	289089.0	4	0.49443757725587145	289089.0	9	1.1124845488257107	1935.0	0	0.0	1161.0	0	0.0	1161.0	0	0.0
info	9	194	290583.0	4	0.49443757725587145	290583.0	0	0.0	1945.0	0	0.0	1167.0	0	0.0	1167.0	0	0.0
info	9	195	292077.0	5	0.6180469715698393	292077.0	9	1.1124845488257107	1955.0	0	0.0	1173.0	0	0.0	1173.0	0	0.0
info	9	196	293571.0	1	0.12360939431396786	293571.0	0	0.0	1965.0	0	0.0	1179.0	0	0.0	1179.0	0	0.0
info	9	197	295065.0	8	0.9888751545117429	295065.0	9	1.1124845488257107	1975.0	0	0.0	1185.0	0	0.0	1185.0	0	0.0
info	9	198	296559.0	1	0.12360939431396786	296559.0	0	0.0	1985.0	0	0.0	1191.0	0	0.0	1191.0	0	0.0
info	9	199	298053.0	5	0.6180469715698393	298053.0	6	0.7416563658838071	1995.0	1	0.12360939431396786	1197.0	0	0.0	1197.0	0	0.0
home	9	0	744.0	9	1.1124845488257107	744.0	9	1.1124845488257107	3.5	112	13.8442521631644	3.0	809	100.0	3.0	809	100.0
home	9	1	2232.0	0	0.0	2232.0	0	0.0	10.5	50	6.180469715698393	9.0	0	0.0	9.0	0	0.0
home	9	2	3720.0	9	1.1124845488257107	3720.0	9	1.1124845488257107	17.5	44	5.438813349814586	15.0	0	0.0	15.0	0	0.0
home	9	3	5208.0	0	0.0	5208.0	0	0.0	24.5	15	1.854140914709518	21.0	0	0.0	21.0	0	0.0
home	9	4	6696.0	2	0.24721878862793573	6696.0	0	0.0	31.5	1	0.12360939431396786	27.0	0	0.0	27.0	0	0.0
home	9	5	8184.0	7	0.865265760197775	8184.0	9	1.1124845488257107	38.5	0	0.0	33.0	0	0.0	33.0	0	0.0
home	9	6	9672.0	0	0.0	9672.0	0	0.0	45.5	1	0.12360939431396786	39.0	0	0.0	39.0	0	0.0
home	9	7	11160.0	9	1.1124845488257107	11160.0	9	1.1124845488257107	52.5	2	0.24721878862793573	45.0	0	0.0	45.0	0	0.0
home	9	8	12648.0	0	0.0	12648.0	0	0.0	59.5	3	0.37082818294190356	51.0	0	0.0	51.0	0	0.0
home	9	9	14136.0	9	1.1124845488257107	14136.0	9	1.1124845488257107	66.5	1	0.12360939431396786	57.0	0	0.0	57.0	0	0.0
home	9	10	15624.0	0	0.0	15624.0	0	0.0	73.5	6	0.7416563658838071	63.0	0	0.0	63.0	0	0.0
home	9	11	17112.0	9	1.1124845488257107	17112.0	9	1.1124845488257107	80.5	16	1.9777503090234858	69.0	0	0.0	69.0	0	0.0
home	9	12	18600.0	0	0.0	18600.0	0	0.0	87.5	40	4.944375772558715	75.0	0	0.0	75.0	0	0.0
home	9	13	20088.0	0	0.0	20088.0	0	0.0	94.5	51	6.304079110012361	81.0	0	0.0	81.0	0	0.0
home	9	14	21576.0	9	1.1124845488257107	21576.0	9	1.1124845488257107	101.5	78	9.641532756489493	87.0	0	0.0	87.0	0	0.0
home	9	15	23064.0	0	0.0	23064.0	0	0.0	108.5	69	8.529048207663783	93.0	0	0.0	93.0	0	0.0
home	9	16	24552.0	9	1.1124845488257107	24552.0	9	1.1124845488257107	115.5	40	4.944375772558715	99.0	0	0.0	99.0	0	0.0
home	9	17	26040.0	0	0.0	26040.0	0	0.0	122.5	29	3.584672435105068	105.0	0	0.0	105.0	0	0.0
home	9	18	27528.0	7	0.865265760197775	27528.0	7	0.865265760197775	129.5	3	0.37082818294190356	111.0	0	0.0	111.0	0	0.0
home	9	19	29016.0	2	0.24721878862793573	29016.0	2	0.24721878862793573	136.5	0	0.0	117.0	0	0.0	117.0	0	0.0
home	9	20	30504.0	0	0.0	30504.0	0	0.0	143.5	0	0.0	123.0	0	0.0	123.0	0	0.0
home	9	21	31992.0	9	1.1124845488257107	31992.0	9	1.1124845488257107	150.5	0	0.0	129.0	0	0.0	129.0	0	0.0
home	9	22	33480.0	0	0.0	33480.0	0	0.0	157.5	0	0.0	135.0	0	0.0	135.0	0	0.0
home	9	23	34968.0	9	1.1124845488257107	34968.0	9	1.1124845488257107	164.5	1	0.12360939431396786	141.0	0	0.0	141.0	0	0.0
home	9	24	36456.0	0	0.0	36456.0	0	0.0	171.5	3	0.37082818294190356	147.0	0	0.0	147.0	0	0.0
home	9	25	37944.0	6	0.7416563658838071	37944.0	6	0.7416563658838071	178.5	19	2.3485784919653896	153.0	0	0.0	153.0	0	0.0
home	9	26	39432.0	3	0.37082818294190356	39432.0	3	0.37082818294190356	185.5	23	2.8430160692212607	159.0	0	0.0	159.0	0	0.0
home	9	27	40920.0	6	0.7416563658838071	40920.0	6	0.7416563658838071	192.5	42	5.19159456118665	165.0	0	0.0	165.0	0	0.0
home	9	28	42408.0	3	0.37082818294190356	42408.0	3	0.37082818294190356	199.5	76	9.394313967861558	171.0	0	0.0	171.0	0	0.0
home	9	29	43896.0	7	0.865265760197775	43896.0	7	0.865265760197775	206.5	17	2.1013597033374536	177.0	0	0.0	177.0	0	0.0
home	9	30	45384.0	2	0.24721878862793573	45384.0	2	0.24721878862793573	213.5	13	1.6069221260815822	183.0	0	0.0	183.0	0	0.0
home	9	31	46872.0	6	0.7416563658838071	46872.0	6	0.7416563658838071	220.5	4	0.49443757725587145	189.0	0	0.0	189.0	0	0.0
home	9	32	48360.0	3	0.37082818294190356	48360.0	3	0.37082818294190356	227.5	1	0.12360939431396786	195.0	0	0.0	195.0	0	0.0
home	9	33	49848.0	3	0.37082818294190356	49848.0	0	0.0	234.5	1	0.12360939431396786	201.0	0	0.0	201.0	0	0.0
home	9	34	51336.0	6	0.7416563658838071	51336.0	9	1.1124845488257107	241.5	0	0.0	207.0	0	0.0	207.0	0	0.0
home	9	35	52824.0	1	0.12360939431396786	52824.0	0	0.0	248.5	0	0.0	213.0	0	0.0	213.0	0	0.0
home	9	36	54312.0	8	0.9888751545117429	54312.0	9	1.1124845488257107	255.5	0	0.0	219.0	0	0.0	219.0	0	0.0
home	9	37	55800.0	0	0.0	55800.0	0	0.0	262.5	0	0.0	225.0	0	0.0	225.0	0	0.0
home	9	38	57288.0	9	1.1124845488257107	57288.0	9	1.1124845488257107	269.5	1	0.12360939431396786	231.0	0	0.0	231.0	0	0.0
home	9	39	58776.0	0	0.0	58776.0	0	0.0	276.5	11	1.3597033374536465	237.0	0	0.0	237.0	0	0.0
home	9	40	60264.0	6	0.7416563658838071	60264.0	1	0.12360939431396786	283.5	12	1.4833127317676142	243.0	0	0.0	243.0	0	0.0
home	9	41	61752.0	3	0.37082818294190356	61752.0	8	0.9888751545117429	290.5	2	0.24721878862793573	249.0	0	0.0	249.0	0	0.0
home	9	42	63240.0	0	0.0	63240.0	0	0.0	297.5	4	0.49443757725587145	255.0	0	0.0	255.0	0	0.0
home	9	43	64728.0	9	1.1124845488257107	64728.0	9	1.1124845488257107	304.5	5	0.6180469715698393	261.0	0	0.0	261.0	0	0.0
home	9	44	66216.0	0	0.0	66216.0	0	0.0	311.5	0	0.0	267.0	0	0.0	267.0	0	0.0
home	9	45	67704.0	9	1.1124845488257107	67704.0	9	1.1124845488257107	318.5	1	0.12360939431396786	273.0	0	0.0	273.0	0	0.0
home	9	46	69192.0	0	0.0	69192.0	0	0.0	325.5	0	0.0	279.0	0	0.0	279.0	0	0.0
home	9	47	70680.0	8	0.9888751545117429	70680.0	8	0.9888751545117429	332.5	0	0.0	285.0	0	0.0	285.0	0	0.0
home	9	48	72168.0	1	0.12360939431396786	72168.0	1	0.12360939431396786	339.5	0	0.0	291.0	0	0.0	291.0	0	0.0
home	9	49	73656.0	0	0.0	73656.0	0	0.0	346.5	0	0.0	297.0	0	0.0	297.0	0	0.0
home	9	50	75144.0	9	1.1124845488257107	75144.0	9	1.1124845488257107	353.5	0	0.0	303.0	0	0.0	303.0	0	0.0
home	9	51	76632.0	0	0.0	76632.0	0	0.0	360.5	0	0.0	309.0	0	0.0	309.0	0	0.0
home	9	52	78120.0	9	1.1124845488257107	78120.0	9	1.1124845488257107	367.5	0	0.0	315.0	0	0.0	315.0	0	0.0
home	9	53	79608.0	0	0.0	79608.0	0	0.0	374.5	0	0.0	321.0	0	0.0	321.0	0	0.0
home	9	54	81096.0	7	0.865265760197775	81096.0	7	0.865265760197775	381.5	3	0.37082818294190356	327.0	0	0.0	327.0	0	0.0
home	9	55	82584.0	2	0.24721878862793573	82584.0	2	0.24721878862793573	388.5	0	0.0	333.0	0	0.0	333.0	0	0.0
home	9	56	84072.0	6	0.7416563658838071	84072.0	1	0.12360939431396786	395.5	1	0.12360939431396786	339.0	0	0.0	339.0	0	0.0
home	9	57	85560.0	3	0.37082818294190356	85560.0	8	0.9888751545117429	402.5	0	0.0	345.0	0	0.0	345.0	0	0.0
home	9	58	87048.0	0	0.0	87048.0	0	0.0	409.5	0	0.0	351.0	0	0.0	351.0	0	0.0
home	9	59	88536.0	9	1.1124845488257107	88536.0	9	1.1124845488257107	416.5	0	0.0	357.0	0	0.0	357.0	0	0.0
home	9	60	90024.0	0	0.0	90024.0	0	0.0	423.5	0	0.0	363.0	0	0.0	363.0	0	0.0
home	9	61	91512.0	9	1.1124845488257107	91512.0	9	1.1124845488257107	430.5	0	0.0	369.0	0	0.0	369.0	0	0.0
home	9	62	93000.0	1	0.12360939431396786	93000.0	0	0.0	437.5	0	0.0	375.0	0	0.0	375.0	0	0.0
home	9	63	94488.0	8	0.9888751545117429	94488.0	9	1.1124845488257107	444.5	0	0.0	381.0	0	0.0	381.0	0	0.0
home	9	64	95976.0	0	0.0	95976.0	0	0.0	451.5	0	0.0	387.0	0	0.0	387.0	0	0.0
home	9	65	97464.0	6	0.7416563658838071	97464.0	6	0.7416563658838071	458.5	0	0.0	393.0	0	0.0	393.0	0	0.0
home	9	66	98952.0	3	0.37082818294190356	98952.0	3	0.37082818294190356	465.5	0	0.0	399.0	0	0.0	399.0	0	0.0
home	9	67	100440.0	0	0.0	100440.0	0	0.0	472.5	0	0.0	405.0	0	0.0	405.0	0	0.0
home	9	68	101928.0	9	1.1124845488257107	101928.0	9	1.1124845488257107	479.5	0	0.0	411.0	0	0.0	411.0	0	0.0
home	9	69	103416.0	0	0.0	103416.0	0	0.0	486.5	1	0.12360939431396786	417.0	0	0.0	417.0	0	0.0
home	9	70	104904.0	9	1.1124845488257107	104904.0	9	1.1124845488257107	493.5	0	0.0	423.0	0	0.0	423.0	0	0.0
home	9	71	106392.0	0	0.0	106392.0	0	0.0	500.5	0	0.0	429.0	0	0.0	429.0	0	0.0
home	9	72	107880.0	6	0.7416563658838071	107880.0	6	0.7416563658838071	507.5	0	0.0	435.0	0	0.0	435.0	0	0.0
home	9	73	109368.0	3	0.37082818294190356	109368.0	3	0.37082818294190356	514.5	1	0.12360939431396786	441.0	0	0.0	441.0	0	0.0
home	9	74	110856.0	7	0.865265760197775	110856.0	6	0.7416563658838071	521.5	0	0.0	447.0	0	0.0	447.0	0	0.0
home	9	75	112344.0	2	0.24721878862793573	112344.0	3	0.37082818294190356	528.5	0	0.0	453.0	0	0.0	453.0	0	0.0
home	9	76	113832.0	6	0.7416563658838071	113832.0	6	0.7416563658838071	535.5	0	0.0	459.0	0	0.0	459.0	0	0.0
home	9	77	115320.0	3	0.37082818294190356	115320.0	3	0.37082818294190356	542.5	0	0.0	465.0	0	0.0	465.0	0	0.0
home	9	78	116808.0	6	0.7416563658838071	116808.0	6	0.7416563658838071	549.5	0	0.0	471.0	0	0.0	471.0	0	0.0
home	9	79	118296.0	3	0.37082818294190356	118296.0	3	0.37082818294190356	556.5	0	0.0	477.0	0	0.0	477.0	0	0.0
home	9	80	119784.0	0	0.0	119784.0	0	0.0	563.5	0	0.0	483.0	0	0.0	483.0	0	0.0
home	9	81	121272.0	9	1.1124845488257107	121272.0	9	1.1124845488257107	570.5	0	0.0	489.0	0	0.0	489.0	0	0.0
home	9	82	122760.0	0	0.0	122760.0	0	0.0	577.5	0	0.0	495.0	0	0.0	495.0	0	0.0
home	9	83	124248.0	9	1.1124845488257107	124248.0	9	1.1124845488257107	584.5	1	0.12360939431396786	501.0	0	0.0	501.0	0	0.0
home	9	84	125736.0	0	0.0	125736.0	0	0.0	591.5	0	0.0	507.0	0	0.0	507.0	0	0.0
home	9	85	127224.0	9	1.1124845488257107	127224.0	9	1.1124845488257107	598.5	0	0.0	513.0	0	0.0	513.0	0	0.0
home	9	86	128712.0	0	0.0	128712.0	0	0.0	605.5	0	0.0	519.0	0	0.0	519.0	0	0.0
home	9	87	130200.0	8	0.9888751545117429	130200.0	8	0.9888751545117429	612.5	0	0.0	525.0	0	0.0	525.0	0	0.0
home	9	88	131688.0	1	0.12360939431396786	131688.0	1	0.12360939431396786	619.5	0	0.0	531.0	0	0.0	531.0	0	0.0
home	9	89	133176.0	7	0.865265760197775	133176.0	3	0.37082818294190356	626.5	0	0.0	537.0	0	0.0	537.0	0	0.0
home	9	90	134664.0	2	0.24721878862793573	134664.0	6	0.7416563658838071	633.5	0	0.0	543.0	0	0.0	543.0	0	0.0
home	9	91	136152.0	0	0.0	136152.0	0	0.0	640.5	0	0.0	549.0	0	0.0	549.0	0	0.0
home	9	92	137640.0	9	1.1124845488257107	137640.0	9	1.1124845488257107	647.5	0	0.0	555.0	0	0.0	555.0	0	0.0
home	9	93	139128.0	0	0.0	139128.0	0	0.0	654.5	0	0.0	561.0	0	0.0	561.0	0	0.0
home	9	94	140616.0	9	1.1124845488257107	140616.0	8	0.9888751545117429	661.5	0	0.0	567.0	0	0.0	567.0	0	0.0
home	9	95	142104.0	0	0.0	142104.0	1	0.12360939431396786	668.5	0	0.0	573.0	0	0.0	573.0	0	0.0
home	9	96	143592.0	6	0.7416563658838071	143592.0	6	0.7416563658838071	675.5	0	0.0	579.0	0	0.0	579.0	0	0.0
home	9	97	145080.0	3	0.37082818294190356	145080.0	3	0.37082818294190356	682.5	0	0.0	585.0	0	0.0	585.0	0	0.0
home	9	98	146568.0	0	0.0	146568.0	0	0.0	689.5	0	0.0	591.0	0	0.0	591.0	0	0.0
home	9	99	148056.0	9	1.1124845488257107	148056.0	9	1.1124845488257107	696.5	0	0.0	597.0	0	0.0	597.0	0	0.0
home	9	100	149544.0	0	0.0	149544.0	0	0.0	703.5	1	0.12360939431396786	603.0	0	0.0	603.0	0	0.0
home	9	101	151032.0	9	1.1124845488257107	151032.0	9	1.1124845488257107	710.5	0	0.0	609.0	0	0.0	609.0	0	0.0
home	9	102	152520.0	0	0.0	152520.0	0	0.0	717.5	0	0.0	615.0	0	0.0	615.0	0	0.0
home	9	103	154008.0	9	1.1124845488257107	154008.0	9	1.1124845488257107	724.5	0	0.0	621.0	0	0.0	621.0	0	0.0
home	9	104	155496.0	0	0.0	155496.0	0	0.0	731.5	0	0.0	627.0	0	0.0	627.0	0	0.0
home	9	105	156984.0	9	1.1124845488257107	156984.0	9	1.1124845488257107	738.5	0	0.0	633.0	0	0.0	633.0	0	0.0
home	9	106	158472.0	0	0.0	158472.0	0	0.0	745.5	0	0.0	639.0	0	0.0	639.0	0	0.0
home	9	107	159960.0	1	0.12360939431396786	159960.0	0	0.0	752.5	0	0.0	645.0	0	0.0	645.0	0	0.0
home	9	108	161448.0	8	0.9888751545117429	161448.0	9	1.1124845488257107	759.5	0	0.0	651.0	0	0.0	651.0	0	0.0
home	9	109	162936.0	0	0.0	162936.0	0	0.0	766.5	0	0.0	657.0	0	0.0	657.0	0	0.0
home	9	110	164424.0	9	1.1124845488257107	164424.0	9	1.1124845488257107	773.5	0	0.0	663.0	0	0.0	663.0	0	0.0
home	9	111	165912.0	0	0.0	165912.0	0	0.0	780.5	0	0.0	669.0	0	0.0	669.0	0	0.0
home	9	112	167400.0	9	1.1124845488257107	167400.0	9	1.1124845488257107	787.5	1	0.12360939431396786	675.0	0	0.0	675.0	0	0.0
home	9	113	168888.0	1	0.12360939431396786	168888.0	0	0.0	794.5	0	0.0	681.0	0	0.0	681.0	0	0.0
home	9	114	170376.0	8	0.9888751545117429	170376.0	9	1.1124845488257107	801.5	0	0.0	687.0	0	0.0	687.0	0	0.0
home	9	115	171864.0	0	0.0	171864.0	0	0.0	808.5	0	0.0	693.0	0	0.0	693.0	0	0.0
home	9	116	173352.0	1	0.12360939431396786	173352.0	0	0.0	815.5	0	0.0	699.0	0	0.0	699.0	0	0.0
home	9	117	174840.0	8	0.9888751545117429	174840.0	9	1.1124845488257107	822.5	0	0.0	705.0	0	0.0	705.0	0	0.0
home	9	118	176328.0	0	0.0	176328.0	0	0.0	829.5	0	0.0	711.0	0	0.0	711.0	0	0.0
home	9	119	177816.0	9	1.1124845488257107	177816.0	9	1.1124845488257107	836.5	0	0.0	717.0	0	0.0	717.0	0	0.0
home	9	120	179304.0	0	0.0	179304.0	0	0.0	843.5	0	0.0	723.0	0	0.0	723.0	0	0.0
home	9	121	180792.0	8	0.9888751545117429	180792.0	8	0.9888751545117429	850.5	0	0.0	729.0	0	0.0	729.0	0	0.0
home	9	122	182280.0	1	0.12360939431396786	182280.0	1	0.12360939431396786	857.5	0	0.0	735.0	0	0.0	735.0	0	0.0
home	9	123	183768.0	6	0.7416563658838071	183768.0	6	0.7416563658838071	864.5	0	0.0	741.0	0	0.0	741.0	0	0.0
home	9	124	185256.0	3	0.37082818294190356	185256.0	3	0.37082818294190356	871.5	0	0.0	747.0	0	0.0	747.0	0	0.0
home	9	125	186744.0	0	0.0	186744.0	0	0.0	878.5	0	0.0	753.0	0	0.0	753.0	0	0.0
home	9	126	188232.0	9	1.1124845488257107	188232.0	9	1.1124845488257107	885.5	0	0.0	759.0	0	0.0	759.0	0	0.0
home	9	127	189720.0	0	0.0	189720.0	0	0.0	892.5	0	0.0	765.0	0	0.0	765.0	0	0.0
home	9	128	191208.0	9	1.1124845488257107	191208.0	9	1.1124845488257107	899.5	0	0.0	771.0	0	0.0	771.0	0	0.0
home	9	129	192696.0	0	0.0	192696.0	0	0.0	906.5	0	0.0	777.0	0	0.0	777.0	0	0.0
home	9	130	194184.0	9	1.1124845488257107	194184.0	9	1.1124845488257107	913.5	0	0.0	783.0	0	0.0	783.0	0	0.0
home	9	131	195672.0	0	0.0	195672.0	0	0.0	920.5	0	0.0	789.0	0	0.0	789.0	0	0.0
home	9	132	197160.0	8	0.9888751545117429	197160.0	6	0.7416563658838071	927.5	0	0.0	795.0	0	0.0	795.0	0	0.0
home	9	133	198648.0	1	0.12360939431396786	198648.0	3	0.37082818294190356	934.5	0	0.0	801.0	0	0.0	801.0	0	0.0
home	9	134	200136.0	6	0.7416563658838071	200136.0	3	0.37082818294190356	941.5	0	0.0	807.0	0	0.0	807.0	0	0.0
home	9	135	201624.0	3	0.37082818294190356	201624.0	6	0.7416563658838071	948.5	0	0.0	813.0	0	0.0	813.0	0	0.0
home	9	136	203112.0	2	0.24721878862793573	203112.0	0	0.0	955.5	0	0.0	819.0	0	0.0	819.0	0	0.0
home	9	137	204600.0	7	0.865265760197775	204600.0	9	1.1124845488257107	962.5	0	0.0	825.0	0	0.0	825.0	0	0.0
home	9	138	206088.0	0	0.0	206088.0	0	0.0	969.5	0	0.0	831.0	0	0.0	831.0	0	0.0
home	9	139	207576.0	9	1.1124845488257107	207576.0	9	1.1124845488257107	976.5	0	0.0	837.0	0	0.0	837.0	0	0.0
home	9	140	209064.0	0	0.0	209064.0	0	0.0	983.5	0	0.0	843.0	0	0.0	843.0	0	0.0
home	9	141	210552.0	9	1.1124845488257107	210552.0	9	1.1124845488257107	990.5	1	0.12360939431396786	849.0	0	0.0	849.0	0	0.0
home	9	142	212040.0	0	0.0	212040.0	0	0.0	997.5	0	0.0	855.0	0	0.0	855.0	0	0.0
home	9	143	213528.0	8	0.9888751545117429	213528.0	8	0.9888751545117429	1004.5	0	0.0	861.0	0	0.0	861.0	0	0.0
home	9	144	215016.0	1	0.12360939431396786	215016.0	1	0.12360939431396786	1011.5	0	0.0	867.0	0	0.0	867.0	0	0.0
home	9	145	216504.0	6	0.7416563658838071	216504.0	6	0.7416563658838071	1018.5	0	0.0	873.0	0	0.0	873.0	0	0.0
home	9	146	217992.0	3	0.37082818294190356	217992.0	3	0.37082818294190356	1025.5	0	0.0	879.0	0	0.0	879.0	0	0.0
home	9	147	219480.0	8	0.9888751545117429	219480.0	8	0.9888751545117429	1032.5	0	0.0	885.0	0	0.0	885.0	0	0.0
home	9	148	220968.0	1	0.12360939431396786	220968.0	1	0.12360939431396786	1039.5	0	0.0	891.0	0	0.0	891.0	0	0.0
home	9	149	222456.0	0	0.0	222456.0	0	0.0	1046.5	0	0.0	897.0	0	0.0	897.0	0	0.0
home	9	150	223944.0	9	1.1124845488257107	223944.0	9	1.1124845488257107	1053.5	0	0.0	903.0	0	0.0	903.0	0	0.0
home	9	151	225432.0	0	0.0	225432.0	0	0.0	1060.5	0	0.0	909.0	0	0.0	909.0	0	0.0
home	9	152	226920.0	9	1.1124845488257107	226920.0	9	1.1124845488257107	1067.5	0	0.0	915.0	0	0.0	915.0	0	0.0
home	9	153	228408.0	0	0.0	228408.0	0	0.0	1074.5	0	0.0	921.0	0	0.0	921.0	0	0.0
home	9	154	229896.0	7	0.865265760197775	229896.0	6	0.7416563658838071	1081.5	0	0.0	927.0	0	0.0	927.0	0	0.0
home	9	155	231384.0	2	0.24721878862793573	231384.0	3	0.37082818294190356	1088.5	0	0.0	933.0	0	0.0	933.0	0	0.0
home	9	156	232872.0	6	0.7416563658838071	232872.0	6	0.7416563658838071	1095.5	0	0.0	939.0	0	0.0	939.0	0	0.0
home	9	157	234360.0	4	0.49443757725587145	234360.0	3	0.37082818294190356	1102.5	0	0.0	945.0	0	0.0	945.0	0	0.0
home	9	158	235848.0	0	0.0	235848.0	1	0.12360939431396786	1109.5	0	0.0	951.0	0	0.0	951.0	0	0.0
home	9	159	237336.0	9	1.1124845488257107	237336.0	9	1.1124845488257107	1116.5	0	0.0	957.0	0	0.0	957.0	0	0.0
home	9	160	238824.0	0	0.0	238824.0	0	0.0	1123.5	0	0.0	963.0	0	0.0	963.0	0	0.0
home	9	161	240312.0	9	1.1124845488257107	240312.0	9	1.1124845488257107	1130.5	0	0.0	969.0	0	0.0	969.0	0	0.0
home	9	162	241800.0	1	0.12360939431396786	241800.0	0	0.0	1137.5	0	0.0	975.0	0	0.0	975.0	0	0.0
home	9	163	243288.0	8	0.9888751545117429	243288.0	9	1.1124845488257107	1144.5	0	0.0	981.0	0	0.0	981.0	0	0.0
home	9	164	244776.0	0	0.0	244776.0	0	0.0	1151.5	0	0.0	987.0	0	0.0	987.0	0	0.0
home	9	165	246264.0	9	1.1124845488257107	246264.0	9	1.1124845488257107	1158.5	0	0.0	993.0	0	0.0	993.0	0	0.0
home	9	166	247752.0	0	0.0	247752.0	0	0.0	1165.5	0	0.0	999.0	0	0.0	999.0	0	0.0
home	9	167	249240.0	6	0.7416563658838071	249240.0	4	0.49443757725587145	1172.5	0	0.0	1005.0	0	0.0	1005.0	0	0.0
home	9	168	250728.0	3	0.37082818294190356	250728.0	5	0.6180469715698393	1179.5	0	0.0	1011.0	0	0.0	1011.0	0	0.0
home	9	169	252216.0	0	0.0	252216.0	0	0.0	1186.5	0	0.0	1017.0	0	0.0	1017.0	0	0.0
home	9	170	253704.0	9	1.1124845488257107	253704.0	9	1.1124845488257107	1193.5	0	0.0	1023.0	0	0.0	1023.0	0	0.0
home	9	171	255192.0	0	0.0	255192.0	0	0.0	1200.5	1	0.12360939431396786	1029.0	0	0.0	1029.0	0	0.0
home	9	172	256680.0	9	1.1124845488257107	256680.0	9	1.1124845488257107	1207.5	1	0.12360939431396786	1035.0	0	0.0	1035.0	0	0.0
home	9	173	258168.0	0	0.0	258168.0	0	0.0	1214.5	0	0.0	1041.0	0	0.0	1041.0	0	0.0
home	9	174	259656.0	6	0.7416563658838071	259656.0	0	0.0	1221.5	0	0.0	1047.0	0	0.0	1047.0	0	0.0
home	9	175	261144.0	3	0.37082818294190356	261144.0	9	1.1124845488257107	1228.5	0	0.0	1053.0	0	0.0	1053.0	0	0.0
home	9	176	262632.0	0	0.0	262632.0	0	0.0	1235.5	0	0.0	1059.0	0	0.0	1059.0	0	0.0
home	9	177	264120.0	9	1.1124845488257107	264120.0	9	1.1124845488257107	1242.5	0	0.0	1065.0	0	0.0	1065.0	0	0.0
home	9	178	265608.0	0	0.0	265608.0	0	0.0	1249.5	0	0.0	1071.0	0	0.0	1071.0	0	0.0
home	9	179	267096.0	6	0.7416563658838071	267096.0	4	0.49443757725587145	1256.5	0	0.0	1077.0	0	0.0	1077.0	0	0.0
home	9	180	268584.0	3	0.37082818294190356	268584.0	5	0.6180469715698393	1263.5	0	0.0	1083.0	0	0.0	1083.0	0	0.0
home	9	181	270072.0	6	0.7416563658838071	270072.0	1	0.12360939431396786	1270.5	0	0.0	1089.0	0	0.0	1089.0	0	0.0
home	9	182	271560.0	3	0.37082818294190356	271560.0	8	0.9888751545117429	1277.5	0	0.0	1095.0	0	0.0	1095.0	0	0.0
home	9	183	273048.0	1	0.12360939431396786	273048.0	0	0.0	1284.5	0	0.0	1101.0	0	0.0	1101.0	0	0.0
home	9	184	274536.0	9	1.1124845488257107	274536.0	10	1.2360939431396787	1291.5	0	0.0	1107.0	0	0.0	1107.0	0	0.0
home	9	185	276024.0	0	0.0	276024.0	0	0.0	1298.5	0	0.0	1113.0	0	0.0	1113.0	0	0.0
home	9	186	277512.0	9	1.1124845488257107	277512.0	9	1.1124845488257107	1305.5	0	0.0	1119.0	0	0.0	1119.0	0	0.0
home	9	187	279000.0	0	0.0	279000.0	0	0.0	1312.5	0	0.0	1125.0	0	0.0	1125.0	0	0.0
home	9	188	280488.0	9	1.1124845488257107	280488.0	9	1.1124845488257107	1319.5	0	0.0	1131.0	0	0.0	1131.0	0	0.0
home	9	189	281976.0	0	0.0	281976.0	0	0.0	1326.5	0	0.0	1137.0	0	0.0	1137.0	0	0.0
home	9	190	283464.0	9	1.1124845488257107	283464.0	9	1.1124845488257107	1333.5	0	0.0	1143.0	0	0.0	1143.0	0	0.0
home	9	191	284952.0	0	0.0	284952.0	0	0.0	1340.5	0	0.0	1149.0	0	0.0	1149.0	0	0.0
home	9	192	286440.0	0	0.0	286440.0	0	0.0	1347.5	0	0.0	1155.0	0	0.0	1155.0	0	0.0
home	9	193	287928.0	9	1.1124845488257107	287928.0	9	1.1124845488257107	1354.5	0	0.0	1161.0	0	0.0	1161.0	0	0.0
home	9	194	289416.0	0	0.0	289416.0	0	0.0	1361.5	0	0.0	1167.0	0	0.0	1167.0	0	0.0
home	9	195	290904.0	9	1.1124845488257107	290904.0	9	1.1124845488257107	1368.5	0	0.0	1173.0	0	0.0	1173.0	0	0.0
home	9	196	292392.0	0	0.0	292392.0	0	0.0	1375.5	0	0.0	1179.0	0	0.0	1179.0	0	0.0
home	9	197	293880.0	9	1.1124845488257107	293880.0	9	1.1124845488257107	1382.5	0	0.0	1185.0	0	0.0	1185.0	0	0.0
home	9	198	295368.0	0	0.0	295368.0	0	0.0	1389.5	0	0.0	1191.0	0	0.0	1191.0	0	0.0
home	9	199	296856.0	6	0.7416563658838071	296856.0	6	0.7416563658838071	1396.5	0	0.0	1197.0	0	0.0	1197.0	0	0.0
