'Request type'	'Load'	'Bucket'	'Start time'	'Absolute'	'Percent of requests'	'End time'	'Absolute'	'Percent of requests'	'Residence time'	'Absolute'	'Percent of requests'	'Theor. think time'	'Absolute'	'Percent of requests'	'Actual think time'	'Absolute'	'Percent of requests'
login	6	0	751.0	6	0.8547008547008548	751.0	2	0.2849002849002849	5.0	0	0.0	3.0	702	100.0	3.0	702	100.0
login	6	1	2253.0	6	0.8547008547008548	2253.0	4	0.5698005698005698	15.0	0	0.0	9.0	0	0.0	9.0	0	0.0
login	6	2	3755.0	0	0.0	3755.0	4	0.5698005698005698	25.0	0	0.0	15.0	0	0.0	15.0	0	0.0
login	6	3	5257.0	6	0.8547008547008548	5257.0	2	0.2849002849002849	35.0	0	0.0	21.0	0	0.0	21.0	0	0.0
login	6	4	6759.0	0	0.0	6759.0	6	0.8547008547008548	45.0	0	0.0	27.0	0	0.0	27.0	0	0.0
login	6	5	8261.0	6	0.8547008547008548	8261.0	0	0.0	55.0	0	0.0	33.0	0	0.0	33.0	0	0.0
login	6	6	9763.0	1	0.14245014245014245	9763.0	6	0.8547008547008548	65.0	0	0.0	39.0	0	0.0	39.0	0	0.0
login	6	7	11265.0	5	0.7122507122507122	11265.0	4	0.5698005698005698	75.0	0	0.0	45.0	0	0.0	45.0	0	0.0
login	6	8	12767.0	6	0.8547008547008548	12767.0	2	0.2849002849002849	85.0	0	0.0	51.0	0	0.0	51.0	0	0.0
login	6	9	14269.0	0	0.0	14269.0	6	0.8547008547008548	95.0	0	0.0	57.0	0	0.0	57.0	0	0.0
login	6	10	15771.0	6	0.8547008547008548	15771.0	1	0.14245014245014245	105.0	0	0.0	63.0	0	0.0	63.0	0	0.0
login	6	11	17273.0	3	0.4273504273504274	17273.0	5	0.7122507122507122	115.0	0	0.0	69.0	0	0.0	69.0	0	0.0
login	6	12	18775.0	3	0.4273504273504274	18775.0	5	0.7122507122507122	125.0	0	0.0	75.0	0	0.0	75.0	0	0.0
login	6	13	20277.0	6	0.8547008547008548	20277.0	1	0.14245014245014245	135.0	0	0.0	81.0	0	0.0	81.0	0	0.0
login	6	14	21779.0	1	0.14245014245014245	21779.0	6	0.8547008547008548	145.0	0	0.0	87.0	0	0.0	87.0	0	0.0
login	6	15	23281.0	5	0.7122507122507122	23281.0	2	0.2849002849002849	155.0	0	0.0	93.0	0	0.0	93.0	0	0.0
login	6	16	24783.0	3	0.4273504273504274	24783.0	4	0.5698005698005698	165.0	0	0.0	99.0	0	0.0	99.0	0	0.0
login	6	17	26285.0	3	0.4273504273504274	26285.0	3	0.4273504273504274	175.0	0	0.0	105.0	0	0.0	105.0	0	0.0
login	6	18	27787.0	6	0.8547008547008548	27787.0	3	0.4273504273504274	185.0	0	0.0	111.0	0	0.0	111.0	0	0.0
login	6	19	29289.0	0	0.0	29289.0	3	0.4273504273504274	195.0	0	0.0	117.0	0	0.0	117.0	0	0.0
login	6	20	30791.0	6	0.8547008547008548	30791.0	3	0.4273504273504274	205.0	2	0.2849002849002849	123.0	0	0.0	123.0	0	0.0
login	6	21	32293.0	0	0.0	32293.0	6	0.8547008547008548	215.0	1	0.14245014245014245	129.0	0	0.0	129.0	0	0.0
login	6	22	33795.0	6	0.8547008547008548	33795.0	1	0.14245014245014245	225.0	0	0.0	135.0	0	0.0	135.0	0	0.0
login	6	23	35297.0	0	0.0	35297.0	5	0.7122507122507122	235.0	0	0.0	141.0	0	0.0	141.0	0	0.0
login	6	24	36799.0	6	0.8547008547008548	36799.0	1	0.14245014245014245	245.0	0	0.0	147.0	0	0.0	147.0	0	0.0
login	6	25	38301.0	4	0.5698005698005698	38301.0	5	0.7122507122507122	255.0	0	0.0	153.0	0	0.0	153.0	0	0.0
login	6	26	39803.0	2	0.2849002849002849	39803.0	3	0.4273504273504274	265.0	0	0.0	159.0	0	0.0	159.0	0	0.0
login	6	27	41305.0	6	0.8547008547008548	41305.0	3	0.4273504273504274	275.0	0	0.0	165.0	0	0.0	165.0	0	0.0
login	6	28	42807.0	0	0.0	42807.0	6	0.8547008547008548	285.0	0	0.0	171.0	0	0.0	171.0	0	0.0
login	6	29	44309.0	6	0.8547008547008548	44309.0	2	0.2849002849002849	295.0	0	0.0	177.0	0	0.0	177.0	0	0.0
login	6	30	45811.0	2	0.2849002849002849	45811.0	4	0.5698005698005698	305.0	0	0.0	183.0	0	0.0	183.0	0	0.0
login	6	31	47313.0	4	0.5698005698005698	47313.0	2	0.2849002849002849	315.0	0	0.0	189.0	0	0.0	189.0	0	0.0
login	6	32	48815.0	4	0.5698005698005698	48815.0	4	0.5698005698005698	325.0	0	0.0	195.0	0	0.0	195.0	0	0.0
login	6	33	50317.0	2	0.2849002849002849	50317.0	2	0.2849002849002849	335.0	1	0.14245014245014245	201.0	0	0.0	201.0	0	0.0
login	6	34	51819.0	6	0.8547008547008548	51819.0	4	0.5698005698005698	345.0	0	0.0	207.0	0	0.0	207.0	0	0.0
login	6	35	53321.0	0	0.0	53321.0	4	0.5698005698005698	355.0	0	0.0	213.0	0	0.0	213.0	0	0.0
login	6	36	54823.0	6	0.8547008547008548	54823.0	3	0.4273504273504274	365.0	0	0.0	219.0	0	0.0	219.0	0	0.0
login	6	37	56325.0	0	0.0	56325.0	5	0.7122507122507122	375.0	0	0.0	225.0	0	0.0	225.0	0	0.0
login	6	38	57827.0	6	0.8547008547008548	57827.0	1	0.14245014245014245	385.0	1	0.14245014245014245	231.0	0	0.0	231.0	0	0.0
login	6	39	59329.0	0	0.0	59329.0	5	0.7122507122507122	395.0	2	0.2849002849002849	237.0	0	0.0	237.0	0	0.0
login	6	40	60831.0	6	0.8547008547008548	60831.0	1	0.14245014245014245	405.0	2	0.2849002849002849	243.0	0	0.0	243.0	0	0.0
login	6	41	62333.0	0	0.0	62333.0	5	0.7122507122507122	415.0	0	0.0	249.0	0	0.0	249.0	0	0.0
login	6	42	63835.0	6	0.8547008547008548	63835.0	3	0.4273504273504274	425.0	0	0.0	255.0	0	0.0	255.0	0	0.0
login	6	43	65337.0	6	0.8547008547008548	65337.0	3	0.4273504273504274	435.0	0	0.0	261.0	0	0.0	261.0	0	0.0
login	6	44	66839.0	0	0.0	66839.0	4	0.5698005698005698	445.0	0	0.0	267.0	0	0.0	267.0	0	0.0
login	6	45	68341.0	6	0.8547008547008548	68341.0	2	0.2849002849002849	455.0	0	0.0	273.0	0	0.0	273.0	0	0.0
login	6	46	69843.0	0	0.0	69843.0	6	0.8547008547008548	465.0	0	0.0	279.0	0	0.0	279.0	0	0.0
login	6	47	71345.0	6	0.8547008547008548	71345.0	3	0.4273504273504274	475.0	0	0.0	285.0	0	0.0	285.0	0	0.0
login	6	48	72847.0	6	0.8547008547008548	72847.0	3	0.4273504273504274	485.0	2	0.2849002849002849	291.0	0	0.0	291.0	0	0.0
login	6	49	74349.0	0	0.0	74349.0	5	0.7122507122507122	495.0	3	0.4273504273504274	297.0	0	0.0	297.0	0	0.0
login	6	50	75851.0	6	0.8547008547008548	75851.0	1	0.14245014245014245	505.0	2	0.2849002849002849	303.0	0	0.0	303.0	0	0.0
login	6	51	77353.0	0	0.0	77353.0	6	0.8547008547008548	515.0	3	0.4273504273504274	309.0	0	0.0	309.0	0	0.0
login	6	52	78855.0	6	0.8547008547008548	78855.0	3	0.4273504273504274	525.0	0	0.0	315.0	0	0.0	315.0	0	0.0
login	6	53	80357.0	4	0.5698005698005698	80357.0	3	0.4273504273504274	535.0	0	0.0	321.0	0	0.0	321.0	0	0.0
login	6	54	81859.0	2	0.2849002849002849	81859.0	6	0.8547008547008548	545.0	0	0.0	327.0	0	0.0	327.0	0	0.0
login	6	55	83361.0	6	0.8547008547008548	83361.0	1	0.14245014245014245	555.0	0	0.0	333.0	0	0.0	333.0	0	0.0
login	6	56	84863.0	0	0.0	84863.0	5	0.7122507122507122	565.0	1	0.14245014245014245	339.0	0	0.0	339.0	0	0.0
login	6	57	86365.0	6	0.8547008547008548	86365.0	1	0.14245014245014245	575.0	0	0.0	345.0	0	0.0	345.0	0	0.0
login	6	58	87867.0	0	0.0	87867.0	5	0.7122507122507122	585.0	2	0.2849002849002849	351.0	0	0.0	351.0	0	0.0
login	6	59	89369.0	6	0.8547008547008548	89369.0	1	0.14245014245014245	595.0	11	1.566951566951567	357.0	0	0.0	357.0	0	0.0
login	6	60	90871.0	1	0.14245014245014245	90871.0	5	0.7122507122507122	605.0	6	0.8547008547008548	363.0	0	0.0	363.0	0	0.0
login	6	61	92373.0	5	0.7122507122507122	92373.0	4	0.5698005698005698	615.0	7	0.9971509971509972	369.0	0	0.0	369.0	0	0.0
login	6	62	93875.0	6	0.8547008547008548	93875.0	2	0.2849002849002849	625.0	2	0.2849002849002849	375.0	0	0.0	375.0	0	0.0
login	6	63	95377.0	0	0.0	95377.0	6	0.8547008547008548	635.0	0	0.0	381.0	0	0.0	381.0	0	0.0
login	6	64	96879.0	6	0.8547008547008548	96879.0	1	0.14245014245014245	645.0	0	0.0	387.0	0	0.0	387.0	0	0.0
login	6	65	98381.0	0	0.0	98381.0	5	0.7122507122507122	655.0	0	0.0	393.0	0	0.0	393.0	0	0.0
login	6	66	99883.0	6	0.8547008547008548	99883.0	0	0.0	665.0	1	0.14245014245014245	399.0	0	0.0	399.0	0	0.0
login	6	67	101385.0	4	0.5698005698005698	101385.0	6	0.8547008547008548	675.0	3	0.4273504273504274	405.0	0	0.0	405.0	0	0.0
login	6	68	102887.0	2	0.2849002849002849	102887.0	4	0.5698005698005698	685.0	4	0.5698005698005698	411.0	0	0.0	411.0	0	0.0
login	6	69	104389.0	6	0.8547008547008548	104389.0	5	0.7122507122507122	695.0	13	1.8518518518518519	417.0	0	0.0	417.0	0	0.0
login	6	70	105891.0	3	0.4273504273504274	105891.0	5	0.7122507122507122	705.0	8	1.1396011396011396	423.0	0	0.0	423.0	0	0.0
login	6	71	107393.0	6	0.8547008547008548	107393.0	4	0.5698005698005698	715.0	8	1.1396011396011396	429.0	0	0.0	429.0	0	0.0
login	6	72	108895.0	3	0.4273504273504274	108895.0	5	0.7122507122507122	725.0	1	0.14245014245014245	435.0	0	0.0	435.0	0	0.0
login	6	73	110397.0	7	0.9971509971509972	110397.0	5	0.7122507122507122	735.0	1	0.14245014245014245	441.0	0	0.0	441.0	0	0.0
login	6	74	111899.0	3	0.4273504273504274	111899.0	6	0.8547008547008548	745.0	1	0.14245014245014245	447.0	0	0.0	447.0	0	0.0
login	6	75	113401.0	7	0.9971509971509972	113401.0	3	0.4273504273504274	755.0	0	0.0	453.0	0	0.0	453.0	0	0.0
login	6	76	114903.0	5	0.7122507122507122	114903.0	4	0.5698005698005698	765.0	0	0.0	459.0	0	0.0	459.0	0	0.0
login	6	77	116405.0	1	0.14245014245014245	116405.0	5	0.7122507122507122	775.0	4	0.5698005698005698	465.0	0	0.0	465.0	0	0.0
login	6	78	117907.0	6	0.8547008547008548	117907.0	1	0.14245014245014245	785.0	4	0.5698005698005698	471.0	0	0.0	471.0	0	0.0
login	6	79	119409.0	0	0.0	119409.0	6	0.8547008547008548	795.0	6	0.8547008547008548	477.0	0	0.0	477.0	0	0.0
login	6	80	120911.0	6	0.8547008547008548	120911.0	0	0.0	805.0	4	0.5698005698005698	483.0	0	0.0	483.0	0	0.0
login	6	81	122413.0	0	0.0	122413.0	6	0.8547008547008548	815.0	1	0.14245014245014245	489.0	0	0.0	489.0	0	0.0
login	6	82	123915.0	6	0.8547008547008548	123915.0	1	0.14245014245014245	825.0	0	0.0	495.0	0	0.0	495.0	0	0.0
login	6	83	125417.0	3	0.4273504273504274	125417.0	5	0.7122507122507122	835.0	1	0.14245014245014245	501.0	0	0.0	501.0	0	0.0
login	6	84	126919.0	3	0.4273504273504274	126919.0	2	0.2849002849002849	845.0	0	0.0	507.0	0	0.0	507.0	0	0.0
login	6	85	128421.0	6	0.8547008547008548	128421.0	4	0.5698005698005698	855.0	0	0.0	513.0	0	0.0	513.0	0	0.0
login	6	86	129923.0	0	0.0	129923.0	3	0.4273504273504274	865.0	0	0.0	519.0	0	0.0	519.0	0	0.0
login	6	87	131425.0	6	0.8547008547008548	131425.0	3	0.4273504273504274	875.0	0	0.0	525.0	0	0.0	525.0	0	0.0
login	6	88	132927.0	0	0.0	132927.0	6	0.8547008547008548	885.0	5	0.7122507122507122	531.0	0	0.0	531.0	0	0.0
login	6	89	134429.0	6	0.8547008547008548	134429.0	0	0.0	895.0	6	0.8547008547008548	537.0	0	0.0	537.0	0	0.0
login	6	90	135931.0	0	0.0	135931.0	6	0.8547008547008548	905.0	5	0.7122507122507122	543.0	0	0.0	543.0	0	0.0
login	6	91	137433.0	6	0.8547008547008548	137433.0	1	0.14245014245014245	915.0	4	0.5698005698005698	549.0	0	0.0	549.0	0	0.0
login	6	92	138935.0	0	0.0	138935.0	5	0.7122507122507122	925.0	0	0.0	555.0	0	0.0	555.0	0	0.0
login	6	93	140437.0	6	0.8547008547008548	140437.0	0	0.0	935.0	0	0.0	561.0	0	0.0	561.0	0	0.0
login	6	94	141939.0	0	0.0	141939.0	6	0.8547008547008548	945.0	0	0.0	567.0	0	0.0	567.0	0	0.0
login	6	95	143441.0	6	0.8547008547008548	143441.0	2	0.2849002849002849	955.0	0	0.0	573.0	0	0.0	573.0	0	0.0
login	6	96	144943.0	6	0.8547008547008548	144943.0	4	0.5698005698005698	965.0	1	0.14245014245014245	579.0	0	0.0	579.0	0	0.0
login	6	97	146445.0	0	0.0	146445.0	4	0.5698005698005698	975.0	1	0.14245014245014245	585.0	0	0.0	585.0	0	0.0
login	6	98	147947.0	6	0.8547008547008548	147947.0	2	0.2849002849002849	985.0	5	0.7122507122507122	591.0	0	0.0	591.0	0	0.0
login	6	99	149449.0	0	0.0	149449.0	6	0.8547008547008548	995.0	13	1.8518518518518519	597.0	0	0.0	597.0	0	0.0
login	6	100	150951.0	6	0.8547008547008548	150951.0	1	0.14245014245014245	1005.0	11	1.566951566951567	603.0	0	0.0	603.0	0	0.0
login	6	101	152453.0	4	0.5698005698005698	152453.0	5	0.7122507122507122	1015.0	5	0.7122507122507122	609.0	0	0.0	609.0	0	0.0
login	6	102	153955.0	2	0.2849002849002849	153955.0	4	0.5698005698005698	1025.0	0	0.0	615.0	0	0.0	615.0	0	0.0
login	6	103	155457.0	6	0.8547008547008548	155457.0	2	0.2849002849002849	1035.0	0	0.0	621.0	0	0.0	621.0	0	0.0
login	6	104	156959.0	0	0.0	156959.0	6	0.8547008547008548	1045.0	0	0.0	627.0	0	0.0	627.0	0	0.0
login	6	105	158461.0	6	0.8547008547008548	158461.0	1	0.14245014245014245	1055.0	0	0.0	633.0	0	0.0	633.0	0	0.0
login	6	106	159963.0	0	0.0	159963.0	5	0.7122507122507122	1065.0	0	0.0	639.0	0	0.0	639.0	0	0.0
login	6	107	161465.0	6	0.8547008547008548	161465.0	1	0.14245014245014245	1075.0	3	0.4273504273504274	645.0	0	0.0	645.0	0	0.0
login	6	108	162967.0	6	0.8547008547008548	162967.0	5	0.7122507122507122	1085.0	9	1.2820512820512822	651.0	0	0.0	651.0	0	0.0
login	6	109	164469.0	0	0.0	164469.0	4	0.5698005698005698	1095.0	16	2.2792022792022792	657.0	0	0.0	657.0	0	0.0
login	6	110	165971.0	6	0.8547008547008548	165971.0	2	0.2849002849002849	1105.0	11	1.566951566951567	663.0	0	0.0	663.0	0	0.0
login	6	111	167473.0	0	0.0	167473.0	6	0.8547008547008548	1115.0	11	1.566951566951567	669.0	0	0.0	669.0	0	0.0
login	6	112	168975.0	6	0.8547008547008548	168975.0	1	0.14245014245014245	1125.0	2	0.2849002849002849	675.0	0	0.0	675.0	0	0.0
login	6	113	170477.0	2	0.2849002849002849	170477.0	5	0.7122507122507122	1135.0	2	0.2849002849002849	681.0	0	0.0	681.0	0	0.0
login	6	114	171979.0	4	0.5698005698005698	171979.0	3	0.4273504273504274	1145.0	0	0.0	687.0	0	0.0	687.0	0	0.0
login	6	115	173481.0	6	0.8547008547008548	173481.0	3	0.4273504273504274	1155.0	0	0.0	693.0	0	0.0	693.0	0	0.0
login	6	116	174983.0	0	0.0	174983.0	6	0.8547008547008548	1165.0	2	0.2849002849002849	699.0	0	0.0	699.0	0	0.0
login	6	117	176485.0	6	0.8547008547008548	176485.0	0	0.0	1175.0	3	0.4273504273504274	705.0	0	0.0	705.0	0	0.0
login	6	118	177987.0	2	0.2849002849002849	177987.0	6	0.8547008547008548	1185.0	8	1.1396011396011396	711.0	0	0.0	711.0	0	0.0
login	6	119	179489.0	4	0.5698005698005698	179489.0	3	0.4273504273504274	1195.0	17	2.421652421652422	717.0	0	0.0	717.0	0	0.0
login	6	120	180991.0	6	0.8547008547008548	180991.0	3	0.4273504273504274	1205.0	21	2.9914529914529915	723.0	0	0.0	723.0	0	0.0
login	6	121	182493.0	0	0.0	182493.0	4	0.5698005698005698	1215.0	15	2.1367521367521367	729.0	0	0.0	729.0	0	0.0
login	6	122	183995.0	6	0.8547008547008548	183995.0	3	0.4273504273504274	1225.0	3	0.4273504273504274	735.0	0	0.0	735.0	0	0.0
login	6	123	185497.0	0	0.0	185497.0	5	0.7122507122507122	1235.0	0	0.0	741.0	0	0.0	741.0	0	0.0
login	6	124	186999.0	6	0.8547008547008548	186999.0	1	0.14245014245014245	1245.0	0	0.0	747.0	0	0.0	747.0	0	0.0
login	6	125	188501.0	4	0.5698005698005698	188501.0	5	0.7122507122507122	1255.0	0	0.0	753.0	0	0.0	753.0	0	0.0
login	6	126	190003.0	2	0.2849002849002849	190003.0	4	0.5698005698005698	1265.0	1	0.14245014245014245	759.0	0	0.0	759.0	0	0.0
login	6	127	191505.0	6	0.8547008547008548	191505.0	2	0.2849002849002849	1275.0	4	0.5698005698005698	765.0	0	0.0	765.0	0	0.0
login	6	128	193007.0	0	0.0	193007.0	6	0.8547008547008548	1285.0	13	1.8518518518518519	771.0	0	0.0	771.0	0	0.0
login	6	129	194509.0	6	0.8547008547008548	194509.0	2	0.2849002849002849	1295.0	29	4.131054131054131	777.0	0	0.0	777.0	0	0.0
login	6	130	196011.0	0	0.0	196011.0	4	0.5698005698005698	1305.0	17	2.421652421652422	783.0	0	0.0	783.0	0	0.0
login	6	131	197513.0	6	0.8547008547008548	197513.0	4	0.5698005698005698	1315.0	11	1.566951566951567	789.0	0	0.0	789.0	0	0.0
login	6	132	199015.0	6	0.8547008547008548	199015.0	3	0.4273504273504274	1325.0	3	0.4273504273504274	795.0	0	0.0	795.0	0	0.0
login	6	133	200517.0	1	0.14245014245014245	200517.0	6	0.8547008547008548	1335.0	0	0.0	801.0	0	0.0	801.0	0	0.0
login	6	134	202019.0	6	0.8547008547008548	202019.0	1	0.14245014245014245	1345.0	1	0.14245014245014245	807.0	0	0.0	807.0	0	0.0
login	6	135	203521.0	3	0.4273504273504274	203521.0	5	0.7122507122507122	1355.0	0	0.0	813.0	0	0.0	813.0	0	0.0
login	6	136	205023.0	3	0.4273504273504274	205023.0	5	0.7122507122507122	1365.0	5	0.7122507122507122	819.0	0	0.0	819.0	0	0.0
login	6	137	206525.0	6	0.8547008547008548	206525.0	2	0.2849002849002849	1375.0	3	0.4273504273504274	825.0	0	0.0	825.0	0	0.0
login	6	138	208027.0	0	0.0	208027.0	5	0.7122507122507122	1385.0	8	1.1396011396011396	831.0	0	0.0	831.0	0	0.0
login	6	139	209529.0	6	0.8547008547008548	209529.0	1	0.14245014245014245	1395.0	8	1.1396011396011396	837.0	0	0.0	837.0	0	0.0
login	6	140	211031.0	0	0.0	211031.0	5	0.7122507122507122	1405.0	9	1.2820512820512822	843.0	0	0.0	843.0	0	0.0
login	6	141	212533.0	6	0.8547008547008548	212533.0	2	0.2849002849002849	1415.0	10	1.4245014245014245	849.0	0	0.0	849.0	0	0.0
login	6	142	214035.0	6	0.8547008547008548	214035.0	4	0.5698005698005698	1425.0	1	0.14245014245014245	855.0	0	0.0	855.0	0	0.0
login	6	143	215537.0	0	0.0	215537.0	3	0.4273504273504274	1435.0	0	0.0	861.0	0	0.0	861.0	0	0.0
login	6	144	217039.0	6	0.8547008547008548	217039.0	3	0.4273504273504274	1445.0	0	0.0	867.0	0	0.0	867.0	0	0.0
login	6	145	218541.0	0	0.0	218541.0	6	0.8547008547008548	1455.0	2	0.2849002849002849	873.0	0	0.0	873.0	0	0.0
login	6	146	220043.0	6	0.8547008547008548	220043.0	1	0.14245014245014245	1465.0	1	0.14245014245014245	879.0	0	0.0	879.0	0	0.0
login	6	147	221545.0	0	0.0	221545.0	5	0.7122507122507122	1475.0	5	0.7122507122507122	885.0	0	0.0	885.0	0	0.0
login	6	148	223047.0	6	0.8547008547008548	223047.0	1	0.14245014245014245	1485.0	6	0.8547008547008548	891.0	0	0.0	891.0	0	0.0
login	6	149	224549.0	0	0.0	224549.0	5	0.7122507122507122	1495.0	14	1.9943019943019944	897.0	0	0.0	897.0	0	0.0
login	6	150	226051.0	6	0.8547008547008548	226051.0	3	0.4273504273504274	1505.0	15	2.1367521367521367	903.0	0	0.0	903.0	0	0.0
login	6	151	227553.0	6	0.8547008547008548	227553.0	3	0.4273504273504274	1515.0	8	1.1396011396011396	909.0	0	0.0	909.0	0	0.0
login	6	152	229055.0	0	0.0	229055.0	5	0.7122507122507122	1525.0	2	0.2849002849002849	915.0	0	0.0	915.0	0	0.0
login	6	153	230557.0	6	0.8547008547008548	230557.0	2	0.2849002849002849	1535.0	0	0.0	921.0	0	0.0	921.0	0	0.0
login	6	154	232059.0	1	0.14245014245014245	232059.0	5	0.7122507122507122	1545.0	1	0.14245014245014245	927.0	0	0.0	927.0	0	0.0
login	6	155	233561.0	5	0.7122507122507122	233561.0	2	0.2849002849002849	1555.0	2	0.2849002849002849	933.0	0	0.0	933.0	0	0.0
login	6	156	235063.0	6	0.8547008547008548	235063.0	4	0.5698005698005698	1565.0	2	0.2849002849002849	939.0	0	0.0	939.0	0	0.0
login	6	157	236565.0	0	0.0	236565.0	5	0.7122507122507122	1575.0	5	0.7122507122507122	945.0	0	0.0	945.0	0	0.0
login	6	158	238067.0	6	0.8547008547008548	238067.0	1	0.14245014245014245	1585.0	5	0.7122507122507122	951.0	0	0.0	951.0	0	0.0
login	6	159	239569.0	0	0.0	239569.0	6	0.8547008547008548	1595.0	16	2.2792022792022792	957.0	0	0.0	957.0	0	0.0
login	6	160	241071.0	6	0.8547008547008548	241071.0	1	0.14245014245014245	1605.0	24	3.418803418803419	963.0	0	0.0	963.0	0	0.0
login	6	161	242573.0	4	0.5698005698005698	242573.0	5	0.7122507122507122	1615.0	19	2.7065527065527064	969.0	0	0.0	969.0	0	0.0
login	6	162	244075.0	2	0.2849002849002849	244075.0	4	0.5698005698005698	1625.0	3	0.4273504273504274	975.0	0	0.0	975.0	0	0.0
login	6	163	245577.0	6	0.8547008547008548	245577.0	2	0.2849002849002849	1635.0	0	0.0	981.0	0	0.0	981.0	0	0.0
login	6	164	247079.0	0	0.0	247079.0	6	0.8547008547008548	1645.0	0	0.0	987.0	0	0.0	987.0	0	0.0
login	6	165	248581.0	6	0.8547008547008548	248581.0	1	0.14245014245014245	1655.0	0	0.0	993.0	0	0.0	993.0	0	0.0
login	6	166	250083.0	0	0.0	250083.0	5	0.7122507122507122	1665.0	3	0.4273504273504274	999.0	0	0.0	999.0	0	0.0
login	6	167	251585.0	6	0.8547008547008548	251585.0	2	0.2849002849002849	1675.0	7	0.9971509971509972	1005.0	0	0.0	1005.0	0	0.0
login	6	168	253087.0	3	0.4273504273504274	253087.0	4	0.5698005698005698	1685.0	7	0.9971509971509972	1011.0	0	0.0	1011.0	0	0.0
login	6	169	254589.0	3	0.4273504273504274	254589.0	2	0.2849002849002849	1695.0	15	2.1367521367521367	1017.0	0	0.0	1017.0	0	0.0
login	6	170	256091.0	6	0.8547008547008548	256091.0	4	0.5698005698005698	1705.0	26	3.7037037037037037	1023.0	0	0.0	1023.0	0	0.0
login	6	171	257593.0	0	0.0	257593.0	3	0.4273504273504274	1715.0	12	1.7094017094017095	1029.0	0	0.0	1029.0	0	0.0
login	6	172	259095.0	6	0.8547008547008548	259095.0	3	0.4273504273504274	1725.0	4	0.5698005698005698	1035.0	0	0.0	1035.0	0	0.0
login	6	173	260597.0	0	0.0	260597.0	6	0.8547008547008548	1735.0	1	0.14245014245014245	1041.0	0	0.0	1041.0	0	0.0
login	6	174	262099.0	6	0.8547008547008548	262099.0	1	0.14245014245014245	1745.0	0	0.0	1047.0	0	0.0	1047.0	0	0.0
login	6	175	263601.0	0	0.0	263601.0	5	0.7122507122507122	1755.0	0	0.0	1053.0	0	0.0	1053.0	0	0.0
login	6	176	265103.0	6	0.8547008547008548	265103.0	2	0.2849002849002849	1765.0	0	0.0	1059.0	0	0.0	1059.0	0	0.0
login	6	177	266605.0	3	0.4273504273504274	266605.0	4	0.5698005698005698	1775.0	11	1.566951566951567	1065.0	0	0.0	1065.0	0	0.0
login	6	178	268107.0	3	0.4273504273504274	268107.0	4	0.5698005698005698	1785.0	15	2.1367521367521367	1071.0	0	0.0	1071.0	0	0.0
login	6	179	269609.0	5	0.7122507122507122	269609.0	2	0.2849002849002849	1795.0	10	1.4245014245014245	1077.0	0	0.0	1077.0	0	0.0
login	6	180	271111.0	1	0.14245014245014245	271111.0	6	0.8547008547008548	1805.0	17	2.421652421652422	1083.0	0	0.0	1083.0	0	0.0
login	6	181	272613.0	6	0.8547008547008548	272613.0	0	0.0	1815.0	2	0.2849002849002849	1089.0	0	0.0	1089.0	0	0.0
login	6	182	274115.0	0	0.0	274115.0	6	0.8547008547008548	1825.0	4	0.5698005698005698	1095.0	0	0.0	1095.0	0	0.0
login	6	183	275617.0	6	0.8547008547008548	275617.0	1	0.14245014245014245	1835.0	0	0.0	1101.0	0	0.0	1101.0	0	0.0
login	6	184	277119.0	0	0.0	277119.0	5	0.7122507122507122	1845.0	0	0.0	1107.0	0	0.0	1107.0	0	0.0
login	6	185	278621.0	6	0.8547008547008548	278621.0	1	0.14245014245014245	1855.0	0	0.0	1113.0	0	0.0	1113.0	0	0.0
login	6	186	280123.0	0	0.0	280123.0	5	0.7122507122507122	1865.0	1	0.14245014245014245	1119.0	0	0.0	1119.0	0	0.0
login	6	187	281625.0	6	0.8547008547008548	281625.0	3	0.4273504273504274	1875.0	2	0.2849002849002849	1125.0	0	0.0	1125.0	0	0.0
login	6	188	283127.0	6	0.8547008547008548	283127.0	3	0.4273504273504274	1885.0	6	0.8547008547008548	1131.0	0	0.0	1131.0	0	0.0
login	6	189	284629.0	0	0.0	284629.0	6	0.8547008547008548	1895.0	7	0.9971509971509972	1137.0	0	0.0	1137.0	0	0.0
login	6	190	286131.0	6	0.8547008547008548	286131.0	0	0.0	1905.0	4	0.5698005698005698	1143.0	0	0.0	1143.0	0	0.0
login	6	191	287633.0	0	0.0	287633.0	6	0.8547008547008548	1915.0	2	0.2849002849002849	1149.0	0	0.0	1149.0	0	0.0
login	6	192	289135.0	6	0.8547008547008548	289135.0	3	0.4273504273504274	1925.0	2	0.2849002849002849	1155.0	0	0.0	1155.0	0	0.0
login	6	193	290637.0	4	0.5698005698005698	290637.0	3	0.4273504273504274	1935.0	0	0.0	1161.0	0	0.0	1161.0	0	0.0
login	6	194	292139.0	2	0.2849002849002849	292139.0	6	0.8547008547008548	1945.0	0	0.0	1167.0	0	0.0	1167.0	0	0.0
login	6	195	293641.0	6	0.8547008547008548	293641.0	0	0.0	1955.0	0	0.0	1173.0	0	0.0	1173.0	0	0.0
login	6	196	295143.0	1	0.14245014245014245	295143.0	6	0.8547008547008548	1965.0	0	0.0	1179.0	0	0.0	1179.0	0	0.0
login	6	197	296645.0	5	0.7122507122507122	296645.0	3	0.4273504273504274	1975.0	3	0.4273504273504274	1185.0	0	0.0	1185.0	0	0.0
login	6	198	298147.0	6	0.8547008547008548	298147.0	3	0.4273504273504274	1985.0	1	0.14245014245014245	1191.0	0	0.0	1191.0	0	0.0
login	6	199	299649.0	0	0.0	299649.0	6	0.8547008547008548	1995.0	0	0.0	1197.0	0	0.0	1197.0	0	0.0
info	6	0	748.5	6	0.8595988538681948	748.5	6	0.8595988538681948	3.5	197	28.223495702005728	3.0	698	100.0	3.0	698	100.0
info	6	1	2245.5	0	0.0	2245.5	0	0.0	10.5	75	10.744985673352435	9.0	0	0.0	9.0	0	0.0
info	6	2	3742.5	6	0.8595988538681948	3742.5	6	0.8595988538681948	17.5	18	2.5787965616045843	15.0	0	0.0	15.0	0	0.0
info	6	3	5239.5	1	0.14326647564469913	5239.5	0	0.0	24.5	8	1.146131805157593	21.0	0	0.0	21.0	0	0.0
info	6	4	6736.5	5	0.7163323782234956	6736.5	6	0.8595988538681948	31.5	1	0.14326647564469913	27.0	0	0.0	27.0	0	0.0
info	6	5	8233.5	4	0.5730659025787965	8233.5	4	0.5730659025787965	38.5	0	0.0	33.0	0	0.0	33.0	0	0.0
info	6	6	9730.5	3	0.4297994269340974	9730.5	2	0.28653295128939826	45.5	1	0.14326647564469913	39.0	0	0.0	39.0	0	0.0
info	6	7	11227.5	5	0.7163323782234956	11227.5	6	0.8595988538681948	52.5	2	0.28653295128939826	45.0	0	0.0	45.0	0	0.0
info	6	8	12724.5	4	0.5730659025787965	12724.5	4	0.5730659025787965	59.5	1	0.14326647564469913	51.0	0	0.0	51.0	0	0.0
info	6	9	14221.5	2	0.28653295128939826	14221.5	2	0.28653295128939826	66.5	2	0.28653295128939826	57.0	0	0.0	57.0	0	0.0
info	6	10	15718.5	6	0.8595988538681948	15718.5	5	0.7163323782234956	73.5	7	1.002865329512894	63.0	0	0.0	63.0	0	0.0
info	6	11	17215.5	1	0.14326647564469913	17215.5	1	0.14326647564469913	80.5	44	6.303724928366762	69.0	0	0.0	69.0	0	0.0
info	6	12	18712.5	5	0.7163323782234956	18712.5	6	0.8595988538681948	87.5	62	8.882521489971346	75.0	0	0.0	75.0	0	0.0
info	6	13	20209.5	4	0.5730659025787965	20209.5	3	0.4297994269340974	94.5	41	5.873925501432664	81.0	0	0.0	81.0	0	0.0
info	6	14	21706.5	3	0.4297994269340974	21706.5	3	0.4297994269340974	101.5	25	3.5816618911174785	87.0	0	0.0	87.0	0	0.0
info	6	15	23203.5	5	0.7163323782234956	23203.5	6	0.8595988538681948	108.5	6	0.8595988538681948	93.0	0	0.0	93.0	0	0.0
info	6	16	24700.5	1	0.14326647564469913	24700.5	0	0.0	115.5	4	0.5730659025787965	99.0	0	0.0	99.0	0	0.0
info	6	17	26197.5	5	0.7163323782234956	26197.5	6	0.8595988538681948	122.5	1	0.14326647564469913	105.0	0	0.0	105.0	0	0.0
info	6	18	27694.5	2	0.28653295128939826	27694.5	0	0.0	129.5	0	0.0	111.0	0	0.0	111.0	0	0.0
info	6	19	29191.5	4	0.5730659025787965	29191.5	6	0.8595988538681948	136.5	0	0.0	117.0	0	0.0	117.0	0	0.0
info	6	20	30688.5	1	0.14326647564469913	30688.5	0	0.0	143.5	0	0.0	123.0	0	0.0	123.0	0	0.0
info	6	21	32185.5	5	0.7163323782234956	32185.5	6	0.8595988538681948	150.5	0	0.0	129.0	0	0.0	129.0	0	0.0
info	6	22	33682.5	2	0.28653295128939826	33682.5	0	0.0	157.5	0	0.0	135.0	0	0.0	135.0	0	0.0
info	6	23	35179.5	4	0.5730659025787965	35179.5	6	0.8595988538681948	164.5	0	0.0	141.0	0	0.0	141.0	0	0.0
info	6	24	36676.5	6	0.8595988538681948	36676.5	6	0.8595988538681948	171.5	1	0.14326647564469913	147.0	0	0.0	147.0	0	0.0
info	6	25	38173.5	1	0.14326647564469913	38173.5	0	0.0	178.5	11	1.5759312320916905	153.0	0	0.0	153.0	0	0.0
info	6	26	39670.5	5	0.7163323782234956	39670.5	6	0.8595988538681948	185.5	10	1.4326647564469912	159.0	0	0.0	159.0	0	0.0
info	6	27	41167.5	3	0.4297994269340974	41167.5	0	0.0	192.5	5	0.7163323782234956	165.0	0	0.0	165.0	0	0.0
info	6	28	42664.5	3	0.4297994269340974	42664.5	6	0.8595988538681948	199.5	10	1.4326647564469912	171.0	0	0.0	171.0	0	0.0
info	6	29	44161.5	4	0.5730659025787965	44161.5	4	0.5730659025787965	206.5	3	0.4297994269340974	177.0	0	0.0	177.0	0	0.0
info	6	30	45658.5	3	0.4297994269340974	45658.5	2	0.28653295128939826	213.5	0	0.0	183.0	0	0.0	183.0	0	0.0
info	6	31	47155.5	5	0.7163323782234956	47155.5	6	0.8595988538681948	220.5	5	0.7163323782234956	189.0	0	0.0	189.0	0	0.0
info	6	32	48652.5	1	0.14326647564469913	48652.5	0	0.0	227.5	0	0.0	195.0	0	0.0	195.0	0	0.0
info	6	33	50149.5	5	0.7163323782234956	50149.5	6	0.8595988538681948	234.5	0	0.0	201.0	0	0.0	201.0	0	0.0
info	6	34	51646.5	0	0.0	51646.5	0	0.0	241.5	1	0.14326647564469913	207.0	0	0.0	207.0	0	0.0
info	6	35	53143.5	6	0.8595988538681948	53143.5	6	0.8595988538681948	248.5	0	0.0	213.0	0	0.0	213.0	0	0.0
info	6	36	54640.5	2	0.28653295128939826	54640.5	0	0.0	255.5	0	0.0	219.0	0	0.0	219.0	0	0.0
info	6	37	56137.5	4	0.5730659025787965	56137.5	6	0.8595988538681948	262.5	0	0.0	225.0	0	0.0	225.0	0	0.0
info	6	38	57634.5	2	0.28653295128939826	57634.5	0	0.0	269.5	0	0.0	231.0	0	0.0	231.0	0	0.0
info	6	39	59131.5	4	0.5730659025787965	59131.5	6	0.8595988538681948	276.5	1	0.14326647564469913	237.0	0	0.0	237.0	0	0.0
info	6	40	60628.5	3	0.4297994269340974	60628.5	2	0.28653295128939826	283.5	4	0.5730659025787965	243.0	0	0.0	243.0	0	0.0
info	6	41	62125.5	3	0.4297994269340974	62125.5	4	0.5730659025787965	290.5	6	0.8595988538681948	249.0	0	0.0	249.0	0	0.0
info	6	42	63622.5	6	0.8595988538681948	63622.5	6	0.8595988538681948	297.5	6	0.8595988538681948	255.0	0	0.0	255.0	0	0.0
info	6	43	65119.5	0	0.0	65119.5	0	0.0	304.5	3	0.4297994269340974	261.0	0	0.0	261.0	0	0.0
info	6	44	66616.5	6	0.8595988538681948	66616.5	6	0.8595988538681948	311.5	4	0.5730659025787965	267.0	0	0.0	267.0	0	0.0
info	6	45	68113.5	4	0.5730659025787965	68113.5	4	0.5730659025787965	318.5	1	0.14326647564469913	273.0	0	0.0	273.0	0	0.0
info	6	46	69610.5	2	0.28653295128939826	69610.5	2	0.28653295128939826	325.5	0	0.0	279.0	0	0.0	279.0	0	0.0
info	6	47	71107.5	6	0.8595988538681948	71107.5	6	0.8595988538681948	332.5	0	0.0	285.0	0	0.0	285.0	0	0.0
info	6	48	72604.5	1	0.14326647564469913	72604.5	0	0.0	339.5	0	0.0	291.0	0	0.0	291.0	0	0.0
info	6	49	74101.5	5	0.7163323782234956	74101.5	6	0.8595988538681948	346.5	0	0.0	297.0	0	0.0	297.0	0	0.0
info	6	50	75598.5	3	0.4297994269340974	75598.5	1	0.14326647564469913	353.5	0	0.0	303.0	0	0.0	303.0	0	0.0
info	6	51	77095.5	3	0.4297994269340974	77095.5	5	0.7163323782234956	360.5	0	0.0	309.0	0	0.0	309.0	0	0.0
info	6	52	78592.5	5	0.7163323782234956	78592.5	5	0.7163323782234956	367.5	0	0.0	315.0	0	0.0	315.0	0	0.0
info	6	53	80089.5	2	0.28653295128939826	80089.5	1	0.14326647564469913	374.5	2	0.28653295128939826	321.0	0	0.0	321.0	0	0.0
info	6	54	81586.5	5	0.7163323782234956	81586.5	6	0.8595988538681948	381.5	4	0.5730659025787965	327.0	0	0.0	327.0	0	0.0
info	6	55	83083.5	2	0.28653295128939826	83083.5	0	0.0	388.5	5	0.7163323782234956	333.0	0	0.0	333.0	0	0.0
info	6	56	84580.5	4	0.5730659025787965	84580.5	6	0.8595988538681948	395.5	4	0.5730659025787965	339.0	0	0.0	339.0	0	0.0
info	6	57	86077.5	2	0.28653295128939826	86077.5	0	0.0	402.5	5	0.7163323782234956	345.0	0	0.0	345.0	0	0.0
info	6	58	87574.5	4	0.5730659025787965	87574.5	6	0.8595988538681948	409.5	1	0.14326647564469913	351.0	0	0.0	351.0	0	0.0
info	6	59	89071.5	4	0.5730659025787965	89071.5	3	0.4297994269340974	416.5	3	0.4297994269340974	357.0	0	0.0	357.0	0	0.0
info	6	60	90568.5	2	0.28653295128939826	90568.5	3	0.4297994269340974	423.5	0	0.0	363.0	0	0.0	363.0	0	0.0
info	6	61	92065.5	6	0.8595988538681948	92065.5	6	0.8595988538681948	430.5	0	0.0	369.0	0	0.0	369.0	0	0.0
info	6	62	93562.5	1	0.14326647564469913	93562.5	0	0.0	437.5	0	0.0	375.0	0	0.0	375.0	0	0.0
info	6	63	95059.5	5	0.7163323782234956	95059.5	6	0.8595988538681948	444.5	0	0.0	381.0	0	0.0	381.0	0	0.0
info	6	64	96556.5	2	0.28653295128939826	96556.5	0	0.0	451.5	0	0.0	387.0	0	0.0	387.0	0	0.0
info	6	65	98053.5	4	0.5730659025787965	98053.5	6	0.8595988538681948	458.5	0	0.0	393.0	0	0.0	393.0	0	0.0
info	6	66	99550.5	4	0.5730659025787965	99550.5	4	0.5730659025787965	465.5	0	0.0	399.0	0	0.0	399.0	0	0.0
info	6	67	101047.5	3	0.4297994269340974	101047.5	3	0.4297994269340974	472.5	1	0.14326647564469913	405.0	0	0.0	405.0	0	0.0
info	6	68	102544.5	5	0.7163323782234956	102544.5	5	0.7163323782234956	479.5	1	0.14326647564469913	411.0	0	0.0	411.0	0	0.0
info	6	69	104041.5	3	0.4297994269340974	104041.5	3	0.4297994269340974	486.5	5	0.7163323782234956	417.0	0	0.0	417.0	0	0.0
info	6	70	105538.5	6	0.8595988538681948	105538.5	6	0.8595988538681948	493.5	3	0.4297994269340974	423.0	0	0.0	423.0	0	0.0
info	6	71	107035.5	4	0.5730659025787965	107035.5	3	0.4297994269340974	500.5	5	0.7163323782234956	429.0	0	0.0	429.0	0	0.0
info	6	72	108532.5	6	0.8595988538681948	108532.5	7	1.002865329512894	507.5	2	0.28653295128939826	435.0	0	0.0	435.0	0	0.0
info	6	73	110029.5	4	0.5730659025787965	110029.5	3	0.4297994269340974	514.5	0	0.0	441.0	0	0.0	441.0	0	0.0
info	6	74	111526.5	6	0.8595988538681948	111526.5	7	1.002865329512894	521.5	1	0.14326647564469913	447.0	0	0.0	447.0	0	0.0
info	6	75	113023.5	3	0.4297994269340974	113023.5	3	0.4297994269340974	528.5	1	0.14326647564469913	453.0	0	0.0	453.0	0	0.0
info	6	76	114520.5	4	0.5730659025787965	114520.5	3	0.4297994269340974	535.5	0	0.0	459.0	0	0.0	459.0	0	0.0
info	6	77	116017.5	5	0.7163323782234956	116017.5	6	0.8595988538681948	542.5	0	0.0	465.0	0	0.0	465.0	0	0.0
info	6	78	117514.5	1	0.14326647564469913	117514.5	0	0.0	549.5	0	0.0	471.0	0	0.0	471.0	0	0.0
info	6	79	119011.5	5	0.7163323782234956	119011.5	6	0.8595988538681948	556.5	0	0.0	477.0	0	0.0	477.0	0	0.0
info	6	80	120508.5	1	0.14326647564469913	120508.5	0	0.0	563.5	0	0.0	483.0	0	0.0	483.0	0	0.0
info	6	81	122005.5	5	0.7163323782234956	122005.5	6	0.8595988538681948	570.5	1	0.14326647564469913	489.0	0	0.0	489.0	0	0.0
info	6	82	123502.5	3	0.4297994269340974	123502.5	3	0.4297994269340974	577.5	1	0.14326647564469913	495.0	0	0.0	495.0	0	0.0
info	6	83	124999.5	3	0.4297994269340974	124999.5	3	0.4297994269340974	584.5	1	0.14326647564469913	501.0	0	0.0	501.0	0	0.0
info	6	84	126496.5	6	0.8595988538681948	126496.5	6	0.8595988538681948	591.5	4	0.5730659025787965	507.0	0	0.0	507.0	0	0.0
info	6	85	127993.5	1	0.14326647564469913	127993.5	0	0.0	598.5	6	0.8595988538681948	513.0	0	0.0	513.0	0	0.0
info	6	86	129490.5	5	0.7163323782234956	129490.5	6	0.8595988538681948	605.5	4	0.5730659025787965	519.0	0	0.0	519.0	0	0.0
info	6	87	130987.5	1	0.14326647564469913	130987.5	0	0.0	612.5	6	0.8595988538681948	525.0	0	0.0	525.0	0	0.0
info	6	88	132484.5	5	0.7163323782234956	132484.5	6	0.8595988538681948	619.5	1	0.14326647564469913	531.0	0	0.0	531.0	0	0.0
info	6	89	133981.5	1	0.14326647564469913	133981.5	0	0.0	626.5	0	0.0	537.0	0	0.0	537.0	0	0.0
info	6	90	135478.5	5	0.7163323782234956	135478.5	6	0.8595988538681948	633.5	0	0.0	543.0	0	0.0	543.0	0	0.0
info	6	91	136975.5	1	0.14326647564469913	136975.5	0	0.0	640.5	0	0.0	549.0	0	0.0	549.0	0	0.0
info	6	92	138472.5	5	0.7163323782234956	138472.5	6	0.8595988538681948	647.5	0	0.0	555.0	0	0.0	555.0	0	0.0
info	6	93	139969.5	4	0.5730659025787965	139969.5	1	0.14326647564469913	654.5	0	0.0	561.0	0	0.0	561.0	0	0.0
info	6	94	141466.5	2	0.28653295128939826	141466.5	5	0.7163323782234956	661.5	0	0.0	567.0	0	0.0	567.0	0	0.0
info	6	95	142963.5	5	0.7163323782234956	142963.5	5	0.7163323782234956	668.5	0	0.0	573.0	0	0.0	573.0	0	0.0
info	6	96	144460.5	1	0.14326647564469913	144460.5	1	0.14326647564469913	675.5	1	0.14326647564469913	579.0	0	0.0	579.0	0	0.0
info	6	97	145957.5	6	0.8595988538681948	145957.5	6	0.8595988538681948	682.5	3	0.4297994269340974	585.0	0	0.0	585.0	0	0.0
info	6	98	147454.5	1	0.14326647564469913	147454.5	0	0.0	689.5	2	0.28653295128939826	591.0	0	0.0	591.0	0	0.0
info	6	99	148951.5	5	0.7163323782234956	148951.5	6	0.8595988538681948	696.5	1	0.14326647564469913	597.0	0	0.0	597.0	0	0.0
info	6	100	150448.5	4	0.5730659025787965	150448.5	4	0.5730659025787965	703.5	2	0.28653295128939826	603.0	0	0.0	603.0	0	0.0
info	6	101	151945.5	2	0.28653295128939826	151945.5	2	0.28653295128939826	710.5	2	0.28653295128939826	609.0	0	0.0	609.0	0	0.0
info	6	102	153442.5	6	0.8595988538681948	153442.5	6	0.8595988538681948	717.5	0	0.0	615.0	0	0.0	615.0	0	0.0
info	6	103	154939.5	0	0.0	154939.5	0	0.0	724.5	0	0.0	621.0	0	0.0	621.0	0	0.0
info	6	104	156436.5	6	0.8595988538681948	156436.5	6	0.8595988538681948	731.5	0	0.0	627.0	0	0.0	627.0	0	0.0
info	6	105	157933.5	2	0.28653295128939826	157933.5	0	0.0	738.5	0	0.0	633.0	0	0.0	633.0	0	0.0
info	6	106	159430.5	4	0.5730659025787965	159430.5	6	0.8595988538681948	745.5	0	0.0	639.0	0	0.0	639.0	0	0.0
info	6	107	160927.5	4	0.5730659025787965	160927.5	2	0.28653295128939826	752.5	0	0.0	645.0	0	0.0	645.0	0	0.0
info	6	108	162424.5	2	0.28653295128939826	162424.5	4	0.5730659025787965	759.5	0	0.0	651.0	0	0.0	651.0	0	0.0
info	6	109	163921.5	6	0.8595988538681948	163921.5	6	0.8595988538681948	766.5	0	0.0	657.0	0	0.0	657.0	0	0.0
info	6	110	165418.5	0	0.0	165418.5	0	0.0	773.5	1	0.14326647564469913	663.0	0	0.0	663.0	0	0.0
info	6	111	166915.5	6	0.8595988538681948	166915.5	6	0.8595988538681948	780.5	2	0.28653295128939826	669.0	0	0.0	669.0	0	0.0
info	6	112	168412.5	3	0.4297994269340974	168412.5	2	0.28653295128939826	787.5	1	0.14326647564469913	675.0	0	0.0	675.0	0	0.0
info	6	113	169909.5	3	0.4297994269340974	169909.5	4	0.5730659025787965	794.5	1	0.14326647564469913	681.0	0	0.0	681.0	0	0.0
info	6	114	171406.5	6	0.8595988538681948	171406.5	6	0.8595988538681948	801.5	2	0.28653295128939826	687.0	0	0.0	687.0	0	0.0
info	6	115	172903.5	1	0.14326647564469913	172903.5	0	0.0	808.5	2	0.28653295128939826	693.0	0	0.0	693.0	0	0.0
info	6	116	174400.5	5	0.7163323782234956	174400.5	6	0.8595988538681948	815.5	0	0.0	699.0	0	0.0	699.0	0	0.0
info	6	117	175897.5	2	0.28653295128939826	175897.5	0	0.0	822.5	2	0.28653295128939826	705.0	0	0.0	705.0	0	0.0
info	6	118	177394.5	4	0.5730659025787965	177394.5	6	0.8595988538681948	829.5	0	0.0	711.0	0	0.0	711.0	0	0.0
info	6	119	178891.5	3	0.4297994269340974	178891.5	3	0.4297994269340974	836.5	0	0.0	717.0	0	0.0	717.0	0	0.0
info	6	120	180388.5	3	0.4297994269340974	180388.5	3	0.4297994269340974	843.5	0	0.0	723.0	0	0.0	723.0	0	0.0
info	6	121	181885.5	6	0.8595988538681948	181885.5	6	0.8595988538681948	850.5	0	0.0	729.0	0	0.0	729.0	0	0.0
info	6	122	183382.5	1	0.14326647564469913	183382.5	0	0.0	857.5	0	0.0	735.0	0	0.0	735.0	0	0.0
info	6	123	184879.5	5	0.7163323782234956	184879.5	6	0.8595988538681948	864.5	0	0.0	741.0	0	0.0	741.0	0	0.0
info	6	124	186376.5	3	0.4297994269340974	186376.5	1	0.14326647564469913	871.5	0	0.0	747.0	0	0.0	747.0	0	0.0
info	6	125	187873.5	3	0.4297994269340974	187873.5	5	0.7163323782234956	878.5	0	0.0	753.0	0	0.0	753.0	0	0.0
info	6	126	189370.5	6	0.8595988538681948	189370.5	6	0.8595988538681948	885.5	2	0.28653295128939826	759.0	0	0.0	759.0	0	0.0
info	6	127	190867.5	0	0.0	190867.5	0	0.0	892.5	1	0.14326647564469913	765.0	0	0.0	765.0	0	0.0
info	6	128	192364.5	6	0.8595988538681948	192364.5	6	0.8595988538681948	899.5	4	0.5730659025787965	771.0	0	0.0	771.0	0	0.0
info	6	129	193861.5	2	0.28653295128939826	193861.5	1	0.14326647564469913	906.5	1	0.14326647564469913	777.0	0	0.0	777.0	0	0.0
info	6	130	195358.5	4	0.5730659025787965	195358.5	5	0.7163323782234956	913.5	1	0.14326647564469913	783.0	0	0.0	783.0	0	0.0
info	6	131	196855.5	4	0.5730659025787965	196855.5	4	0.5730659025787965	920.5	3	0.4297994269340974	789.0	0	0.0	789.0	0	0.0
info	6	132	198352.5	3	0.4297994269340974	198352.5	3	0.4297994269340974	927.5	1	0.14326647564469913	795.0	0	0.0	795.0	0	0.0
info	6	133	199849.5	6	0.8595988538681948	199849.5	6	0.8595988538681948	934.5	0	0.0	801.0	0	0.0	801.0	0	0.0
info	6	134	201346.5	1	0.14326647564469913	201346.5	0	0.0	941.5	0	0.0	807.0	0	0.0	807.0	0	0.0
info	6	135	202843.5	5	0.7163323782234956	202843.5	6	0.8595988538681948	948.5	0	0.0	813.0	0	0.0	813.0	0	0.0
info	6	136	204340.5	6	0.8595988538681948	204340.5	6	0.8595988538681948	955.5	0	0.0	819.0	0	0.0	819.0	0	0.0
info	6	137	205837.5	1	0.14326647564469913	205837.5	0	0.0	962.5	0	0.0	825.0	0	0.0	825.0	0	0.0
info	6	138	207334.5	5	0.7163323782234956	207334.5	6	0.8595988538681948	969.5	0	0.0	831.0	0	0.0	831.0	0	0.0
info	6	139	208831.5	2	0.28653295128939826	208831.5	0	0.0	976.5	1	0.14326647564469913	837.0	0	0.0	837.0	0	0.0
info	6	140	210328.5	4	0.5730659025787965	210328.5	6	0.8595988538681948	983.5	2	0.28653295128939826	843.0	0	0.0	843.0	0	0.0
info	6	141	211825.5	3	0.4297994269340974	211825.5	0	0.0	990.5	0	0.0	849.0	0	0.0	849.0	0	0.0
info	6	142	213322.5	3	0.4297994269340974	213322.5	6	0.8595988538681948	997.5	0	0.0	855.0	0	0.0	855.0	0	0.0
info	6	143	214819.5	4	0.5730659025787965	214819.5	4	0.5730659025787965	1004.5	3	0.4297994269340974	861.0	0	0.0	861.0	0	0.0
info	6	144	216316.5	2	0.28653295128939826	216316.5	2	0.28653295128939826	1011.5	1	0.14326647564469913	867.0	0	0.0	867.0	0	0.0
info	6	145	217813.5	6	0.8595988538681948	217813.5	6	0.8595988538681948	1018.5	0	0.0	873.0	0	0.0	873.0	0	0.0
info	6	146	219310.5	1	0.14326647564469913	219310.5	0	0.0	1025.5	0	0.0	879.0	0	0.0	879.0	0	0.0
info	6	147	220807.5	5	0.7163323782234956	220807.5	6	0.8595988538681948	1032.5	0	0.0	885.0	0	0.0	885.0	0	0.0
info	6	148	222304.5	1	0.14326647564469913	222304.5	0	0.0	1039.5	0	0.0	891.0	0	0.0	891.0	0	0.0
info	6	149	223801.5	5	0.7163323782234956	223801.5	6	0.8595988538681948	1046.5	0	0.0	897.0	0	0.0	897.0	0	0.0
info	6	150	225298.5	4	0.5730659025787965	225298.5	1	0.14326647564469913	1053.5	0	0.0	903.0	0	0.0	903.0	0	0.0
info	6	151	226795.5	2	0.28653295128939826	226795.5	5	0.7163323782234956	1060.5	0	0.0	909.0	0	0.0	909.0	0	0.0
info	6	152	228292.5	6	0.8595988538681948	228292.5	6	0.8595988538681948	1067.5	0	0.0	915.0	0	0.0	915.0	0	0.0
info	6	153	229789.5	1	0.14326647564469913	229789.5	0	0.0	1074.5	0	0.0	921.0	0	0.0	921.0	0	0.0
info	6	154	231286.5	5	0.7163323782234956	231286.5	6	0.8595988538681948	1081.5	2	0.28653295128939826	927.0	0	0.0	927.0	0	0.0
info	6	155	232783.5	2	0.28653295128939826	232783.5	1	0.14326647564469913	1088.5	1	0.14326647564469913	933.0	0	0.0	933.0	0	0.0
info	6	156	234280.5	4	0.5730659025787965	234280.5	5	0.7163323782234956	1095.5	2	0.28653295128939826	939.0	0	0.0	939.0	0	0.0
info	6	157	235777.5	5	0.7163323782234956	235777.5	5	0.7163323782234956	1102.5	2	0.28653295128939826	945.0	0	0.0	945.0	0	0.0
info	6	158	237274.5	1	0.14326647564469913	237274.5	1	0.14326647564469913	1109.5	1	0.14326647564469913	951.0	0	0.0	951.0	0	0.0
info	6	159	238771.5	6	0.8595988538681948	238771.5	6	0.8595988538681948	1116.5	3	0.4297994269340974	957.0	0	0.0	957.0	0	0.0
info	6	160	240268.5	1	0.14326647564469913	240268.5	0	0.0	1123.5	1	0.14326647564469913	963.0	0	0.0	963.0	0	0.0
info	6	161	241765.5	5	0.7163323782234956	241765.5	6	0.8595988538681948	1130.5	0	0.0	969.0	0	0.0	969.0	0	0.0
info	6	162	243262.5	4	0.5730659025787965	243262.5	4	0.5730659025787965	1137.5	0	0.0	975.0	0	0.0	975.0	0	0.0
info	6	163	244759.5	2	0.28653295128939826	244759.5	2	0.28653295128939826	1144.5	0	0.0	981.0	0	0.0	981.0	0	0.0
info	6	164	246256.5	6	0.8595988538681948	246256.5	6	0.8595988538681948	1151.5	0	0.0	987.0	0	0.0	987.0	0	0.0
info	6	165	247753.5	1	0.14326647564469913	247753.5	0	0.0	1158.5	0	0.0	993.0	0	0.0	993.0	0	0.0
info	6	166	249250.5	5	0.7163323782234956	249250.5	6	0.8595988538681948	1165.5	0	0.0	999.0	0	0.0	999.0	0	0.0
info	6	167	250747.5	2	0.28653295128939826	250747.5	0	0.0	1172.5	0	0.0	1005.0	0	0.0	1005.0	0	0.0
info	6	168	252244.5	4	0.5730659025787965	252244.5	6	0.8595988538681948	1179.5	0	0.0	1011.0	0	0.0	1011.0	0	0.0
info	6	169	253741.5	2	0.28653295128939826	253741.5	0	0.0	1186.5	2	0.28653295128939826	1017.0	0	0.0	1017.0	0	0.0
info	6	170	255238.5	4	0.5730659025787965	255238.5	6	0.8595988538681948	1193.5	2	0.28653295128939826	1023.0	0	0.0	1023.0	0	0.0
info	6	171	256735.5	3	0.4297994269340974	256735.5	0	0.0	1200.5	4	0.5730659025787965	1029.0	0	0.0	1029.0	0	0.0
info	6	172	258232.5	3	0.4297994269340974	258232.5	6	0.8595988538681948	1207.5	1	0.14326647564469913	1035.0	0	0.0	1035.0	0	0.0
info	6	173	259729.5	6	0.8595988538681948	259729.5	6	0.8595988538681948	1214.5	0	0.0	1041.0	0	0.0	1041.0	0	0.0
info	6	174	261226.5	1	0.14326647564469913	261226.5	0	0.0	1221.5	1	0.14326647564469913	1047.0	0	0.0	1047.0	0	0.0
info	6	175	262723.5	5	0.7163323782234956	262723.5	6	0.8595988538681948	1228.5	0	0.0	1053.0	0	0.0	1053.0	0	0.0
info	6	176	264220.5	2	0.28653295128939826	264220.5	0	0.0	1235.5	0	0.0	1059.0	0	0.0	1059.0	0	0.0
info	6	177	265717.5	4	0.5730659025787965	265717.5	6	0.8595988538681948	1242.5	0	0.0	1065.0	0	0.0	1065.0	0	0.0
info	6	178	267214.5	3	0.4297994269340974	267214.5	0	0.0	1249.5	0	0.0	1071.0	0	0.0	1071.0	0	0.0
info	6	179	268711.5	3	0.4297994269340974	268711.5	6	0.8595988538681948	1256.5	0	0.0	1077.0	0	0.0	1077.0	0	0.0
info	6	180	270208.5	6	0.8595988538681948	270208.5	6	0.8595988538681948	1263.5	0	0.0	1083.0	0	0.0	1083.0	0	0.0
info	6	181	271705.5	0	0.0	271705.5	0	0.0	1270.5	0	0.0	1089.0	0	0.0	1089.0	0	0.0
info	6	182	273202.5	6	0.8595988538681948	273202.5	6	0.8595988538681948	1277.5	0	0.0	1095.0	0	0.0	1095.0	0	0.0
info	6	183	274699.5	1	0.14326647564469913	274699.5	0	0.0	1284.5	0	0.0	1101.0	0	0.0	1101.0	0	0.0
info	6	184	276196.5	5	0.7163323782234956	276196.5	6	0.8595988538681948	1291.5	0	0.0	1107.0	0	0.0	1107.0	0	0.0
info	6	185	277693.5	1	0.14326647564469913	277693.5	0	0.0	1298.5	0	0.0	1113.0	0	0.0	1113.0	0	0.0
info	6	186	279190.5	5	0.7163323782234956	279190.5	6	0.8595988538681948	1305.5	0	0.0	1119.0	0	0.0	1119.0	0	0.0
info	6	187	280687.5	2	0.28653295128939826	280687.5	0	0.0	1312.5	1	0.14326647564469913	1125.0	0	0.0	1125.0	0	0.0
info	6	188	282184.5	4	0.5730659025787965	282184.5	6	0.8595988538681948	1319.5	0	0.0	1131.0	0	0.0	1131.0	0	0.0
info	6	189	283681.5	6	0.8595988538681948	283681.5	5	0.7163323782234956	1326.5	0	0.0	1137.0	0	0.0	1137.0	0	0.0
info	6	190	285178.5	0	0.0	285178.5	1	0.14326647564469913	1333.5	0	0.0	1143.0	0	0.0	1143.0	0	0.0
info	6	191	286675.5	6	0.8595988538681948	286675.5	6	0.8595988538681948	1340.5	0	0.0	1149.0	0	0.0	1149.0	0	0.0
info	6	192	288172.5	3	0.4297994269340974	288172.5	1	0.14326647564469913	1347.5	0	0.0	1155.0	0	0.0	1155.0	0	0.0
info	6	193	289669.5	3	0.4297994269340974	289669.5	5	0.7163323782234956	1354.5	0	0.0	1161.0	0	0.0	1161.0	0	0.0
info	6	194	291166.5	5	0.7163323782234956	291166.5	5	0.7163323782234956	1361.5	0	0.0	1167.0	0	0.0	1167.0	0	0.0
info	6	195	292663.5	1	0.14326647564469913	292663.5	1	0.14326647564469913	1368.5	0	0.0	1173.0	0	0.0	1173.0	0	0.0
info	6	196	294160.5	6	0.8595988538681948	294160.5	6	0.8595988538681948	1375.5	0	0.0	1179.0	0	0.0	1179.0	0	0.0
info	6	197	295657.5	2	0.28653295128939826	295657.5	0	0.0	1382.5	0	0.0	1185.0	0	0.0	1185.0	0	0.0
info	6	198	297154.5	4	0.5730659025787965	297154.5	6	0.8595988538681948	1389.5	0	0.0	1191.0	0	0.0	1191.0	0	0.0
info	6	199	298651.5	2	0.28653295128939826	298651.5	2	0.28653295128939826	1396.5	0	0.0	1197.0	0	0.0	1197.0	0	0.0
home	6	0	741.5	6	0.8620689655172413	741.5	6	0.8620689655172413	2.0	8	1.1494252873563218	3.0	696	100.0	3.0	696	100.0
home	6	1	2224.5	0	0.0	2224.5	0	0.0	6.0	161	23.132183908045974	9.0	0	0.0	9.0	0	0.0
home	6	2	3707.5	6	0.8620689655172413	3707.5	6	0.8620689655172413	10.0	51	7.327586206896552	15.0	0	0.0	15.0	0	0.0
home	6	3	5190.5	5	0.7183908045977011	5190.5	5	0.7183908045977011	14.0	27	3.879310344827586	21.0	0	0.0	21.0	0	0.0
home	6	4	6673.5	1	0.14367816091954022	6673.5	1	0.14367816091954022	18.0	17	2.442528735632184	27.0	0	0.0	27.0	0	0.0
home	6	5	8156.5	6	0.8620689655172413	8156.5	6	0.8620689655172413	22.0	20	2.8735632183908044	33.0	0	0.0	33.0	0	0.0
home	6	6	9639.5	1	0.14367816091954022	9639.5	0	0.0	26.0	11	1.5804597701149423	39.0	0	0.0	39.0	0	0.0
home	6	7	11122.5	5	0.7183908045977011	11122.5	6	0.8620689655172413	30.0	1	0.14367816091954022	45.0	0	0.0	45.0	0	0.0
home	6	8	12605.5	4	0.5747126436781609	12605.5	4	0.5747126436781609	34.0	0	0.0	51.0	0	0.0	51.0	0	0.0
home	6	9	14088.5	2	0.28735632183908044	14088.5	2	0.28735632183908044	38.0	1	0.14367816091954022	57.0	0	0.0	57.0	0	0.0
home	6	10	15571.5	6	0.8620689655172413	15571.5	6	0.8620689655172413	42.0	0	0.0	63.0	0	0.0	63.0	0	0.0
home	6	11	17054.5	0	0.0	17054.5	0	0.0	46.0	0	0.0	69.0	0	0.0	69.0	0	0.0
home	6	12	18537.5	6	0.8620689655172413	18537.5	6	0.8620689655172413	50.0	4	0.5747126436781609	75.0	0	0.0	75.0	0	0.0
home	6	13	20020.5	6	0.8620689655172413	20020.5	5	0.7183908045977011	54.0	0	0.0	81.0	0	0.0	81.0	0	0.0
home	6	14	21503.5	0	0.0	21503.5	1	0.14367816091954022	58.0	3	0.43103448275862066	87.0	0	0.0	87.0	0	0.0
home	6	15	22986.5	6	0.8620689655172413	22986.5	6	0.8620689655172413	62.0	1	0.14367816091954022	93.0	0	0.0	93.0	0	0.0
home	6	16	24469.5	0	0.0	24469.5	0	0.0	66.0	4	0.5747126436781609	99.0	0	0.0	99.0	0	0.0
home	6	17	25952.5	6	0.8620689655172413	25952.5	6	0.8620689655172413	70.0	1	0.14367816091954022	105.0	0	0.0	105.0	0	0.0
home	6	18	27435.5	0	0.0	27435.5	0	0.0	74.0	8	1.1494252873563218	111.0	0	0.0	111.0	0	0.0
home	6	19	28918.5	6	0.8620689655172413	28918.5	6	0.8620689655172413	78.0	17	2.442528735632184	117.0	0	0.0	117.0	0	0.0
home	6	20	30401.5	0	0.0	30401.5	0	0.0	82.0	20	2.8735632183908044	123.0	0	0.0	123.0	0	0.0
home	6	21	31884.5	6	0.8620689655172413	31884.5	6	0.8620689655172413	86.0	27	3.879310344827586	129.0	0	0.0	129.0	0	0.0
home	6	22	33367.5	0	0.0	33367.5	0	0.0	90.0	20	2.8735632183908044	135.0	0	0.0	135.0	0	0.0
home	6	23	34850.5	6	0.8620689655172413	34850.5	6	0.8620689655172413	94.0	29	4.166666666666666	141.0	0	0.0	141.0	0	0.0
home	6	24	36333.5	6	0.8620689655172413	36333.5	6	0.8620689655172413	98.0	52	7.471264367816092	147.0	0	0.0	147.0	0	0.0
home	6	25	37816.5	0	0.0	37816.5	0	0.0	102.0	54	7.758620689655172	153.0	0	0.0	153.0	0	0.0
home	6	26	39299.5	6	0.8620689655172413	39299.5	6	0.8620689655172413	106.0	25	3.5919540229885056	159.0	0	0.0	159.0	0	0.0
home	6	27	40782.5	0	0.0	40782.5	0	0.0	110.0	15	2.155172413793103	165.0	0	0.0	165.0	0	0.0
home	6	28	42265.5	6	0.8620689655172413	42265.5	6	0.8620689655172413	114.0	10	1.4367816091954022	171.0	0	0.0	171.0	0	0.0
home	6	29	43748.5	4	0.5747126436781609	43748.5	4	0.5747126436781609	118.0	3	0.43103448275862066	177.0	0	0.0	177.0	0	0.0
home	6	30	45231.5	2	0.28735632183908044	45231.5	2	0.28735632183908044	122.0	5	0.7183908045977011	183.0	0	0.0	183.0	0	0.0
home	6	31	46714.5	6	0.8620689655172413	46714.5	6	0.8620689655172413	126.0	2	0.28735632183908044	189.0	0	0.0	189.0	0	0.0
home	6	32	48197.5	0	0.0	48197.5	0	0.0	130.0	0	0.0	195.0	0	0.0	195.0	0	0.0
home	6	33	49680.5	6	0.8620689655172413	49680.5	6	0.8620689655172413	134.0	0	0.0	201.0	0	0.0	201.0	0	0.0
home	6	34	51163.5	0	0.0	51163.5	0	0.0	138.0	0	0.0	207.0	0	0.0	207.0	0	0.0
home	6	35	52646.5	6	0.8620689655172413	52646.5	6	0.8620689655172413	142.0	1	0.14367816091954022	213.0	0	0.0	213.0	0	0.0
home	6	36	54129.5	0	0.0	54129.5	0	0.0	146.0	0	0.0	219.0	0	0.0	219.0	0	0.0
home	6	37	55612.5	6	0.8620689655172413	55612.5	6	0.8620689655172413	150.0	0	0.0	225.0	0	0.0	225.0	0	0.0
home	6	38	57095.5	0	0.0	57095.5	0	0.0	154.0	0	0.0	231.0	0	0.0	231.0	0	0.0
home	6	39	58578.5	6	0.8620689655172413	58578.5	6	0.8620689655172413	158.0	0	0.0	237.0	0	0.0	237.0	0	0.0
home	6	40	60061.5	0	0.0	60061.5	0	0.0	162.0	0	0.0	243.0	0	0.0	243.0	0	0.0
home	6	41	61544.5	6	0.8620689655172413	61544.5	6	0.8620689655172413	166.0	1	0.14367816091954022	249.0	0	0.0	249.0	0	0.0
home	6	42	63027.5	4	0.5747126436781609	63027.5	4	0.5747126436781609	170.0	1	0.14367816091954022	255.0	0	0.0	255.0	0	0.0
home	6	43	64510.5	2	0.28735632183908044	64510.5	2	0.28735632183908044	174.0	8	1.1494252873563218	261.0	0	0.0	261.0	0	0.0
home	6	44	65993.5	6	0.8620689655172413	65993.5	6	0.8620689655172413	178.0	14	2.011494252873563	267.0	0	0.0	267.0	0	0.0
home	6	45	67476.5	0	0.0	67476.5	0	0.0	182.0	9	1.293103448275862	273.0	0	0.0	273.0	0	0.0
home	6	46	68959.5	6	0.8620689655172413	68959.5	6	0.8620689655172413	186.0	12	1.7241379310344827	279.0	0	0.0	279.0	0	0.0
home	6	47	70442.5	6	0.8620689655172413	70442.5	4	0.5747126436781609	190.0	6	0.8620689655172413	285.0	0	0.0	285.0	0	0.0
home	6	48	71925.5	0	0.0	71925.5	2	0.28735632183908044	194.0	6	0.8620689655172413	291.0	0	0.0	291.0	0	0.0
home	6	49	73408.5	6	0.8620689655172413	73408.5	6	0.8620689655172413	198.0	17	2.442528735632184	297.0	0	0.0	297.0	0	0.0
home	6	50	74891.5	0	0.0	74891.5	0	0.0	202.0	10	1.4367816091954022	303.0	0	0.0	303.0	0	0.0
home	6	51	76374.5	6	0.8620689655172413	76374.5	6	0.8620689655172413	206.0	2	0.28735632183908044	309.0	0	0.0	309.0	0	0.0
home	6	52	77857.5	4	0.5747126436781609	77857.5	4	0.5747126436781609	210.0	0	0.0	315.0	0	0.0	315.0	0	0.0
home	6	53	79340.5	2	0.28735632183908044	79340.5	2	0.28735632183908044	214.0	0	0.0	321.0	0	0.0	321.0	0	0.0
home	6	54	80823.5	6	0.8620689655172413	80823.5	6	0.8620689655172413	218.0	0	0.0	327.0	0	0.0	327.0	0	0.0
home	6	55	82306.5	0	0.0	82306.5	0	0.0	222.0	0	0.0	333.0	0	0.0	333.0	0	0.0
home	6	56	83789.5	6	0.8620689655172413	83789.5	6	0.8620689655172413	226.0	0	0.0	339.0	0	0.0	339.0	0	0.0
home	6	57	85272.5	0	0.0	85272.5	0	0.0	230.0	0	0.0	345.0	0	0.0	345.0	0	0.0
home	6	58	86755.5	6	0.8620689655172413	86755.5	6	0.8620689655172413	234.0	0	0.0	351.0	0	0.0	351.0	0	0.0
home	6	59	88238.5	0	0.0	88238.5	0	0.0	238.0	0	0.0	357.0	0	0.0	357.0	0	0.0
home	6	60	89721.5	6	0.8620689655172413	89721.5	6	0.8620689655172413	242.0	0	0.0	363.0	0	0.0	363.0	0	0.0
home	6	61	91204.5	4	0.5747126436781609	91204.5	1	0.14367816091954022	246.0	0	0.0	369.0	0	0.0	369.0	0	0.0
home	6	62	92687.5	2	0.28735632183908044	92687.5	5	0.7183908045977011	250.0	0	0.0	375.0	0	0.0	375.0	0	0.0
home	6	63	94170.5	6	0.8620689655172413	94170.5	6	0.8620689655172413	254.0	0	0.0	381.0	0	0.0	381.0	0	0.0
home	6	64	95653.5	0	0.0	95653.5	0	0.0	258.0	0	0.0	387.0	0	0.0	387.0	0	0.0
home	6	65	97136.5	6	0.8620689655172413	97136.5	6	0.8620689655172413	262.0	0	0.0	393.0	0	0.0	393.0	0	0.0
home	6	66	98619.5	0	0.0	98619.5	0	0.0	266.0	0	0.0	399.0	0	0.0	399.0	0	0.0
home	6	67	100102.5	6	0.8620689655172413	100102.5	6	0.8620689655172413	270.0	0	0.0	405.0	0	0.0	405.0	0	0.0
home	6	68	101585.5	4	0.5747126436781609	101585.5	3	0.43103448275862066	274.0	3	0.43103448275862066	411.0	0	0.0	411.0	0	0.0
home	6	69	103068.5	4	0.5747126436781609	103068.5	5	0.7183908045977011	278.0	2	0.28735632183908044	417.0	0	0.0	417.0	0	0.0
home	6	70	104551.5	5	0.7183908045977011	104551.5	4	0.5747126436781609	282.0	2	0.28735632183908044	423.0	0	0.0	423.0	0	0.0
home	6	71	106034.5	5	0.7183908045977011	106034.5	5	0.7183908045977011	286.0	0	0.0	429.0	0	0.0	429.0	0	0.0
home	6	72	107517.5	4	0.5747126436781609	107517.5	5	0.7183908045977011	290.0	0	0.0	435.0	0	0.0	435.0	0	0.0
home	6	73	109000.5	5	0.7183908045977011	109000.5	5	0.7183908045977011	294.0	0	0.0	441.0	0	0.0	441.0	0	0.0
home	6	74	110483.5	7	1.0057471264367814	110483.5	6	0.8620689655172413	298.0	0	0.0	447.0	0	0.0	447.0	0	0.0
home	6	75	111966.5	1	0.14367816091954022	111966.5	2	0.28735632183908044	302.0	0	0.0	453.0	0	0.0	453.0	0	0.0
home	6	76	113449.5	6	0.8620689655172413	113449.5	6	0.8620689655172413	306.0	0	0.0	459.0	0	0.0	459.0	0	0.0
home	6	77	114932.5	0	0.0	114932.5	0	0.0	310.0	0	0.0	465.0	0	0.0	465.0	0	0.0
home	6	78	116415.5	6	0.8620689655172413	116415.5	6	0.8620689655172413	314.0	0	0.0	471.0	0	0.0	471.0	0	0.0
home	6	79	117898.5	0	0.0	117898.5	0	0.0	318.0	0	0.0	477.0	0	0.0	477.0	0	0.0
home	6	80	119381.5	6	0.8620689655172413	119381.5	6	0.8620689655172413	322.0	0	0.0	483.0	0	0.0	483.0	0	0.0
home	6	81	120864.5	6	0.8620689655172413	120864.5	6	0.8620689655172413	326.0	0	0.0	489.0	0	0.0	489.0	0	0.0
home	6	82	122347.5	0	0.0	122347.5	0	0.0	330.0	0	0.0	495.0	0	0.0	495.0	0	0.0
home	6	83	123830.5	6	0.8620689655172413	123830.5	6	0.8620689655172413	334.0	0	0.0	501.0	0	0.0	501.0	0	0.0
home	6	84	125313.5	0	0.0	125313.5	0	0.0	338.0	0	0.0	507.0	0	0.0	507.0	0	0.0
home	6	85	126796.5	6	0.8620689655172413	126796.5	6	0.8620689655172413	342.0	0	0.0	513.0	0	0.0	513.0	0	0.0
home	6	86	128279.5	0	0.0	128279.5	0	0.0	346.0	0	0.0	519.0	0	0.0	519.0	0	0.0
home	6	87	129762.5	6	0.8620689655172413	129762.5	6	0.8620689655172413	350.0	0	0.0	525.0	0	0.0	525.0	0	0.0
home	6	88	131245.5	0	0.0	131245.5	0	0.0	354.0	0	0.0	531.0	0	0.0	531.0	0	0.0
home	6	89	132728.5	6	0.8620689655172413	132728.5	6	0.8620689655172413	358.0	0	0.0	537.0	0	0.0	537.0	0	0.0
home	6	90	134211.5	0	0.0	134211.5	0	0.0	362.0	0	0.0	543.0	0	0.0	543.0	0	0.0
home	6	91	135694.5	6	0.8620689655172413	135694.5	6	0.8620689655172413	366.0	0	0.0	549.0	0	0.0	549.0	0	0.0
home	6	92	137177.5	3	0.43103448275862066	137177.5	0	0.0	370.0	0	0.0	555.0	0	0.0	555.0	0	0.0
home	6	93	138660.5	3	0.43103448275862066	138660.5	6	0.8620689655172413	374.0	0	0.0	561.0	0	0.0	561.0	0	0.0
home	6	94	140143.5	5	0.7183908045977011	140143.5	5	0.7183908045977011	378.0	1	0.14367816091954022	567.0	0	0.0	567.0	0	0.0
home	6	95	141626.5	1	0.14367816091954022	141626.5	1	0.14367816091954022	382.0	0	0.0	573.0	0	0.0	573.0	0	0.0
home	6	96	143109.5	6	0.8620689655172413	143109.5	6	0.8620689655172413	386.0	0	0.0	579.0	0	0.0	579.0	0	0.0
home	6	97	144592.5	0	0.0	144592.5	0	0.0	390.0	0	0.0	585.0	0	0.0	585.0	0	0.0
home	6	98	146075.5	6	0.8620689655172413	146075.5	6	0.8620689655172413	394.0	0	0.0	591.0	0	0.0	591.0	0	0.0
home	6	99	147558.5	4	0.5747126436781609	147558.5	1	0.14367816091954022	398.0	0	0.0	597.0	0	0.0	597.0	0	0.0
home	6	100	149041.5	2	0.28735632183908044	149041.5	5	0.7183908045977011	402.0	0	0.0	603.0	0	0.0	603.0	0	0.0
home	6	101	150524.5	6	0.8620689655172413	150524.5	6	0.8620689655172413	406.0	0	0.0	609.0	0	0.0	609.0	0	0.0
home	6	102	152007.5	0	0.0	152007.5	0	0.0	410.0	0	0.0	615.0	0	0.0	615.0	0	0.0
home	6	103	153490.5	6	0.8620689655172413	153490.5	6	0.8620689655172413	414.0	0	0.0	621.0	0	0.0	621.0	0	0.0
home	6	104	154973.5	0	0.0	154973.5	0	0.0	418.0	0	0.0	627.0	0	0.0	627.0	0	0.0
home	6	105	156456.5	6	0.8620689655172413	156456.5	6	0.8620689655172413	422.0	0	0.0	633.0	0	0.0	633.0	0	0.0
home	6	106	157939.5	3	0.43103448275862066	157939.5	1	0.14367816091954022	426.0	0	0.0	639.0	0	0.0	639.0	0	0.0
home	6	107	159422.5	3	0.43103448275862066	159422.5	5	0.7183908045977011	430.0	0	0.0	645.0	0	0.0	645.0	0	0.0
home	6	108	160905.5	6	0.8620689655172413	160905.5	6	0.8620689655172413	434.0	0	0.0	651.0	0	0.0	651.0	0	0.0
home	6	109	162388.5	0	0.0	162388.5	0	0.0	438.0	0	0.0	657.0	0	0.0	657.0	0	0.0
home	6	110	163871.5	6	0.8620689655172413	163871.5	6	0.8620689655172413	442.0	0	0.0	663.0	0	0.0	663.0	0	0.0
home	6	111	165354.5	0	0.0	165354.5	0	0.0	446.0	0	0.0	669.0	0	0.0	669.0	0	0.0
home	6	112	166837.5	6	0.8620689655172413	166837.5	6	0.8620689655172413	450.0	0	0.0	675.0	0	0.0	675.0	0	0.0
home	6	113	168320.5	4	0.5747126436781609	168320.5	3	0.43103448275862066	454.0	0	0.0	681.0	0	0.0	681.0	0	0.0
home	6	114	169803.5	2	0.28735632183908044	169803.5	3	0.43103448275862066	458.0	0	0.0	687.0	0	0.0	687.0	0	0.0
home	6	115	171286.5	6	0.8620689655172413	171286.5	6	0.8620689655172413	462.0	0	0.0	693.0	0	0.0	693.0	0	0.0
home	6	116	172769.5	0	0.0	172769.5	0	0.0	466.0	0	0.0	699.0	0	0.0	699.0	0	0.0
home	6	117	174252.5	6	0.8620689655172413	174252.5	6	0.8620689655172413	470.0	0	0.0	705.0	0	0.0	705.0	0	0.0
home	6	118	175735.5	4	0.5747126436781609	175735.5	1	0.14367816091954022	474.0	0	0.0	711.0	0	0.0	711.0	0	0.0
home	6	119	177218.5	2	0.28735632183908044	177218.5	5	0.7183908045977011	478.0	1	0.14367816091954022	717.0	0	0.0	717.0	0	0.0
home	6	120	178701.5	6	0.8620689655172413	178701.5	6	0.8620689655172413	482.0	0	0.0	723.0	0	0.0	723.0	0	0.0
home	6	121	180184.5	0	0.0	180184.5	0	0.0	486.0	0	0.0	729.0	0	0.0	729.0	0	0.0
home	6	122	181667.5	6	0.8620689655172413	181667.5	6	0.8620689655172413	490.0	0	0.0	735.0	0	0.0	735.0	0	0.0
home	6	123	183150.5	0	0.0	183150.5	0	0.0	494.0	0	0.0	741.0	0	0.0	741.0	0	0.0
home	6	124	184633.5	6	0.8620689655172413	184633.5	6	0.8620689655172413	498.0	0	0.0	747.0	0	0.0	747.0	0	0.0
home	6	125	186116.5	3	0.43103448275862066	186116.5	0	0.0	502.0	0	0.0	753.0	0	0.0	753.0	0	0.0
home	6	126	187599.5	3	0.43103448275862066	187599.5	6	0.8620689655172413	506.0	0	0.0	759.0	0	0.0	759.0	0	0.0
home	6	127	189082.5	6	0.8620689655172413	189082.5	6	0.8620689655172413	510.0	0	0.0	765.0	0	0.0	765.0	0	0.0
home	6	128	190565.5	0	0.0	190565.5	0	0.0	514.0	0	0.0	771.0	0	0.0	771.0	0	0.0
home	6	129	192048.5	6	0.8620689655172413	192048.5	6	0.8620689655172413	518.0	0	0.0	777.0	0	0.0	777.0	0	0.0
home	6	130	193531.5	1	0.14367816091954022	193531.5	0	0.0	522.0	0	0.0	783.0	0	0.0	783.0	0	0.0
home	6	131	195014.5	5	0.7183908045977011	195014.5	6	0.8620689655172413	526.0	0	0.0	789.0	0	0.0	789.0	0	0.0
home	6	132	196497.5	4	0.5747126436781609	196497.5	4	0.5747126436781609	530.0	0	0.0	795.0	0	0.0	795.0	0	0.0
home	6	133	197980.5	3	0.43103448275862066	197980.5	3	0.43103448275862066	534.0	0	0.0	801.0	0	0.0	801.0	0	0.0
home	6	134	199463.5	6	0.8620689655172413	199463.5	6	0.8620689655172413	538.0	0	0.0	807.0	0	0.0	807.0	0	0.0
home	6	135	200946.5	0	0.0	200946.5	0	0.0	542.0	0	0.0	813.0	0	0.0	813.0	0	0.0
home	6	136	202429.5	6	0.8620689655172413	202429.5	6	0.8620689655172413	546.0	0	0.0	819.0	0	0.0	819.0	0	0.0
home	6	137	203912.5	6	0.8620689655172413	203912.5	6	0.8620689655172413	550.0	0	0.0	825.0	0	0.0	825.0	0	0.0
home	6	138	205395.5	0	0.0	205395.5	0	0.0	554.0	0	0.0	831.0	0	0.0	831.0	0	0.0
home	6	139	206878.5	6	0.8620689655172413	206878.5	6	0.8620689655172413	558.0	0	0.0	837.0	0	0.0	837.0	0	0.0
home	6	140	208361.5	0	0.0	208361.5	0	0.0	562.0	0	0.0	843.0	0	0.0	843.0	0	0.0
home	6	141	209844.5	6	0.8620689655172413	209844.5	6	0.8620689655172413	566.0	0	0.0	849.0	0	0.0	849.0	0	0.0
home	6	142	211327.5	0	0.0	211327.5	0	0.0	570.0	0	0.0	855.0	0	0.0	855.0	0	0.0
home	6	143	212810.5	6	0.8620689655172413	212810.5	6	0.8620689655172413	574.0	0	0.0	861.0	0	0.0	861.0	0	0.0
home	6	144	214293.5	3	0.43103448275862066	214293.5	2	0.28735632183908044	578.0	0	0.0	867.0	0	0.0	867.0	0	0.0
home	6	145	215776.5	3	0.43103448275862066	215776.5	4	0.5747126436781609	582.0	0	0.0	873.0	0	0.0	873.0	0	0.0
home	6	146	217259.5	6	0.8620689655172413	217259.5	6	0.8620689655172413	586.0	0	0.0	879.0	0	0.0	879.0	0	0.0
home	6	147	218742.5	0	0.0	218742.5	0	0.0	590.0	0	0.0	885.0	0	0.0	885.0	0	0.0
home	6	148	220225.5	6	0.8620689655172413	220225.5	6	0.8620689655172413	594.0	1	0.14367816091954022	891.0	0	0.0	891.0	0	0.0
home	6	149	221708.5	0	0.0	221708.5	0	0.0	598.0	1	0.14367816091954022	897.0	0	0.0	897.0	0	0.0
home	6	150	223191.5	6	0.8620689655172413	223191.5	6	0.8620689655172413	602.0	0	0.0	903.0	0	0.0	903.0	0	0.0
home	6	151	224674.5	0	0.0	224674.5	0	0.0	606.0	0	0.0	909.0	0	0.0	909.0	0	0.0
home	6	152	226157.5	6	0.8620689655172413	226157.5	6	0.8620689655172413	610.0	1	0.14367816091954022	915.0	0	0.0	915.0	0	0.0
home	6	153	227640.5	3	0.43103448275862066	227640.5	3	0.43103448275862066	614.0	0	0.0	921.0	0	0.0	921.0	0	0.0
home	6	154	229123.5	3	0.43103448275862066	229123.5	3	0.43103448275862066	618.0	0	0.0	927.0	0	0.0	927.0	0	0.0
home	6	155	230606.5	6	0.8620689655172413	230606.5	6	0.8620689655172413	622.0	0	0.0	933.0	0	0.0	933.0	0	0.0
home	6	156	232089.5	1	0.14367816091954022	232089.5	0	0.0	626.0	0	0.0	939.0	0	0.0	939.0	0	0.0
home	6	157	233572.5	5	0.7183908045977011	233572.5	6	0.8620689655172413	630.0	0	0.0	945.0	0	0.0	945.0	0	0.0
home	6	158	235055.5	0	0.0	235055.5	0	0.0	634.0	0	0.0	951.0	0	0.0	951.0	0	0.0
home	6	159	236538.5	6	0.8620689655172413	236538.5	6	0.8620689655172413	638.0	0	0.0	957.0	0	0.0	957.0	0	0.0
home	6	160	238021.5	4	0.5747126436781609	238021.5	3	0.43103448275862066	642.0	0	0.0	963.0	0	0.0	963.0	0	0.0
home	6	161	239504.5	2	0.28735632183908044	239504.5	3	0.43103448275862066	646.0	0	0.0	969.0	0	0.0	969.0	0	0.0
home	6	162	240987.5	6	0.8620689655172413	240987.5	6	0.8620689655172413	650.0	0	0.0	975.0	0	0.0	975.0	0	0.0
home	6	163	242470.5	1	0.14367816091954022	242470.5	0	0.0	654.0	0	0.0	981.0	0	0.0	981.0	0	0.0
home	6	164	243953.5	5	0.7183908045977011	243953.5	6	0.8620689655172413	658.0	0	0.0	987.0	0	0.0	987.0	0	0.0
home	6	165	245436.5	5	0.7183908045977011	245436.5	4	0.5747126436781609	662.0	0	0.0	993.0	0	0.0	993.0	0	0.0
home	6	166	246919.5	1	0.14367816091954022	246919.5	2	0.28735632183908044	666.0	0	0.0	999.0	0	0.0	999.0	0	0.0
home	6	167	248402.5	6	0.8620689655172413	248402.5	6	0.8620689655172413	670.0	0	0.0	1005.0	0	0.0	1005.0	0	0.0
home	6	168	249885.5	0	0.0	249885.5	0	0.0	674.0	0	0.0	1011.0	0	0.0	1011.0	0	0.0
home	6	169	251368.5	6	0.8620689655172413	251368.5	6	0.8620689655172413	678.0	0	0.0	1017.0	0	0.0	1017.0	0	0.0
home	6	170	252851.5	0	0.0	252851.5	0	0.0	682.0	0	0.0	1023.0	0	0.0	1023.0	0	0.0
home	6	171	254334.5	6	0.8620689655172413	254334.5	6	0.8620689655172413	686.0	0	0.0	1029.0	0	0.0	1029.0	0	0.0
home	6	172	255817.5	0	0.0	255817.5	0	0.0	690.0	0	0.0	1035.0	0	0.0	1035.0	0	0.0
home	6	173	257300.5	6	0.8620689655172413	257300.5	6	0.8620689655172413	694.0	0	0.0	1041.0	0	0.0	1041.0	0	0.0
home	6	174	258783.5	1	0.14367816091954022	258783.5	0	0.0	698.0	0	0.0	1047.0	0	0.0	1047.0	0	0.0
home	6	175	260266.5	5	0.7183908045977011	260266.5	6	0.8620689655172413	702.0	0	0.0	1053.0	0	0.0	1053.0	0	0.0
home	6	176	261749.5	6	0.8620689655172413	261749.5	6	0.8620689655172413	706.0	0	0.0	1059.0	0	0.0	1059.0	0	0.0
home	6	177	263232.5	0	0.0	263232.5	0	0.0	710.0	0	0.0	1065.0	0	0.0	1065.0	0	0.0
home	6	178	264715.5	6	0.8620689655172413	264715.5	6	0.8620689655172413	714.0	0	0.0	1071.0	0	0.0	1071.0	0	0.0
home	6	179	266198.5	0	0.0	266198.5	0	0.0	718.0	0	0.0	1077.0	0	0.0	1077.0	0	0.0
home	6	180	267681.5	6	0.8620689655172413	267681.5	6	0.8620689655172413	722.0	0	0.0	1083.0	0	0.0	1083.0	0	0.0
home	6	181	269164.5	0	0.0	269164.5	0	0.0	726.0	0	0.0	1089.0	0	0.0	1089.0	0	0.0
home	6	182	270647.5	6	0.8620689655172413	270647.5	6	0.8620689655172413	730.0	0	0.0	1095.0	0	0.0	1095.0	0	0.0
home	6	183	272130.5	0	0.0	272130.5	0	0.0	734.0	0	0.0	1101.0	0	0.0	1101.0	0	0.0
home	6	184	273613.5	6	0.8620689655172413	273613.5	6	0.8620689655172413	738.0	0	0.0	1107.0	0	0.0	1107.0	0	0.0
home	6	185	275096.5	0	0.0	275096.5	0	0.0	742.0	0	0.0	1113.0	0	0.0	1113.0	0	0.0
home	6	186	276579.5	6	0.8620689655172413	276579.5	6	0.8620689655172413	746.0	0	0.0	1119.0	0	0.0	1119.0	0	0.0
home	6	187	278062.5	3	0.43103448275862066	278062.5	1	0.14367816091954022	750.0	0	0.0	1125.0	0	0.0	1125.0	0	0.0
home	6	188	279545.5	3	0.43103448275862066	279545.5	5	0.7183908045977011	754.0	0	0.0	1131.0	0	0.0	1131.0	0	0.0
home	6	189	281028.5	6	0.8620689655172413	281028.5	6	0.8620689655172413	758.0	0	0.0	1137.0	0	0.0	1137.0	0	0.0
home	6	190	282511.5	0	0.0	282511.5	0	0.0	762.0	0	0.0	1143.0	0	0.0	1143.0	0	0.0
home	6	191	283994.5	6	0.8620689655172413	283994.5	6	0.8620689655172413	766.0	0	0.0	1149.0	0	0.0	1149.0	0	0.0
home	6	192	285477.5	3	0.43103448275862066	285477.5	0	0.0	770.0	0	0.0	1155.0	0	0.0	1155.0	0	0.0
home	6	193	286960.5	3	0.43103448275862066	286960.5	6	0.8620689655172413	774.0	0	0.0	1161.0	0	0.0	1161.0	0	0.0
home	6	194	288443.5	4	0.5747126436781609	288443.5	4	0.5747126436781609	778.0	0	0.0	1167.0	0	0.0	1167.0	0	0.0
home	6	195	289926.5	2	0.28735632183908044	289926.5	2	0.28735632183908044	782.0	0	0.0	1173.0	0	0.0	1173.0	0	0.0
home	6	196	291409.5	6	0.8620689655172413	291409.5	6	0.8620689655172413	786.0	0	0.0	1179.0	0	0.0	1179.0	0	0.0
home	6	197	292892.5	3	0.43103448275862066	292892.5	1	0.14367816091954022	790.0	0	0.0	1185.0	0	0.0	1185.0	0	0.0
home	6	198	294375.5	3	0.43103448275862066	294375.5	5	0.7183908045977011	794.0	0	0.0	1191.0	0	0.0	1191.0	0	0.0
home	6	199	295858.5	6	0.8620689655172413	295858.5	6	0.8620689655172413	798.0	0	0.0	1197.0	0	0.0	1197.0	0	0.0
