'Request type'	'Load'	'Bucket'	'Start time'	'Absolute'	'Percent of requests'	'End time'	'Absolute'	'Percent of requests'	'Residence time'	'Absolute'	'Percent of requests'	'Theor. think time'	'Absolute'	'Percent of requests'	'Actual think time'	'Absolute'	'Percent of requests'
login	4	0	756.0	4	2.395209580838323	756.0	0	0.0	23.5	0	0.0	3.0	167	99.99999999999999	3.0	167	99.99999999999999
login	4	1	2268.0	0	0.0	2268.0	0	0.0	70.5	0	0.0	9.0	0	0.0	9.0	0	0.0
login	4	2	3780.0	0	0.0	3780.0	0	0.0	117.5	0	0.0	15.0	0	0.0	15.0	0	0.0
login	4	3	5292.0	0	0.0	5292.0	0	0.0	164.5	0	0.0	21.0	0	0.0	21.0	0	0.0
login	4	4	6804.0	0	0.0	6804.0	4	2.395209580838323	211.5	0	0.0	27.0	0	0.0	27.0	0	0.0
login	4	5	8316.0	4	2.395209580838323	8316.0	0	0.0	258.5	0	0.0	33.0	0	0.0	33.0	0	0.0
login	4	6	9828.0	0	0.0	9828.0	0	0.0	305.5	0	0.0	39.0	0	0.0	39.0	0	0.0
login	4	7	11340.0	0	0.0	11340.0	0	0.0	352.5	0	0.0	45.0	0	0.0	45.0	0	0.0
login	4	8	12852.0	0	0.0	12852.0	0	0.0	399.5	0	0.0	51.0	0	0.0	51.0	0	0.0
login	4	9	14364.0	0	0.0	14364.0	4	2.395209580838323	446.5	0	0.0	57.0	0	0.0	57.0	0	0.0
login	4	10	15876.0	4	2.395209580838323	15876.0	0	0.0	493.5	0	0.0	63.0	0	0.0	63.0	0	0.0
login	4	11	17388.0	0	0.0	17388.0	0	0.0	540.5	0	0.0	69.0	0	0.0	69.0	0	0.0
login	4	12	18900.0	0	0.0	18900.0	1	0.5988023952095808	587.5	0	0.0	75.0	0	0.0	75.0	0	0.0
login	4	13	20412.0	1	0.5988023952095808	20412.0	0	0.0	634.5	0	0.0	81.0	0	0.0	81.0	0	0.0
login	4	14	21924.0	0	0.0	21924.0	1	0.5988023952095808	681.5	0	0.0	87.0	0	0.0	87.0	0	0.0
login	4	15	23436.0	1	0.5988023952095808	23436.0	2	1.1976047904191616	728.5	0	0.0	93.0	0	0.0	93.0	0	0.0
login	4	16	24948.0	2	1.1976047904191616	24948.0	1	0.5988023952095808	775.5	0	0.0	99.0	0	0.0	99.0	0	0.0
login	4	17	26460.0	1	0.5988023952095808	26460.0	0	0.0	822.5	0	0.0	105.0	0	0.0	105.0	0	0.0
login	4	18	27972.0	0	0.0	27972.0	0	0.0	869.5	0	0.0	111.0	0	0.0	111.0	0	0.0
login	4	19	29484.0	0	0.0	29484.0	1	0.5988023952095808	916.5	0	0.0	117.0	0	0.0	117.0	0	0.0
login	4	20	30996.0	1	0.5988023952095808	30996.0	2	1.1976047904191616	963.5	0	0.0	123.0	0	0.0	123.0	0	0.0
login	4	21	32508.0	2	1.1976047904191616	32508.0	1	0.5988023952095808	1010.5	0	0.0	129.0	0	0.0	129.0	0	0.0
login	4	22	34020.0	1	0.5988023952095808	34020.0	0	0.0	1057.5	0	0.0	135.0	0	0.0	135.0	0	0.0
login	4	23	35532.0	0	0.0	35532.0	1	0.5988023952095808	1104.5	0	0.0	141.0	0	0.0	141.0	0	0.0
login	4	24	37044.0	1	0.5988023952095808	37044.0	1	0.5988023952095808	1151.5	0	0.0	147.0	0	0.0	147.0	0	0.0
login	4	25	38556.0	1	0.5988023952095808	38556.0	2	1.1976047904191616	1198.5	0	0.0	153.0	0	0.0	153.0	0	0.0
login	4	26	40068.0	2	1.1976047904191616	40068.0	0	0.0	1245.5	0	0.0	159.0	0	0.0	159.0	0	0.0
login	4	27	41580.0	0	0.0	41580.0	1	0.5988023952095808	1292.5	0	0.0	165.0	0	0.0	165.0	0	0.0
login	4	28	43092.0	1	0.5988023952095808	43092.0	0	0.0	1339.5	0	0.0	171.0	0	0.0	171.0	0	0.0
login	4	29	44604.0	0	0.0	44604.0	2	1.1976047904191616	1386.5	0	0.0	177.0	0	0.0	177.0	0	0.0
login	4	30	46116.0	2	1.1976047904191616	46116.0	0	0.0	1433.5	0	0.0	183.0	0	0.0	183.0	0	0.0
login	4	31	47628.0	1	0.5988023952095808	47628.0	1	0.5988023952095808	1480.5	0	0.0	189.0	0	0.0	189.0	0	0.0
login	4	32	49140.0	0	0.0	49140.0	1	0.5988023952095808	1527.5	0	0.0	195.0	0	0.0	195.0	0	0.0
login	4	33	50652.0	1	0.5988023952095808	50652.0	1	0.5988023952095808	1574.5	0	0.0	201.0	0	0.0	201.0	0	0.0
login	4	34	52164.0	1	0.5988023952095808	52164.0	0	0.0	1621.5	0	0.0	207.0	0	0.0	207.0	0	0.0
login	4	35	53676.0	0	0.0	53676.0	1	0.5988023952095808	1668.5	0	0.0	213.0	0	0.0	213.0	0	0.0
login	4	36	55188.0	2	1.1976047904191616	55188.0	2	1.1976047904191616	1715.5	0	0.0	219.0	0	0.0	219.0	0	0.0
login	4	37	56700.0	1	0.5988023952095808	56700.0	1	0.5988023952095808	1762.5	0	0.0	225.0	0	0.0	225.0	0	0.0
login	4	38	58212.0	0	0.0	58212.0	0	0.0	1809.5	0	0.0	231.0	0	0.0	231.0	0	0.0
login	4	39	59724.0	1	0.5988023952095808	59724.0	1	0.5988023952095808	1856.5	0	0.0	237.0	0	0.0	237.0	0	0.0
login	4	40	61236.0	1	0.5988023952095808	61236.0	0	0.0	1903.5	0	0.0	243.0	0	0.0	243.0	0	0.0
login	4	41	62748.0	0	0.0	62748.0	1	0.5988023952095808	1950.5	0	0.0	249.0	0	0.0	249.0	0	0.0
login	4	42	64260.0	2	1.1976047904191616	64260.0	1	0.5988023952095808	1997.5	0	0.0	255.0	0	0.0	255.0	0	0.0
login	4	43	65772.0	0	0.0	65772.0	2	1.1976047904191616	2044.5	0	0.0	261.0	0	0.0	261.0	0	0.0
login	4	44	67284.0	2	1.1976047904191616	67284.0	0	0.0	2091.5	0	0.0	267.0	0	0.0	267.0	0	0.0
login	4	45	68796.0	0	0.0	68796.0	1	0.5988023952095808	2138.5	0	0.0	273.0	0	0.0	273.0	0	0.0
login	4	46	70308.0	1	0.5988023952095808	70308.0	0	0.0	2185.5	0	0.0	279.0	0	0.0	279.0	0	0.0
login	4	47	71820.0	0	0.0	71820.0	1	0.5988023952095808	2232.5	0	0.0	285.0	0	0.0	285.0	0	0.0
login	4	48	73332.0	1	0.5988023952095808	73332.0	2	1.1976047904191616	2279.5	0	0.0	291.0	0	0.0	291.0	0	0.0
login	4	49	74844.0	2	1.1976047904191616	74844.0	0	0.0	2326.5	0	0.0	297.0	0	0.0	297.0	0	0.0
login	4	50	76356.0	0	0.0	76356.0	1	0.5988023952095808	2373.5	0	0.0	303.0	0	0.0	303.0	0	0.0
login	4	51	77868.0	1	0.5988023952095808	77868.0	0	0.0	2420.5	0	0.0	309.0	0	0.0	309.0	0	0.0
login	4	52	79380.0	0	0.0	79380.0	2	1.1976047904191616	2467.5	0	0.0	315.0	0	0.0	315.0	0	0.0
login	4	53	80892.0	2	1.1976047904191616	80892.0	1	0.5988023952095808	2514.5	0	0.0	321.0	0	0.0	321.0	0	0.0
login	4	54	82404.0	1	0.5988023952095808	82404.0	0	0.0	2561.5	0	0.0	327.0	0	0.0	327.0	0	0.0
login	4	55	83916.0	0	0.0	83916.0	1	0.5988023952095808	2608.5	0	0.0	333.0	0	0.0	333.0	0	0.0
login	4	56	85428.0	1	0.5988023952095808	85428.0	0	0.0	2655.5	0	0.0	339.0	0	0.0	339.0	0	0.0
login	4	57	86940.0	0	0.0	86940.0	3	1.7964071856287425	2702.5	0	0.0	345.0	0	0.0	345.0	0	0.0
login	4	58	88452.0	3	1.7964071856287425	88452.0	0	0.0	2749.5	0	0.0	351.0	0	0.0	351.0	0	0.0
login	4	59	89964.0	0	0.0	89964.0	1	0.5988023952095808	2796.5	0	0.0	357.0	0	0.0	357.0	0	0.0
login	4	60	91476.0	1	0.5988023952095808	91476.0	0	0.0	2843.5	0	0.0	363.0	0	0.0	363.0	0	0.0
login	4	61	92988.0	0	0.0	92988.0	1	0.5988023952095808	2890.5	0	0.0	369.0	0	0.0	369.0	0	0.0
login	4	62	94500.0	1	0.5988023952095808	94500.0	1	0.5988023952095808	2937.5	0	0.0	375.0	0	0.0	375.0	0	0.0
login	4	63	96012.0	0	0.0	96012.0	1	0.5988023952095808	2984.5	0	0.0	381.0	0	0.0	381.0	0	0.0
login	4	64	97524.0	2	1.1976047904191616	97524.0	1	0.5988023952095808	3031.5	0	0.0	387.0	0	0.0	387.0	0	0.0
login	4	65	99036.0	1	0.5988023952095808	99036.0	1	0.5988023952095808	3078.5	0	0.0	393.0	0	0.0	393.0	0	0.0
login	4	66	100548.0	1	0.5988023952095808	100548.0	0	0.0	3125.5	0	0.0	399.0	0	0.0	399.0	0	0.0
login	4	67	102060.0	0	0.0	102060.0	1	0.5988023952095808	3172.5	0	0.0	405.0	0	0.0	405.0	0	0.0
login	4	68	103572.0	1	0.5988023952095808	103572.0	1	0.5988023952095808	3219.5	1	0.5988023952095808	411.0	0	0.0	411.0	0	0.0
login	4	69	105084.0	1	0.5988023952095808	105084.0	0	0.0	3266.5	0	0.0	417.0	0	0.0	417.0	0	0.0
login	4	70	106596.0	0	0.0	106596.0	2	1.1976047904191616	3313.5	1	0.5988023952095808	423.0	0	0.0	423.0	0	0.0
login	4	71	108108.0	2	1.1976047904191616	108108.0	1	0.5988023952095808	3360.5	0	0.0	429.0	0	0.0	429.0	0	0.0
login	4	72	109620.0	1	0.5988023952095808	109620.0	0	0.0	3407.5	0	0.0	435.0	0	0.0	435.0	0	0.0
login	4	73	111132.0	0	0.0	111132.0	1	0.5988023952095808	3454.5	0	0.0	441.0	0	0.0	441.0	0	0.0
login	4	74	112644.0	1	0.5988023952095808	112644.0	0	0.0	3501.5	1	0.5988023952095808	447.0	0	0.0	447.0	0	0.0
login	4	75	114156.0	0	0.0	114156.0	1	0.5988023952095808	3548.5	0	0.0	453.0	0	0.0	453.0	0	0.0
login	4	76	115668.0	2	1.1976047904191616	115668.0	2	1.1976047904191616	3595.5	4	2.395209580838323	459.0	0	0.0	459.0	0	0.0
login	4	77	117180.0	1	0.5988023952095808	117180.0	1	0.5988023952095808	3642.5	0	0.0	465.0	0	0.0	465.0	0	0.0
login	4	78	118692.0	1	0.5988023952095808	118692.0	0	0.0	3689.5	1	0.5988023952095808	471.0	0	0.0	471.0	0	0.0
login	4	79	120204.0	0	0.0	120204.0	0	0.0	3736.5	0	0.0	477.0	0	0.0	477.0	0	0.0
login	4	80	121716.0	0	0.0	121716.0	1	0.5988023952095808	3783.5	1	0.5988023952095808	483.0	0	0.0	483.0	0	0.0
login	4	81	123228.0	1	0.5988023952095808	123228.0	2	1.1976047904191616	3830.5	0	0.0	489.0	0	0.0	489.0	0	0.0
login	4	82	124740.0	2	1.1976047904191616	124740.0	1	0.5988023952095808	3877.5	4	2.395209580838323	495.0	0	0.0	495.0	0	0.0
login	4	83	126252.0	1	0.5988023952095808	126252.0	1	0.5988023952095808	3924.5	0	0.0	501.0	0	0.0	501.0	0	0.0
login	4	84	127764.0	1	0.5988023952095808	127764.0	0	0.0	3971.5	0	0.0	507.0	0	0.0	507.0	0	0.0
login	4	85	129276.0	0	0.0	129276.0	1	0.5988023952095808	4018.5	0	0.0	513.0	0	0.0	513.0	0	0.0
login	4	86	130788.0	1	0.5988023952095808	130788.0	0	0.0	4065.5	0	0.0	519.0	0	0.0	519.0	0	0.0
login	4	87	132300.0	0	0.0	132300.0	1	0.5988023952095808	4112.5	0	0.0	525.0	0	0.0	525.0	0	0.0
login	4	88	133812.0	1	0.5988023952095808	133812.0	2	1.1976047904191616	4159.5	0	0.0	531.0	0	0.0	531.0	0	0.0
login	4	89	135324.0	2	1.1976047904191616	135324.0	1	0.5988023952095808	4206.5	3	1.7964071856287425	537.0	0	0.0	537.0	0	0.0
login	4	90	136836.0	1	0.5988023952095808	136836.0	0	0.0	4253.5	0	0.0	543.0	0	0.0	543.0	0	0.0
login	4	91	138348.0	0	0.0	138348.0	0	0.0	4300.5	3	1.7964071856287425	549.0	0	0.0	549.0	0	0.0
login	4	92	139860.0	0	0.0	139860.0	2	1.1976047904191616	4347.5	0	0.0	555.0	0	0.0	555.0	0	0.0
login	4	93	141372.0	0	0.0	141372.0	2	1.1976047904191616	4394.5	1	0.5988023952095808	561.0	0	0.0	561.0	0	0.0
login	4	94	142884.0	4	2.395209580838323	142884.0	0	0.0	4441.5	0	0.0	567.0	0	0.0	567.0	0	0.0
login	4	95	144396.0	0	0.0	144396.0	0	0.0	4488.5	2	1.1976047904191616	573.0	0	0.0	573.0	0	0.0
login	4	96	145908.0	0	0.0	145908.0	1	0.5988023952095808	4535.5	0	0.0	579.0	0	0.0	579.0	0	0.0
login	4	97	147420.0	1	0.5988023952095808	147420.0	1	0.5988023952095808	4582.5	2	1.1976047904191616	585.0	0	0.0	585.0	0	0.0
login	4	98	148932.0	1	0.5988023952095808	148932.0	0	0.0	4629.5	0	0.0	591.0	0	0.0	591.0	0	0.0
login	4	99	150444.0	1	0.5988023952095808	150444.0	2	1.1976047904191616	4676.5	2	1.1976047904191616	597.0	0	0.0	597.0	0	0.0
login	4	100	151956.0	1	0.5988023952095808	151956.0	0	0.0	4723.5	2	1.1976047904191616	603.0	0	0.0	603.0	0	0.0
login	4	101	153468.0	0	0.0	153468.0	2	1.1976047904191616	4770.5	1	0.5988023952095808	609.0	0	0.0	609.0	0	0.0
login	4	102	154980.0	2	1.1976047904191616	154980.0	0	0.0	4817.5	4	2.395209580838323	615.0	0	0.0	615.0	0	0.0
login	4	103	156492.0	0	0.0	156492.0	1	0.5988023952095808	4864.5	0	0.0	621.0	0	0.0	621.0	0	0.0
login	4	104	158004.0	1	0.5988023952095808	158004.0	1	0.5988023952095808	4911.5	3	1.7964071856287425	627.0	0	0.0	627.0	0	0.0
login	4	105	159516.0	1	0.5988023952095808	159516.0	0	0.0	4958.5	0	0.0	633.0	0	0.0	633.0	0	0.0
login	4	106	161028.0	0	0.0	161028.0	2	1.1976047904191616	5005.5	3	1.7964071856287425	639.0	0	0.0	639.0	0	0.0
login	4	107	162540.0	2	1.1976047904191616	162540.0	0	0.0	5052.5	0	0.0	645.0	0	0.0	645.0	0	0.0
login	4	108	164052.0	0	0.0	164052.0	2	1.1976047904191616	5099.5	2	1.1976047904191616	651.0	0	0.0	651.0	0	0.0
login	4	109	165564.0	2	1.1976047904191616	165564.0	0	0.0	5146.5	0	0.0	657.0	0	0.0	657.0	0	0.0
login	4	110	167076.0	0	0.0	167076.0	1	0.5988023952095808	5193.5	4	2.395209580838323	663.0	0	0.0	663.0	0	0.0
login	4	111	168588.0	1	0.5988023952095808	168588.0	1	0.5988023952095808	5240.5	0	0.0	669.0	0	0.0	669.0	0	0.0
login	4	112	170100.0	1	0.5988023952095808	170100.0	0	0.0	5287.5	6	3.592814371257485	675.0	0	0.0	675.0	0	0.0
login	4	113	171612.0	0	0.0	171612.0	2	1.1976047904191616	5334.5	0	0.0	681.0	0	0.0	681.0	0	0.0
login	4	114	173124.0	2	1.1976047904191616	173124.0	0	0.0	5381.5	10	5.988023952095808	687.0	0	0.0	687.0	0	0.0
login	4	115	174636.0	0	0.0	174636.0	1	0.5988023952095808	5428.5	0	0.0	693.0	0	0.0	693.0	0	0.0
login	4	116	176148.0	1	0.5988023952095808	176148.0	1	0.5988023952095808	5475.5	2	1.1976047904191616	699.0	0	0.0	699.0	0	0.0
login	4	117	177660.0	1	0.5988023952095808	177660.0	0	0.0	5522.5	1	0.5988023952095808	705.0	0	0.0	705.0	0	0.0
login	4	118	179172.0	0	0.0	179172.0	1	0.5988023952095808	5569.5	0	0.0	711.0	0	0.0	711.0	0	0.0
login	4	119	180684.0	2	1.1976047904191616	180684.0	1	0.5988023952095808	5616.5	5	2.994011976047904	717.0	0	0.0	717.0	0	0.0
login	4	120	182196.0	0	0.0	182196.0	1	0.5988023952095808	5663.5	0	0.0	723.0	0	0.0	723.0	0	0.0
login	4	121	183708.0	1	0.5988023952095808	183708.0	1	0.5988023952095808	5710.5	8	4.790419161676646	729.0	0	0.0	729.0	0	0.0
login	4	122	185220.0	1	0.5988023952095808	185220.0	1	0.5988023952095808	5757.5	0	0.0	735.0	0	0.0	735.0	0	0.0
login	4	123	186732.0	1	0.5988023952095808	186732.0	1	0.5988023952095808	5804.5	10	5.988023952095808	741.0	0	0.0	741.0	0	0.0
login	4	124	188244.0	1	0.5988023952095808	188244.0	0	0.0	5851.5	0	0.0	747.0	0	0.0	747.0	0	0.0
login	4	125	189756.0	0	0.0	189756.0	1	0.5988023952095808	5898.5	6	3.592814371257485	753.0	0	0.0	753.0	0	0.0
login	4	126	191268.0	1	0.5988023952095808	191268.0	1	0.5988023952095808	5945.5	0	0.0	759.0	0	0.0	759.0	0	0.0
login	4	127	192780.0	1	0.5988023952095808	192780.0	1	0.5988023952095808	5992.5	6	3.592814371257485	765.0	0	0.0	765.0	0	0.0
login	4	128	194292.0	1	0.5988023952095808	194292.0	1	0.5988023952095808	6039.5	0	0.0	771.0	0	0.0	771.0	0	0.0
login	4	129	195804.0	1	0.5988023952095808	195804.0	1	0.5988023952095808	6086.5	10	5.988023952095808	777.0	0	0.0	777.0	0	0.0
login	4	130	197316.0	1	0.5988023952095808	197316.0	1	0.5988023952095808	6133.5	0	0.0	783.0	0	0.0	783.0	0	0.0
login	4	131	198828.0	1	0.5988023952095808	198828.0	0	0.0	6180.5	3	1.7964071856287425	789.0	0	0.0	789.0	0	0.0
login	4	132	200340.0	0	0.0	200340.0	2	1.1976047904191616	6227.5	1	0.5988023952095808	795.0	0	0.0	795.0	0	0.0
login	4	133	201852.0	2	1.1976047904191616	201852.0	0	0.0	6274.5	4	2.395209580838323	801.0	0	0.0	801.0	0	0.0
login	4	134	203364.0	0	0.0	203364.0	1	0.5988023952095808	6321.5	1	0.5988023952095808	807.0	0	0.0	807.0	0	0.0
login	4	135	204876.0	1	0.5988023952095808	204876.0	1	0.5988023952095808	6368.5	0	0.0	813.0	0	0.0	813.0	0	0.0
login	4	136	206388.0	1	0.5988023952095808	206388.0	0	0.0	6415.5	9	5.389221556886227	819.0	0	0.0	819.0	0	0.0
login	4	137	207900.0	0	0.0	207900.0	1	0.5988023952095808	6462.5	1	0.5988023952095808	825.0	0	0.0	825.0	0	0.0
login	4	138	209412.0	1	0.5988023952095808	209412.0	1	0.5988023952095808	6509.5	2	1.1976047904191616	831.0	0	0.0	831.0	0	0.0
login	4	139	210924.0	1	0.5988023952095808	210924.0	1	0.5988023952095808	6556.5	0	0.0	837.0	0	0.0	837.0	0	0.0
login	4	140	212436.0	1	0.5988023952095808	212436.0	1	0.5988023952095808	6603.5	2	1.1976047904191616	843.0	0	0.0	843.0	0	0.0
login	4	141	213948.0	1	0.5988023952095808	213948.0	0	0.0	6650.5	0	0.0	849.0	0	0.0	849.0	0	0.0
login	4	142	215460.0	0	0.0	215460.0	1	0.5988023952095808	6697.5	4	2.395209580838323	855.0	0	0.0	855.0	0	0.0
login	4	143	216972.0	2	1.1976047904191616	216972.0	2	1.1976047904191616	6744.5	2	1.1976047904191616	861.0	0	0.0	861.0	0	0.0
login	4	144	218484.0	0	0.0	218484.0	1	0.5988023952095808	6791.5	3	1.7964071856287425	867.0	0	0.0	867.0	0	0.0
login	4	145	219996.0	2	1.1976047904191616	219996.0	0	0.0	6838.5	1	0.5988023952095808	873.0	0	0.0	873.0	0	0.0
login	4	146	221508.0	0	0.0	221508.0	1	0.5988023952095808	6885.5	0	0.0	879.0	0	0.0	879.0	0	0.0
login	4	147	223020.0	1	0.5988023952095808	223020.0	1	0.5988023952095808	6932.5	0	0.0	885.0	0	0.0	885.0	0	0.0
login	4	148	224532.0	1	0.5988023952095808	224532.0	0	0.0	6979.5	4	2.395209580838323	891.0	0	0.0	891.0	0	0.0
login	4	149	226044.0	0	0.0	226044.0	1	0.5988023952095808	7026.5	0	0.0	897.0	0	0.0	897.0	0	0.0
login	4	150	227556.0	1	0.5988023952095808	227556.0	0	0.0	7073.5	0	0.0	903.0	0	0.0	903.0	0	0.0
login	4	151	229068.0	0	0.0	229068.0	2	1.1976047904191616	7120.5	0	0.0	909.0	0	0.0	909.0	0	0.0
login	4	152	230580.0	2	1.1976047904191616	230580.0	1	0.5988023952095808	7167.5	0	0.0	915.0	0	0.0	915.0	0	0.0
login	4	153	232092.0	1	0.5988023952095808	232092.0	0	0.0	7214.5	3	1.7964071856287425	921.0	0	0.0	921.0	0	0.0
login	4	154	233604.0	0	0.0	233604.0	1	0.5988023952095808	7261.5	0	0.0	927.0	0	0.0	927.0	0	0.0
login	4	155	235116.0	1	0.5988023952095808	235116.0	0	0.0	7308.5	0	0.0	933.0	0	0.0	933.0	0	0.0
login	4	156	236628.0	0	0.0	236628.0	2	1.1976047904191616	7355.5	0	0.0	939.0	0	0.0	939.0	0	0.0
login	4	157	238140.0	2	1.1976047904191616	238140.0	1	0.5988023952095808	7402.5	3	1.7964071856287425	945.0	0	0.0	945.0	0	0.0
login	4	158	239652.0	1	0.5988023952095808	239652.0	0	0.0	7449.5	0	0.0	951.0	0	0.0	951.0	0	0.0
login	4	159	241164.0	0	0.0	241164.0	2	1.1976047904191616	7496.5	2	1.1976047904191616	957.0	0	0.0	957.0	0	0.0
login	4	160	242676.0	2	1.1976047904191616	242676.0	0	0.0	7543.5	0	0.0	963.0	0	0.0	963.0	0	0.0
login	4	161	244188.0	0	0.0	244188.0	1	0.5988023952095808	7590.5	2	1.1976047904191616	969.0	0	0.0	969.0	0	0.0
login	4	162	245700.0	1	0.5988023952095808	245700.0	0	0.0	7637.5	0	0.0	975.0	0	0.0	975.0	0	0.0
login	4	163	247212.0	0	0.0	247212.0	2	1.1976047904191616	7684.5	1	0.5988023952095808	981.0	0	0.0	981.0	0	0.0
login	4	164	248724.0	2	1.1976047904191616	248724.0	1	0.5988023952095808	7731.5	0	0.0	987.0	0	0.0	987.0	0	0.0
login	4	165	250236.0	1	0.5988023952095808	250236.0	0	0.0	7778.5	1	0.5988023952095808	993.0	0	0.0	993.0	0	0.0
login	4	166	251748.0	0	0.0	251748.0	1	0.5988023952095808	7825.5	0	0.0	999.0	0	0.0	999.0	0	0.0
login	4	167	253260.0	1	0.5988023952095808	253260.0	0	0.0	7872.5	0	0.0	1005.0	0	0.0	1005.0	0	0.0
login	4	168	254772.0	0	0.0	254772.0	3	1.7964071856287425	7919.5	1	0.5988023952095808	1011.0	0	0.0	1011.0	0	0.0
login	4	169	256284.0	3	1.7964071856287425	256284.0	0	0.0	7966.5	0	0.0	1017.0	0	0.0	1017.0	0	0.0
login	4	170	257796.0	0	0.0	257796.0	1	0.5988023952095808	8013.5	1	0.5988023952095808	1023.0	0	0.0	1023.0	0	0.0
login	4	171	259308.0	1	0.5988023952095808	259308.0	0	0.0	8060.5	0	0.0	1029.0	0	0.0	1029.0	0	0.0
login	4	172	260820.0	0	0.0	260820.0	0	0.0	8107.5	1	0.5988023952095808	1035.0	0	0.0	1035.0	0	0.0
login	4	173	262332.0	0	0.0	262332.0	2	1.1976047904191616	8154.5	0	0.0	1041.0	0	0.0	1041.0	0	0.0
login	4	174	263844.0	3	1.7964071856287425	263844.0	2	1.1976047904191616	8201.5	1	0.5988023952095808	1047.0	0	0.0	1047.0	0	0.0
login	4	175	265356.0	1	0.5988023952095808	265356.0	0	0.0	8248.5	0	0.0	1053.0	0	0.0	1053.0	0	0.0
login	4	176	266868.0	0	0.0	266868.0	0	0.0	8295.5	3	1.7964071856287425	1059.0	0	0.0	1059.0	0	0.0
login	4	177	268380.0	0	0.0	268380.0	1	0.5988023952095808	8342.5	0	0.0	1065.0	0	0.0	1065.0	0	0.0
login	4	178	269892.0	1	0.5988023952095808	269892.0	1	0.5988023952095808	8389.5	0	0.0	1071.0	0	0.0	1071.0	0	0.0
login	4	179	271404.0	1	0.5988023952095808	271404.0	2	1.1976047904191616	8436.5	0	0.0	1077.0	0	0.0	1077.0	0	0.0
login	4	180	272916.0	2	1.1976047904191616	272916.0	1	0.5988023952095808	8483.5	0	0.0	1083.0	0	0.0	1083.0	0	0.0
login	4	181	274428.0	1	0.5988023952095808	274428.0	0	0.0	8530.5	0	0.0	1089.0	0	0.0	1089.0	0	0.0
login	4	182	275940.0	0	0.0	275940.0	0	0.0	8577.5	0	0.0	1095.0	0	0.0	1095.0	0	0.0
login	4	183	277452.0	1	0.5988023952095808	277452.0	1	0.5988023952095808	8624.5	0	0.0	1101.0	0	0.0	1101.0	0	0.0
login	4	184	278964.0	0	0.0	278964.0	2	1.1976047904191616	8671.5	0	0.0	1107.0	0	0.0	1107.0	0	0.0
login	4	185	280476.0	2	1.1976047904191616	280476.0	1	0.5988023952095808	8718.5	0	0.0	1113.0	0	0.0	1113.0	0	0.0
login	4	186	281988.0	1	0.5988023952095808	281988.0	0	0.0	8765.5	0	0.0	1119.0	0	0.0	1119.0	0	0.0
login	4	187	283500.0	0	0.0	283500.0	1	0.5988023952095808	8812.5	0	0.0	1125.0	0	0.0	1125.0	0	0.0
login	4	188	285012.0	1	0.5988023952095808	285012.0	1	0.5988023952095808	8859.5	0	0.0	1131.0	0	0.0	1131.0	0	0.0
login	4	189	286524.0	1	0.5988023952095808	286524.0	1	0.5988023952095808	8906.5	1	0.5988023952095808	1137.0	0	0.0	1137.0	0	0.0
login	4	190	288036.0	1	0.5988023952095808	288036.0	1	0.5988023952095808	8953.5	0	0.0	1143.0	0	0.0	1143.0	0	0.0
login	4	191	289548.0	1	0.5988023952095808	289548.0	0	0.0	9000.5	0	0.0	1149.0	0	0.0	1149.0	0	0.0
login	4	192	291060.0	0	0.0	291060.0	1	0.5988023952095808	9047.5	0	0.0	1155.0	0	0.0	1155.0	0	0.0
login	4	193	292572.0	1	0.5988023952095808	292572.0	2	1.1976047904191616	9094.5	0	0.0	1161.0	0	0.0	1161.0	0	0.0
login	4	194	294084.0	2	1.1976047904191616	294084.0	1	0.5988023952095808	9141.5	0	0.0	1167.0	0	0.0	1167.0	0	0.0
login	4	195	295596.0	1	0.5988023952095808	295596.0	0	0.0	9188.5	0	0.0	1173.0	0	0.0	1173.0	0	0.0
login	4	196	297108.0	0	0.0	297108.0	1	0.5988023952095808	9235.5	0	0.0	1179.0	0	0.0	1179.0	0	0.0
login	4	197	298620.0	1	0.5988023952095808	298620.0	1	0.5988023952095808	9282.5	1	0.5988023952095808	1185.0	0	0.0	1185.0	0	0.0
login	4	198	300132.0	0	0.0	300132.0	1	0.5988023952095808	9329.5	0	0.0	1191.0	0	0.0	1191.0	0	0.0
login	4	199	301644.0	0	0.0	301644.0	2	1.1976047904191616	9376.5	0	0.0	1197.0	0	0.0	1197.0	0	0.0
info	4	0	733.0	4	2.4242424242424243	733.0	4	2.4242424242424243	3.5	2	1.2121212121212122	3.0	165	100.0	3.0	165	100.0
info	4	1	2199.0	0	0.0	2199.0	0	0.0	10.5	0	0.0	9.0	0	0.0	9.0	0	0.0
info	4	2	3665.0	0	0.0	3665.0	0	0.0	17.5	0	0.0	15.0	0	0.0	15.0	0	0.0
info	4	3	5131.0	0	0.0	5131.0	0	0.0	24.5	0	0.0	21.0	0	0.0	21.0	0	0.0
info	4	4	6597.0	0	0.0	6597.0	0	0.0	31.5	0	0.0	27.0	0	0.0	27.0	0	0.0
info	4	5	8063.0	4	2.4242424242424243	8063.0	4	2.4242424242424243	38.5	1	0.6060606060606061	33.0	0	0.0	33.0	0	0.0
info	4	6	9529.0	0	0.0	9529.0	0	0.0	45.5	0	0.0	39.0	0	0.0	39.0	0	0.0
info	4	7	10995.0	0	0.0	10995.0	0	0.0	52.5	0	0.0	45.0	0	0.0	45.0	0	0.0
info	4	8	12461.0	1	0.6060606060606061	12461.0	1	0.6060606060606061	59.5	0	0.0	51.0	0	0.0	51.0	0	0.0
info	4	9	13927.0	0	0.0	13927.0	0	0.0	66.5	0	0.0	57.0	0	0.0	57.0	0	0.0
info	4	10	15393.0	1	0.6060606060606061	15393.0	1	0.6060606060606061	73.5	0	0.0	63.0	0	0.0	63.0	0	0.0
info	4	11	16859.0	2	1.2121212121212122	16859.0	2	1.2121212121212122	80.5	0	0.0	69.0	0	0.0	69.0	0	0.0
info	4	12	18325.0	1	0.6060606060606061	18325.0	1	0.6060606060606061	87.5	0	0.0	75.0	0	0.0	75.0	0	0.0
info	4	13	19791.0	0	0.0	19791.0	0	0.0	94.5	12	7.272727272727273	81.0	0	0.0	81.0	0	0.0
info	4	14	21257.0	0	0.0	21257.0	0	0.0	101.5	64	38.78787878787879	87.0	0	0.0	87.0	0	0.0
info	4	15	22723.0	1	0.6060606060606061	22723.0	1	0.6060606060606061	108.5	0	0.0	93.0	0	0.0	93.0	0	0.0
info	4	16	24189.0	2	1.2121212121212122	24189.0	2	1.2121212121212122	115.5	0	0.0	99.0	0	0.0	99.0	0	0.0
info	4	17	25655.0	1	0.6060606060606061	25655.0	1	0.6060606060606061	122.5	0	0.0	105.0	0	0.0	105.0	0	0.0
info	4	18	27121.0	0	0.0	27121.0	0	0.0	129.5	0	0.0	111.0	0	0.0	111.0	0	0.0
info	4	19	28587.0	1	0.6060606060606061	28587.0	0	0.0	136.5	0	0.0	117.0	0	0.0	117.0	0	0.0
info	4	20	30053.0	1	0.6060606060606061	30053.0	2	1.2121212121212122	143.5	0	0.0	123.0	0	0.0	123.0	0	0.0
info	4	21	31519.0	1	0.6060606060606061	31519.0	1	0.6060606060606061	150.5	0	0.0	129.0	0	0.0	129.0	0	0.0
info	4	22	32985.0	1	0.6060606060606061	32985.0	1	0.6060606060606061	157.5	0	0.0	135.0	0	0.0	135.0	0	0.0
info	4	23	34451.0	0	0.0	34451.0	0	0.0	164.5	0	0.0	141.0	0	0.0	141.0	0	0.0
info	4	24	35917.0	1	0.6060606060606061	35917.0	1	0.6060606060606061	171.5	0	0.0	147.0	0	0.0	147.0	0	0.0
info	4	25	37383.0	0	0.0	37383.0	0	0.0	178.5	0	0.0	153.0	0	0.0	153.0	0	0.0
info	4	26	38849.0	2	1.2121212121212122	38849.0	2	1.2121212121212122	185.5	0	0.0	159.0	0	0.0	159.0	0	0.0
info	4	27	40315.0	1	0.6060606060606061	40315.0	1	0.6060606060606061	192.5	13	7.878787878787879	165.0	0	0.0	165.0	0	0.0
info	4	28	41781.0	1	0.6060606060606061	41781.0	0	0.0	199.5	46	27.87878787878788	171.0	0	0.0	171.0	0	0.0
info	4	29	43247.0	0	0.0	43247.0	1	0.6060606060606061	206.5	1	0.6060606060606061	177.0	0	0.0	177.0	0	0.0
info	4	30	44713.0	1	0.6060606060606061	44713.0	1	0.6060606060606061	213.5	0	0.0	183.0	0	0.0	183.0	0	0.0
info	4	31	46179.0	1	0.6060606060606061	46179.0	1	0.6060606060606061	220.5	0	0.0	189.0	0	0.0	189.0	0	0.0
info	4	32	47645.0	1	0.6060606060606061	47645.0	1	0.6060606060606061	227.5	0	0.0	195.0	0	0.0	195.0	0	0.0
info	4	33	49111.0	1	0.6060606060606061	49111.0	1	0.6060606060606061	234.5	0	0.0	201.0	0	0.0	201.0	0	0.0
info	4	34	50577.0	1	0.6060606060606061	50577.0	1	0.6060606060606061	241.5	0	0.0	207.0	0	0.0	207.0	0	0.0
info	4	35	52043.0	0	0.0	52043.0	0	0.0	248.5	0	0.0	213.0	0	0.0	213.0	0	0.0
info	4	36	53509.0	1	0.6060606060606061	53509.0	1	0.6060606060606061	255.5	0	0.0	219.0	0	0.0	219.0	0	0.0
info	4	37	54975.0	0	0.0	54975.0	0	0.0	262.5	0	0.0	225.0	0	0.0	225.0	0	0.0
info	4	38	56441.0	2	1.2121212121212122	56441.0	1	0.6060606060606061	269.5	0	0.0	231.0	0	0.0	231.0	0	0.0
info	4	39	57907.0	1	0.6060606060606061	57907.0	2	1.2121212121212122	276.5	0	0.0	237.0	0	0.0	237.0	0	0.0
info	4	40	59373.0	1	0.6060606060606061	59373.0	1	0.6060606060606061	283.5	0	0.0	243.0	0	0.0	243.0	0	0.0
info	4	41	60839.0	0	0.0	60839.0	0	0.0	290.5	2	1.2121212121212122	249.0	0	0.0	249.0	0	0.0
info	4	42	62305.0	1	0.6060606060606061	62305.0	1	0.6060606060606061	297.5	15	9.090909090909092	255.0	0	0.0	255.0	0	0.0
info	4	43	63771.0	0	0.0	63771.0	0	0.0	304.5	0	0.0	261.0	0	0.0	261.0	0	0.0
info	4	44	65237.0	1	0.6060606060606061	65237.0	1	0.6060606060606061	311.5	0	0.0	267.0	0	0.0	267.0	0	0.0
info	4	45	66703.0	2	1.2121212121212122	66703.0	2	1.2121212121212122	318.5	0	0.0	273.0	0	0.0	273.0	0	0.0
info	4	46	68169.0	0	0.0	68169.0	0	0.0	325.5	0	0.0	279.0	0	0.0	279.0	0	0.0
info	4	47	69635.0	1	0.6060606060606061	69635.0	1	0.6060606060606061	332.5	0	0.0	285.0	0	0.0	285.0	0	0.0
info	4	48	71101.0	0	0.0	71101.0	0	0.0	339.5	0	0.0	291.0	0	0.0	291.0	0	0.0
info	4	49	72567.0	1	0.6060606060606061	72567.0	1	0.6060606060606061	346.5	0	0.0	297.0	0	0.0	297.0	0	0.0
info	4	50	74033.0	2	1.2121212121212122	74033.0	2	1.2121212121212122	353.5	0	0.0	303.0	0	0.0	303.0	0	0.0
info	4	51	75499.0	0	0.0	75499.0	0	0.0	360.5	0	0.0	309.0	0	0.0	309.0	0	0.0
info	4	52	76965.0	1	0.6060606060606061	76965.0	1	0.6060606060606061	367.5	0	0.0	315.0	0	0.0	315.0	0	0.0
info	4	53	78431.0	0	0.0	78431.0	0	0.0	374.5	0	0.0	321.0	0	0.0	321.0	0	0.0
info	4	54	79897.0	1	0.6060606060606061	79897.0	1	0.6060606060606061	381.5	0	0.0	327.0	0	0.0	327.0	0	0.0
info	4	55	81363.0	2	1.2121212121212122	81363.0	2	1.2121212121212122	388.5	0	0.0	333.0	0	0.0	333.0	0	0.0
info	4	56	82829.0	1	0.6060606060606061	82829.0	1	0.6060606060606061	395.5	3	1.8181818181818183	339.0	0	0.0	339.0	0	0.0
info	4	57	84295.0	0	0.0	84295.0	0	0.0	402.5	1	0.6060606060606061	345.0	0	0.0	345.0	0	0.0
info	4	58	85761.0	1	0.6060606060606061	85761.0	0	0.0	409.5	0	0.0	351.0	0	0.0	351.0	0	0.0
info	4	59	87227.0	0	0.0	87227.0	1	0.6060606060606061	416.5	0	0.0	357.0	0	0.0	357.0	0	0.0
info	4	60	88693.0	2	1.2121212121212122	88693.0	1	0.6060606060606061	423.5	0	0.0	363.0	0	0.0	363.0	0	0.0
info	4	61	90159.0	1	0.6060606060606061	90159.0	2	1.2121212121212122	430.5	0	0.0	369.0	0	0.0	369.0	0	0.0
info	4	62	91625.0	1	0.6060606060606061	91625.0	1	0.6060606060606061	437.5	0	0.0	375.0	0	0.0	375.0	0	0.0
info	4	63	93091.0	0	0.0	93091.0	0	0.0	444.5	0	0.0	381.0	0	0.0	381.0	0	0.0
info	4	64	94557.0	0	0.0	94557.0	0	0.0	451.5	0	0.0	387.0	0	0.0	387.0	0	0.0
info	4	65	96023.0	1	0.6060606060606061	96023.0	1	0.6060606060606061	458.5	0	0.0	393.0	0	0.0	393.0	0	0.0
info	4	66	97489.0	1	0.6060606060606061	97489.0	1	0.6060606060606061	465.5	0	0.0	399.0	0	0.0	399.0	0	0.0
info	4	67	98955.0	0	0.0	98955.0	0	0.0	472.5	0	0.0	405.0	0	0.0	405.0	0	0.0
info	4	68	100421.0	2	1.2121212121212122	100421.0	2	1.2121212121212122	479.5	0	0.0	411.0	0	0.0	411.0	0	0.0
info	4	69	101887.0	1	0.6060606060606061	101887.0	1	0.6060606060606061	486.5	0	0.0	417.0	0	0.0	417.0	0	0.0
info	4	70	103353.0	0	0.0	103353.0	0	0.0	493.5	1	0.6060606060606061	423.0	0	0.0	423.0	0	0.0
info	4	71	104819.0	1	0.6060606060606061	104819.0	1	0.6060606060606061	500.5	0	0.0	429.0	0	0.0	429.0	0	0.0
info	4	72	106285.0	0	0.0	106285.0	0	0.0	507.5	0	0.0	435.0	0	0.0	435.0	0	0.0
info	4	73	107751.0	2	1.2121212121212122	107751.0	1	0.6060606060606061	514.5	0	0.0	441.0	0	0.0	441.0	0	0.0
info	4	74	109217.0	1	0.6060606060606061	109217.0	2	1.2121212121212122	521.5	0	0.0	447.0	0	0.0	447.0	0	0.0
info	4	75	110683.0	1	0.6060606060606061	110683.0	1	0.6060606060606061	528.5	0	0.0	453.0	0	0.0	453.0	0	0.0
info	4	76	112149.0	0	0.0	112149.0	0	0.0	535.5	0	0.0	459.0	0	0.0	459.0	0	0.0
info	4	77	113615.0	0	0.0	113615.0	0	0.0	542.5	0	0.0	465.0	0	0.0	465.0	0	0.0
info	4	78	115081.0	2	1.2121212121212122	115081.0	1	0.6060606060606061	549.5	0	0.0	471.0	0	0.0	471.0	0	0.0
info	4	79	116547.0	1	0.6060606060606061	116547.0	2	1.2121212121212122	556.5	0	0.0	477.0	0	0.0	477.0	0	0.0
info	4	80	118013.0	1	0.6060606060606061	118013.0	1	0.6060606060606061	563.5	0	0.0	483.0	0	0.0	483.0	0	0.0
info	4	81	119479.0	1	0.6060606060606061	119479.0	1	0.6060606060606061	570.5	0	0.0	489.0	0	0.0	489.0	0	0.0
info	4	82	120945.0	0	0.0	120945.0	0	0.0	577.5	0	0.0	495.0	0	0.0	495.0	0	0.0
info	4	83	122411.0	1	0.6060606060606061	122411.0	1	0.6060606060606061	584.5	0	0.0	501.0	0	0.0	501.0	0	0.0
info	4	84	123877.0	0	0.0	123877.0	0	0.0	591.5	0	0.0	507.0	0	0.0	507.0	0	0.0
info	4	85	125343.0	1	0.6060606060606061	125343.0	0	0.0	598.5	2	1.2121212121212122	513.0	0	0.0	513.0	0	0.0
info	4	86	126809.0	2	1.2121212121212122	126809.0	2	1.2121212121212122	605.5	0	0.0	519.0	0	0.0	519.0	0	0.0
info	4	87	128275.0	1	0.6060606060606061	128275.0	2	1.2121212121212122	612.5	0	0.0	525.0	0	0.0	525.0	0	0.0
info	4	88	129741.0	0	0.0	129741.0	0	0.0	619.5	0	0.0	531.0	0	0.0	531.0	0	0.0
info	4	89	131207.0	0	0.0	131207.0	0	0.0	626.5	0	0.0	537.0	0	0.0	537.0	0	0.0
info	4	90	132673.0	0	0.0	132673.0	0	0.0	633.5	0	0.0	543.0	0	0.0	543.0	0	0.0
info	4	91	134139.0	2	1.2121212121212122	134139.0	2	1.2121212121212122	640.5	0	0.0	549.0	0	0.0	549.0	0	0.0
info	4	92	135605.0	2	1.2121212121212122	135605.0	2	1.2121212121212122	647.5	0	0.0	555.0	0	0.0	555.0	0	0.0
info	4	93	137071.0	0	0.0	137071.0	0	0.0	654.5	0	0.0	561.0	0	0.0	561.0	0	0.0
info	4	94	138537.0	1	0.6060606060606061	138537.0	1	0.6060606060606061	661.5	0	0.0	567.0	0	0.0	567.0	0	0.0
info	4	95	140003.0	0	0.0	140003.0	0	0.0	668.5	0	0.0	573.0	0	0.0	573.0	0	0.0
info	4	96	141469.0	1	0.6060606060606061	141469.0	1	0.6060606060606061	675.5	0	0.0	579.0	0	0.0	579.0	0	0.0
info	4	97	142935.0	1	0.6060606060606061	142935.0	1	0.6060606060606061	682.5	0	0.0	585.0	0	0.0	585.0	0	0.0
info	4	98	144401.0	1	0.6060606060606061	144401.0	1	0.6060606060606061	689.5	0	0.0	591.0	0	0.0	591.0	0	0.0
info	4	99	145867.0	0	0.0	145867.0	0	0.0	696.5	0	0.0	597.0	0	0.0	597.0	0	0.0
info	4	100	147333.0	2	1.2121212121212122	147333.0	2	1.2121212121212122	703.5	0	0.0	603.0	0	0.0	603.0	0	0.0
info	4	101	148799.0	0	0.0	148799.0	0	0.0	710.5	0	0.0	609.0	0	0.0	609.0	0	0.0
info	4	102	150265.0	1	0.6060606060606061	150265.0	1	0.6060606060606061	717.5	0	0.0	615.0	0	0.0	615.0	0	0.0
info	4	103	151731.0	1	0.6060606060606061	151731.0	1	0.6060606060606061	724.5	0	0.0	621.0	0	0.0	621.0	0	0.0
info	4	104	153197.0	0	0.0	153197.0	0	0.0	731.5	0	0.0	627.0	0	0.0	627.0	0	0.0
info	4	105	154663.0	2	1.2121212121212122	154663.0	2	1.2121212121212122	738.5	0	0.0	633.0	0	0.0	633.0	0	0.0
info	4	106	156129.0	0	0.0	156129.0	0	0.0	745.5	0	0.0	639.0	0	0.0	639.0	0	0.0
info	4	107	157595.0	2	1.2121212121212122	157595.0	2	1.2121212121212122	752.5	0	0.0	645.0	0	0.0	645.0	0	0.0
info	4	108	159061.0	0	0.0	159061.0	0	0.0	759.5	0	0.0	651.0	0	0.0	651.0	0	0.0
info	4	109	160527.0	1	0.6060606060606061	160527.0	1	0.6060606060606061	766.5	0	0.0	657.0	0	0.0	657.0	0	0.0
info	4	110	161993.0	1	0.6060606060606061	161993.0	1	0.6060606060606061	773.5	0	0.0	663.0	0	0.0	663.0	0	0.0
info	4	111	163459.0	0	0.0	163459.0	0	0.0	780.5	0	0.0	669.0	0	0.0	669.0	0	0.0
info	4	112	164925.0	2	1.2121212121212122	164925.0	2	1.2121212121212122	787.5	0	0.0	675.0	0	0.0	675.0	0	0.0
info	4	113	166391.0	0	0.0	166391.0	0	0.0	794.5	0	0.0	681.0	0	0.0	681.0	0	0.0
info	4	114	167857.0	1	0.6060606060606061	167857.0	0	0.0	801.5	0	0.0	687.0	0	0.0	687.0	0	0.0
info	4	115	169323.0	1	0.6060606060606061	169323.0	2	1.2121212121212122	808.5	0	0.0	693.0	0	0.0	693.0	0	0.0
info	4	116	170789.0	0	0.0	170789.0	0	0.0	815.5	0	0.0	699.0	0	0.0	699.0	0	0.0
info	4	117	172255.0	1	0.6060606060606061	172255.0	1	0.6060606060606061	822.5	0	0.0	705.0	0	0.0	705.0	0	0.0
info	4	118	173721.0	1	0.6060606060606061	173721.0	1	0.6060606060606061	829.5	0	0.0	711.0	0	0.0	711.0	0	0.0
info	4	119	175187.0	1	0.6060606060606061	175187.0	1	0.6060606060606061	836.5	0	0.0	717.0	0	0.0	717.0	0	0.0
info	4	120	176653.0	1	0.6060606060606061	176653.0	1	0.6060606060606061	843.5	0	0.0	723.0	0	0.0	723.0	0	0.0
info	4	121	178119.0	0	0.0	178119.0	0	0.0	850.5	0	0.0	729.0	0	0.0	729.0	0	0.0
info	4	122	179585.0	1	0.6060606060606061	179585.0	1	0.6060606060606061	857.5	0	0.0	735.0	0	0.0	735.0	0	0.0
info	4	123	181051.0	1	0.6060606060606061	181051.0	1	0.6060606060606061	864.5	0	0.0	741.0	0	0.0	741.0	0	0.0
info	4	124	182517.0	1	0.6060606060606061	182517.0	1	0.6060606060606061	871.5	0	0.0	747.0	0	0.0	747.0	0	0.0
info	4	125	183983.0	1	0.6060606060606061	183983.0	0	0.0	878.5	0	0.0	753.0	0	0.0	753.0	0	0.0
info	4	126	185449.0	1	0.6060606060606061	185449.0	2	1.2121212121212122	885.5	0	0.0	759.0	0	0.0	759.0	0	0.0
info	4	127	186915.0	0	0.0	186915.0	0	0.0	892.5	0	0.0	765.0	0	0.0	765.0	0	0.0
info	4	128	188381.0	1	0.6060606060606061	188381.0	1	0.6060606060606061	899.5	0	0.0	771.0	0	0.0	771.0	0	0.0
info	4	129	189847.0	2	1.2121212121212122	189847.0	1	0.6060606060606061	906.5	0	0.0	777.0	0	0.0	777.0	0	0.0
info	4	130	191313.0	0	0.0	191313.0	1	0.6060606060606061	913.5	0	0.0	783.0	0	0.0	783.0	0	0.0
info	4	131	192779.0	0	0.0	192779.0	0	0.0	920.5	0	0.0	789.0	0	0.0	789.0	0	0.0
info	4	132	194245.0	2	1.2121212121212122	194245.0	2	1.2121212121212122	927.5	0	0.0	795.0	0	0.0	795.0	0	0.0
info	4	133	195711.0	0	0.0	195711.0	0	0.0	934.5	0	0.0	801.0	0	0.0	801.0	0	0.0
info	4	134	197177.0	2	1.2121212121212122	197177.0	2	1.2121212121212122	941.5	0	0.0	807.0	0	0.0	807.0	0	0.0
info	4	135	198643.0	0	0.0	198643.0	0	0.0	948.5	0	0.0	813.0	0	0.0	813.0	0	0.0
info	4	136	200109.0	0	0.0	200109.0	0	0.0	955.5	0	0.0	819.0	0	0.0	819.0	0	0.0
info	4	137	201575.0	2	1.2121212121212122	201575.0	1	0.6060606060606061	962.5	0	0.0	825.0	0	0.0	825.0	0	0.0
info	4	138	203041.0	0	0.0	203041.0	1	0.6060606060606061	969.5	0	0.0	831.0	0	0.0	831.0	0	0.0
info	4	139	204507.0	1	0.6060606060606061	204507.0	1	0.6060606060606061	976.5	0	0.0	837.0	0	0.0	837.0	0	0.0
info	4	140	205973.0	1	0.6060606060606061	205973.0	1	0.6060606060606061	983.5	0	0.0	843.0	0	0.0	843.0	0	0.0
info	4	141	207439.0	0	0.0	207439.0	0	0.0	990.5	0	0.0	849.0	0	0.0	849.0	0	0.0
info	4	142	208905.0	2	1.2121212121212122	208905.0	1	0.6060606060606061	997.5	0	0.0	855.0	0	0.0	855.0	0	0.0
info	4	143	210371.0	1	0.6060606060606061	210371.0	1	0.6060606060606061	1004.5	1	0.6060606060606061	861.0	0	0.0	861.0	0	0.0
info	4	144	211837.0	1	0.6060606060606061	211837.0	1	0.6060606060606061	1011.5	0	0.0	867.0	0	0.0	867.0	0	0.0
info	4	145	213303.0	0	0.0	213303.0	1	0.6060606060606061	1018.5	0	0.0	873.0	0	0.0	873.0	0	0.0
info	4	146	214769.0	1	0.6060606060606061	214769.0	1	0.6060606060606061	1025.5	0	0.0	879.0	0	0.0	879.0	0	0.0
info	4	147	216235.0	1	0.6060606060606061	216235.0	1	0.6060606060606061	1032.5	0	0.0	885.0	0	0.0	885.0	0	0.0
info	4	148	217701.0	0	0.0	217701.0	0	0.0	1039.5	0	0.0	891.0	0	0.0	891.0	0	0.0
info	4	149	219167.0	1	0.6060606060606061	219167.0	1	0.6060606060606061	1046.5	0	0.0	897.0	0	0.0	897.0	0	0.0
info	4	150	220633.0	0	0.0	220633.0	0	0.0	1053.5	0	0.0	903.0	0	0.0	903.0	0	0.0
info	4	151	222099.0	1	0.6060606060606061	222099.0	1	0.6060606060606061	1060.5	0	0.0	909.0	0	0.0	909.0	0	0.0
info	4	152	223565.0	2	1.2121212121212122	223565.0	2	1.2121212121212122	1067.5	0	0.0	915.0	0	0.0	915.0	0	0.0
info	4	153	225031.0	0	0.0	225031.0	0	0.0	1074.5	0	0.0	921.0	0	0.0	921.0	0	0.0
info	4	154	226497.0	1	0.6060606060606061	226497.0	1	0.6060606060606061	1081.5	0	0.0	927.0	0	0.0	927.0	0	0.0
info	4	155	227963.0	0	0.0	227963.0	0	0.0	1088.5	0	0.0	933.0	0	0.0	933.0	0	0.0
info	4	156	229429.0	1	0.6060606060606061	229429.0	1	0.6060606060606061	1095.5	0	0.0	939.0	0	0.0	939.0	0	0.0
info	4	157	230895.0	2	1.2121212121212122	230895.0	2	1.2121212121212122	1102.5	0	0.0	945.0	0	0.0	945.0	0	0.0
info	4	158	232361.0	0	0.0	232361.0	0	0.0	1109.5	0	0.0	951.0	0	0.0	951.0	0	0.0
info	4	159	233827.0	1	0.6060606060606061	233827.0	1	0.6060606060606061	1116.5	0	0.0	957.0	0	0.0	957.0	0	0.0
info	4	160	235293.0	1	0.6060606060606061	235293.0	1	0.6060606060606061	1123.5	0	0.0	963.0	0	0.0	963.0	0	0.0
info	4	161	236759.0	1	0.6060606060606061	236759.0	1	0.6060606060606061	1130.5	0	0.0	969.0	0	0.0	969.0	0	0.0
info	4	162	238225.0	0	0.0	238225.0	0	0.0	1137.5	0	0.0	975.0	0	0.0	975.0	0	0.0
info	4	163	239691.0	1	0.6060606060606061	239691.0	1	0.6060606060606061	1144.5	0	0.0	981.0	0	0.0	981.0	0	0.0
info	4	164	241157.0	2	1.2121212121212122	241157.0	1	0.6060606060606061	1151.5	0	0.0	987.0	0	0.0	987.0	0	0.0
info	4	165	242623.0	0	0.0	242623.0	1	0.6060606060606061	1158.5	0	0.0	993.0	0	0.0	993.0	0	0.0
info	4	166	244089.0	1	0.6060606060606061	244089.0	1	0.6060606060606061	1165.5	0	0.0	999.0	0	0.0	999.0	0	0.0
info	4	167	245555.0	0	0.0	245555.0	0	0.0	1172.5	0	0.0	1005.0	0	0.0	1005.0	0	0.0
info	4	168	247021.0	1	0.6060606060606061	247021.0	0	0.0	1179.5	0	0.0	1011.0	0	0.0	1011.0	0	0.0
info	4	169	248487.0	2	1.2121212121212122	248487.0	3	1.8181818181818183	1186.5	0	0.0	1017.0	0	0.0	1017.0	0	0.0
info	4	170	249953.0	0	0.0	249953.0	0	0.0	1193.5	0	0.0	1023.0	0	0.0	1023.0	0	0.0
info	4	171	251419.0	1	0.6060606060606061	251419.0	1	0.6060606060606061	1200.5	0	0.0	1029.0	0	0.0	1029.0	0	0.0
info	4	172	252885.0	0	0.0	252885.0	0	0.0	1207.5	0	0.0	1035.0	0	0.0	1035.0	0	0.0
info	4	173	254351.0	0	0.0	254351.0	0	0.0	1214.5	0	0.0	1041.0	0	0.0	1041.0	0	0.0
info	4	174	255817.0	3	1.8181818181818183	255817.0	2	1.2121212121212122	1221.5	0	0.0	1047.0	0	0.0	1047.0	0	0.0
info	4	175	257283.0	1	0.6060606060606061	257283.0	2	1.2121212121212122	1228.5	0	0.0	1053.0	0	0.0	1053.0	0	0.0
info	4	176	258749.0	0	0.0	258749.0	0	0.0	1235.5	0	0.0	1059.0	0	0.0	1059.0	0	0.0
info	4	177	260215.0	0	0.0	260215.0	0	0.0	1242.5	0	0.0	1065.0	0	0.0	1065.0	0	0.0
info	4	178	261681.0	1	0.6060606060606061	261681.0	1	0.6060606060606061	1249.5	0	0.0	1071.0	0	0.0	1071.0	0	0.0
info	4	179	263147.0	1	0.6060606060606061	263147.0	1	0.6060606060606061	1256.5	0	0.0	1077.0	0	0.0	1077.0	0	0.0
info	4	180	264613.0	2	1.2121212121212122	264613.0	2	1.2121212121212122	1263.5	0	0.0	1083.0	0	0.0	1083.0	0	0.0
info	4	181	266079.0	0	0.0	266079.0	0	0.0	1270.5	0	0.0	1089.0	0	0.0	1089.0	0	0.0
info	4	182	267545.0	1	0.6060606060606061	267545.0	1	0.6060606060606061	1277.5	0	0.0	1095.0	0	0.0	1095.0	0	0.0
info	4	183	269011.0	0	0.0	269011.0	0	0.0	1284.5	0	0.0	1101.0	0	0.0	1101.0	0	0.0
info	4	184	270477.0	1	0.6060606060606061	270477.0	1	0.6060606060606061	1291.5	0	0.0	1107.0	0	0.0	1107.0	0	0.0
info	4	185	271943.0	2	1.2121212121212122	271943.0	2	1.2121212121212122	1298.5	1	0.6060606060606061	1113.0	0	0.0	1113.0	0	0.0
info	4	186	273409.0	1	0.6060606060606061	273409.0	0	0.0	1305.5	0	0.0	1119.0	0	0.0	1119.0	0	0.0
info	4	187	274875.0	0	0.0	274875.0	1	0.6060606060606061	1312.5	0	0.0	1125.0	0	0.0	1125.0	0	0.0
info	4	188	276341.0	1	0.6060606060606061	276341.0	1	0.6060606060606061	1319.5	0	0.0	1131.0	0	0.0	1131.0	0	0.0
info	4	189	277807.0	0	0.0	277807.0	0	0.0	1326.5	0	0.0	1137.0	0	0.0	1137.0	0	0.0
info	4	190	279273.0	2	1.2121212121212122	279273.0	2	1.2121212121212122	1333.5	0	0.0	1143.0	0	0.0	1143.0	0	0.0
info	4	191	280739.0	1	0.6060606060606061	280739.0	1	0.6060606060606061	1340.5	0	0.0	1149.0	0	0.0	1149.0	0	0.0
info	4	192	282205.0	0	0.0	282205.0	0	0.0	1347.5	0	0.0	1155.0	0	0.0	1155.0	0	0.0
info	4	193	283671.0	1	0.6060606060606061	283671.0	1	0.6060606060606061	1354.5	0	0.0	1161.0	0	0.0	1161.0	0	0.0
info	4	194	285137.0	0	0.0	285137.0	0	0.0	1361.5	0	0.0	1167.0	0	0.0	1167.0	0	0.0
info	4	195	286603.0	2	1.2121212121212122	286603.0	2	1.2121212121212122	1368.5	0	0.0	1173.0	0	0.0	1173.0	0	0.0
info	4	196	288069.0	1	0.6060606060606061	288069.0	1	0.6060606060606061	1375.5	0	0.0	1179.0	0	0.0	1179.0	0	0.0
info	4	197	289535.0	0	0.0	289535.0	0	0.0	1382.5	0	0.0	1185.0	0	0.0	1185.0	0	0.0
info	4	198	291001.0	1	0.6060606060606061	291001.0	1	0.6060606060606061	1389.5	0	0.0	1191.0	0	0.0	1191.0	0	0.0
info	4	199	292467.0	2	1.2121212121212122	292467.0	2	1.2121212121212122	1396.5	0	0.0	1197.0	0	0.0	1197.0	0	0.0
home	4	0	733.0	4	2.4242424242424243	733.0	4	2.4242424242424243	5.0	2	1.2121212121212122	3.0	165	100.0	3.0	165	100.0
home	4	1	2199.0	0	0.0	2199.0	0	0.0	15.0	0	0.0	9.0	0	0.0	9.0	0	0.0
home	4	2	3665.0	0	0.0	3665.0	0	0.0	25.0	0	0.0	15.0	0	0.0	15.0	0	0.0
home	4	3	5131.0	0	0.0	5131.0	0	0.0	35.0	0	0.0	21.0	0	0.0	21.0	0	0.0
home	4	4	6597.0	0	0.0	6597.0	0	0.0	45.0	0	0.0	27.0	0	0.0	27.0	0	0.0
home	4	5	8063.0	4	2.4242424242424243	8063.0	4	2.4242424242424243	55.0	0	0.0	33.0	0	0.0	33.0	0	0.0
home	4	6	9529.0	0	0.0	9529.0	0	0.0	65.0	0	0.0	39.0	0	0.0	39.0	0	0.0
home	4	7	10995.0	0	0.0	10995.0	0	0.0	75.0	0	0.0	45.0	0	0.0	45.0	0	0.0
home	4	8	12461.0	1	0.6060606060606061	12461.0	1	0.6060606060606061	85.0	0	0.0	51.0	0	0.0	51.0	0	0.0
home	4	9	13927.0	0	0.0	13927.0	0	0.0	95.0	5	3.0303030303030303	57.0	0	0.0	57.0	0	0.0
home	4	10	15393.0	1	0.6060606060606061	15393.0	1	0.6060606060606061	105.0	50	30.303030303030305	63.0	0	0.0	63.0	0	0.0
home	4	11	16859.0	2	1.2121212121212122	16859.0	2	1.2121212121212122	115.0	0	0.0	69.0	0	0.0	69.0	0	0.0
home	4	12	18325.0	1	0.6060606060606061	18325.0	1	0.6060606060606061	125.0	0	0.0	75.0	0	0.0	75.0	0	0.0
home	4	13	19791.0	0	0.0	19791.0	0	0.0	135.0	0	0.0	81.0	0	0.0	81.0	0	0.0
home	4	14	21257.0	0	0.0	21257.0	0	0.0	145.0	0	0.0	87.0	0	0.0	87.0	0	0.0
home	4	15	22723.0	1	0.6060606060606061	22723.0	1	0.6060606060606061	155.0	0	0.0	93.0	0	0.0	93.0	0	0.0
home	4	16	24189.0	2	1.2121212121212122	24189.0	2	1.2121212121212122	165.0	0	0.0	99.0	0	0.0	99.0	0	0.0
home	4	17	25655.0	1	0.6060606060606061	25655.0	1	0.6060606060606061	175.0	0	0.0	105.0	0	0.0	105.0	0	0.0
home	4	18	27121.0	0	0.0	27121.0	0	0.0	185.0	0	0.0	111.0	0	0.0	111.0	0	0.0
home	4	19	28587.0	1	0.6060606060606061	28587.0	1	0.6060606060606061	195.0	38	23.03030303030303	117.0	0	0.0	117.0	0	0.0
home	4	20	30053.0	1	0.6060606060606061	30053.0	0	0.0	205.0	23	13.93939393939394	123.0	0	0.0	123.0	0	0.0
home	4	21	31519.0	1	0.6060606060606061	31519.0	2	1.2121212121212122	215.0	0	0.0	129.0	0	0.0	129.0	0	0.0
home	4	22	32985.0	1	0.6060606060606061	32985.0	1	0.6060606060606061	225.0	0	0.0	135.0	0	0.0	135.0	0	0.0
home	4	23	34451.0	0	0.0	34451.0	0	0.0	235.0	0	0.0	141.0	0	0.0	141.0	0	0.0
home	4	24	35917.0	1	0.6060606060606061	35917.0	1	0.6060606060606061	245.0	0	0.0	147.0	0	0.0	147.0	0	0.0
home	4	25	37383.0	0	0.0	37383.0	0	0.0	255.0	0	0.0	153.0	0	0.0	153.0	0	0.0
home	4	26	38849.0	2	1.2121212121212122	38849.0	2	1.2121212121212122	265.0	0	0.0	159.0	0	0.0	159.0	0	0.0
home	4	27	40315.0	1	0.6060606060606061	40315.0	1	0.6060606060606061	275.0	0	0.0	165.0	0	0.0	165.0	0	0.0
home	4	28	41781.0	1	0.6060606060606061	41781.0	0	0.0	285.0	0	0.0	171.0	0	0.0	171.0	0	0.0
home	4	29	43247.0	0	0.0	43247.0	1	0.6060606060606061	295.0	20	12.121212121212121	177.0	0	0.0	177.0	0	0.0
home	4	30	44713.0	1	0.6060606060606061	44713.0	1	0.6060606060606061	305.0	6	3.6363636363636367	183.0	0	0.0	183.0	0	0.0
home	4	31	46179.0	1	0.6060606060606061	46179.0	1	0.6060606060606061	315.0	0	0.0	189.0	0	0.0	189.0	0	0.0
home	4	32	47645.0	1	0.6060606060606061	47645.0	1	0.6060606060606061	325.0	0	0.0	195.0	0	0.0	195.0	0	0.0
home	4	33	49111.0	1	0.6060606060606061	49111.0	1	0.6060606060606061	335.0	0	0.0	201.0	0	0.0	201.0	0	0.0
home	4	34	50577.0	1	0.6060606060606061	50577.0	0	0.0	345.0	0	0.0	207.0	0	0.0	207.0	0	0.0
home	4	35	52043.0	0	0.0	52043.0	1	0.6060606060606061	355.0	0	0.0	213.0	0	0.0	213.0	0	0.0
home	4	36	53509.0	1	0.6060606060606061	53509.0	1	0.6060606060606061	365.0	0	0.0	219.0	0	0.0	219.0	0	0.0
home	4	37	54975.0	0	0.0	54975.0	0	0.0	375.0	0	0.0	225.0	0	0.0	225.0	0	0.0
home	4	38	56441.0	2	1.2121212121212122	56441.0	2	1.2121212121212122	385.0	0	0.0	231.0	0	0.0	231.0	0	0.0
home	4	39	57907.0	1	0.6060606060606061	57907.0	0	0.0	395.0	8	4.848484848484849	237.0	0	0.0	237.0	0	0.0
home	4	40	59373.0	1	0.6060606060606061	59373.0	2	1.2121212121212122	405.0	4	2.4242424242424243	243.0	0	0.0	243.0	0	0.0
home	4	41	60839.0	0	0.0	60839.0	0	0.0	415.0	0	0.0	249.0	0	0.0	249.0	0	0.0
home	4	42	62305.0	1	0.6060606060606061	62305.0	1	0.6060606060606061	425.0	0	0.0	255.0	0	0.0	255.0	0	0.0
home	4	43	63771.0	0	0.0	63771.0	0	0.0	435.0	0	0.0	261.0	0	0.0	261.0	0	0.0
home	4	44	65237.0	1	0.6060606060606061	65237.0	1	0.6060606060606061	445.0	0	0.0	267.0	0	0.0	267.0	0	0.0
home	4	45	66703.0	2	1.2121212121212122	66703.0	2	1.2121212121212122	455.0	0	0.0	273.0	0	0.0	273.0	0	0.0
home	4	46	68169.0	0	0.0	68169.0	0	0.0	465.0	0	0.0	279.0	0	0.0	279.0	0	0.0
home	4	47	69635.0	1	0.6060606060606061	69635.0	1	0.6060606060606061	475.0	0	0.0	285.0	0	0.0	285.0	0	0.0
home	4	48	71101.0	0	0.0	71101.0	0	0.0	485.0	0	0.0	291.0	0	0.0	291.0	0	0.0
home	4	49	72567.0	2	1.2121212121212122	72567.0	1	0.6060606060606061	495.0	4	2.4242424242424243	297.0	0	0.0	297.0	0	0.0
home	4	50	74033.0	1	0.6060606060606061	74033.0	2	1.2121212121212122	505.0	2	1.2121212121212122	303.0	0	0.0	303.0	0	0.0
home	4	51	75499.0	0	0.0	75499.0	0	0.0	515.0	0	0.0	309.0	0	0.0	309.0	0	0.0
home	4	52	76965.0	1	0.6060606060606061	76965.0	1	0.6060606060606061	525.0	0	0.0	315.0	0	0.0	315.0	0	0.0
home	4	53	78431.0	0	0.0	78431.0	0	0.0	535.0	0	0.0	321.0	0	0.0	321.0	0	0.0
home	4	54	79897.0	2	1.2121212121212122	79897.0	1	0.6060606060606061	545.0	0	0.0	327.0	0	0.0	327.0	0	0.0
home	4	55	81363.0	1	0.6060606060606061	81363.0	2	1.2121212121212122	555.0	0	0.0	333.0	0	0.0	333.0	0	0.0
home	4	56	82829.0	1	0.6060606060606061	82829.0	1	0.6060606060606061	565.0	0	0.0	339.0	0	0.0	339.0	0	0.0
home	4	57	84295.0	0	0.0	84295.0	0	0.0	575.0	0	0.0	345.0	0	0.0	345.0	0	0.0
home	4	58	85761.0	1	0.6060606060606061	85761.0	0	0.0	585.0	0	0.0	351.0	0	0.0	351.0	0	0.0
home	4	59	87227.0	0	0.0	87227.0	1	0.6060606060606061	595.0	2	1.2121212121212122	357.0	0	0.0	357.0	0	0.0
home	4	60	88693.0	1	0.6060606060606061	88693.0	0	0.0	605.0	0	0.0	363.0	0	0.0	363.0	0	0.0
home	4	61	90159.0	2	1.2121212121212122	90159.0	3	1.8181818181818183	615.0	0	0.0	369.0	0	0.0	369.0	0	0.0
home	4	62	91625.0	1	0.6060606060606061	91625.0	0	0.0	625.0	0	0.0	375.0	0	0.0	375.0	0	0.0
home	4	63	93091.0	0	0.0	93091.0	1	0.6060606060606061	635.0	0	0.0	381.0	0	0.0	381.0	0	0.0
home	4	64	94557.0	0	0.0	94557.0	0	0.0	645.0	0	0.0	387.0	0	0.0	387.0	0	0.0
home	4	65	96023.0	1	0.6060606060606061	96023.0	1	0.6060606060606061	655.0	0	0.0	393.0	0	0.0	393.0	0	0.0
home	4	66	97489.0	1	0.6060606060606061	97489.0	1	0.6060606060606061	665.0	0	0.0	399.0	0	0.0	399.0	0	0.0
home	4	67	98955.0	0	0.0	98955.0	0	0.0	675.0	0	0.0	405.0	0	0.0	405.0	0	0.0
home	4	68	100421.0	2	1.2121212121212122	100421.0	2	1.2121212121212122	685.0	0	0.0	411.0	0	0.0	411.0	0	0.0
home	4	69	101887.0	1	0.6060606060606061	101887.0	1	0.6060606060606061	695.0	0	0.0	417.0	0	0.0	417.0	0	0.0
home	4	70	103353.0	0	0.0	103353.0	0	0.0	705.0	0	0.0	423.0	0	0.0	423.0	0	0.0
home	4	71	104819.0	1	0.6060606060606061	104819.0	1	0.6060606060606061	715.0	0	0.0	429.0	0	0.0	429.0	0	0.0
home	4	72	106285.0	0	0.0	106285.0	0	0.0	725.0	0	0.0	435.0	0	0.0	435.0	0	0.0
home	4	73	107751.0	2	1.2121212121212122	107751.0	1	0.6060606060606061	735.0	0	0.0	441.0	0	0.0	441.0	0	0.0
home	4	74	109217.0	1	0.6060606060606061	109217.0	2	1.2121212121212122	745.0	0	0.0	447.0	0	0.0	447.0	0	0.0
home	4	75	110683.0	1	0.6060606060606061	110683.0	1	0.6060606060606061	755.0	0	0.0	453.0	0	0.0	453.0	0	0.0
home	4	76	112149.0	0	0.0	112149.0	0	0.0	765.0	0	0.0	459.0	0	0.0	459.0	0	0.0
home	4	77	113615.0	0	0.0	113615.0	0	0.0	775.0	0	0.0	465.0	0	0.0	465.0	0	0.0
home	4	78	115081.0	2	1.2121212121212122	115081.0	1	0.6060606060606061	785.0	0	0.0	471.0	0	0.0	471.0	0	0.0
home	4	79	116547.0	1	0.6060606060606061	116547.0	2	1.2121212121212122	795.0	0	0.0	477.0	0	0.0	477.0	0	0.0
home	4	80	118013.0	1	0.6060606060606061	118013.0	1	0.6060606060606061	805.0	0	0.0	483.0	0	0.0	483.0	0	0.0
home	4	81	119479.0	1	0.6060606060606061	119479.0	1	0.6060606060606061	815.0	0	0.0	489.0	0	0.0	489.0	0	0.0
home	4	82	120945.0	0	0.0	120945.0	0	0.0	825.0	0	0.0	495.0	0	0.0	495.0	0	0.0
home	4	83	122411.0	1	0.6060606060606061	122411.0	1	0.6060606060606061	835.0	0	0.0	501.0	0	0.0	501.0	0	0.0
home	4	84	123877.0	0	0.0	123877.0	0	0.0	845.0	0	0.0	507.0	0	0.0	507.0	0	0.0
home	4	85	125343.0	1	0.6060606060606061	125343.0	0	0.0	855.0	0	0.0	513.0	0	0.0	513.0	0	0.0
home	4	86	126809.0	2	1.2121212121212122	126809.0	2	1.2121212121212122	865.0	0	0.0	519.0	0	0.0	519.0	0	0.0
home	4	87	128275.0	1	0.6060606060606061	128275.0	2	1.2121212121212122	875.0	0	0.0	525.0	0	0.0	525.0	0	0.0
home	4	88	129741.0	0	0.0	129741.0	0	0.0	885.0	0	0.0	531.0	0	0.0	531.0	0	0.0
home	4	89	131207.0	0	0.0	131207.0	0	0.0	895.0	0	0.0	537.0	0	0.0	537.0	0	0.0
home	4	90	132673.0	0	0.0	132673.0	0	0.0	905.0	0	0.0	543.0	0	0.0	543.0	0	0.0
home	4	91	134139.0	2	1.2121212121212122	134139.0	2	1.2121212121212122	915.0	0	0.0	549.0	0	0.0	549.0	0	0.0
home	4	92	135605.0	2	1.2121212121212122	135605.0	2	1.2121212121212122	925.0	0	0.0	555.0	0	0.0	555.0	0	0.0
home	4	93	137071.0	0	0.0	137071.0	0	0.0	935.0	0	0.0	561.0	0	0.0	561.0	0	0.0
home	4	94	138537.0	1	0.6060606060606061	138537.0	1	0.6060606060606061	945.0	0	0.0	567.0	0	0.0	567.0	0	0.0
home	4	95	140003.0	0	0.0	140003.0	0	0.0	955.0	0	0.0	573.0	0	0.0	573.0	0	0.0
home	4	96	141469.0	1	0.6060606060606061	141469.0	1	0.6060606060606061	965.0	0	0.0	579.0	0	0.0	579.0	0	0.0
home	4	97	142935.0	1	0.6060606060606061	142935.0	1	0.6060606060606061	975.0	0	0.0	585.0	0	0.0	585.0	0	0.0
home	4	98	144401.0	1	0.6060606060606061	144401.0	1	0.6060606060606061	985.0	0	0.0	591.0	0	0.0	591.0	0	0.0
home	4	99	145867.0	0	0.0	145867.0	0	0.0	995.0	0	0.0	597.0	0	0.0	597.0	0	0.0
home	4	100	147333.0	2	1.2121212121212122	147333.0	2	1.2121212121212122	1005.0	0	0.0	603.0	0	0.0	603.0	0	0.0
home	4	101	148799.0	0	0.0	148799.0	0	0.0	1015.0	0	0.0	609.0	0	0.0	609.0	0	0.0
home	4	102	150265.0	1	0.6060606060606061	150265.0	1	0.6060606060606061	1025.0	0	0.0	615.0	0	0.0	615.0	0	0.0
home	4	103	151731.0	1	0.6060606060606061	151731.0	1	0.6060606060606061	1035.0	0	0.0	621.0	0	0.0	621.0	0	0.0
home	4	104	153197.0	0	0.0	153197.0	0	0.0	1045.0	0	0.0	627.0	0	0.0	627.0	0	0.0
home	4	105	154663.0	2	1.2121212121212122	154663.0	2	1.2121212121212122	1055.0	0	0.0	633.0	0	0.0	633.0	0	0.0
home	4	106	156129.0	0	0.0	156129.0	0	0.0	1065.0	0	0.0	639.0	0	0.0	639.0	0	0.0
home	4	107	157595.0	2	1.2121212121212122	157595.0	1	0.6060606060606061	1075.0	0	0.0	645.0	0	0.0	645.0	0	0.0
home	4	108	159061.0	0	0.0	159061.0	1	0.6060606060606061	1085.0	0	0.0	651.0	0	0.0	651.0	0	0.0
home	4	109	160527.0	1	0.6060606060606061	160527.0	1	0.6060606060606061	1095.0	0	0.0	657.0	0	0.0	657.0	0	0.0
home	4	110	161993.0	1	0.6060606060606061	161993.0	1	0.6060606060606061	1105.0	0	0.0	663.0	0	0.0	663.0	0	0.0
home	4	111	163459.0	0	0.0	163459.0	0	0.0	1115.0	0	0.0	669.0	0	0.0	669.0	0	0.0
home	4	112	164925.0	2	1.2121212121212122	164925.0	2	1.2121212121212122	1125.0	0	0.0	675.0	0	0.0	675.0	0	0.0
home	4	113	166391.0	0	0.0	166391.0	0	0.0	1135.0	0	0.0	681.0	0	0.0	681.0	0	0.0
home	4	114	167857.0	0	0.0	167857.0	0	0.0	1145.0	0	0.0	687.0	0	0.0	687.0	0	0.0
home	4	115	169323.0	2	1.2121212121212122	169323.0	2	1.2121212121212122	1155.0	0	0.0	693.0	0	0.0	693.0	0	0.0
home	4	116	170789.0	0	0.0	170789.0	0	0.0	1165.0	0	0.0	699.0	0	0.0	699.0	0	0.0
home	4	117	172255.0	1	0.6060606060606061	172255.0	1	0.6060606060606061	1175.0	0	0.0	705.0	0	0.0	705.0	0	0.0
home	4	118	173721.0	1	0.6060606060606061	173721.0	1	0.6060606060606061	1185.0	0	0.0	711.0	0	0.0	711.0	0	0.0
home	4	119	175187.0	1	0.6060606060606061	175187.0	1	0.6060606060606061	1195.0	0	0.0	717.0	0	0.0	717.0	0	0.0
home	4	120	176653.0	1	0.6060606060606061	176653.0	1	0.6060606060606061	1205.0	0	0.0	723.0	0	0.0	723.0	0	0.0
home	4	121	178119.0	0	0.0	178119.0	0	0.0	1215.0	0	0.0	729.0	0	0.0	729.0	0	0.0
home	4	122	179585.0	2	1.2121212121212122	179585.0	1	0.6060606060606061	1225.0	0	0.0	735.0	0	0.0	735.0	0	0.0
home	4	123	181051.0	0	0.0	181051.0	1	0.6060606060606061	1235.0	0	0.0	741.0	0	0.0	741.0	0	0.0
home	4	124	182517.0	1	0.6060606060606061	182517.0	1	0.6060606060606061	1245.0	0	0.0	747.0	0	0.0	747.0	0	0.0
home	4	125	183983.0	1	0.6060606060606061	183983.0	0	0.0	1255.0	0	0.0	753.0	0	0.0	753.0	0	0.0
home	4	126	185449.0	1	0.6060606060606061	185449.0	1	0.6060606060606061	1265.0	0	0.0	759.0	0	0.0	759.0	0	0.0
home	4	127	186915.0	0	0.0	186915.0	1	0.6060606060606061	1275.0	0	0.0	765.0	0	0.0	765.0	0	0.0
home	4	128	188381.0	1	0.6060606060606061	188381.0	1	0.6060606060606061	1285.0	0	0.0	771.0	0	0.0	771.0	0	0.0
home	4	129	189847.0	2	1.2121212121212122	189847.0	1	0.6060606060606061	1295.0	0	0.0	777.0	0	0.0	777.0	0	0.0
home	4	130	191313.0	0	0.0	191313.0	1	0.6060606060606061	1305.0	0	0.0	783.0	0	0.0	783.0	0	0.0
home	4	131	192779.0	1	0.6060606060606061	192779.0	0	0.0	1315.0	0	0.0	789.0	0	0.0	789.0	0	0.0
home	4	132	194245.0	1	0.6060606060606061	194245.0	2	1.2121212121212122	1325.0	0	0.0	795.0	0	0.0	795.0	0	0.0
home	4	133	195711.0	0	0.0	195711.0	0	0.0	1335.0	0	0.0	801.0	0	0.0	801.0	0	0.0
home	4	134	197177.0	2	1.2121212121212122	197177.0	2	1.2121212121212122	1345.0	0	0.0	807.0	0	0.0	807.0	0	0.0
home	4	135	198643.0	0	0.0	198643.0	0	0.0	1355.0	0	0.0	813.0	0	0.0	813.0	0	0.0
home	4	136	200109.0	0	0.0	200109.0	0	0.0	1365.0	0	0.0	819.0	0	0.0	819.0	0	0.0
home	4	137	201575.0	2	1.2121212121212122	201575.0	2	1.2121212121212122	1375.0	0	0.0	825.0	0	0.0	825.0	0	0.0
home	4	138	203041.0	0	0.0	203041.0	0	0.0	1385.0	0	0.0	831.0	0	0.0	831.0	0	0.0
home	4	139	204507.0	2	1.2121212121212122	204507.0	1	0.6060606060606061	1395.0	0	0.0	837.0	0	0.0	837.0	0	0.0
home	4	140	205973.0	0	0.0	205973.0	1	0.6060606060606061	1405.0	0	0.0	843.0	0	0.0	843.0	0	0.0
home	4	141	207439.0	0	0.0	207439.0	0	0.0	1415.0	0	0.0	849.0	0	0.0	849.0	0	0.0
home	4	142	208905.0	2	1.2121212121212122	208905.0	1	0.6060606060606061	1425.0	0	0.0	855.0	0	0.0	855.0	0	0.0
home	4	143	210371.0	0	0.0	210371.0	1	0.6060606060606061	1435.0	0	0.0	861.0	0	0.0	861.0	0	0.0
home	4	144	211837.0	2	1.2121212121212122	211837.0	1	0.6060606060606061	1445.0	0	0.0	867.0	0	0.0	867.0	0	0.0
home	4	145	213303.0	0	0.0	213303.0	1	0.6060606060606061	1455.0	0	0.0	873.0	0	0.0	873.0	0	0.0
home	4	146	214769.0	1	0.6060606060606061	214769.0	1	0.6060606060606061	1465.0	0	0.0	879.0	0	0.0	879.0	0	0.0
home	4	147	216235.0	1	0.6060606060606061	216235.0	0	0.0	1475.0	0	0.0	885.0	0	0.0	885.0	0	0.0
home	4	148	217701.0	0	0.0	217701.0	1	0.6060606060606061	1485.0	0	0.0	891.0	0	0.0	891.0	0	0.0
home	4	149	219167.0	1	0.6060606060606061	219167.0	1	0.6060606060606061	1495.0	0	0.0	897.0	0	0.0	897.0	0	0.0
home	4	150	220633.0	0	0.0	220633.0	0	0.0	1505.0	0	0.0	903.0	0	0.0	903.0	0	0.0
home	4	151	222099.0	1	0.6060606060606061	222099.0	1	0.6060606060606061	1515.0	0	0.0	909.0	0	0.0	909.0	0	0.0
home	4	152	223565.0	2	1.2121212121212122	223565.0	2	1.2121212121212122	1525.0	0	0.0	915.0	0	0.0	915.0	0	0.0
home	4	153	225031.0	0	0.0	225031.0	0	0.0	1535.0	0	0.0	921.0	0	0.0	921.0	0	0.0
home	4	154	226497.0	1	0.6060606060606061	226497.0	1	0.6060606060606061	1545.0	0	0.0	927.0	0	0.0	927.0	0	0.0
home	4	155	227963.0	0	0.0	227963.0	0	0.0	1555.0	0	0.0	933.0	0	0.0	933.0	0	0.0
home	4	156	229429.0	1	0.6060606060606061	229429.0	1	0.6060606060606061	1565.0	0	0.0	939.0	0	0.0	939.0	0	0.0
home	4	157	230895.0	2	1.2121212121212122	230895.0	2	1.2121212121212122	1575.0	0	0.0	945.0	0	0.0	945.0	0	0.0
home	4	158	232361.0	0	0.0	232361.0	0	0.0	1585.0	0	0.0	951.0	0	0.0	951.0	0	0.0
home	4	159	233827.0	2	1.2121212121212122	233827.0	1	0.6060606060606061	1595.0	0	0.0	957.0	0	0.0	957.0	0	0.0
home	4	160	235293.0	0	0.0	235293.0	1	0.6060606060606061	1605.0	0	0.0	963.0	0	0.0	963.0	0	0.0
home	4	161	236759.0	1	0.6060606060606061	236759.0	0	0.0	1615.0	0	0.0	969.0	0	0.0	969.0	0	0.0
home	4	162	238225.0	0	0.0	238225.0	1	0.6060606060606061	1625.0	0	0.0	975.0	0	0.0	975.0	0	0.0
home	4	163	239691.0	1	0.6060606060606061	239691.0	1	0.6060606060606061	1635.0	0	0.0	981.0	0	0.0	981.0	0	0.0
home	4	164	241157.0	2	1.2121212121212122	241157.0	1	0.6060606060606061	1645.0	0	0.0	987.0	0	0.0	987.0	0	0.0
home	4	165	242623.0	0	0.0	242623.0	1	0.6060606060606061	1655.0	0	0.0	993.0	0	0.0	993.0	0	0.0
home	4	166	244089.0	1	0.6060606060606061	244089.0	1	0.6060606060606061	1665.0	0	0.0	999.0	0	0.0	999.0	0	0.0
home	4	167	245555.0	0	0.0	245555.0	0	0.0	1675.0	0	0.0	1005.0	0	0.0	1005.0	0	0.0
home	4	168	247021.0	1	0.6060606060606061	247021.0	0	0.0	1685.0	0	0.0	1011.0	0	0.0	1011.0	0	0.0
home	4	169	248487.0	2	1.2121212121212122	248487.0	3	1.8181818181818183	1695.0	0	0.0	1017.0	0	0.0	1017.0	0	0.0
home	4	170	249953.0	0	0.0	249953.0	0	0.0	1705.0	0	0.0	1023.0	0	0.0	1023.0	0	0.0
home	4	171	251419.0	1	0.6060606060606061	251419.0	1	0.6060606060606061	1715.0	0	0.0	1029.0	0	0.0	1029.0	0	0.0
home	4	172	252885.0	0	0.0	252885.0	0	0.0	1725.0	0	0.0	1035.0	0	0.0	1035.0	0	0.0
home	4	173	254351.0	0	0.0	254351.0	0	0.0	1735.0	0	0.0	1041.0	0	0.0	1041.0	0	0.0
home	4	174	255817.0	3	1.8181818181818183	255817.0	3	1.8181818181818183	1745.0	0	0.0	1047.0	0	0.0	1047.0	0	0.0
home	4	175	257283.0	1	0.6060606060606061	257283.0	1	0.6060606060606061	1755.0	0	0.0	1053.0	0	0.0	1053.0	0	0.0
home	4	176	258749.0	0	0.0	258749.0	0	0.0	1765.0	0	0.0	1059.0	0	0.0	1059.0	0	0.0
home	4	177	260215.0	0	0.0	260215.0	0	0.0	1775.0	0	0.0	1065.0	0	0.0	1065.0	0	0.0
home	4	178	261681.0	1	0.6060606060606061	261681.0	1	0.6060606060606061	1785.0	0	0.0	1071.0	0	0.0	1071.0	0	0.0
home	4	179	263147.0	1	0.6060606060606061	263147.0	1	0.6060606060606061	1795.0	0	0.0	1077.0	0	0.0	1077.0	0	0.0
home	4	180	264613.0	2	1.2121212121212122	264613.0	2	1.2121212121212122	1805.0	1	0.6060606060606061	1083.0	0	0.0	1083.0	0	0.0
home	4	181	266079.0	1	0.6060606060606061	266079.0	0	0.0	1815.0	0	0.0	1089.0	0	0.0	1089.0	0	0.0
home	4	182	267545.0	0	0.0	267545.0	1	0.6060606060606061	1825.0	0	0.0	1095.0	0	0.0	1095.0	0	0.0
home	4	183	269011.0	0	0.0	269011.0	0	0.0	1835.0	0	0.0	1101.0	0	0.0	1101.0	0	0.0
home	4	184	270477.0	1	0.6060606060606061	270477.0	1	0.6060606060606061	1845.0	0	0.0	1107.0	0	0.0	1107.0	0	0.0
home	4	185	271943.0	2	1.2121212121212122	271943.0	2	1.2121212121212122	1855.0	0	0.0	1113.0	0	0.0	1113.0	0	0.0
home	4	186	273409.0	1	0.6060606060606061	273409.0	0	0.0	1865.0	0	0.0	1119.0	0	0.0	1119.0	0	0.0
home	4	187	274875.0	0	0.0	274875.0	1	0.6060606060606061	1875.0	0	0.0	1125.0	0	0.0	1125.0	0	0.0
home	4	188	276341.0	1	0.6060606060606061	276341.0	1	0.6060606060606061	1885.0	0	0.0	1131.0	0	0.0	1131.0	0	0.0
home	4	189	277807.0	0	0.0	277807.0	0	0.0	1895.0	0	0.0	1137.0	0	0.0	1137.0	0	0.0
home	4	190	279273.0	2	1.2121212121212122	279273.0	2	1.2121212121212122	1905.0	0	0.0	1143.0	0	0.0	1143.0	0	0.0
home	4	191	280739.0	1	0.6060606060606061	280739.0	1	0.6060606060606061	1915.0	0	0.0	1149.0	0	0.0	1149.0	0	0.0
home	4	192	282205.0	0	0.0	282205.0	0	0.0	1925.0	0	0.0	1155.0	0	0.0	1155.0	0	0.0
home	4	193	283671.0	1	0.6060606060606061	283671.0	1	0.6060606060606061	1935.0	0	0.0	1161.0	0	0.0	1161.0	0	0.0
home	4	194	285137.0	1	0.6060606060606061	285137.0	0	0.0	1945.0	0	0.0	1167.0	0	0.0	1167.0	0	0.0
home	4	195	286603.0	1	0.6060606060606061	286603.0	2	1.2121212121212122	1955.0	0	0.0	1173.0	0	0.0	1173.0	0	0.0
home	4	196	288069.0	1	0.6060606060606061	288069.0	1	0.6060606060606061	1965.0	0	0.0	1179.0	0	0.0	1179.0	0	0.0
home	4	197	289535.0	0	0.0	289535.0	0	0.0	1975.0	0	0.0	1185.0	0	0.0	1185.0	0	0.0
home	4	198	291001.0	1	0.6060606060606061	291001.0	1	0.6060606060606061	1985.0	0	0.0	1191.0	0	0.0	1191.0	0	0.0
home	4	199	292467.0	2	1.2121212121212122	292467.0	2	1.2121212121212122	1995.0	0	0.0	1197.0	0	0.0	1197.0	0	0.0
