'Request type'	'Load'	'Bucket'	'Start time'	'Absolute'	'Percent of requests'	'End time'	'Absolute'	'Percent of requests'	'Residence time'	'Absolute'	'Percent of requests'	'Theor. think time'	'Absolute'	'Percent of requests'	'Actual think time'	'Absolute'	'Percent of requests'
login	60	0	748.0	60	1.4917951268025857	748.0	20	0.49726504226752855	10.0	0	0.0	3.0	4022	100.0	3.0	4022	100.0
login	60	1	2244.0	0	0.0	2244.0	26	0.6464445549477872	30.0	0	0.0	9.0	0	0.0	9.0	0	0.0
login	60	2	3740.0	0	0.0	3740.0	14	0.34808552958727	50.0	0	0.0	15.0	0	0.0	15.0	0	0.0
login	60	3	5236.0	60	1.4917951268025857	5236.0	16	0.39781203381402286	70.0	1	0.02486325211337643	21.0	0	0.0	21.0	0	0.0
login	60	4	6732.0	0	0.0	6732.0	29	0.7210343112879164	90.0	1	0.02486325211337643	27.0	0	0.0	27.0	0	0.0
login	60	5	8228.0	0	0.0	8228.0	15	0.37294878170064644	110.0	0	0.0	33.0	0	0.0	33.0	0	0.0
login	60	6	9724.0	60	1.4917951268025857	9724.0	21	0.522128294380905	130.0	1	0.02486325211337643	39.0	0	0.0	39.0	0	0.0
login	60	7	11220.0	0	0.0	11220.0	29	0.7210343112879164	150.0	0	0.0	45.0	0	0.0	45.0	0	0.0
login	60	8	12716.0	7	0.174042764793635	12716.0	10	0.24863252113376427	170.0	6	0.14917951268025859	51.0	0	0.0	51.0	0	0.0
login	60	9	14212.0	53	1.3177523620089506	14212.0	24	0.5967180507210343	190.0	6	0.14917951268025859	57.0	0	0.0	57.0	0	0.0
login	60	10	15708.0	0	0.0	15708.0	28	0.69617105917454	210.0	9	0.22376926902038785	63.0	0	0.0	63.0	0	0.0
login	60	11	17204.0	8	0.19890601690701143	17204.0	8	0.19890601690701143	230.0	24	0.5967180507210343	69.0	0	0.0	69.0	0	0.0
login	60	12	18700.0	52	1.2928891098955744	18700.0	20	0.49726504226752855	250.0	15	0.37294878170064644	75.0	0	0.0	75.0	0	0.0
login	60	13	20196.0	0	0.0	20196.0	26	0.6464445549477872	270.0	21	0.522128294380905	81.0	0	0.0	81.0	0	0.0
login	60	14	21692.0	0	0.0	21692.0	14	0.34808552958727	290.0	39	0.9696668324216807	87.0	0	0.0	87.0	0	0.0
login	60	15	23188.0	60	1.4917951268025857	23188.0	18	0.4475385380407757	310.0	32	0.7956240676280457	93.0	0	0.0	93.0	0	0.0
login	60	16	24684.0	0	0.0	24684.0	25	0.6215813028344107	330.0	47	1.1685728493286922	99.0	0	0.0	99.0	0	0.0
login	60	17	26180.0	0	0.0	26180.0	17	0.4226752859273993	350.0	21	0.522128294380905	105.0	0	0.0	105.0	0	0.0
login	60	18	27676.0	60	1.4917951268025857	27676.0	17	0.4226752859273993	370.0	24	0.5967180507210343	111.0	0	0.0	111.0	0	0.0
login	60	19	29172.0	0	0.0	29172.0	27	0.6713078070611636	390.0	41	1.0193933366484336	117.0	0	0.0	117.0	0	0.0
login	60	20	30668.0	0	0.0	30668.0	16	0.39781203381402286	410.0	30	0.7458975634012929	123.0	0	0.0	123.0	0	0.0
login	60	21	32164.0	60	1.4917951268025857	32164.0	16	0.39781203381402286	430.0	23	0.5718547986076579	129.0	0	0.0	129.0	0	0.0
login	60	22	33660.0	0	0.0	33660.0	25	0.6215813028344107	450.0	40	0.9945300845350571	135.0	0	0.0	135.0	0	0.0
login	60	23	35156.0	0	0.0	35156.0	19	0.4724017901541521	470.0	26	0.6464445549477872	141.0	0	0.0	141.0	0	0.0
login	60	24	36652.0	60	1.4917951268025857	36652.0	16	0.39781203381402286	490.0	23	0.5718547986076579	147.0	0	0.0	147.0	0	0.0
login	60	25	38148.0	0	0.0	38148.0	28	0.69617105917454	510.0	26	0.6464445549477872	153.0	0	0.0	153.0	0	0.0
login	60	26	39644.0	0	0.0	39644.0	16	0.39781203381402286	530.0	12	0.29835902536051717	159.0	0	0.0	159.0	0	0.0
login	60	27	41140.0	60	1.4917951268025857	41140.0	18	0.4475385380407757	550.0	21	0.522128294380905	165.0	0	0.0	165.0	0	0.0
login	60	28	42636.0	0	0.0	42636.0	24	0.5967180507210343	570.0	23	0.5718547986076579	171.0	0	0.0	171.0	0	0.0
login	60	29	44132.0	0	0.0	44132.0	18	0.4475385380407757	590.0	36	0.8950770760815514	177.0	0	0.0	177.0	0	0.0
login	60	30	45628.0	60	1.4917951268025857	45628.0	17	0.4226752859273993	610.0	29	0.7210343112879164	183.0	0	0.0	183.0	0	0.0
login	60	31	47124.0	0	0.0	47124.0	27	0.6713078070611636	630.0	21	0.522128294380905	189.0	0	0.0	189.0	0	0.0
login	60	32	48620.0	0	0.0	48620.0	16	0.39781203381402286	650.0	23	0.5718547986076579	195.0	0	0.0	195.0	0	0.0
login	60	33	50116.0	60	1.4917951268025857	50116.0	17	0.4226752859273993	670.0	35	0.870213823968175	201.0	0	0.0	201.0	0	0.0
login	60	34	51612.0	0	0.0	51612.0	23	0.5718547986076579	690.0	27	0.6713078070611636	207.0	0	0.0	207.0	0	0.0
login	60	35	53108.0	0	0.0	53108.0	20	0.49726504226752855	710.0	26	0.6464445549477872	213.0	0	0.0	213.0	0	0.0
login	60	36	54604.0	60	1.4917951268025857	54604.0	13	0.3232222774738936	730.0	27	0.6713078070611636	219.0	0	0.0	219.0	0	0.0
login	60	37	56100.0	1	0.02486325211337643	56100.0	30	0.7458975634012929	750.0	17	0.4226752859273993	225.0	0	0.0	225.0	0	0.0
login	60	38	57596.0	0	0.0	57596.0	18	0.4475385380407757	770.0	31	0.7707608155146692	231.0	0	0.0	231.0	0	0.0
login	60	39	59092.0	60	1.4917951268025857	59092.0	14	0.34808552958727	790.0	17	0.4226752859273993	237.0	0	0.0	237.0	0	0.0
login	60	40	60588.0	0	0.0	60588.0	26	0.6464445549477872	810.0	18	0.4475385380407757	243.0	0	0.0	243.0	0	0.0
login	60	41	62084.0	0	0.0	62084.0	20	0.49726504226752855	830.0	22	0.5469915464942814	249.0	0	0.0	249.0	0	0.0
login	60	42	63580.0	60	1.4917951268025857	63580.0	13	0.3232222774738936	850.0	30	0.7458975634012929	255.0	0	0.0	255.0	0	0.0
login	60	43	65076.0	0	0.0	65076.0	28	0.69617105917454	870.0	26	0.6464445549477872	261.0	0	0.0	261.0	0	0.0
login	60	44	66572.0	0	0.0	66572.0	19	0.4724017901541521	890.0	24	0.5967180507210343	267.0	0	0.0	267.0	0	0.0
login	60	45	68068.0	60	1.4917951268025857	68068.0	14	0.34808552958727	910.0	26	0.6464445549477872	273.0	0	0.0	273.0	0	0.0
login	60	46	69564.0	0	0.0	69564.0	28	0.69617105917454	930.0	20	0.49726504226752855	279.0	0	0.0	279.0	0	0.0
login	60	47	71060.0	0	0.0	71060.0	18	0.4475385380407757	950.0	24	0.5967180507210343	285.0	0	0.0	285.0	0	0.0
login	60	48	72556.0	60	1.4917951268025857	72556.0	13	0.3232222774738936	970.0	31	0.7707608155146692	291.0	0	0.0	291.0	0	0.0
login	60	49	74052.0	0	0.0	74052.0	29	0.7210343112879164	990.0	24	0.5967180507210343	297.0	0	0.0	297.0	0	0.0
login	60	50	75548.0	0	0.0	75548.0	18	0.4475385380407757	1010.0	22	0.5469915464942814	303.0	0	0.0	303.0	0	0.0
login	60	51	77044.0	60	1.4917951268025857	77044.0	12	0.29835902536051717	1030.0	19	0.4724017901541521	309.0	0	0.0	309.0	0	0.0
login	60	52	78540.0	0	0.0	78540.0	27	0.6713078070611636	1050.0	25	0.6215813028344107	315.0	0	0.0	315.0	0	0.0
login	60	53	80036.0	0	0.0	80036.0	21	0.522128294380905	1070.0	22	0.5469915464942814	321.0	0	0.0	321.0	0	0.0
login	60	54	81532.0	60	1.4917951268025857	81532.0	13	0.3232222774738936	1090.0	28	0.69617105917454	327.0	0	0.0	327.0	0	0.0
login	60	55	83028.0	0	0.0	83028.0	27	0.6713078070611636	1110.0	33	0.8204873197414222	333.0	0	0.0	333.0	0	0.0
login	60	56	84524.0	0	0.0	84524.0	20	0.49726504226752855	1130.0	14	0.34808552958727	339.0	0	0.0	339.0	0	0.0
login	60	57	86020.0	60	1.4917951268025857	86020.0	14	0.34808552958727	1150.0	20	0.49726504226752855	345.0	0	0.0	345.0	0	0.0
login	60	58	87516.0	0	0.0	87516.0	26	0.6464445549477872	1170.0	30	0.7458975634012929	351.0	0	0.0	351.0	0	0.0
login	60	59	89012.0	0	0.0	89012.0	20	0.49726504226752855	1190.0	26	0.6464445549477872	357.0	0	0.0	357.0	0	0.0
login	60	60	90508.0	60	1.4917951268025857	90508.0	13	0.3232222774738936	1210.0	28	0.69617105917454	363.0	0	0.0	363.0	0	0.0
login	60	61	92004.0	0	0.0	92004.0	30	0.7458975634012929	1230.0	23	0.5718547986076579	369.0	0	0.0	369.0	0	0.0
login	60	62	93500.0	0	0.0	93500.0	17	0.4226752859273993	1250.0	22	0.5469915464942814	375.0	0	0.0	375.0	0	0.0
login	60	63	94996.0	60	1.4917951268025857	94996.0	16	0.39781203381402286	1270.0	22	0.5469915464942814	381.0	0	0.0	381.0	0	0.0
login	60	64	96492.0	0	0.0	96492.0	28	0.69617105917454	1290.0	33	0.8204873197414222	387.0	0	0.0	387.0	0	0.0
login	60	65	97988.0	0	0.0	97988.0	16	0.39781203381402286	1310.0	30	0.7458975634012929	393.0	0	0.0	393.0	0	0.0
login	60	66	99484.0	60	1.4917951268025857	99484.0	20	0.49726504226752855	1330.0	16	0.39781203381402286	399.0	0	0.0	399.0	0	0.0
login	60	67	100980.0	0	0.0	100980.0	23	0.5718547986076579	1350.0	23	0.5718547986076579	405.0	0	0.0	405.0	0	0.0
login	60	68	102476.0	0	0.0	102476.0	17	0.4226752859273993	1370.0	23	0.5718547986076579	411.0	0	0.0	411.0	0	0.0
login	60	69	103972.0	60	1.4917951268025857	103972.0	15	0.37294878170064644	1390.0	25	0.6215813028344107	417.0	0	0.0	417.0	0	0.0
login	60	70	105468.0	0	0.0	105468.0	27	0.6713078070611636	1410.0	23	0.5718547986076579	423.0	0	0.0	423.0	0	0.0
login	60	71	106964.0	0	0.0	106964.0	18	0.4475385380407757	1430.0	28	0.69617105917454	429.0	0	0.0	429.0	0	0.0
login	60	72	108460.0	60	1.4917951268025857	108460.0	11	0.2734957732471407	1450.0	26	0.6464445549477872	435.0	0	0.0	435.0	0	0.0
login	60	73	109956.0	0	0.0	109956.0	27	0.6713078070611636	1470.0	24	0.5967180507210343	441.0	0	0.0	441.0	0	0.0
login	60	74	111452.0	0	0.0	111452.0	22	0.5469915464942814	1490.0	37	0.9199403281949279	447.0	0	0.0	447.0	0	0.0
login	60	75	112948.0	60	1.4917951268025857	112948.0	10	0.24863252113376427	1510.0	23	0.5718547986076579	453.0	0	0.0	453.0	0	0.0
login	60	76	114444.0	0	0.0	114444.0	28	0.69617105917454	1530.0	26	0.6464445549477872	459.0	0	0.0	459.0	0	0.0
login	60	77	115940.0	0	0.0	115940.0	22	0.5469915464942814	1550.0	17	0.4226752859273993	465.0	0	0.0	465.0	0	0.0
login	60	78	117436.0	60	1.4917951268025857	117436.0	17	0.4226752859273993	1570.0	17	0.4226752859273993	471.0	0	0.0	471.0	0	0.0
login	60	79	118932.0	0	0.0	118932.0	29	0.7210343112879164	1590.0	27	0.6713078070611636	477.0	0	0.0	477.0	0	0.0
login	60	80	120428.0	0	0.0	120428.0	14	0.34808552958727	1610.0	23	0.5718547986076579	483.0	0	0.0	483.0	0	0.0
login	60	81	121924.0	60	1.4917951268025857	121924.0	15	0.37294878170064644	1630.0	29	0.7210343112879164	489.0	0	0.0	489.0	0	0.0
login	60	82	123420.0	0	0.0	123420.0	28	0.69617105917454	1650.0	20	0.49726504226752855	495.0	0	0.0	495.0	0	0.0
login	60	83	124916.0	0	0.0	124916.0	17	0.4226752859273993	1670.0	33	0.8204873197414222	501.0	0	0.0	501.0	0	0.0
login	60	84	126412.0	60	1.4917951268025857	126412.0	16	0.39781203381402286	1690.0	25	0.6215813028344107	507.0	0	0.0	507.0	0	0.0
login	60	85	127908.0	0	0.0	127908.0	28	0.69617105917454	1710.0	26	0.6464445549477872	513.0	0	0.0	513.0	0	0.0
login	60	86	129404.0	0	0.0	129404.0	16	0.39781203381402286	1730.0	24	0.5967180507210343	519.0	0	0.0	519.0	0	0.0
login	60	87	130900.0	60	1.4917951268025857	130900.0	14	0.34808552958727	1750.0	14	0.34808552958727	525.0	0	0.0	525.0	0	0.0
login	60	88	132396.0	0	0.0	132396.0	25	0.6215813028344107	1770.0	15	0.37294878170064644	531.0	0	0.0	531.0	0	0.0
login	60	89	133892.0	0	0.0	133892.0	21	0.522128294380905	1790.0	22	0.5469915464942814	537.0	0	0.0	537.0	0	0.0
login	60	90	135388.0	60	1.4917951268025857	135388.0	15	0.37294878170064644	1810.0	23	0.5718547986076579	543.0	0	0.0	543.0	0	0.0
login	60	91	136884.0	0	0.0	136884.0	26	0.6464445549477872	1830.0	34	0.8453505718547986	549.0	0	0.0	549.0	0	0.0
login	60	92	138380.0	0	0.0	138380.0	19	0.4724017901541521	1850.0	27	0.6713078070611636	555.0	0	0.0	555.0	0	0.0
login	60	93	139876.0	60	1.4917951268025857	139876.0	13	0.3232222774738936	1870.0	30	0.7458975634012929	561.0	0	0.0	561.0	0	0.0
login	60	94	141372.0	0	0.0	141372.0	27	0.6713078070611636	1890.0	32	0.7956240676280457	567.0	0	0.0	567.0	0	0.0
login	60	95	142868.0	0	0.0	142868.0	20	0.49726504226752855	1910.0	26	0.6464445549477872	573.0	0	0.0	573.0	0	0.0
login	60	96	144364.0	60	1.4917951268025857	144364.0	12	0.29835902536051717	1930.0	20	0.49726504226752855	579.0	0	0.0	579.0	0	0.0
login	60	97	145860.0	0	0.0	145860.0	32	0.7956240676280457	1950.0	24	0.5967180507210343	585.0	0	0.0	585.0	0	0.0
login	60	98	147356.0	0	0.0	147356.0	16	0.39781203381402286	1970.0	19	0.4724017901541521	591.0	0	0.0	591.0	0	0.0
login	60	99	148852.0	60	1.4917951268025857	148852.0	16	0.39781203381402286	1990.0	21	0.522128294380905	597.0	0	0.0	597.0	0	0.0
login	60	100	150348.0	0	0.0	150348.0	27	0.6713078070611636	2010.0	21	0.522128294380905	603.0	0	0.0	603.0	0	0.0
login	60	101	151844.0	0	0.0	151844.0	17	0.4226752859273993	2030.0	23	0.5718547986076579	609.0	0	0.0	609.0	0	0.0
login	60	102	153340.0	60	1.4917951268025857	153340.0	14	0.34808552958727	2050.0	30	0.7458975634012929	615.0	0	0.0	615.0	0	0.0
login	60	103	154836.0	0	0.0	154836.0	26	0.6464445549477872	2070.0	22	0.5469915464942814	621.0	0	0.0	621.0	0	0.0
login	60	104	156332.0	0	0.0	156332.0	20	0.49726504226752855	2090.0	30	0.7458975634012929	627.0	0	0.0	627.0	0	0.0
login	60	105	157828.0	60	1.4917951268025857	157828.0	12	0.29835902536051717	2110.0	28	0.69617105917454	633.0	0	0.0	633.0	0	0.0
login	60	106	159324.0	0	0.0	159324.0	27	0.6713078070611636	2130.0	26	0.6464445549477872	639.0	0	0.0	639.0	0	0.0
login	60	107	160820.0	0	0.0	160820.0	21	0.522128294380905	2150.0	23	0.5718547986076579	645.0	0	0.0	645.0	0	0.0
login	60	108	162316.0	60	1.4917951268025857	162316.0	10	0.24863252113376427	2170.0	22	0.5469915464942814	651.0	0	0.0	651.0	0	0.0
login	60	109	163812.0	0	0.0	163812.0	25	0.6215813028344107	2190.0	18	0.4475385380407757	657.0	0	0.0	657.0	0	0.0
login	60	110	165308.0	0	0.0	165308.0	25	0.6215813028344107	2210.0	27	0.6713078070611636	663.0	0	0.0	663.0	0	0.0
login	60	111	166804.0	60	1.4917951268025857	166804.0	8	0.19890601690701143	2230.0	30	0.7458975634012929	669.0	0	0.0	669.0	0	0.0
login	60	112	168300.0	0	0.0	168300.0	27	0.6713078070611636	2250.0	19	0.4724017901541521	675.0	0	0.0	675.0	0	0.0
login	60	113	169796.0	0	0.0	169796.0	25	0.6215813028344107	2270.0	27	0.6713078070611636	681.0	0	0.0	681.0	0	0.0
login	60	114	171292.0	60	1.4917951268025857	171292.0	6	0.14917951268025859	2290.0	24	0.5967180507210343	687.0	0	0.0	687.0	0	0.0
login	60	115	172788.0	0	0.0	172788.0	26	0.6464445549477872	2310.0	24	0.5967180507210343	693.0	0	0.0	693.0	0	0.0
login	60	116	174284.0	0	0.0	174284.0	25	0.6215813028344107	2330.0	23	0.5718547986076579	699.0	0	0.0	699.0	0	0.0
login	60	117	175780.0	60	1.4917951268025857	175780.0	7	0.174042764793635	2350.0	28	0.69617105917454	705.0	0	0.0	705.0	0	0.0
login	60	118	177276.0	0	0.0	177276.0	28	0.69617105917454	2370.0	25	0.6215813028344107	711.0	0	0.0	711.0	0	0.0
login	60	119	178772.0	0	0.0	178772.0	28	0.69617105917454	2390.0	34	0.8453505718547986	717.0	0	0.0	717.0	0	0.0
login	60	120	180268.0	60	1.4917951268025857	180268.0	8	0.19890601690701143	2410.0	21	0.522128294380905	723.0	0	0.0	723.0	0	0.0
login	60	121	181764.0	0	0.0	181764.0	26	0.6464445549477872	2430.0	13	0.3232222774738936	729.0	0	0.0	729.0	0	0.0
login	60	122	183260.0	0	0.0	183260.0	25	0.6215813028344107	2450.0	23	0.5718547986076579	735.0	0	0.0	735.0	0	0.0
login	60	123	184756.0	60	1.4917951268025857	184756.0	6	0.14917951268025859	2470.0	26	0.6464445549477872	741.0	0	0.0	741.0	0	0.0
login	60	124	186252.0	0	0.0	186252.0	28	0.69617105917454	2490.0	22	0.5469915464942814	747.0	0	0.0	747.0	0	0.0
login	60	125	187748.0	0	0.0	187748.0	24	0.5967180507210343	2510.0	27	0.6713078070611636	753.0	0	0.0	753.0	0	0.0
login	60	126	189244.0	60	1.4917951268025857	189244.0	8	0.19890601690701143	2530.0	29	0.7210343112879164	759.0	0	0.0	759.0	0	0.0
login	60	127	190740.0	0	0.0	190740.0	28	0.69617105917454	2550.0	21	0.522128294380905	765.0	0	0.0	765.0	0	0.0
login	60	128	192236.0	0	0.0	192236.0	23	0.5718547986076579	2570.0	27	0.6713078070611636	771.0	0	0.0	771.0	0	0.0
login	60	129	193732.0	60	1.4917951268025857	193732.0	5	0.12431626056688214	2590.0	24	0.5967180507210343	777.0	0	0.0	777.0	0	0.0
login	60	130	195228.0	0	0.0	195228.0	29	0.7210343112879164	2610.0	22	0.5469915464942814	783.0	0	0.0	783.0	0	0.0
login	60	131	196724.0	0	0.0	196724.0	30	0.7458975634012929	2630.0	20	0.49726504226752855	789.0	0	0.0	789.0	0	0.0
login	60	132	198220.0	60	1.4917951268025857	198220.0	6	0.14917951268025859	2650.0	15	0.37294878170064644	795.0	0	0.0	795.0	0	0.0
login	60	133	199716.0	0	0.0	199716.0	26	0.6464445549477872	2670.0	28	0.69617105917454	801.0	0	0.0	801.0	0	0.0
login	60	134	201212.0	0	0.0	201212.0	28	0.69617105917454	2690.0	38	0.9448035803083042	807.0	0	0.0	807.0	0	0.0
login	60	135	202708.0	60	1.4917951268025857	202708.0	8	0.19890601690701143	2710.0	27	0.6713078070611636	813.0	0	0.0	813.0	0	0.0
login	60	136	204204.0	0	0.0	204204.0	28	0.69617105917454	2730.0	26	0.6464445549477872	819.0	0	0.0	819.0	0	0.0
login	60	137	205700.0	0	0.0	205700.0	24	0.5967180507210343	2750.0	25	0.6215813028344107	825.0	0	0.0	825.0	0	0.0
login	60	138	207196.0	60	1.4917951268025857	207196.0	11	0.2734957732471407	2770.0	26	0.6464445549477872	831.0	0	0.0	831.0	0	0.0
login	60	139	208692.0	0	0.0	208692.0	26	0.6464445549477872	2790.0	16	0.39781203381402286	837.0	0	0.0	837.0	0	0.0
login	60	140	210188.0	0	0.0	210188.0	23	0.5718547986076579	2810.0	23	0.5718547986076579	843.0	0	0.0	843.0	0	0.0
login	60	141	211684.0	60	1.4917951268025857	211684.0	12	0.29835902536051717	2830.0	21	0.522128294380905	849.0	0	0.0	849.0	0	0.0
login	60	142	213180.0	0	0.0	213180.0	24	0.5967180507210343	2850.0	22	0.5469915464942814	855.0	0	0.0	855.0	0	0.0
login	60	143	214676.0	0	0.0	214676.0	24	0.5967180507210343	2870.0	20	0.49726504226752855	861.0	0	0.0	861.0	0	0.0
login	60	144	216172.0	60	1.4917951268025857	216172.0	11	0.2734957732471407	2890.0	31	0.7707608155146692	867.0	0	0.0	867.0	0	0.0
login	60	145	217668.0	0	0.0	217668.0	23	0.5718547986076579	2910.0	28	0.69617105917454	873.0	0	0.0	873.0	0	0.0
login	60	146	219164.0	0	0.0	219164.0	26	0.6464445549477872	2930.0	25	0.6215813028344107	879.0	0	0.0	879.0	0	0.0
login	60	147	220660.0	60	1.4917951268025857	220660.0	10	0.24863252113376427	2950.0	18	0.4475385380407757	885.0	0	0.0	885.0	0	0.0
login	60	148	222156.0	0	0.0	222156.0	27	0.6713078070611636	2970.0	29	0.7210343112879164	891.0	0	0.0	891.0	0	0.0
login	60	149	223652.0	0	0.0	223652.0	23	0.5718547986076579	2990.0	23	0.5718547986076579	897.0	0	0.0	897.0	0	0.0
login	60	150	225148.0	60	1.4917951268025857	225148.0	9	0.22376926902038785	3010.0	27	0.6713078070611636	903.0	0	0.0	903.0	0	0.0
login	60	151	226644.0	0	0.0	226644.0	27	0.6713078070611636	3030.0	18	0.4475385380407757	909.0	0	0.0	909.0	0	0.0
login	60	152	228140.0	0	0.0	228140.0	24	0.5967180507210343	3050.0	26	0.6464445549477872	915.0	0	0.0	915.0	0	0.0
login	60	153	229636.0	60	1.4917951268025857	229636.0	10	0.24863252113376427	3070.0	16	0.39781203381402286	921.0	0	0.0	921.0	0	0.0
login	60	154	231132.0	0	0.0	231132.0	25	0.6215813028344107	3090.0	27	0.6713078070611636	927.0	0	0.0	927.0	0	0.0
login	60	155	232628.0	0	0.0	232628.0	25	0.6215813028344107	3110.0	26	0.6464445549477872	933.0	0	0.0	933.0	0	0.0
login	60	156	234124.0	60	1.4917951268025857	234124.0	8	0.19890601690701143	3130.0	25	0.6215813028344107	939.0	0	0.0	939.0	0	0.0
login	60	157	235620.0	0	0.0	235620.0	29	0.7210343112879164	3150.0	32	0.7956240676280457	945.0	0	0.0	945.0	0	0.0
login	60	158	237116.0	0	0.0	237116.0	23	0.5718547986076579	3170.0	16	0.39781203381402286	951.0	0	0.0	951.0	0	0.0
login	60	159	238612.0	60	1.4917951268025857	238612.0	14	0.34808552958727	3190.0	29	0.7210343112879164	957.0	0	0.0	957.0	0	0.0
login	60	160	240108.0	0	0.0	240108.0	30	0.7458975634012929	3210.0	20	0.49726504226752855	963.0	0	0.0	963.0	0	0.0
login	60	161	241604.0	0	0.0	241604.0	16	0.39781203381402286	3230.0	24	0.5967180507210343	969.0	0	0.0	969.0	0	0.0
login	60	162	243100.0	60	1.4917951268025857	243100.0	17	0.4226752859273993	3250.0	17	0.4226752859273993	975.0	0	0.0	975.0	0	0.0
login	60	163	244596.0	0	0.0	244596.0	26	0.6464445549477872	3270.0	16	0.39781203381402286	981.0	0	0.0	981.0	0	0.0
login	60	164	246092.0	0	0.0	246092.0	17	0.4226752859273993	3290.0	21	0.522128294380905	987.0	0	0.0	987.0	0	0.0
login	60	165	247588.0	60	1.4917951268025857	247588.0	19	0.4724017901541521	3310.0	17	0.4226752859273993	993.0	0	0.0	993.0	0	0.0
login	60	166	249084.0	0	0.0	249084.0	29	0.7210343112879164	3330.0	20	0.49726504226752855	999.0	0	0.0	999.0	0	0.0
login	60	167	250580.0	0	0.0	250580.0	12	0.29835902536051717	3350.0	24	0.5967180507210343	1005.0	0	0.0	1005.0	0	0.0
login	60	168	252076.0	60	1.4917951268025857	252076.0	20	0.49726504226752855	3370.0	13	0.3232222774738936	1011.0	0	0.0	1011.0	0	0.0
login	60	169	253572.0	0	0.0	253572.0	28	0.69617105917454	3390.0	18	0.4475385380407757	1017.0	0	0.0	1017.0	0	0.0
login	60	170	255068.0	0	0.0	255068.0	12	0.29835902536051717	3410.0	19	0.4724017901541521	1023.0	0	0.0	1023.0	0	0.0
login	60	171	256564.0	60	1.4917951268025857	256564.0	23	0.5718547986076579	3430.0	13	0.3232222774738936	1029.0	0	0.0	1029.0	0	0.0
login	60	172	258060.0	0	0.0	258060.0	26	0.6464445549477872	3450.0	13	0.3232222774738936	1035.0	0	0.0	1035.0	0	0.0
login	60	173	259556.0	0	0.0	259556.0	11	0.2734957732471407	3470.0	4	0.09945300845350571	1041.0	0	0.0	1041.0	0	0.0
login	60	174	261052.0	60	1.4917951268025857	261052.0	22	0.5469915464942814	3490.0	12	0.29835902536051717	1047.0	0	0.0	1047.0	0	0.0
login	60	175	262548.0	0	0.0	262548.0	26	0.6464445549477872	3510.0	8	0.19890601690701143	1053.0	0	0.0	1053.0	0	0.0
login	60	176	264044.0	0	0.0	264044.0	12	0.29835902536051717	3530.0	10	0.24863252113376427	1059.0	0	0.0	1059.0	0	0.0
login	60	177	265540.0	60	1.4917951268025857	265540.0	20	0.49726504226752855	3550.0	6	0.14917951268025859	1065.0	0	0.0	1065.0	0	0.0
login	60	178	267036.0	0	0.0	267036.0	28	0.69617105917454	3570.0	3	0.07458975634012929	1071.0	0	0.0	1071.0	0	0.0
login	60	179	268532.0	0	0.0	268532.0	12	0.29835902536051717	3590.0	3	0.07458975634012929	1077.0	0	0.0	1077.0	0	0.0
login	60	180	270028.0	60	1.4917951268025857	270028.0	22	0.5469915464942814	3610.0	5	0.12431626056688214	1083.0	0	0.0	1083.0	0	0.0
login	60	181	271524.0	0	0.0	271524.0	27	0.6713078070611636	3630.0	3	0.07458975634012929	1089.0	0	0.0	1089.0	0	0.0
login	60	182	273020.0	0	0.0	273020.0	11	0.2734957732471407	3650.0	2	0.04972650422675286	1095.0	0	0.0	1095.0	0	0.0
login	60	183	274516.0	60	1.4917951268025857	274516.0	23	0.5718547986076579	3670.0	0	0.0	1101.0	0	0.0	1101.0	0	0.0
login	60	184	276012.0	0	0.0	276012.0	26	0.6464445549477872	3690.0	1	0.02486325211337643	1107.0	0	0.0	1107.0	0	0.0
login	60	185	277508.0	1	0.02486325211337643	277508.0	12	0.29835902536051717	3710.0	0	0.0	1113.0	0	0.0	1113.0	0	0.0
login	60	186	279004.0	60	1.4917951268025857	279004.0	23	0.5718547986076579	3730.0	0	0.0	1119.0	0	0.0	1119.0	0	0.0
login	60	187	280500.0	0	0.0	280500.0	27	0.6713078070611636	3750.0	1	0.02486325211337643	1125.0	0	0.0	1125.0	0	0.0
login	60	188	281996.0	0	0.0	281996.0	10	0.24863252113376427	3770.0	0	0.0	1131.0	0	0.0	1131.0	0	0.0
login	60	189	283492.0	60	1.4917951268025857	283492.0	25	0.6215813028344107	3790.0	0	0.0	1137.0	0	0.0	1137.0	0	0.0
login	60	190	284988.0	0	0.0	284988.0	28	0.69617105917454	3810.0	0	0.0	1143.0	0	0.0	1143.0	0	0.0
login	60	191	286484.0	60	1.4917951268025857	286484.0	7	0.174042764793635	3830.0	1	0.02486325211337643	1149.0	0	0.0	1149.0	0	0.0
login	60	192	287980.0	0	0.0	287980.0	25	0.6215813028344107	3850.0	1	0.02486325211337643	1155.0	0	0.0	1155.0	0	0.0
login	60	193	289476.0	0	0.0	289476.0	30	0.7458975634012929	3870.0	0	0.0	1161.0	0	0.0	1161.0	0	0.0
login	60	194	290972.0	60	1.4917951268025857	290972.0	6	0.14917951268025859	3890.0	0	0.0	1167.0	0	0.0	1167.0	0	0.0
login	60	195	292468.0	0	0.0	292468.0	29	0.7210343112879164	3910.0	0	0.0	1173.0	0	0.0	1173.0	0	0.0
login	60	196	293964.0	0	0.0	293964.0	27	0.6713078070611636	3930.0	0	0.0	1179.0	0	0.0	1179.0	0	0.0
login	60	197	295460.0	60	1.4917951268025857	295460.0	6	0.14917951268025859	3950.0	0	0.0	1185.0	0	0.0	1185.0	0	0.0
login	60	198	296956.0	0	0.0	296956.0	28	0.69617105917454	3970.0	0	0.0	1191.0	0	0.0	1191.0	0	0.0
login	60	199	298452.0	0	0.0	298452.0	29	0.7210343112879164	3990.0	0	0.0	1197.0	0	0.0	1197.0	0	0.0
info	60	0	747.5	28	0.69617105917454	747.5	5	0.12431626056688214	9.0	9	0.22376926902038785	3.0	4022	100.0	3.0	4022	100.0
info	60	1	2242.5	25	0.6215813028344107	2242.5	6	0.14917951268025859	27.0	13	0.3232222774738936	9.0	0	0.0	9.0	0	0.0
info	60	2	3737.5	7	0.174042764793635	3737.5	49	1.218299353555445	45.0	30	0.7458975634012929	15.0	0	0.0	15.0	0	0.0
info	60	3	5232.5	24	0.5967180507210343	5232.5	1	0.02486325211337643	63.0	57	1.4172053704624565	21.0	0	0.0	21.0	0	0.0
info	60	4	6727.5	28	0.69617105917454	6727.5	0	0.0	81.0	64	1.5912481352560914	27.0	0	0.0	27.0	0	0.0
info	60	5	8222.5	8	0.19890601690701143	8222.5	59	1.4669318746892093	99.0	46	1.1437095972153157	33.0	0	0.0	33.0	0	0.0
info	60	6	9717.5	29	0.7210343112879164	9717.5	0	0.0	117.0	45	1.1188463451019393	39.0	0	0.0	39.0	0	0.0
info	60	7	11212.5	28	0.69617105917454	11212.5	12	0.29835902536051717	135.0	32	0.7956240676280457	45.0	0	0.0	45.0	0	0.0
info	60	8	12707.5	6	0.14917951268025859	12707.5	48	1.1934361014420687	153.0	32	0.7956240676280457	51.0	0	0.0	51.0	0	0.0
info	60	9	14202.5	27	0.6713078070611636	14202.5	2	0.04972650422675286	171.0	14	0.34808552958727	57.0	0	0.0	57.0	0	0.0
info	60	10	15697.5	27	0.6713078070611636	15697.5	26	0.6464445549477872	189.0	18	0.4475385380407757	63.0	0	0.0	63.0	0	0.0
info	60	11	17192.5	6	0.14917951268025859	17192.5	32	0.7956240676280457	207.0	27	0.6713078070611636	69.0	0	0.0	69.0	0	0.0
info	60	12	18687.5	25	0.6215813028344107	18687.5	0	0.0	225.0	29	0.7210343112879164	75.0	0	0.0	75.0	0	0.0
info	60	13	20182.5	26	0.6464445549477872	20182.5	0	0.0	243.0	16	0.39781203381402286	81.0	0	0.0	81.0	0	0.0
info	60	14	21677.5	6	0.14917951268025859	21677.5	60	1.4917951268025857	261.0	19	0.4724017901541521	87.0	0	0.0	87.0	0	0.0
info	60	15	23172.5	24	0.5967180507210343	23172.5	0	0.0	279.0	34	0.8453505718547986	93.0	0	0.0	93.0	0	0.0
info	60	16	24667.5	26	0.6464445549477872	24667.5	1	0.02486325211337643	297.0	21	0.522128294380905	99.0	0	0.0	99.0	0	0.0
info	60	17	26162.5	10	0.24863252113376427	26162.5	59	1.4669318746892093	315.0	25	0.6215813028344107	105.0	0	0.0	105.0	0	0.0
info	60	18	27657.5	24	0.5967180507210343	27657.5	2	0.04972650422675286	333.0	22	0.5469915464942814	111.0	0	0.0	111.0	0	0.0
info	60	19	29152.5	27	0.6713078070611636	29152.5	1	0.02486325211337643	351.0	21	0.522128294380905	117.0	0	0.0	117.0	0	0.0
info	60	20	30647.5	9	0.22376926902038785	30647.5	57	1.4172053704624565	369.0	20	0.49726504226752855	123.0	0	0.0	123.0	0	0.0
info	60	21	32142.5	22	0.5469915464942814	32142.5	0	0.0	387.0	18	0.4475385380407757	129.0	0	0.0	129.0	0	0.0
info	60	22	33637.5	24	0.5967180507210343	33637.5	0	0.0	405.0	34	0.8453505718547986	135.0	0	0.0	135.0	0	0.0
info	60	23	35132.5	14	0.34808552958727	35132.5	60	1.4917951268025857	423.0	16	0.39781203381402286	141.0	0	0.0	141.0	0	0.0
info	60	24	36627.5	23	0.5718547986076579	36627.5	0	0.0	441.0	19	0.4724017901541521	147.0	0	0.0	147.0	0	0.0
info	60	25	38122.5	27	0.6713078070611636	38122.5	0	0.0	459.0	19	0.4724017901541521	153.0	0	0.0	153.0	0	0.0
info	60	26	39617.5	10	0.24863252113376427	39617.5	60	1.4917951268025857	477.0	25	0.6215813028344107	159.0	0	0.0	159.0	0	0.0
info	60	27	41112.5	24	0.5967180507210343	41112.5	0	0.0	495.0	27	0.6713078070611636	165.0	0	0.0	165.0	0	0.0
info	60	28	42607.5	24	0.5967180507210343	42607.5	2	0.04972650422675286	513.0	22	0.5469915464942814	171.0	0	0.0	171.0	0	0.0
info	60	29	44102.5	12	0.29835902536051717	44102.5	58	1.4420686225758328	531.0	23	0.5718547986076579	177.0	0	0.0	177.0	0	0.0
info	60	30	45597.5	25	0.6215813028344107	45597.5	0	0.0	549.0	15	0.37294878170064644	183.0	0	0.0	183.0	0	0.0
info	60	31	47092.5	27	0.6713078070611636	47092.5	0	0.0	567.0	15	0.37294878170064644	189.0	0	0.0	189.0	0	0.0
info	60	32	48587.5	8	0.19890601690701143	48587.5	60	1.4917951268025857	585.0	29	0.7210343112879164	195.0	0	0.0	195.0	0	0.0
info	60	33	50082.5	22	0.5469915464942814	50082.5	0	0.0	603.0	28	0.69617105917454	201.0	0	0.0	201.0	0	0.0
info	60	34	51577.5	23	0.5718547986076579	51577.5	0	0.0	621.0	27	0.6713078070611636	207.0	0	0.0	207.0	0	0.0
info	60	35	53072.5	15	0.37294878170064644	53072.5	60	1.4917951268025857	639.0	16	0.39781203381402286	213.0	0	0.0	213.0	0	0.0
info	60	36	54567.5	20	0.49726504226752855	54567.5	1	0.02486325211337643	657.0	33	0.8204873197414222	219.0	0	0.0	219.0	0	0.0
info	60	37	56062.5	30	0.7458975634012929	56062.5	1	0.02486325211337643	675.0	14	0.34808552958727	225.0	0	0.0	225.0	0	0.0
info	60	38	57557.5	11	0.2734957732471407	57557.5	59	1.4669318746892093	693.0	27	0.6713078070611636	231.0	0	0.0	231.0	0	0.0
info	60	39	59052.5	20	0.49726504226752855	59052.5	2	0.04972650422675286	711.0	20	0.49726504226752855	237.0	0	0.0	237.0	0	0.0
info	60	40	60547.5	28	0.69617105917454	60547.5	0	0.0	729.0	18	0.4475385380407757	243.0	0	0.0	243.0	0	0.0
info	60	41	62042.5	12	0.29835902536051717	62042.5	58	1.4420686225758328	747.0	20	0.49726504226752855	249.0	0	0.0	249.0	0	0.0
info	60	42	63537.5	18	0.4475385380407757	63537.5	1	0.02486325211337643	765.0	24	0.5967180507210343	255.0	0	0.0	255.0	0	0.0
info	60	43	65032.5	29	0.7210343112879164	65032.5	1	0.02486325211337643	783.0	26	0.6464445549477872	261.0	0	0.0	261.0	0	0.0
info	60	44	66527.5	13	0.3232222774738936	66527.5	58	1.4420686225758328	801.0	26	0.6464445549477872	267.0	0	0.0	267.0	0	0.0
info	60	45	68022.5	22	0.5469915464942814	68022.5	0	0.0	819.0	26	0.6464445549477872	273.0	0	0.0	273.0	0	0.0
info	60	46	69517.5	26	0.6464445549477872	69517.5	0	0.0	837.0	19	0.4724017901541521	279.0	0	0.0	279.0	0	0.0
info	60	47	71012.5	12	0.29835902536051717	71012.5	60	1.4917951268025857	855.0	28	0.69617105917454	285.0	0	0.0	285.0	0	0.0
info	60	48	72507.5	21	0.522128294380905	72507.5	0	0.0	873.0	22	0.5469915464942814	291.0	0	0.0	291.0	0	0.0
info	60	49	74002.5	26	0.6464445549477872	74002.5	0	0.0	891.0	23	0.5718547986076579	297.0	0	0.0	297.0	0	0.0
info	60	50	75497.5	13	0.3232222774738936	75497.5	60	1.4917951268025857	909.0	23	0.5718547986076579	303.0	0	0.0	303.0	0	0.0
info	60	51	76992.5	19	0.4724017901541521	76992.5	0	0.0	927.0	19	0.4724017901541521	309.0	0	0.0	309.0	0	0.0
info	60	52	78487.5	26	0.6464445549477872	78487.5	0	0.0	945.0	14	0.34808552958727	315.0	0	0.0	315.0	0	0.0
info	60	53	79982.5	15	0.37294878170064644	79982.5	60	1.4917951268025857	963.0	15	0.37294878170064644	321.0	0	0.0	321.0	0	0.0
info	60	54	81477.5	19	0.4724017901541521	81477.5	0	0.0	981.0	17	0.4226752859273993	327.0	0	0.0	327.0	0	0.0
info	60	55	82972.5	27	0.6713078070611636	82972.5	0	0.0	999.0	35	0.870213823968175	333.0	0	0.0	333.0	0	0.0
info	60	56	84467.5	14	0.34808552958727	84467.5	60	1.4917951268025857	1017.0	26	0.6464445549477872	339.0	0	0.0	339.0	0	0.0
info	60	57	85962.5	20	0.49726504226752855	85962.5	0	0.0	1035.0	20	0.49726504226752855	345.0	0	0.0	345.0	0	0.0
info	60	58	87457.5	27	0.6713078070611636	87457.5	0	0.0	1053.0	20	0.49726504226752855	351.0	0	0.0	351.0	0	0.0
info	60	59	88952.5	13	0.3232222774738936	88952.5	60	1.4917951268025857	1071.0	27	0.6713078070611636	357.0	0	0.0	357.0	0	0.0
info	60	60	90447.5	20	0.49726504226752855	90447.5	0	0.0	1089.0	24	0.5967180507210343	363.0	0	0.0	363.0	0	0.0
info	60	61	91942.5	29	0.7210343112879164	91942.5	0	0.0	1107.0	16	0.39781203381402286	369.0	0	0.0	369.0	0	0.0
info	60	62	93437.5	11	0.2734957732471407	93437.5	60	1.4917951268025857	1125.0	19	0.4724017901541521	375.0	0	0.0	375.0	0	0.0
info	60	63	94932.5	22	0.5469915464942814	94932.5	0	0.0	1143.0	21	0.522128294380905	381.0	0	0.0	381.0	0	0.0
info	60	64	96427.5	29	0.7210343112879164	96427.5	2	0.04972650422675286	1161.0	15	0.37294878170064644	387.0	0	0.0	387.0	0	0.0
info	60	65	97922.5	9	0.22376926902038785	97922.5	58	1.4420686225758328	1179.0	21	0.522128294380905	393.0	0	0.0	393.0	0	0.0
info	60	66	99417.5	24	0.5967180507210343	99417.5	2	0.04972650422675286	1197.0	32	0.7956240676280457	399.0	0	0.0	399.0	0	0.0
info	60	67	100912.5	24	0.5967180507210343	100912.5	0	0.0	1215.0	24	0.5967180507210343	405.0	0	0.0	405.0	0	0.0
info	60	68	102407.5	12	0.29835902536051717	102407.5	58	1.4420686225758328	1233.0	18	0.4475385380407757	411.0	0	0.0	411.0	0	0.0
info	60	69	103902.5	22	0.5469915464942814	103902.5	0	0.0	1251.0	26	0.6464445549477872	417.0	0	0.0	417.0	0	0.0
info	60	70	105397.5	25	0.6215813028344107	105397.5	0	0.0	1269.0	21	0.522128294380905	423.0	0	0.0	423.0	0	0.0
info	60	71	106892.5	13	0.3232222774738936	106892.5	60	1.4917951268025857	1287.0	31	0.7707608155146692	429.0	0	0.0	429.0	0	0.0
info	60	72	108387.5	19	0.4724017901541521	108387.5	0	0.0	1305.0	30	0.7458975634012929	435.0	0	0.0	435.0	0	0.0
info	60	73	109882.5	25	0.6215813028344107	109882.5	2	0.04972650422675286	1323.0	13	0.3232222774738936	441.0	0	0.0	441.0	0	0.0
info	60	74	111377.5	16	0.39781203381402286	111377.5	58	1.4420686225758328	1341.0	21	0.522128294380905	447.0	0	0.0	447.0	0	0.0
info	60	75	112872.5	18	0.4475385380407757	112872.5	0	0.0	1359.0	17	0.4226752859273993	453.0	0	0.0	453.0	0	0.0
info	60	76	114367.5	29	0.7210343112879164	114367.5	2	0.04972650422675286	1377.0	18	0.4475385380407757	459.0	0	0.0	459.0	0	0.0
info	60	77	115862.5	13	0.3232222774738936	115862.5	58	1.4420686225758328	1395.0	26	0.6464445549477872	465.0	0	0.0	465.0	0	0.0
info	60	78	117357.5	24	0.5967180507210343	117357.5	0	0.0	1413.0	30	0.7458975634012929	471.0	0	0.0	471.0	0	0.0
info	60	79	118852.5	27	0.6713078070611636	118852.5	0	0.0	1431.0	19	0.4724017901541521	477.0	0	0.0	477.0	0	0.0
info	60	80	120347.5	9	0.22376926902038785	120347.5	60	1.4917951268025857	1449.0	25	0.6215813028344107	483.0	0	0.0	483.0	0	0.0
info	60	81	121842.5	22	0.5469915464942814	121842.5	0	0.0	1467.0	26	0.6464445549477872	489.0	0	0.0	489.0	0	0.0
info	60	82	123337.5	28	0.69617105917454	123337.5	0	0.0	1485.0	26	0.6464445549477872	495.0	0	0.0	495.0	0	0.0
info	60	83	124832.5	10	0.24863252113376427	124832.5	60	1.4917951268025857	1503.0	25	0.6215813028344107	501.0	0	0.0	501.0	0	0.0
info	60	84	126327.5	22	0.5469915464942814	126327.5	0	0.0	1521.0	17	0.4226752859273993	507.0	0	0.0	507.0	0	0.0
info	60	85	127822.5	26	0.6464445549477872	127822.5	0	0.0	1539.0	14	0.34808552958727	513.0	0	0.0	513.0	0	0.0
info	60	86	129317.5	12	0.29835902536051717	129317.5	60	1.4917951268025857	1557.0	19	0.4724017901541521	519.0	0	0.0	519.0	0	0.0
info	60	87	130812.5	19	0.4724017901541521	130812.5	0	0.0	1575.0	12	0.29835902536051717	525.0	0	0.0	525.0	0	0.0
info	60	88	132307.5	26	0.6464445549477872	132307.5	0	0.0	1593.0	24	0.5967180507210343	531.0	0	0.0	531.0	0	0.0
info	60	89	133802.5	15	0.37294878170064644	133802.5	60	1.4917951268025857	1611.0	29	0.7210343112879164	537.0	0	0.0	537.0	0	0.0
info	60	90	135297.5	21	0.522128294380905	135297.5	4	0.09945300845350571	1629.0	21	0.522128294380905	543.0	0	0.0	543.0	0	0.0
info	60	91	136792.5	26	0.6464445549477872	136792.5	1	0.02486325211337643	1647.0	27	0.6713078070611636	549.0	0	0.0	549.0	0	0.0
info	60	92	138287.5	13	0.3232222774738936	138287.5	55	1.3674788662357036	1665.0	24	0.5967180507210343	555.0	0	0.0	555.0	0	0.0
info	60	93	139782.5	18	0.4475385380407757	139782.5	1	0.02486325211337643	1683.0	20	0.49726504226752855	561.0	0	0.0	561.0	0	0.0
info	60	94	141277.5	27	0.6713078070611636	141277.5	0	0.0	1701.0	25	0.6215813028344107	567.0	0	0.0	567.0	0	0.0
info	60	95	142772.5	15	0.37294878170064644	142772.5	59	1.4669318746892093	1719.0	18	0.4475385380407757	573.0	0	0.0	573.0	0	0.0
info	60	96	144267.5	19	0.4724017901541521	144267.5	0	0.0	1737.0	24	0.5967180507210343	579.0	0	0.0	579.0	0	0.0
info	60	97	145762.5	29	0.7210343112879164	145762.5	2	0.04972650422675286	1755.0	25	0.6215813028344107	585.0	0	0.0	585.0	0	0.0
info	60	98	147257.5	12	0.29835902536051717	147257.5	58	1.4420686225758328	1773.0	18	0.4475385380407757	591.0	0	0.0	591.0	0	0.0
info	60	99	148752.5	22	0.5469915464942814	148752.5	0	0.0	1791.0	15	0.37294878170064644	597.0	0	0.0	597.0	0	0.0
info	60	100	150247.5	26	0.6464445549477872	150247.5	1	0.02486325211337643	1809.0	23	0.5718547986076579	603.0	0	0.0	603.0	0	0.0
info	60	101	151742.5	12	0.29835902536051717	151742.5	59	1.4669318746892093	1827.0	30	0.7458975634012929	609.0	0	0.0	609.0	0	0.0
info	60	102	153237.5	20	0.49726504226752855	153237.5	0	0.0	1845.0	21	0.522128294380905	615.0	0	0.0	615.0	0	0.0
info	60	103	154732.5	28	0.69617105917454	154732.5	0	0.0	1863.0	31	0.7707608155146692	621.0	0	0.0	621.0	0	0.0
info	60	104	156227.5	12	0.29835902536051717	156227.5	60	1.4917951268025857	1881.0	21	0.522128294380905	627.0	0	0.0	627.0	0	0.0
info	60	105	157722.5	19	0.4724017901541521	157722.5	0	0.0	1899.0	23	0.5718547986076579	633.0	0	0.0	633.0	0	0.0
info	60	106	159217.5	26	0.6464445549477872	159217.5	0	0.0	1917.0	25	0.6215813028344107	639.0	0	0.0	639.0	0	0.0
info	60	107	160712.5	15	0.37294878170064644	160712.5	60	1.4917951268025857	1935.0	20	0.49726504226752855	645.0	0	0.0	645.0	0	0.0
info	60	108	162207.5	14	0.34808552958727	162207.5	0	0.0	1953.0	24	0.5967180507210343	651.0	0	0.0	651.0	0	0.0
info	60	109	163702.5	27	0.6713078070611636	163702.5	1	0.02486325211337643	1971.0	18	0.4475385380407757	657.0	0	0.0	657.0	0	0.0
info	60	110	165197.5	19	0.4724017901541521	165197.5	59	1.4669318746892093	1989.0	25	0.6215813028344107	663.0	0	0.0	663.0	0	0.0
info	60	111	166692.5	13	0.3232222774738936	166692.5	0	0.0	2007.0	26	0.6464445549477872	669.0	0	0.0	669.0	0	0.0
info	60	112	168187.5	27	0.6713078070611636	168187.5	2	0.04972650422675286	2025.0	16	0.39781203381402286	675.0	0	0.0	675.0	0	0.0
info	60	113	169682.5	20	0.49726504226752855	169682.5	58	1.4420686225758328	2043.0	28	0.69617105917454	681.0	0	0.0	681.0	0	0.0
info	60	114	171177.5	12	0.29835902536051717	171177.5	2	0.04972650422675286	2061.0	21	0.522128294380905	687.0	0	0.0	687.0	0	0.0
info	60	115	172672.5	24	0.5967180507210343	172672.5	0	0.0	2079.0	12	0.29835902536051717	693.0	0	0.0	693.0	0	0.0
info	60	116	174167.5	24	0.5967180507210343	174167.5	58	1.4420686225758328	2097.0	26	0.6464445549477872	699.0	0	0.0	699.0	0	0.0
info	60	117	175662.5	10	0.24863252113376427	175662.5	0	0.0	2115.0	20	0.49726504226752855	705.0	0	0.0	705.0	0	0.0
info	60	118	177157.5	27	0.6713078070611636	177157.5	0	0.0	2133.0	21	0.522128294380905	711.0	0	0.0	711.0	0	0.0
info	60	119	178652.5	23	0.5718547986076579	178652.5	60	1.4917951268025857	2151.0	19	0.4724017901541521	717.0	0	0.0	717.0	0	0.0
info	60	120	180147.5	12	0.29835902536051717	180147.5	0	0.0	2169.0	26	0.6464445549477872	723.0	0	0.0	723.0	0	0.0
info	60	121	181642.5	26	0.6464445549477872	181642.5	0	0.0	2187.0	23	0.5718547986076579	729.0	0	0.0	729.0	0	0.0
info	60	122	183137.5	22	0.5469915464942814	183137.5	60	1.4917951268025857	2205.0	27	0.6713078070611636	735.0	0	0.0	735.0	0	0.0
info	60	123	184632.5	10	0.24863252113376427	184632.5	0	0.0	2223.0	20	0.49726504226752855	741.0	0	0.0	741.0	0	0.0
info	60	124	186127.5	26	0.6464445549477872	186127.5	1	0.02486325211337643	2241.0	22	0.5469915464942814	747.0	0	0.0	747.0	0	0.0
info	60	125	187622.5	24	0.5967180507210343	187622.5	59	1.4669318746892093	2259.0	15	0.37294878170064644	753.0	0	0.0	753.0	0	0.0
info	60	126	189117.5	9	0.22376926902038785	189117.5	0	0.0	2277.0	26	0.6464445549477872	759.0	0	0.0	759.0	0	0.0
info	60	127	190612.5	27	0.6713078070611636	190612.5	0	0.0	2295.0	28	0.69617105917454	765.0	0	0.0	765.0	0	0.0
info	60	128	192107.5	24	0.5967180507210343	192107.5	60	1.4917951268025857	2313.0	18	0.4475385380407757	771.0	0	0.0	771.0	0	0.0
info	60	129	193602.5	6	0.14917951268025859	193602.5	0	0.0	2331.0	18	0.4475385380407757	777.0	0	0.0	777.0	0	0.0
info	60	130	195097.5	32	0.7956240676280457	195097.5	0	0.0	2349.0	21	0.522128294380905	783.0	0	0.0	783.0	0	0.0
info	60	131	196592.5	22	0.5469915464942814	196592.5	60	1.4917951268025857	2367.0	17	0.4226752859273993	789.0	0	0.0	789.0	0	0.0
info	60	132	198087.5	11	0.2734957732471407	198087.5	0	0.0	2385.0	25	0.6215813028344107	795.0	0	0.0	795.0	0	0.0
info	60	133	199582.5	27	0.6713078070611636	199582.5	1	0.02486325211337643	2403.0	29	0.7210343112879164	801.0	0	0.0	801.0	0	0.0
info	60	134	201077.5	22	0.5469915464942814	201077.5	59	1.4669318746892093	2421.0	15	0.37294878170064644	807.0	0	0.0	807.0	0	0.0
info	60	135	202572.5	13	0.3232222774738936	202572.5	0	0.0	2439.0	23	0.5718547986076579	813.0	0	0.0	813.0	0	0.0
info	60	136	204067.5	27	0.6713078070611636	204067.5	0	0.0	2457.0	17	0.4226752859273993	819.0	0	0.0	819.0	0	0.0
info	60	137	205562.5	20	0.49726504226752855	205562.5	60	1.4917951268025857	2475.0	30	0.7458975634012929	825.0	0	0.0	825.0	0	0.0
info	60	138	207057.5	15	0.37294878170064644	207057.5	0	0.0	2493.0	20	0.49726504226752855	831.0	0	0.0	831.0	0	0.0
info	60	139	208552.5	26	0.6464445549477872	208552.5	0	0.0	2511.0	21	0.522128294380905	837.0	0	0.0	837.0	0	0.0
info	60	140	210047.5	19	0.4724017901541521	210047.5	60	1.4917951268025857	2529.0	15	0.37294878170064644	843.0	0	0.0	843.0	0	0.0
info	60	141	211542.5	16	0.39781203381402286	211542.5	0	0.0	2547.0	17	0.4226752859273993	849.0	0	0.0	849.0	0	0.0
info	60	142	213037.5	25	0.6215813028344107	213037.5	0	0.0	2565.0	22	0.5469915464942814	855.0	0	0.0	855.0	0	0.0
info	60	143	214532.5	19	0.4724017901541521	214532.5	60	1.4917951268025857	2583.0	25	0.6215813028344107	861.0	0	0.0	861.0	0	0.0
info	60	144	216027.5	15	0.37294878170064644	216027.5	0	0.0	2601.0	31	0.7707608155146692	867.0	0	0.0	867.0	0	0.0
info	60	145	217522.5	25	0.6215813028344107	217522.5	1	0.02486325211337643	2619.0	28	0.69617105917454	873.0	0	0.0	873.0	0	0.0
info	60	146	219017.5	20	0.49726504226752855	219017.5	59	1.4669318746892093	2637.0	23	0.5718547986076579	879.0	0	0.0	879.0	0	0.0
info	60	147	220512.5	14	0.34808552958727	220512.5	0	0.0	2655.0	23	0.5718547986076579	885.0	0	0.0	885.0	0	0.0
info	60	148	222007.5	28	0.69617105917454	222007.5	1	0.02486325211337643	2673.0	20	0.49726504226752855	891.0	0	0.0	891.0	0	0.0
info	60	149	223502.5	18	0.4475385380407757	223502.5	59	1.4669318746892093	2691.0	24	0.5967180507210343	897.0	0	0.0	897.0	0	0.0
info	60	150	224997.5	14	0.34808552958727	224997.5	0	0.0	2709.0	33	0.8204873197414222	903.0	0	0.0	903.0	0	0.0
info	60	151	226492.5	28	0.69617105917454	226492.5	2	0.04972650422675286	2727.0	14	0.34808552958727	909.0	0	0.0	909.0	0	0.0
info	60	152	227987.5	18	0.4475385380407757	227987.5	58	1.4420686225758328	2745.0	19	0.4724017901541521	915.0	0	0.0	915.0	0	0.0
info	60	153	229482.5	11	0.2734957732471407	229482.5	0	0.0	2763.0	14	0.34808552958727	921.0	0	0.0	921.0	0	0.0
info	60	154	230977.5	28	0.69617105917454	230977.5	0	0.0	2781.0	28	0.69617105917454	927.0	0	0.0	927.0	0	0.0
info	60	155	232472.5	21	0.522128294380905	232472.5	60	1.4917951268025857	2799.0	34	0.8453505718547986	933.0	0	0.0	933.0	0	0.0
info	60	156	233967.5	12	0.29835902536051717	233967.5	0	0.0	2817.0	21	0.522128294380905	939.0	0	0.0	939.0	0	0.0
info	60	157	235462.5	30	0.7458975634012929	235462.5	2	0.04972650422675286	2835.0	23	0.5718547986076579	945.0	0	0.0	945.0	0	0.0
info	60	158	236957.5	18	0.4475385380407757	236957.5	58	1.4420686225758328	2853.0	17	0.4226752859273993	951.0	0	0.0	951.0	0	0.0
info	60	159	238452.5	18	0.4475385380407757	238452.5	2	0.04972650422675286	2871.0	15	0.37294878170064644	957.0	0	0.0	957.0	0	0.0
info	60	160	239947.5	32	0.7956240676280457	239947.5	0	0.0	2889.0	23	0.5718547986076579	963.0	0	0.0	963.0	0	0.0
info	60	161	241442.5	10	0.24863252113376427	241442.5	58	1.4420686225758328	2907.0	31	0.7707608155146692	969.0	0	0.0	969.0	0	0.0
info	60	162	242937.5	21	0.522128294380905	242937.5	1	0.02486325211337643	2925.0	26	0.6464445549477872	975.0	0	0.0	975.0	0	0.0
info	60	163	244432.5	26	0.6464445549477872	244432.5	0	0.0	2943.0	15	0.37294878170064644	981.0	0	0.0	981.0	0	0.0
info	60	164	245927.5	13	0.3232222774738936	245927.5	59	1.4669318746892093	2961.0	27	0.6713078070611636	987.0	0	0.0	987.0	0	0.0
info	60	165	247422.5	23	0.5718547986076579	247422.5	0	0.0	2979.0	26	0.6464445549477872	993.0	0	0.0	993.0	0	0.0
info	60	166	248917.5	30	0.7458975634012929	248917.5	0	0.0	2997.0	26	0.6464445549477872	999.0	0	0.0	999.0	0	0.0
info	60	167	250412.5	7	0.174042764793635	250412.5	60	1.4917951268025857	3015.0	17	0.4226752859273993	1005.0	0	0.0	1005.0	0	0.0
info	60	168	251907.5	25	0.6215813028344107	251907.5	0	0.0	3033.0	18	0.4475385380407757	1011.0	0	0.0	1011.0	0	0.0
info	60	169	253402.5	28	0.69617105917454	253402.5	0	0.0	3051.0	8	0.19890601690701143	1017.0	0	0.0	1017.0	0	0.0
info	60	170	254897.5	7	0.174042764793635	254897.5	60	1.4917951268025857	3069.0	11	0.2734957732471407	1023.0	0	0.0	1023.0	0	0.0
info	60	171	256392.5	27	0.6713078070611636	256392.5	0	0.0	3087.0	22	0.5469915464942814	1029.0	0	0.0	1029.0	0	0.0
info	60	172	257887.5	26	0.6464445549477872	257887.5	0	0.0	3105.0	9	0.22376926902038785	1035.0	0	0.0	1035.0	0	0.0
info	60	173	259382.5	7	0.174042764793635	259382.5	60	1.4917951268025857	3123.0	14	0.34808552958727	1041.0	0	0.0	1041.0	0	0.0
info	60	174	260877.5	25	0.6215813028344107	260877.5	0	0.0	3141.0	13	0.3232222774738936	1047.0	0	0.0	1047.0	0	0.0
info	60	175	262372.5	27	0.6713078070611636	262372.5	0	0.0	3159.0	10	0.24863252113376427	1053.0	0	0.0	1053.0	0	0.0
info	60	176	263867.5	8	0.19890601690701143	263867.5	60	1.4917951268025857	3177.0	8	0.19890601690701143	1059.0	0	0.0	1059.0	0	0.0
info	60	177	265362.5	24	0.5967180507210343	265362.5	0	0.0	3195.0	6	0.14917951268025859	1065.0	0	0.0	1065.0	0	0.0
info	60	178	266857.5	28	0.69617105917454	266857.5	0	0.0	3213.0	7	0.174042764793635	1071.0	0	0.0	1071.0	0	0.0
info	60	179	268352.5	8	0.19890601690701143	268352.5	60	1.4917951268025857	3231.0	3	0.07458975634012929	1077.0	0	0.0	1077.0	0	0.0
info	60	180	269847.5	25	0.6215813028344107	269847.5	2	0.04972650422675286	3249.0	4	0.09945300845350571	1083.0	0	0.0	1083.0	0	0.0
info	60	181	271342.5	28	0.69617105917454	271342.5	0	0.0	3267.0	6	0.14917951268025859	1089.0	0	0.0	1089.0	0	0.0
info	60	182	272837.5	8	0.19890601690701143	272837.5	58	1.4420686225758328	3285.0	0	0.0	1095.0	0	0.0	1095.0	0	0.0
info	60	183	274332.5	24	0.5967180507210343	274332.5	3	0.07458975634012929	3303.0	3	0.07458975634012929	1101.0	0	0.0	1101.0	0	0.0
info	60	184	275827.5	29	0.7210343112879164	275827.5	0	0.0	3321.0	1	0.02486325211337643	1107.0	0	0.0	1107.0	0	0.0
info	60	185	277322.5	7	0.174042764793635	277322.5	58	1.4420686225758328	3339.0	1	0.02486325211337643	1113.0	0	0.0	1113.0	0	0.0
info	60	186	278817.5	28	0.69617105917454	278817.5	0	0.0	3357.0	2	0.04972650422675286	1119.0	0	0.0	1119.0	0	0.0
info	60	187	280312.5	25	0.6215813028344107	280312.5	0	0.0	3375.0	0	0.0	1125.0	0	0.0	1125.0	0	0.0
info	60	188	281807.5	7	0.174042764793635	281807.5	60	1.4917951268025857	3393.0	0	0.0	1131.0	0	0.0	1131.0	0	0.0
info	60	189	283302.5	29	0.7210343112879164	283302.5	0	0.0	3411.0	2	0.04972650422675286	1137.0	0	0.0	1137.0	0	0.0
info	60	190	284797.5	28	0.69617105917454	284797.5	2	0.04972650422675286	3429.0	0	0.0	1143.0	0	0.0	1143.0	0	0.0
info	60	191	286292.5	5	0.12431626056688214	286292.5	58	1.4420686225758328	3447.0	1	0.02486325211337643	1149.0	0	0.0	1149.0	0	0.0
info	60	192	287787.5	28	0.69617105917454	287787.5	1	0.02486325211337643	3465.0	0	0.0	1155.0	0	0.0	1155.0	0	0.0
info	60	193	289282.5	30	0.7458975634012929	289282.5	57	1.4172053704624565	3483.0	0	0.0	1161.0	0	0.0	1161.0	0	0.0
info	60	194	290777.5	5	0.12431626056688214	290777.5	2	0.04972650422675286	3501.0	0	0.0	1167.0	0	0.0	1167.0	0	0.0
info	60	195	292272.5	27	0.6713078070611636	292272.5	0	0.0	3519.0	0	0.0	1173.0	0	0.0	1173.0	0	0.0
info	60	196	293767.5	28	0.69617105917454	293767.5	59	1.4669318746892093	3537.0	0	0.0	1179.0	0	0.0	1179.0	0	0.0
info	60	197	295262.5	6	0.14917951268025859	295262.5	1	0.02486325211337643	3555.0	0	0.0	1185.0	0	0.0	1185.0	0	0.0
info	60	198	296757.5	29	0.7210343112879164	296757.5	0	0.0	3573.0	0	0.0	1191.0	0	0.0	1191.0	0	0.0
info	60	199	298252.5	25	0.6215813028344107	298252.5	60	1.4917951268025857	3591.0	0	0.0	1197.0	0	0.0	1197.0	0	0.0
home	60	0	745.0	10	0.24863252113376427	745.0	0	0.0	8.0	74	1.8398806563898558	3.0	4022	100.0	3.0	4022	100.0
home	60	1	2235.0	50	1.2431626056688214	2235.0	60	1.4917951268025857	24.0	24	0.5967180507210343	9.0	0	0.0	9.0	0	0.0
home	60	2	3725.0	1	0.02486325211337643	3725.0	0	0.0	40.0	61	1.5166583789159622	15.0	0	0.0	15.0	0	0.0
home	60	3	5215.0	0	0.0	5215.0	0	0.0	56.0	197	4.898060666335156	21.0	0	0.0	21.0	0	0.0
home	60	4	6705.0	59	1.4669318746892093	6705.0	60	1.4917951268025857	72.0	396	9.845847836897066	27.0	0	0.0	27.0	0	0.0
home	60	5	8195.0	0	0.0	8195.0	0	0.0	88.0	592	14.719045251118846	33.0	0	0.0	33.0	0	0.0
home	60	6	9685.0	0	0.0	9685.0	0	0.0	104.0	762	18.94579811039284	39.0	0	0.0	39.0	0	0.0
home	60	7	11175.0	60	1.4917951268025857	11175.0	60	1.4917951268025857	120.0	586	14.569865738438587	45.0	0	0.0	45.0	0	0.0
home	60	8	12665.0	2	0.04972650422675286	12665.0	0	0.0	136.0	463	11.511685728493287	51.0	0	0.0	51.0	0	0.0
home	60	9	14155.0	0	0.0	14155.0	0	0.0	152.0	362	9.000497265042267	57.0	0	0.0	57.0	0	0.0
home	60	10	15645.0	58	1.4420686225758328	15645.0	60	1.4917951268025857	168.0	240	5.967180507210343	63.0	0	0.0	63.0	0	0.0
home	60	11	17135.0	0	0.0	17135.0	0	0.0	184.0	85	2.1133764296369963	69.0	0	0.0	69.0	0	0.0
home	60	12	18625.0	0	0.0	18625.0	0	0.0	200.0	51	1.268025857782198	75.0	0	0.0	75.0	0	0.0
home	60	13	20115.0	60	1.4917951268025857	20115.0	60	1.4917951268025857	216.0	39	0.9696668324216807	81.0	0	0.0	81.0	0	0.0
home	60	14	21605.0	0	0.0	21605.0	0	0.0	232.0	14	0.34808552958727	87.0	0	0.0	87.0	0	0.0
home	60	15	23095.0	0	0.0	23095.0	0	0.0	248.0	2	0.04972650422675286	93.0	0	0.0	93.0	0	0.0
home	60	16	24585.0	60	1.4917951268025857	24585.0	60	1.4917951268025857	264.0	0	0.0	99.0	0	0.0	99.0	0	0.0
home	60	17	26075.0	2	0.04972650422675286	26075.0	0	0.0	280.0	2	0.04972650422675286	105.0	0	0.0	105.0	0	0.0
home	60	18	27565.0	1	0.02486325211337643	27565.0	0	0.0	296.0	1	0.02486325211337643	111.0	0	0.0	111.0	0	0.0
home	60	19	29055.0	57	1.4172053704624565	29055.0	60	1.4917951268025857	312.0	0	0.0	117.0	0	0.0	117.0	0	0.0
home	60	20	30545.0	0	0.0	30545.0	0	0.0	328.0	1	0.02486325211337643	123.0	0	0.0	123.0	0	0.0
home	60	21	32035.0	0	0.0	32035.0	0	0.0	344.0	0	0.0	129.0	0	0.0	129.0	0	0.0
home	60	22	33525.0	60	1.4917951268025857	33525.0	60	1.4917951268025857	360.0	0	0.0	135.0	0	0.0	135.0	0	0.0
home	60	23	35015.0	0	0.0	35015.0	0	0.0	376.0	2	0.04972650422675286	141.0	0	0.0	141.0	0	0.0
home	60	24	36505.0	0	0.0	36505.0	0	0.0	392.0	0	0.0	147.0	0	0.0	147.0	0	0.0
home	60	25	37995.0	60	1.4917951268025857	37995.0	60	1.4917951268025857	408.0	0	0.0	153.0	0	0.0	153.0	0	0.0
home	60	26	39485.0	0	0.0	39485.0	0	0.0	424.0	1	0.02486325211337643	159.0	0	0.0	159.0	0	0.0
home	60	27	40975.0	2	0.04972650422675286	40975.0	0	0.0	440.0	0	0.0	165.0	0	0.0	165.0	0	0.0
home	60	28	42465.0	58	1.4420686225758328	42465.0	60	1.4917951268025857	456.0	0	0.0	171.0	0	0.0	171.0	0	0.0
home	60	29	43955.0	0	0.0	43955.0	0	0.0	472.0	0	0.0	177.0	0	0.0	177.0	0	0.0
home	60	30	45445.0	0	0.0	45445.0	0	0.0	488.0	0	0.0	183.0	0	0.0	183.0	0	0.0
home	60	31	46935.0	60	1.4917951268025857	46935.0	60	1.4917951268025857	504.0	3	0.07458975634012929	189.0	0	0.0	189.0	0	0.0
home	60	32	48425.0	0	0.0	48425.0	0	0.0	520.0	0	0.0	195.0	0	0.0	195.0	0	0.0
home	60	33	49915.0	0	0.0	49915.0	0	0.0	536.0	0	0.0	201.0	0	0.0	201.0	0	0.0
home	60	34	51405.0	57	1.4172053704624565	51405.0	2	0.04972650422675286	552.0	0	0.0	207.0	0	0.0	207.0	0	0.0
home	60	35	52895.0	4	0.09945300845350571	52895.0	59	1.4669318746892093	568.0	0	0.0	213.0	0	0.0	213.0	0	0.0
home	60	36	54385.0	1	0.02486325211337643	54385.0	0	0.0	584.0	0	0.0	219.0	0	0.0	219.0	0	0.0
home	60	37	55875.0	59	1.4669318746892093	55875.0	60	1.4917951268025857	600.0	0	0.0	225.0	0	0.0	225.0	0	0.0
home	60	38	57365.0	0	0.0	57365.0	0	0.0	616.0	0	0.0	231.0	0	0.0	231.0	0	0.0
home	60	39	58855.0	2	0.04972650422675286	58855.0	0	0.0	632.0	1	0.02486325211337643	237.0	0	0.0	237.0	0	0.0
home	60	40	60345.0	58	1.4420686225758328	60345.0	6	0.14917951268025859	648.0	0	0.0	243.0	0	0.0	243.0	0	0.0
home	60	41	61835.0	1	0.02486325211337643	61835.0	54	1.342615614122327	664.0	0	0.0	249.0	0	0.0	249.0	0	0.0
home	60	42	63325.0	0	0.0	63325.0	0	0.0	680.0	0	0.0	255.0	0	0.0	255.0	0	0.0
home	60	43	64815.0	59	1.4669318746892093	64815.0	60	1.4917951268025857	696.0	2	0.04972650422675286	261.0	0	0.0	261.0	0	0.0
home	60	44	66305.0	0	0.0	66305.0	0	0.0	712.0	1	0.02486325211337643	267.0	0	0.0	267.0	0	0.0
home	60	45	67795.0	0	0.0	67795.0	0	0.0	728.0	0	0.0	273.0	0	0.0	273.0	0	0.0
home	60	46	69285.0	60	1.4917951268025857	69285.0	56	1.39234211834908	744.0	0	0.0	279.0	0	0.0	279.0	0	0.0
home	60	47	70775.0	0	0.0	70775.0	4	0.09945300845350571	760.0	0	0.0	285.0	0	0.0	285.0	0	0.0
home	60	48	72265.0	0	0.0	72265.0	0	0.0	776.0	0	0.0	291.0	0	0.0	291.0	0	0.0
home	60	49	73755.0	60	1.4917951268025857	73755.0	60	1.4917951268025857	792.0	0	0.0	297.0	0	0.0	297.0	0	0.0
home	60	50	75245.0	0	0.0	75245.0	0	0.0	808.0	0	0.0	303.0	0	0.0	303.0	0	0.0
home	60	51	76735.0	0	0.0	76735.0	0	0.0	824.0	0	0.0	309.0	0	0.0	309.0	0	0.0
home	60	52	78225.0	57	1.4172053704624565	78225.0	0	0.0	840.0	0	0.0	315.0	0	0.0	315.0	0	0.0
home	60	53	79715.0	3	0.07458975634012929	79715.0	60	1.4917951268025857	856.0	0	0.0	321.0	0	0.0	321.0	0	0.0
home	60	54	81205.0	0	0.0	81205.0	0	0.0	872.0	0	0.0	327.0	0	0.0	327.0	0	0.0
home	60	55	82695.0	57	1.4172053704624565	82695.0	4	0.09945300845350571	888.0	0	0.0	333.0	0	0.0	333.0	0	0.0
home	60	56	84185.0	3	0.07458975634012929	84185.0	56	1.39234211834908	904.0	0	0.0	339.0	0	0.0	339.0	0	0.0
home	60	57	85675.0	0	0.0	85675.0	0	0.0	920.0	2	0.04972650422675286	345.0	0	0.0	345.0	0	0.0
home	60	58	87165.0	58	1.4420686225758328	87165.0	5	0.12431626056688214	936.0	0	0.0	351.0	0	0.0	351.0	0	0.0
home	60	59	88655.0	2	0.04972650422675286	88655.0	55	1.3674788662357036	952.0	0	0.0	357.0	0	0.0	357.0	0	0.0
home	60	60	90145.0	0	0.0	90145.0	0	0.0	968.0	0	0.0	363.0	0	0.0	363.0	0	0.0
home	60	61	91635.0	57	1.4172053704624565	91635.0	3	0.07458975634012929	984.0	0	0.0	369.0	0	0.0	369.0	0	0.0
home	60	62	93125.0	3	0.07458975634012929	93125.0	57	1.4172053704624565	1000.0	0	0.0	375.0	0	0.0	375.0	0	0.0
home	60	63	94615.0	2	0.04972650422675286	94615.0	0	0.0	1016.0	1	0.02486325211337643	381.0	0	0.0	381.0	0	0.0
home	60	64	96105.0	58	1.4420686225758328	96105.0	60	1.4917951268025857	1032.0	0	0.0	387.0	0	0.0	387.0	0	0.0
home	60	65	97595.0	0	0.0	97595.0	0	0.0	1048.0	0	0.0	393.0	0	0.0	393.0	0	0.0
home	60	66	99085.0	2	0.04972650422675286	99085.0	0	0.0	1064.0	0	0.0	399.0	0	0.0	399.0	0	0.0
home	60	67	100575.0	56	1.39234211834908	100575.0	3	0.07458975634012929	1080.0	2	0.04972650422675286	405.0	0	0.0	405.0	0	0.0
home	60	68	102065.0	2	0.04972650422675286	102065.0	57	1.4172053704624565	1096.0	0	0.0	411.0	0	0.0	411.0	0	0.0
home	60	69	103555.0	0	0.0	103555.0	0	0.0	1112.0	1	0.02486325211337643	417.0	0	0.0	417.0	0	0.0
home	60	70	105045.0	56	1.39234211834908	105045.0	0	0.0	1128.0	0	0.0	423.0	0	0.0	423.0	0	0.0
home	60	71	106535.0	4	0.09945300845350571	106535.0	60	1.4917951268025857	1144.0	0	0.0	429.0	0	0.0	429.0	0	0.0
home	60	72	108025.0	0	0.0	108025.0	0	0.0	1160.0	1	0.02486325211337643	435.0	0	0.0	435.0	0	0.0
home	60	73	109515.0	2	0.04972650422675286	109515.0	0	0.0	1176.0	0	0.0	441.0	0	0.0	441.0	0	0.0
home	60	74	111005.0	58	1.4420686225758328	111005.0	60	1.4917951268025857	1192.0	0	0.0	447.0	0	0.0	447.0	0	0.0
home	60	75	112495.0	2	0.04972650422675286	112495.0	0	0.0	1208.0	0	0.0	453.0	0	0.0	453.0	0	0.0
home	60	76	113985.0	40	0.9945300845350571	113985.0	1	0.02486325211337643	1224.0	1	0.02486325211337643	459.0	0	0.0	459.0	0	0.0
home	60	77	115475.0	18	0.4475385380407757	115475.0	59	1.4669318746892093	1240.0	2	0.04972650422675286	465.0	0	0.0	465.0	0	0.0
home	60	78	116965.0	0	0.0	116965.0	0	0.0	1256.0	0	0.0	471.0	0	0.0	471.0	0	0.0
home	60	79	118455.0	60	1.4917951268025857	118455.0	60	1.4917951268025857	1272.0	0	0.0	477.0	0	0.0	477.0	0	0.0
home	60	80	119945.0	0	0.0	119945.0	0	0.0	1288.0	2	0.04972650422675286	483.0	0	0.0	483.0	0	0.0
home	60	81	121435.0	0	0.0	121435.0	0	0.0	1304.0	0	0.0	489.0	0	0.0	489.0	0	0.0
home	60	82	122925.0	58	1.4420686225758328	122925.0	0	0.0	1320.0	0	0.0	495.0	0	0.0	495.0	0	0.0
home	60	83	124415.0	2	0.04972650422675286	124415.0	60	1.4917951268025857	1336.0	1	0.02486325211337643	501.0	0	0.0	501.0	0	0.0
home	60	84	125905.0	0	0.0	125905.0	0	0.0	1352.0	0	0.0	507.0	0	0.0	507.0	0	0.0
home	60	85	127395.0	3	0.07458975634012929	127395.0	0	0.0	1368.0	0	0.0	513.0	0	0.0	513.0	0	0.0
home	60	86	128885.0	57	1.4172053704624565	128885.0	60	1.4917951268025857	1384.0	0	0.0	519.0	0	0.0	519.0	0	0.0
home	60	87	130375.0	0	0.0	130375.0	0	0.0	1400.0	0	0.0	525.0	0	0.0	525.0	0	0.0
home	60	88	131865.0	2	0.04972650422675286	131865.0	0	0.0	1416.0	0	0.0	531.0	0	0.0	531.0	0	0.0
home	60	89	133355.0	58	1.4420686225758328	133355.0	60	1.4917951268025857	1432.0	0	0.0	537.0	0	0.0	537.0	0	0.0
home	60	90	134845.0	4	0.09945300845350571	134845.0	0	0.0	1448.0	0	0.0	543.0	0	0.0	543.0	0	0.0
home	60	91	136335.0	2	0.04972650422675286	136335.0	0	0.0	1464.0	0	0.0	549.0	0	0.0	549.0	0	0.0
home	60	92	137825.0	54	1.342615614122327	137825.0	60	1.4917951268025857	1480.0	0	0.0	555.0	0	0.0	555.0	0	0.0
home	60	93	139315.0	1	0.02486325211337643	139315.0	0	0.0	1496.0	2	0.04972650422675286	561.0	0	0.0	561.0	0	0.0
home	60	94	140805.0	0	0.0	140805.0	0	0.0	1512.0	0	0.0	567.0	0	0.0	567.0	0	0.0
home	60	95	142295.0	59	1.4669318746892093	142295.0	60	1.4917951268025857	1528.0	0	0.0	573.0	0	0.0	573.0	0	0.0
home	60	96	143785.0	0	0.0	143785.0	0	0.0	1544.0	1	0.02486325211337643	579.0	0	0.0	579.0	0	0.0
home	60	97	145275.0	7	0.174042764793635	145275.0	0	0.0	1560.0	0	0.0	585.0	0	0.0	585.0	0	0.0
home	60	98	146765.0	53	1.3177523620089506	146765.0	60	1.4917951268025857	1576.0	0	0.0	591.0	0	0.0	591.0	0	0.0
home	60	99	148255.0	0	0.0	148255.0	0	0.0	1592.0	0	0.0	597.0	0	0.0	597.0	0	0.0
home	60	100	149745.0	2	0.04972650422675286	149745.0	0	0.0	1608.0	0	0.0	603.0	0	0.0	603.0	0	0.0
home	60	101	151235.0	58	1.4420686225758328	151235.0	60	1.4917951268025857	1624.0	0	0.0	609.0	0	0.0	609.0	0	0.0
home	60	102	152725.0	0	0.0	152725.0	0	0.0	1640.0	0	0.0	615.0	0	0.0	615.0	0	0.0
home	60	103	154215.0	2	0.04972650422675286	154215.0	0	0.0	1656.0	0	0.0	621.0	0	0.0	621.0	0	0.0
home	60	104	155705.0	58	1.4420686225758328	155705.0	60	1.4917951268025857	1672.0	0	0.0	627.0	0	0.0	627.0	0	0.0
home	60	105	157195.0	0	0.0	157195.0	0	0.0	1688.0	0	0.0	633.0	0	0.0	633.0	0	0.0
home	60	106	158685.0	0	0.0	158685.0	0	0.0	1704.0	0	0.0	639.0	0	0.0	639.0	0	0.0
home	60	107	160175.0	60	1.4917951268025857	160175.0	60	1.4917951268025857	1720.0	0	0.0	645.0	0	0.0	645.0	0	0.0
home	60	108	161665.0	0	0.0	161665.0	0	0.0	1736.0	2	0.04972650422675286	651.0	0	0.0	651.0	0	0.0
home	60	109	163155.0	1	0.02486325211337643	163155.0	0	0.0	1752.0	2	0.04972650422675286	657.0	0	0.0	657.0	0	0.0
home	60	110	164645.0	59	1.4669318746892093	164645.0	60	1.4917951268025857	1768.0	0	0.0	663.0	0	0.0	663.0	0	0.0
home	60	111	166135.0	0	0.0	166135.0	0	0.0	1784.0	1	0.02486325211337643	669.0	0	0.0	669.0	0	0.0
home	60	112	167625.0	2	0.04972650422675286	167625.0	0	0.0	1800.0	2	0.04972650422675286	675.0	0	0.0	675.0	0	0.0
home	60	113	169115.0	58	1.4420686225758328	169115.0	60	1.4917951268025857	1816.0	1	0.02486325211337643	681.0	0	0.0	681.0	0	0.0
home	60	114	170605.0	2	0.04972650422675286	170605.0	0	0.0	1832.0	2	0.04972650422675286	687.0	0	0.0	687.0	0	0.0
home	60	115	172095.0	0	0.0	172095.0	0	0.0	1848.0	1	0.02486325211337643	693.0	0	0.0	693.0	0	0.0
home	60	116	173585.0	58	1.4420686225758328	173585.0	60	1.4917951268025857	1864.0	1	0.02486325211337643	699.0	0	0.0	699.0	0	0.0
home	60	117	175075.0	0	0.0	175075.0	0	0.0	1880.0	0	0.0	705.0	0	0.0	705.0	0	0.0
home	60	118	176565.0	0	0.0	176565.0	0	0.0	1896.0	1	0.02486325211337643	711.0	0	0.0	711.0	0	0.0
home	60	119	178055.0	60	1.4917951268025857	178055.0	60	1.4917951268025857	1912.0	0	0.0	717.0	0	0.0	717.0	0	0.0
home	60	120	179545.0	0	0.0	179545.0	0	0.0	1928.0	0	0.0	723.0	0	0.0	723.0	0	0.0
home	60	121	181035.0	0	0.0	181035.0	0	0.0	1944.0	0	0.0	729.0	0	0.0	729.0	0	0.0
home	60	122	182525.0	60	1.4917951268025857	182525.0	60	1.4917951268025857	1960.0	0	0.0	735.0	0	0.0	735.0	0	0.0
home	60	123	184015.0	0	0.0	184015.0	0	0.0	1976.0	0	0.0	741.0	0	0.0	741.0	0	0.0
home	60	124	185505.0	1	0.02486325211337643	185505.0	0	0.0	1992.0	0	0.0	747.0	0	0.0	747.0	0	0.0
home	60	125	186995.0	59	1.4669318746892093	186995.0	60	1.4917951268025857	2008.0	0	0.0	753.0	0	0.0	753.0	0	0.0
home	60	126	188485.0	0	0.0	188485.0	0	0.0	2024.0	0	0.0	759.0	0	0.0	759.0	0	0.0
home	60	127	189975.0	0	0.0	189975.0	0	0.0	2040.0	0	0.0	765.0	0	0.0	765.0	0	0.0
home	60	128	191465.0	60	1.4917951268025857	191465.0	60	1.4917951268025857	2056.0	0	0.0	771.0	0	0.0	771.0	0	0.0
home	60	129	192955.0	0	0.0	192955.0	0	0.0	2072.0	0	0.0	777.0	0	0.0	777.0	0	0.0
home	60	130	194445.0	0	0.0	194445.0	0	0.0	2088.0	0	0.0	783.0	0	0.0	783.0	0	0.0
home	60	131	195935.0	60	1.4917951268025857	195935.0	60	1.4917951268025857	2104.0	0	0.0	789.0	0	0.0	789.0	0	0.0
home	60	132	197425.0	0	0.0	197425.0	0	0.0	2120.0	0	0.0	795.0	0	0.0	795.0	0	0.0
home	60	133	198915.0	1	0.02486325211337643	198915.0	0	0.0	2136.0	0	0.0	801.0	0	0.0	801.0	0	0.0
home	60	134	200405.0	59	1.4669318746892093	200405.0	60	1.4917951268025857	2152.0	2	0.04972650422675286	807.0	0	0.0	807.0	0	0.0
home	60	135	201895.0	0	0.0	201895.0	0	0.0	2168.0	0	0.0	813.0	0	0.0	813.0	0	0.0
home	60	136	203385.0	0	0.0	203385.0	0	0.0	2184.0	0	0.0	819.0	0	0.0	819.0	0	0.0
home	60	137	204875.0	60	1.4917951268025857	204875.0	60	1.4917951268025857	2200.0	1	0.02486325211337643	825.0	0	0.0	825.0	0	0.0
home	60	138	206365.0	0	0.0	206365.0	0	0.0	2216.0	0	0.0	831.0	0	0.0	831.0	0	0.0
home	60	139	207855.0	0	0.0	207855.0	0	0.0	2232.0	0	0.0	837.0	0	0.0	837.0	0	0.0
home	60	140	209345.0	60	1.4917951268025857	209345.0	60	1.4917951268025857	2248.0	0	0.0	843.0	0	0.0	843.0	0	0.0
home	60	141	210835.0	0	0.0	210835.0	0	0.0	2264.0	2	0.04972650422675286	849.0	0	0.0	849.0	0	0.0
home	60	142	212325.0	0	0.0	212325.0	0	0.0	2280.0	0	0.0	855.0	0	0.0	855.0	0	0.0
home	60	143	213815.0	60	1.4917951268025857	213815.0	60	1.4917951268025857	2296.0	0	0.0	861.0	0	0.0	861.0	0	0.0
home	60	144	215305.0	0	0.0	215305.0	0	0.0	2312.0	0	0.0	867.0	0	0.0	867.0	0	0.0
home	60	145	216795.0	1	0.02486325211337643	216795.0	0	0.0	2328.0	4	0.09945300845350571	873.0	0	0.0	873.0	0	0.0
home	60	146	218285.0	59	1.4669318746892093	218285.0	60	1.4917951268025857	2344.0	0	0.0	879.0	0	0.0	879.0	0	0.0
home	60	147	219775.0	0	0.0	219775.0	0	0.0	2360.0	0	0.0	885.0	0	0.0	885.0	0	0.0
home	60	148	221265.0	1	0.02486325211337643	221265.0	0	0.0	2376.0	1	0.02486325211337643	891.0	0	0.0	891.0	0	0.0
home	60	149	222755.0	59	1.4669318746892093	222755.0	60	1.4917951268025857	2392.0	0	0.0	897.0	0	0.0	897.0	0	0.0
home	60	150	224245.0	0	0.0	224245.0	0	0.0	2408.0	3	0.07458975634012929	903.0	0	0.0	903.0	0	0.0
home	60	151	225735.0	2	0.04972650422675286	225735.0	0	0.0	2424.0	1	0.02486325211337643	909.0	0	0.0	909.0	0	0.0
home	60	152	227225.0	58	1.4420686225758328	227225.0	60	1.4917951268025857	2440.0	0	0.0	915.0	0	0.0	915.0	0	0.0
home	60	153	228715.0	0	0.0	228715.0	0	0.0	2456.0	0	0.0	921.0	0	0.0	921.0	0	0.0
home	60	154	230205.0	0	0.0	230205.0	0	0.0	2472.0	2	0.04972650422675286	927.0	0	0.0	927.0	0	0.0
home	60	155	231695.0	60	1.4917951268025857	231695.0	60	1.4917951268025857	2488.0	2	0.04972650422675286	933.0	0	0.0	933.0	0	0.0
home	60	156	233185.0	0	0.0	233185.0	0	0.0	2504.0	0	0.0	939.0	0	0.0	939.0	0	0.0
home	60	157	234675.0	2	0.04972650422675286	234675.0	0	0.0	2520.0	0	0.0	945.0	0	0.0	945.0	0	0.0
home	60	158	236165.0	58	1.4420686225758328	236165.0	60	1.4917951268025857	2536.0	0	0.0	951.0	0	0.0	951.0	0	0.0
home	60	159	237655.0	2	0.04972650422675286	237655.0	0	0.0	2552.0	0	0.0	957.0	0	0.0	957.0	0	0.0
home	60	160	239145.0	0	0.0	239145.0	0	0.0	2568.0	0	0.0	963.0	0	0.0	963.0	0	0.0
home	60	161	240635.0	58	1.4420686225758328	240635.0	60	1.4917951268025857	2584.0	2	0.04972650422675286	969.0	0	0.0	969.0	0	0.0
home	60	162	242125.0	1	0.02486325211337643	242125.0	0	0.0	2600.0	0	0.0	975.0	0	0.0	975.0	0	0.0
home	60	163	243615.0	0	0.0	243615.0	0	0.0	2616.0	0	0.0	981.0	0	0.0	981.0	0	0.0
home	60	164	245105.0	59	1.4669318746892093	245105.0	60	1.4917951268025857	2632.0	0	0.0	987.0	0	0.0	987.0	0	0.0
home	60	165	246595.0	0	0.0	246595.0	0	0.0	2648.0	0	0.0	993.0	0	0.0	993.0	0	0.0
home	60	166	248085.0	0	0.0	248085.0	0	0.0	2664.0	0	0.0	999.0	0	0.0	999.0	0	0.0
home	60	167	249575.0	60	1.4917951268025857	249575.0	60	1.4917951268025857	2680.0	0	0.0	1005.0	0	0.0	1005.0	0	0.0
home	60	168	251065.0	0	0.0	251065.0	0	0.0	2696.0	0	0.0	1011.0	0	0.0	1011.0	0	0.0
home	60	169	252555.0	0	0.0	252555.0	0	0.0	2712.0	0	0.0	1017.0	0	0.0	1017.0	0	0.0
home	60	170	254045.0	60	1.4917951268025857	254045.0	60	1.4917951268025857	2728.0	2	0.04972650422675286	1023.0	0	0.0	1023.0	0	0.0
home	60	171	255535.0	0	0.0	255535.0	0	0.0	2744.0	0	0.0	1029.0	0	0.0	1029.0	0	0.0
home	60	172	257025.0	5	0.12431626056688214	257025.0	0	0.0	2760.0	3	0.07458975634012929	1035.0	0	0.0	1035.0	0	0.0
home	60	173	258515.0	55	1.3674788662357036	258515.0	60	1.4917951268025857	2776.0	0	0.0	1041.0	0	0.0	1041.0	0	0.0
home	60	174	260005.0	0	0.0	260005.0	0	0.0	2792.0	0	0.0	1047.0	0	0.0	1047.0	0	0.0
home	60	175	261495.0	0	0.0	261495.0	0	0.0	2808.0	1	0.02486325211337643	1053.0	0	0.0	1053.0	0	0.0
home	60	176	262985.0	60	1.4917951268025857	262985.0	60	1.4917951268025857	2824.0	0	0.0	1059.0	0	0.0	1059.0	0	0.0
home	60	177	264475.0	0	0.0	264475.0	0	0.0	2840.0	2	0.04972650422675286	1065.0	0	0.0	1065.0	0	0.0
home	60	178	265965.0	0	0.0	265965.0	0	0.0	2856.0	1	0.02486325211337643	1071.0	0	0.0	1071.0	0	0.0
home	60	179	267455.0	60	1.4917951268025857	267455.0	60	1.4917951268025857	2872.0	0	0.0	1077.0	0	0.0	1077.0	0	0.0
home	60	180	268945.0	2	0.04972650422675286	268945.0	0	0.0	2888.0	0	0.0	1083.0	0	0.0	1083.0	0	0.0
home	60	181	270435.0	0	0.0	270435.0	0	0.0	2904.0	1	0.02486325211337643	1089.0	0	0.0	1089.0	0	0.0
home	60	182	271925.0	58	1.4420686225758328	271925.0	60	1.4917951268025857	2920.0	0	0.0	1095.0	0	0.0	1095.0	0	0.0
home	60	183	273415.0	3	0.07458975634012929	273415.0	0	0.0	2936.0	0	0.0	1101.0	0	0.0	1101.0	0	0.0
home	60	184	274905.0	0	0.0	274905.0	1	0.02486325211337643	2952.0	0	0.0	1107.0	0	0.0	1107.0	0	0.0
home	60	185	276395.0	58	1.4420686225758328	276395.0	60	1.4917951268025857	2968.0	0	0.0	1113.0	0	0.0	1113.0	0	0.0
home	60	186	277885.0	0	0.0	277885.0	0	0.0	2984.0	0	0.0	1119.0	0	0.0	1119.0	0	0.0
home	60	187	279375.0	0	0.0	279375.0	0	0.0	3000.0	0	0.0	1125.0	0	0.0	1125.0	0	0.0
home	60	188	280865.0	60	1.4917951268025857	280865.0	60	1.4917951268025857	3016.0	0	0.0	1131.0	0	0.0	1131.0	0	0.0
home	60	189	282355.0	0	0.0	282355.0	0	0.0	3032.0	0	0.0	1137.0	0	0.0	1137.0	0	0.0
home	60	190	283845.0	3	0.07458975634012929	283845.0	0	0.0	3048.0	0	0.0	1143.0	0	0.0	1143.0	0	0.0
home	60	191	285335.0	57	1.4172053704624565	285335.0	60	1.4917951268025857	3064.0	0	0.0	1149.0	0	0.0	1149.0	0	0.0
home	60	192	286825.0	1	0.02486325211337643	286825.0	0	0.0	3080.0	0	0.0	1155.0	0	0.0	1155.0	0	0.0
home	60	193	288315.0	58	1.4420686225758328	288315.0	25	0.6215813028344107	3096.0	0	0.0	1161.0	0	0.0	1161.0	0	0.0
home	60	194	289805.0	1	0.02486325211337643	289805.0	35	0.870213823968175	3112.0	0	0.0	1167.0	0	0.0	1167.0	0	0.0
home	60	195	291295.0	0	0.0	291295.0	0	0.0	3128.0	0	0.0	1173.0	0	0.0	1173.0	0	0.0
home	60	196	292785.0	60	1.4917951268025857	292785.0	59	1.4669318746892093	3144.0	0	0.0	1179.0	0	0.0	1179.0	0	0.0
home	60	197	294275.0	0	0.0	294275.0	1	0.02486325211337643	3160.0	0	0.0	1185.0	0	0.0	1185.0	0	0.0
home	60	198	295765.0	0	0.0	295765.0	0	0.0	3176.0	1	0.02486325211337643	1191.0	0	0.0	1191.0	0	0.0
home	60	199	297255.0	60	1.4917951268025857	297255.0	60	1.4917951268025857	3192.0	0	0.0	1197.0	0	0.0	1197.0	0	0.0
