'Request type'	'Load'	'Bucket'	'Start time'	'Absolute'	'Percent of requests'	'End time'	'Absolute'	'Percent of requests'	'Residence time'	'Absolute'	'Percent of requests'	'Theor. think time'	'Absolute'	'Percent of requests'	'Actual think time'	'Absolute'	'Percent of requests'
login	15	0	748.5	15	0.6663705019991115	748.5	15	0.6663705019991115	3.5	0	0.0	3.0	2251	100.0	3.0	2251	100.0
login	15	1	2245.5	16	0.7107952021323856	2245.5	15	0.6663705019991115	10.5	0	0.0	9.0	0	0.0	9.0	0	0.0
login	15	2	3742.5	15	0.6663705019991115	3742.5	9	0.3998223011994669	17.5	0	0.0	15.0	0	0.0	15.0	0	0.0
login	15	3	5239.5	15	0.6663705019991115	5239.5	8	0.3553976010661928	24.5	0	0.0	21.0	0	0.0	21.0	0	0.0
login	15	4	6736.5	0	0.0	6736.5	14	0.6219458018658374	31.5	0	0.0	27.0	0	0.0	27.0	0	0.0
login	15	5	8233.5	15	0.6663705019991115	8233.5	14	0.6219458018658374	38.5	0	0.0	33.0	0	0.0	33.0	0	0.0
login	15	6	9730.5	15	0.6663705019991115	9730.5	6	0.2665482007996446	45.5	0	0.0	39.0	0	0.0	39.0	0	0.0
login	15	7	11227.5	0	0.0	11227.5	10	0.444247001332741	52.5	0	0.0	45.0	0	0.0	45.0	0	0.0
login	15	8	12724.5	15	0.6663705019991115	12724.5	15	0.6663705019991115	59.5	0	0.0	51.0	0	0.0	51.0	0	0.0
login	15	9	14221.5	15	0.6663705019991115	14221.5	12	0.5330964015992892	66.5	0	0.0	57.0	0	0.0	57.0	0	0.0
login	15	10	15718.5	15	0.6663705019991115	15718.5	6	0.2665482007996446	73.5	0	0.0	63.0	0	0.0	63.0	0	0.0
login	15	11	17215.5	0	0.0	17215.5	12	0.5330964015992892	80.5	1	0.0444247001332741	69.0	0	0.0	69.0	0	0.0
login	15	12	18712.5	15	0.6663705019991115	18712.5	15	0.6663705019991115	87.5	1	0.0444247001332741	75.0	0	0.0	75.0	0	0.0
login	15	13	20209.5	15	0.6663705019991115	20209.5	12	0.5330964015992892	94.5	2	0.0888494002665482	81.0	0	0.0	81.0	0	0.0
login	15	14	21706.5	15	0.6663705019991115	21706.5	8	0.3553976010661928	101.5	0	0.0	87.0	0	0.0	87.0	0	0.0
login	15	15	23203.5	12	0.5330964015992892	23203.5	10	0.444247001332741	108.5	1	0.0444247001332741	93.0	0	0.0	93.0	0	0.0
login	15	16	24700.5	3	0.1332741003998223	24700.5	15	0.6663705019991115	115.5	1	0.0444247001332741	99.0	0	0.0	99.0	0	0.0
login	15	17	26197.5	15	0.6663705019991115	26197.5	10	0.444247001332741	122.5	2	0.0888494002665482	105.0	0	0.0	105.0	0	0.0
login	15	18	27694.5	15	0.6663705019991115	27694.5	6	0.2665482007996446	129.5	0	0.0	111.0	0	0.0	111.0	0	0.0
login	15	19	29191.5	0	0.0	29191.5	14	0.6219458018658374	136.5	1	0.0444247001332741	117.0	0	0.0	117.0	0	0.0
login	15	20	30688.5	15	0.6663705019991115	30688.5	15	0.6663705019991115	143.5	2	0.0888494002665482	123.0	0	0.0	123.0	0	0.0
login	15	21	32185.5	15	0.6663705019991115	32185.5	14	0.6219458018658374	150.5	6	0.2665482007996446	129.0	0	0.0	129.0	0	0.0
login	15	22	33682.5	15	0.6663705019991115	33682.5	7	0.3109729009329187	157.5	5	0.2221235006663705	135.0	0	0.0	135.0	0	0.0
login	15	23	35179.5	0	0.0	35179.5	9	0.3998223011994669	164.5	1	0.0444247001332741	141.0	0	0.0	141.0	0	0.0
login	15	24	36676.5	15	0.6663705019991115	36676.5	15	0.6663705019991115	171.5	7	0.3109729009329187	147.0	0	0.0	147.0	0	0.0
login	15	25	38173.5	15	0.6663705019991115	38173.5	8	0.3553976010661928	178.5	9	0.3998223011994669	153.0	0	0.0	153.0	0	0.0
login	15	26	39670.5	15	0.6663705019991115	39670.5	7	0.3109729009329187	185.5	7	0.3109729009329187	159.0	0	0.0	159.0	0	0.0
login	15	27	41167.5	0	0.0	41167.5	15	0.6663705019991115	192.5	7	0.3109729009329187	165.0	0	0.0	165.0	0	0.0
login	15	28	42664.5	15	0.6663705019991115	42664.5	15	0.6663705019991115	199.5	12	0.5330964015992892	171.0	0	0.0	171.0	0	0.0
login	15	29	44161.5	15	0.6663705019991115	44161.5	9	0.3998223011994669	206.5	7	0.3109729009329187	177.0	0	0.0	177.0	0	0.0
login	15	30	45658.5	15	0.6663705019991115	45658.5	7	0.3109729009329187	213.5	13	0.5775211017325632	183.0	0	0.0	183.0	0	0.0
login	15	31	47155.5	0	0.0	47155.5	14	0.6219458018658374	220.5	6	0.2665482007996446	189.0	0	0.0	189.0	0	0.0
login	15	32	48652.5	15	0.6663705019991115	48652.5	15	0.6663705019991115	227.5	13	0.5775211017325632	195.0	0	0.0	195.0	0	0.0
login	15	33	50149.5	15	0.6663705019991115	50149.5	8	0.3553976010661928	234.5	6	0.2665482007996446	201.0	0	0.0	201.0	0	0.0
login	15	34	51646.5	15	0.6663705019991115	51646.5	7	0.3109729009329187	241.5	10	0.444247001332741	207.0	0	0.0	207.0	0	0.0
login	15	35	53143.5	0	0.0	53143.5	15	0.6663705019991115	248.5	7	0.3109729009329187	213.0	0	0.0	213.0	0	0.0
login	15	36	54640.5	15	0.6663705019991115	54640.5	15	0.6663705019991115	255.5	7	0.3109729009329187	219.0	0	0.0	219.0	0	0.0
login	15	37	56137.5	15	0.6663705019991115	56137.5	9	0.3998223011994669	262.5	19	0.8440693025322079	225.0	0	0.0	225.0	0	0.0
login	15	38	57634.5	15	0.6663705019991115	57634.5	7	0.3109729009329187	269.5	16	0.7107952021323856	231.0	0	0.0	231.0	0	0.0
login	15	39	59131.5	0	0.0	59131.5	14	0.6219458018658374	276.5	17	0.7552199022656596	237.0	0	0.0	237.0	0	0.0
login	15	40	60628.5	15	0.6663705019991115	60628.5	15	0.6663705019991115	283.5	10	0.444247001332741	243.0	0	0.0	243.0	0	0.0
login	15	41	62125.5	15	0.6663705019991115	62125.5	8	0.3553976010661928	290.5	18	0.7996446023989338	249.0	0	0.0	249.0	0	0.0
login	15	42	63622.5	15	0.6663705019991115	63622.5	8	0.3553976010661928	297.5	15	0.6663705019991115	255.0	0	0.0	255.0	0	0.0
login	15	43	65119.5	0	0.0	65119.5	14	0.6219458018658374	304.5	19	0.8440693025322079	261.0	0	0.0	261.0	0	0.0
login	15	44	66616.5	15	0.6663705019991115	66616.5	15	0.6663705019991115	311.5	17	0.7552199022656596	267.0	0	0.0	267.0	0	0.0
login	15	45	68113.5	15	0.6663705019991115	68113.5	9	0.3998223011994669	318.5	22	0.9773434029320301	273.0	0	0.0	273.0	0	0.0
login	15	46	69610.5	15	0.6663705019991115	69610.5	8	0.3553976010661928	325.5	21	0.932918702798756	279.0	0	0.0	279.0	0	0.0
login	15	47	71107.5	0	0.0	71107.5	13	0.5775211017325632	332.5	13	0.5775211017325632	285.0	0	0.0	285.0	0	0.0
login	15	48	72604.5	15	0.6663705019991115	72604.5	15	0.6663705019991115	339.5	19	0.8440693025322079	291.0	0	0.0	291.0	0	0.0
login	15	49	74101.5	15	0.6663705019991115	74101.5	12	0.5330964015992892	346.5	20	0.888494002665482	297.0	0	0.0	297.0	0	0.0
login	15	50	75598.5	15	0.6663705019991115	75598.5	7	0.3109729009329187	353.5	17	0.7552199022656596	303.0	0	0.0	303.0	0	0.0
login	15	51	77095.5	0	0.0	77095.5	11	0.4886717014660151	360.5	12	0.5330964015992892	309.0	0	0.0	309.0	0	0.0
login	15	52	78592.5	15	0.6663705019991115	78592.5	15	0.6663705019991115	367.5	21	0.932918702798756	315.0	0	0.0	315.0	0	0.0
login	15	53	80089.5	15	0.6663705019991115	80089.5	12	0.5330964015992892	374.5	22	0.9773434029320301	321.0	0	0.0	321.0	0	0.0
login	15	54	81586.5	15	0.6663705019991115	81586.5	9	0.3998223011994669	381.5	26	1.1550422034651264	327.0	0	0.0	327.0	0	0.0
login	15	55	83083.5	0	0.0	83083.5	9	0.3998223011994669	388.5	26	1.1550422034651264	333.0	0	0.0	333.0	0	0.0
login	15	56	84580.5	15	0.6663705019991115	84580.5	15	0.6663705019991115	395.5	22	0.9773434029320301	339.0	0	0.0	339.0	0	0.0
login	15	57	86077.5	15	0.6663705019991115	86077.5	11	0.4886717014660151	402.5	25	1.1106175033318524	345.0	0	0.0	345.0	0	0.0
login	15	58	87574.5	15	0.6663705019991115	87574.5	7	0.3109729009329187	409.5	20	0.888494002665482	351.0	0	0.0	351.0	0	0.0
login	15	59	89071.5	12	0.5330964015992892	89071.5	12	0.5330964015992892	416.5	21	0.932918702798756	357.0	0	0.0	357.0	0	0.0
login	15	60	90568.5	3	0.1332741003998223	90568.5	15	0.6663705019991115	423.5	22	0.9773434029320301	363.0	0	0.0	363.0	0	0.0
login	15	61	92065.5	15	0.6663705019991115	92065.5	15	0.6663705019991115	430.5	14	0.6219458018658374	369.0	0	0.0	369.0	0	0.0
login	15	62	93562.5	15	0.6663705019991115	93562.5	5	0.2221235006663705	437.5	22	0.9773434029320301	375.0	0	0.0	375.0	0	0.0
login	15	63	95059.5	7	0.3109729009329187	95059.5	10	0.444247001332741	444.5	18	0.7996446023989338	381.0	0	0.0	381.0	0	0.0
login	15	64	96556.5	8	0.3553976010661928	96556.5	15	0.6663705019991115	451.5	9	0.3998223011994669	387.0	0	0.0	387.0	0	0.0
login	15	65	98053.5	15	0.6663705019991115	98053.5	13	0.5775211017325632	458.5	16	0.7107952021323856	393.0	0	0.0	393.0	0	0.0
login	15	66	99550.5	15	0.6663705019991115	99550.5	8	0.3553976010661928	465.5	8	0.3553976010661928	399.0	0	0.0	399.0	0	0.0
login	15	67	101047.5	0	0.0	101047.5	9	0.3998223011994669	472.5	11	0.4886717014660151	405.0	0	0.0	405.0	0	0.0
login	15	68	102544.5	15	0.6663705019991115	102544.5	15	0.6663705019991115	479.5	18	0.7996446023989338	411.0	0	0.0	411.0	0	0.0
login	15	69	104041.5	15	0.6663705019991115	104041.5	8	0.3553976010661928	486.5	14	0.6219458018658374	417.0	0	0.0	417.0	0	0.0
login	15	70	105538.5	15	0.6663705019991115	105538.5	7	0.3109729009329187	493.5	17	0.7552199022656596	423.0	0	0.0	423.0	0	0.0
login	15	71	107035.5	0	0.0	107035.5	15	0.6663705019991115	500.5	14	0.6219458018658374	429.0	0	0.0	429.0	0	0.0
login	15	72	108532.5	15	0.6663705019991115	108532.5	14	0.6219458018658374	507.5	12	0.5330964015992892	435.0	0	0.0	435.0	0	0.0
login	15	73	110029.5	15	0.6663705019991115	110029.5	6	0.2665482007996446	514.5	18	0.7996446023989338	441.0	0	0.0	441.0	0	0.0
login	15	74	111526.5	13	0.5775211017325632	111526.5	10	0.444247001332741	521.5	19	0.8440693025322079	447.0	0	0.0	447.0	0	0.0
login	15	75	113023.5	2	0.0888494002665482	113023.5	15	0.6663705019991115	528.5	17	0.7552199022656596	453.0	0	0.0	453.0	0	0.0
login	15	76	114520.5	15	0.6663705019991115	114520.5	14	0.6219458018658374	535.5	18	0.7996446023989338	459.0	0	0.0	459.0	0	0.0
login	15	77	116017.5	15	0.6663705019991115	116017.5	7	0.3109729009329187	542.5	18	0.7996446023989338	465.0	0	0.0	465.0	0	0.0
login	15	78	117514.5	13	0.5775211017325632	117514.5	9	0.3998223011994669	549.5	19	0.8440693025322079	471.0	0	0.0	471.0	0	0.0
login	15	79	119011.5	2	0.0888494002665482	119011.5	15	0.6663705019991115	556.5	9	0.3998223011994669	477.0	0	0.0	477.0	0	0.0
login	15	80	120508.5	15	0.6663705019991115	120508.5	14	0.6219458018658374	563.5	10	0.444247001332741	483.0	0	0.0	483.0	0	0.0
login	15	81	122005.5	15	0.6663705019991115	122005.5	5	0.2221235006663705	570.5	10	0.444247001332741	489.0	0	0.0	489.0	0	0.0
login	15	82	123502.5	14	0.6219458018658374	123502.5	11	0.4886717014660151	577.5	20	0.888494002665482	495.0	0	0.0	495.0	0	0.0
login	15	83	124999.5	1	0.0444247001332741	124999.5	15	0.6663705019991115	584.5	12	0.5330964015992892	501.0	0	0.0	501.0	0	0.0
login	15	84	126496.5	15	0.6663705019991115	126496.5	15	0.6663705019991115	591.5	23	1.0217681030653043	507.0	0	0.0	507.0	0	0.0
login	15	85	127993.5	15	0.6663705019991115	127993.5	8	0.3553976010661928	598.5	24	1.0661928031985783	513.0	0	0.0	513.0	0	0.0
login	15	86	129490.5	15	0.6663705019991115	129490.5	8	0.3553976010661928	605.5	10	0.444247001332741	519.0	0	0.0	519.0	0	0.0
login	15	87	130987.5	0	0.0	130987.5	14	0.6219458018658374	612.5	21	0.932918702798756	525.0	0	0.0	525.0	0	0.0
login	15	88	132484.5	15	0.6663705019991115	132484.5	15	0.6663705019991115	619.5	9	0.3998223011994669	531.0	0	0.0	531.0	0	0.0
login	15	89	133981.5	15	0.6663705019991115	133981.5	10	0.444247001332741	626.5	15	0.6663705019991115	537.0	0	0.0	537.0	0	0.0
login	15	90	135478.5	15	0.6663705019991115	135478.5	5	0.2221235006663705	633.5	25	1.1106175033318524	543.0	0	0.0	543.0	0	0.0
login	15	91	136975.5	0	0.0	136975.5	15	0.6663705019991115	640.5	20	0.888494002665482	549.0	0	0.0	549.0	0	0.0
login	15	92	138472.5	15	0.6663705019991115	138472.5	15	0.6663705019991115	647.5	24	1.0661928031985783	555.0	0	0.0	555.0	0	0.0
login	15	93	139969.5	15	0.6663705019991115	139969.5	9	0.3998223011994669	654.5	19	0.8440693025322079	561.0	0	0.0	561.0	0	0.0
login	15	94	141466.5	14	0.6219458018658374	141466.5	8	0.3553976010661928	661.5	15	0.6663705019991115	567.0	0	0.0	567.0	0	0.0
login	15	95	142963.5	1	0.0444247001332741	142963.5	13	0.5775211017325632	668.5	21	0.932918702798756	573.0	0	0.0	573.0	0	0.0
login	15	96	144460.5	15	0.6663705019991115	144460.5	15	0.6663705019991115	675.5	17	0.7552199022656596	579.0	0	0.0	579.0	0	0.0
login	15	97	145957.5	15	0.6663705019991115	145957.5	11	0.4886717014660151	682.5	9	0.3998223011994669	585.0	0	0.0	585.0	0	0.0
login	15	98	147454.5	15	0.6663705019991115	147454.5	9	0.3998223011994669	689.5	25	1.1106175033318524	591.0	0	0.0	591.0	0	0.0
login	15	99	148951.5	0	0.0	148951.5	10	0.444247001332741	696.5	13	0.5775211017325632	597.0	0	0.0	597.0	0	0.0
login	15	100	150448.5	15	0.6663705019991115	150448.5	15	0.6663705019991115	703.5	19	0.8440693025322079	603.0	0	0.0	603.0	0	0.0
login	15	101	151945.5	15	0.6663705019991115	151945.5	8	0.3553976010661928	710.5	21	0.932918702798756	609.0	0	0.0	609.0	0	0.0
login	15	102	153442.5	15	0.6663705019991115	153442.5	8	0.3553976010661928	717.5	20	0.888494002665482	615.0	0	0.0	615.0	0	0.0
login	15	103	154939.5	0	0.0	154939.5	14	0.6219458018658374	724.5	10	0.444247001332741	621.0	0	0.0	621.0	0	0.0
login	15	104	156436.5	15	0.6663705019991115	156436.5	13	0.5775211017325632	731.5	13	0.5775211017325632	627.0	0	0.0	627.0	0	0.0
login	15	105	157933.5	15	0.6663705019991115	157933.5	8	0.3553976010661928	738.5	10	0.444247001332741	633.0	0	0.0	633.0	0	0.0
login	15	106	159430.5	0	0.0	159430.5	9	0.3998223011994669	745.5	14	0.6219458018658374	639.0	0	0.0	639.0	0	0.0
login	15	107	160927.5	15	0.6663705019991115	160927.5	15	0.6663705019991115	752.5	6	0.2665482007996446	645.0	0	0.0	645.0	0	0.0
login	15	108	162424.5	15	0.6663705019991115	162424.5	13	0.5775211017325632	759.5	12	0.5330964015992892	651.0	0	0.0	651.0	0	0.0
login	15	109	163921.5	15	0.6663705019991115	163921.5	7	0.3109729009329187	766.5	17	0.7552199022656596	657.0	0	0.0	657.0	0	0.0
login	15	110	165418.5	12	0.5330964015992892	165418.5	10	0.444247001332741	773.5	13	0.5775211017325632	663.0	0	0.0	663.0	0	0.0
login	15	111	166915.5	3	0.1332741003998223	166915.5	15	0.6663705019991115	780.5	23	1.0217681030653043	669.0	0	0.0	669.0	0	0.0
login	15	112	168412.5	15	0.6663705019991115	168412.5	10	0.444247001332741	787.5	26	1.1550422034651264	675.0	0	0.0	675.0	0	0.0
login	15	113	169909.5	15	0.6663705019991115	169909.5	8	0.3553976010661928	794.5	12	0.5330964015992892	681.0	0	0.0	681.0	0	0.0
login	15	114	171406.5	0	0.0	171406.5	12	0.5330964015992892	801.5	19	0.8440693025322079	687.0	0	0.0	687.0	0	0.0
login	15	115	172903.5	15	0.6663705019991115	172903.5	15	0.6663705019991115	808.5	15	0.6663705019991115	693.0	0	0.0	693.0	0	0.0
login	15	116	174400.5	15	0.6663705019991115	174400.5	11	0.4886717014660151	815.5	21	0.932918702798756	699.0	0	0.0	699.0	0	0.0
login	15	117	175897.5	15	0.6663705019991115	175897.5	6	0.2665482007996446	822.5	25	1.1106175033318524	705.0	0	0.0	705.0	0	0.0
login	15	118	177394.5	0	0.0	177394.5	13	0.5775211017325632	829.5	20	0.888494002665482	711.0	0	0.0	711.0	0	0.0
login	15	119	178891.5	15	0.6663705019991115	178891.5	15	0.6663705019991115	836.5	17	0.7552199022656596	717.0	0	0.0	717.0	0	0.0
login	15	120	180388.5	15	0.6663705019991115	180388.5	10	0.444247001332741	843.5	14	0.6219458018658374	723.0	0	0.0	723.0	0	0.0
login	15	121	181885.5	15	0.6663705019991115	181885.5	6	0.2665482007996446	850.5	18	0.7996446023989338	729.0	0	0.0	729.0	0	0.0
login	15	122	183382.5	0	0.0	183382.5	14	0.6219458018658374	857.5	25	1.1106175033318524	735.0	0	0.0	735.0	0	0.0
login	15	123	184879.5	15	0.6663705019991115	184879.5	15	0.6663705019991115	864.5	20	0.888494002665482	741.0	0	0.0	741.0	0	0.0
login	15	124	186376.5	15	0.6663705019991115	186376.5	8	0.3553976010661928	871.5	26	1.1550422034651264	747.0	0	0.0	747.0	0	0.0
login	15	125	187873.5	15	0.6663705019991115	187873.5	9	0.3998223011994669	878.5	17	0.7552199022656596	753.0	0	0.0	753.0	0	0.0
login	15	126	189370.5	0	0.0	189370.5	13	0.5775211017325632	885.5	27	1.1994669035984007	759.0	0	0.0	759.0	0	0.0
login	15	127	190867.5	15	0.6663705019991115	190867.5	15	0.6663705019991115	892.5	24	1.0661928031985783	765.0	0	0.0	765.0	0	0.0
login	15	128	192364.5	15	0.6663705019991115	192364.5	11	0.4886717014660151	899.5	28	1.2438916037316747	771.0	0	0.0	771.0	0	0.0
login	15	129	193861.5	15	0.6663705019991115	193861.5	5	0.2221235006663705	906.5	17	0.7552199022656596	777.0	0	0.0	777.0	0	0.0
login	15	130	195358.5	0	0.0	195358.5	14	0.6219458018658374	913.5	19	0.8440693025322079	783.0	0	0.0	783.0	0	0.0
login	15	131	196855.5	15	0.6663705019991115	196855.5	15	0.6663705019991115	920.5	21	0.932918702798756	789.0	0	0.0	789.0	0	0.0
login	15	132	198352.5	15	0.6663705019991115	198352.5	10	0.444247001332741	927.5	18	0.7996446023989338	795.0	0	0.0	795.0	0	0.0
login	15	133	199849.5	15	0.6663705019991115	199849.5	7	0.3109729009329187	934.5	21	0.932918702798756	801.0	0	0.0	801.0	0	0.0
login	15	134	201346.5	0	0.0	201346.5	13	0.5775211017325632	941.5	19	0.8440693025322079	807.0	0	0.0	807.0	0	0.0
login	15	135	202843.5	15	0.6663705019991115	202843.5	15	0.6663705019991115	948.5	25	1.1106175033318524	813.0	0	0.0	813.0	0	0.0
login	15	136	204340.5	15	0.6663705019991115	204340.5	11	0.4886717014660151	955.5	24	1.0661928031985783	819.0	0	0.0	819.0	0	0.0
login	15	137	205837.5	15	0.6663705019991115	205837.5	8	0.3553976010661928	962.5	20	0.888494002665482	825.0	0	0.0	825.0	0	0.0
login	15	138	207334.5	0	0.0	207334.5	11	0.4886717014660151	969.5	13	0.5775211017325632	831.0	0	0.0	831.0	0	0.0
login	15	139	208831.5	15	0.6663705019991115	208831.5	15	0.6663705019991115	976.5	12	0.5330964015992892	837.0	0	0.0	837.0	0	0.0
login	15	140	210328.5	15	0.6663705019991115	210328.5	7	0.3109729009329187	983.5	20	0.888494002665482	843.0	0	0.0	843.0	0	0.0
login	15	141	211825.5	14	0.6219458018658374	211825.5	8	0.3553976010661928	990.5	24	1.0661928031985783	849.0	0	0.0	849.0	0	0.0
login	15	142	213322.5	1	0.0444247001332741	213322.5	15	0.6663705019991115	997.5	16	0.7107952021323856	855.0	0	0.0	855.0	0	0.0
login	15	143	214819.5	15	0.6663705019991115	214819.5	15	0.6663705019991115	1004.5	10	0.444247001332741	861.0	0	0.0	861.0	0	0.0
login	15	144	216316.5	15	0.6663705019991115	216316.5	5	0.2221235006663705	1011.5	15	0.6663705019991115	867.0	0	0.0	867.0	0	0.0
login	15	145	217813.5	2	0.0888494002665482	217813.5	10	0.444247001332741	1018.5	16	0.7107952021323856	873.0	0	0.0	873.0	0	0.0
login	15	146	219310.5	13	0.5775211017325632	219310.5	15	0.6663705019991115	1025.5	17	0.7552199022656596	879.0	0	0.0	879.0	0	0.0
login	15	147	220807.5	15	0.6663705019991115	220807.5	14	0.6219458018658374	1032.5	13	0.5775211017325632	885.0	0	0.0	885.0	0	0.0
login	15	148	222304.5	15	0.6663705019991115	222304.5	7	0.3109729009329187	1039.5	12	0.5330964015992892	891.0	0	0.0	891.0	0	0.0
login	15	149	223801.5	15	0.6663705019991115	223801.5	10	0.444247001332741	1046.5	16	0.7107952021323856	897.0	0	0.0	897.0	0	0.0
login	15	150	225298.5	0	0.0	225298.5	14	0.6219458018658374	1053.5	12	0.5330964015992892	903.0	0	0.0	903.0	0	0.0
login	15	151	226795.5	15	0.6663705019991115	226795.5	15	0.6663705019991115	1060.5	6	0.2665482007996446	909.0	0	0.0	909.0	0	0.0
login	15	152	228292.5	15	0.6663705019991115	228292.5	8	0.3553976010661928	1067.5	6	0.2665482007996446	915.0	0	0.0	915.0	0	0.0
login	15	153	229789.5	15	0.6663705019991115	229789.5	9	0.3998223011994669	1074.5	9	0.3998223011994669	921.0	0	0.0	921.0	0	0.0
login	15	154	231286.5	0	0.0	231286.5	13	0.5775211017325632	1081.5	3	0.1332741003998223	927.0	0	0.0	927.0	0	0.0
login	15	155	232783.5	15	0.6663705019991115	232783.5	15	0.6663705019991115	1088.5	9	0.3998223011994669	933.0	0	0.0	933.0	0	0.0
login	15	156	234280.5	15	0.6663705019991115	234280.5	11	0.4886717014660151	1095.5	11	0.4886717014660151	939.0	0	0.0	939.0	0	0.0
login	15	157	235777.5	15	0.6663705019991115	235777.5	6	0.2665482007996446	1102.5	10	0.444247001332741	945.0	0	0.0	945.0	0	0.0
login	15	158	237274.5	0	0.0	237274.5	13	0.5775211017325632	1109.5	11	0.4886717014660151	951.0	0	0.0	951.0	0	0.0
login	15	159	238771.5	15	0.6663705019991115	238771.5	15	0.6663705019991115	1116.5	7	0.3109729009329187	957.0	0	0.0	957.0	0	0.0
login	15	160	240268.5	15	0.6663705019991115	240268.5	13	0.5775211017325632	1123.5	4	0.1776988005330964	963.0	0	0.0	963.0	0	0.0
login	15	161	241765.5	15	0.6663705019991115	241765.5	6	0.2665482007996446	1130.5	4	0.1776988005330964	969.0	0	0.0	969.0	0	0.0
login	15	162	243262.5	6	0.2665482007996446	243262.5	11	0.4886717014660151	1137.5	6	0.2665482007996446	975.0	0	0.0	975.0	0	0.0
login	15	163	244759.5	9	0.3998223011994669	244759.5	15	0.6663705019991115	1144.5	3	0.1332741003998223	981.0	0	0.0	981.0	0	0.0
login	15	164	246256.5	15	0.6663705019991115	246256.5	12	0.5330964015992892	1151.5	3	0.1332741003998223	987.0	0	0.0	987.0	0	0.0
login	15	165	247753.5	15	0.6663705019991115	247753.5	7	0.3109729009329187	1158.5	8	0.3553976010661928	993.0	0	0.0	993.0	0	0.0
login	15	166	249250.5	0	0.0	249250.5	11	0.4886717014660151	1165.5	2	0.0888494002665482	999.0	0	0.0	999.0	0	0.0
login	15	167	250747.5	15	0.6663705019991115	250747.5	15	0.6663705019991115	1172.5	1	0.0444247001332741	1005.0	0	0.0	1005.0	0	0.0
login	15	168	252244.5	15	0.6663705019991115	252244.5	8	0.3553976010661928	1179.5	1	0.0444247001332741	1011.0	0	0.0	1011.0	0	0.0
login	15	169	253741.5	15	0.6663705019991115	253741.5	8	0.3553976010661928	1186.5	1	0.0444247001332741	1017.0	0	0.0	1017.0	0	0.0
login	15	170	255238.5	0	0.0	255238.5	14	0.6219458018658374	1193.5	3	0.1332741003998223	1023.0	0	0.0	1023.0	0	0.0
login	15	171	256735.5	15	0.6663705019991115	256735.5	15	0.6663705019991115	1200.5	0	0.0	1029.0	0	0.0	1029.0	0	0.0
login	15	172	258232.5	15	0.6663705019991115	258232.5	8	0.3553976010661928	1207.5	2	0.0888494002665482	1035.0	0	0.0	1035.0	0	0.0
login	15	173	259729.5	15	0.6663705019991115	259729.5	7	0.3109729009329187	1214.5	2	0.0888494002665482	1041.0	0	0.0	1041.0	0	0.0
login	15	174	261226.5	0	0.0	261226.5	15	0.6663705019991115	1221.5	0	0.0	1047.0	0	0.0	1047.0	0	0.0
login	15	175	262723.5	15	0.6663705019991115	262723.5	15	0.6663705019991115	1228.5	0	0.0	1053.0	0	0.0	1053.0	0	0.0
login	15	176	264220.5	15	0.6663705019991115	264220.5	9	0.3998223011994669	1235.5	0	0.0	1059.0	0	0.0	1059.0	0	0.0
login	15	177	265717.5	15	0.6663705019991115	265717.5	6	0.2665482007996446	1242.5	0	0.0	1065.0	0	0.0	1065.0	0	0.0
login	15	178	267214.5	0	0.0	267214.5	15	0.6663705019991115	1249.5	0	0.0	1071.0	0	0.0	1071.0	0	0.0
login	15	179	268711.5	15	0.6663705019991115	268711.5	15	0.6663705019991115	1256.5	0	0.0	1077.0	0	0.0	1077.0	0	0.0
login	15	180	270208.5	15	0.6663705019991115	270208.5	7	0.3109729009329187	1263.5	0	0.0	1083.0	0	0.0	1083.0	0	0.0
login	15	181	271705.5	14	0.6219458018658374	271705.5	8	0.3553976010661928	1270.5	0	0.0	1089.0	0	0.0	1089.0	0	0.0
login	15	182	273202.5	1	0.0444247001332741	273202.5	15	0.6663705019991115	1277.5	0	0.0	1095.0	0	0.0	1095.0	0	0.0
login	15	183	274699.5	15	0.6663705019991115	274699.5	15	0.6663705019991115	1284.5	0	0.0	1101.0	0	0.0	1101.0	0	0.0
login	15	184	276196.5	15	0.6663705019991115	276196.5	6	0.2665482007996446	1291.5	0	0.0	1107.0	0	0.0	1107.0	0	0.0
login	15	185	277693.5	15	0.6663705019991115	277693.5	9	0.3998223011994669	1298.5	0	0.0	1113.0	0	0.0	1113.0	0	0.0
login	15	186	279190.5	0	0.0	279190.5	15	0.6663705019991115	1305.5	0	0.0	1119.0	0	0.0	1119.0	0	0.0
login	15	187	280687.5	15	0.6663705019991115	280687.5	15	0.6663705019991115	1312.5	0	0.0	1125.0	0	0.0	1125.0	0	0.0
login	15	188	282184.5	15	0.6663705019991115	282184.5	7	0.3109729009329187	1319.5	0	0.0	1131.0	0	0.0	1131.0	0	0.0
login	15	189	283681.5	15	0.6663705019991115	283681.5	9	0.3998223011994669	1326.5	0	0.0	1137.0	0	0.0	1137.0	0	0.0
login	15	190	285178.5	0	0.0	285178.5	14	0.6219458018658374	1333.5	0	0.0	1143.0	0	0.0	1143.0	0	0.0
login	15	191	286675.5	15	0.6663705019991115	286675.5	15	0.6663705019991115	1340.5	0	0.0	1149.0	0	0.0	1149.0	0	0.0
login	15	192	288172.5	15	0.6663705019991115	288172.5	7	0.3109729009329187	1347.5	0	0.0	1155.0	0	0.0	1155.0	0	0.0
login	15	193	289669.5	15	0.6663705019991115	289669.5	8	0.3553976010661928	1354.5	0	0.0	1161.0	0	0.0	1161.0	0	0.0
login	15	194	291166.5	0	0.0	291166.5	15	0.6663705019991115	1361.5	0	0.0	1167.0	0	0.0	1167.0	0	0.0
login	15	195	292663.5	15	0.6663705019991115	292663.5	15	0.6663705019991115	1368.5	0	0.0	1173.0	0	0.0	1173.0	0	0.0
login	15	196	294160.5	15	0.6663705019991115	294160.5	6	0.2665482007996446	1375.5	0	0.0	1179.0	0	0.0	1179.0	0	0.0
login	15	197	295657.5	14	0.6219458018658374	295657.5	9	0.3998223011994669	1382.5	0	0.0	1185.0	0	0.0	1185.0	0	0.0
login	15	198	297154.5	1	0.0444247001332741	297154.5	15	0.6663705019991115	1389.5	0	0.0	1191.0	0	0.0	1191.0	0	0.0
login	15	199	298651.5	15	0.6663705019991115	298651.5	15	0.6663705019991115	1396.5	0	0.0	1197.0	0	0.0	1197.0	0	0.0
info	15	0	747.5	16	0.7107952021323856	747.5	16	0.7107952021323856	3.0	288	12.79431363838294	3.0	2251	100.0	3.0	2251	100.0
info	15	1	2242.5	15	0.6663705019991115	2242.5	15	0.6663705019991115	9.0	51	2.265659706796979	9.0	0	0.0	9.0	0	0.0
info	15	2	3737.5	15	0.6663705019991115	3737.5	15	0.6663705019991115	15.0	60	2.665482007996446	15.0	0	0.0	15.0	0	0.0
info	15	3	5232.5	8	0.3553976010661928	5232.5	0	0.0	21.0	53	2.354509107063527	21.0	0	0.0	21.0	0	0.0
info	15	4	6727.5	7	0.3109729009329187	6727.5	15	0.6663705019991115	27.0	54	2.3989338071968014	27.0	0	0.0	27.0	0	0.0
info	15	5	8222.5	15	0.6663705019991115	8222.5	15	0.6663705019991115	33.0	38	1.6881386050644158	33.0	0	0.0	33.0	0	0.0
info	15	6	9717.5	10	0.444247001332741	9717.5	0	0.0	39.0	42	1.865837405597512	39.0	0	0.0	39.0	0	0.0
info	15	7	11212.5	7	0.3109729009329187	11212.5	15	0.6663705019991115	45.0	29	1.2883163038649488	45.0	0	0.0	45.0	0	0.0
info	15	8	12707.5	13	0.5775211017325632	12707.5	15	0.6663705019991115	51.0	31	1.377165704131497	51.0	0	0.0	51.0	0	0.0
info	15	9	14202.5	15	0.6663705019991115	14202.5	15	0.6663705019991115	57.0	28	1.2438916037316747	57.0	0	0.0	57.0	0	0.0
info	15	10	15697.5	9	0.3998223011994669	15697.5	0	0.0	63.0	29	1.2883163038649488	63.0	0	0.0	63.0	0	0.0
info	15	11	17192.5	8	0.3553976010661928	17192.5	15	0.6663705019991115	69.0	9	0.3998223011994669	69.0	0	0.0	69.0	0	0.0
info	15	12	18687.5	13	0.5775211017325632	18687.5	15	0.6663705019991115	75.0	14	0.6219458018658374	75.0	0	0.0	75.0	0	0.0
info	15	13	20182.5	15	0.6663705019991115	20182.5	15	0.6663705019991115	81.0	8	0.3553976010661928	81.0	0	0.0	81.0	0	0.0
info	15	14	21677.5	12	0.5330964015992892	21677.5	12	0.5330964015992892	87.0	14	0.6219458018658374	87.0	0	0.0	87.0	0	0.0
info	15	15	23172.5	7	0.3109729009329187	23172.5	3	0.1332741003998223	93.0	14	0.6219458018658374	93.0	0	0.0	93.0	0	0.0
info	15	16	24667.5	11	0.4886717014660151	24667.5	15	0.6663705019991115	99.0	17	0.7552199022656596	99.0	0	0.0	99.0	0	0.0
info	15	17	26162.5	15	0.6663705019991115	26162.5	15	0.6663705019991115	105.0	13	0.5775211017325632	105.0	0	0.0	105.0	0	0.0
info	15	18	27657.5	10	0.444247001332741	27657.5	0	0.0	111.0	14	0.6219458018658374	111.0	0	0.0	111.0	0	0.0
info	15	19	29152.5	7	0.3109729009329187	29152.5	15	0.6663705019991115	117.0	4	0.1776988005330964	117.0	0	0.0	117.0	0	0.0
info	15	20	30647.5	13	0.5775211017325632	30647.5	15	0.6663705019991115	123.0	13	0.5775211017325632	123.0	0	0.0	123.0	0	0.0
info	15	21	32142.5	15	0.6663705019991115	32142.5	15	0.6663705019991115	129.0	6	0.2665482007996446	129.0	0	0.0	129.0	0	0.0
info	15	22	33637.5	11	0.4886717014660151	33637.5	0	0.0	135.0	8	0.3553976010661928	135.0	0	0.0	135.0	0	0.0
info	15	23	35132.5	5	0.2221235006663705	35132.5	15	0.6663705019991115	141.0	15	0.6663705019991115	141.0	0	0.0	141.0	0	0.0
info	15	24	36627.5	14	0.6219458018658374	36627.5	15	0.6663705019991115	147.0	11	0.4886717014660151	147.0	0	0.0	147.0	0	0.0
info	15	25	38122.5	13	0.5775211017325632	38122.5	13	0.5775211017325632	153.0	10	0.444247001332741	153.0	0	0.0	153.0	0	0.0
info	15	26	39617.5	9	0.3998223011994669	39617.5	2	0.0888494002665482	159.0	11	0.4886717014660151	159.0	0	0.0	159.0	0	0.0
info	15	27	41112.5	8	0.3553976010661928	41112.5	15	0.6663705019991115	165.0	8	0.3553976010661928	165.0	0	0.0	165.0	0	0.0
info	15	28	42607.5	15	0.6663705019991115	42607.5	15	0.6663705019991115	171.0	10	0.444247001332741	171.0	0	0.0	171.0	0	0.0
info	15	29	44102.5	15	0.6663705019991115	44102.5	15	0.6663705019991115	177.0	14	0.6219458018658374	177.0	0	0.0	177.0	0	0.0
info	15	30	45597.5	9	0.3998223011994669	45597.5	0	0.0	183.0	6	0.2665482007996446	183.0	0	0.0	183.0	0	0.0
info	15	31	47092.5	7	0.3109729009329187	47092.5	15	0.6663705019991115	189.0	7	0.3109729009329187	189.0	0	0.0	189.0	0	0.0
info	15	32	48587.5	14	0.6219458018658374	48587.5	15	0.6663705019991115	195.0	10	0.444247001332741	195.0	0	0.0	195.0	0	0.0
info	15	33	50082.5	14	0.6219458018658374	50082.5	14	0.6219458018658374	201.0	13	0.5775211017325632	201.0	0	0.0	201.0	0	0.0
info	15	34	51577.5	8	0.3553976010661928	51577.5	1	0.0444247001332741	207.0	24	1.0661928031985783	207.0	0	0.0	207.0	0	0.0
info	15	35	53072.5	8	0.3553976010661928	53072.5	15	0.6663705019991115	213.0	17	0.7552199022656596	213.0	0	0.0	213.0	0	0.0
info	15	36	54567.5	15	0.6663705019991115	54567.5	15	0.6663705019991115	219.0	11	0.4886717014660151	219.0	0	0.0	219.0	0	0.0
info	15	37	56062.5	15	0.6663705019991115	56062.5	15	0.6663705019991115	225.0	13	0.5775211017325632	225.0	0	0.0	225.0	0	0.0
info	15	38	57557.5	7	0.3109729009329187	57557.5	0	0.0	231.0	12	0.5330964015992892	231.0	0	0.0	231.0	0	0.0
info	15	39	59052.5	8	0.3553976010661928	59052.5	15	0.6663705019991115	237.0	15	0.6663705019991115	237.0	0	0.0	237.0	0	0.0
info	15	40	60547.5	15	0.6663705019991115	60547.5	15	0.6663705019991115	243.0	12	0.5330964015992892	243.0	0	0.0	243.0	0	0.0
info	15	41	62042.5	15	0.6663705019991115	62042.5	15	0.6663705019991115	249.0	15	0.6663705019991115	249.0	0	0.0	249.0	0	0.0
info	15	42	63537.5	6	0.2665482007996446	63537.5	0	0.0	255.0	12	0.5330964015992892	255.0	0	0.0	255.0	0	0.0
info	15	43	65032.5	9	0.3998223011994669	65032.5	15	0.6663705019991115	261.0	18	0.7996446023989338	261.0	0	0.0	261.0	0	0.0
info	15	44	66527.5	15	0.6663705019991115	66527.5	15	0.6663705019991115	267.0	16	0.7107952021323856	267.0	0	0.0	267.0	0	0.0
info	15	45	68022.5	15	0.6663705019991115	68022.5	15	0.6663705019991115	273.0	17	0.7552199022656596	273.0	0	0.0	273.0	0	0.0
info	15	46	69517.5	8	0.3553976010661928	69517.5	0	0.0	279.0	11	0.4886717014660151	279.0	0	0.0	279.0	0	0.0
info	15	47	71012.5	8	0.3553976010661928	71012.5	15	0.6663705019991115	285.0	29	1.2883163038649488	285.0	0	0.0	285.0	0	0.0
info	15	48	72507.5	14	0.6219458018658374	72507.5	15	0.6663705019991115	291.0	16	0.7107952021323856	291.0	0	0.0	291.0	0	0.0
info	15	49	74002.5	15	0.6663705019991115	74002.5	15	0.6663705019991115	297.0	15	0.6663705019991115	297.0	0	0.0	297.0	0	0.0
info	15	50	75497.5	9	0.3998223011994669	75497.5	0	0.0	303.0	19	0.8440693025322079	303.0	0	0.0	303.0	0	0.0
info	15	51	76992.5	9	0.3998223011994669	76992.5	15	0.6663705019991115	309.0	24	1.0661928031985783	309.0	0	0.0	309.0	0	0.0
info	15	52	78487.5	12	0.5330964015992892	78487.5	15	0.6663705019991115	315.0	16	0.7107952021323856	315.0	0	0.0	315.0	0	0.0
info	15	53	79982.5	15	0.6663705019991115	79982.5	15	0.6663705019991115	321.0	12	0.5330964015992892	321.0	0	0.0	321.0	0	0.0
info	15	54	81477.5	8	0.3553976010661928	81477.5	0	0.0	327.0	12	0.5330964015992892	327.0	0	0.0	327.0	0	0.0
info	15	55	82972.5	9	0.3998223011994669	82972.5	15	0.6663705019991115	333.0	16	0.7107952021323856	333.0	0	0.0	333.0	0	0.0
info	15	56	84467.5	13	0.5775211017325632	84467.5	15	0.6663705019991115	339.0	13	0.5775211017325632	339.0	0	0.0	339.0	0	0.0
info	15	57	85962.5	15	0.6663705019991115	85962.5	15	0.6663705019991115	345.0	15	0.6663705019991115	345.0	0	0.0	345.0	0	0.0
info	15	58	87457.5	9	0.3998223011994669	87457.5	0	0.0	351.0	16	0.7107952021323856	351.0	0	0.0	351.0	0	0.0
info	15	59	88952.5	9	0.3998223011994669	88952.5	15	0.6663705019991115	357.0	4	0.1776988005330964	357.0	0	0.0	357.0	0	0.0
info	15	60	90447.5	12	0.5330964015992892	90447.5	15	0.6663705019991115	363.0	10	0.444247001332741	363.0	0	0.0	363.0	0	0.0
info	15	61	91942.5	15	0.6663705019991115	91942.5	15	0.6663705019991115	369.0	12	0.5330964015992892	369.0	0	0.0	369.0	0	0.0
info	15	62	93437.5	10	0.444247001332741	93437.5	0	0.0	375.0	12	0.5330964015992892	375.0	0	0.0	375.0	0	0.0
info	15	63	94932.5	9	0.3998223011994669	94932.5	15	0.6663705019991115	381.0	15	0.6663705019991115	381.0	0	0.0	381.0	0	0.0
info	15	64	96427.5	11	0.4886717014660151	96427.5	15	0.6663705019991115	387.0	16	0.7107952021323856	387.0	0	0.0	387.0	0	0.0
info	15	65	97922.5	15	0.6663705019991115	97922.5	15	0.6663705019991115	393.0	14	0.6219458018658374	393.0	0	0.0	393.0	0	0.0
info	15	66	99417.5	10	0.444247001332741	99417.5	0	0.0	399.0	19	0.8440693025322079	399.0	0	0.0	399.0	0	0.0
info	15	67	100912.5	5	0.2221235006663705	100912.5	15	0.6663705019991115	405.0	12	0.5330964015992892	405.0	0	0.0	405.0	0	0.0
info	15	68	102407.5	15	0.6663705019991115	102407.5	15	0.6663705019991115	411.0	14	0.6219458018658374	411.0	0	0.0	411.0	0	0.0
info	15	69	103902.5	13	0.5775211017325632	103902.5	12	0.5330964015992892	417.0	10	0.444247001332741	417.0	0	0.0	417.0	0	0.0
info	15	70	105397.5	6	0.2665482007996446	105397.5	3	0.1332741003998223	423.0	4	0.1776988005330964	423.0	0	0.0	423.0	0	0.0
info	15	71	106892.5	11	0.4886717014660151	106892.5	15	0.6663705019991115	429.0	16	0.7107952021323856	429.0	0	0.0	429.0	0	0.0
info	15	72	108387.5	15	0.6663705019991115	108387.5	15	0.6663705019991115	435.0	15	0.6663705019991115	435.0	0	0.0	435.0	0	0.0
info	15	73	109882.5	10	0.444247001332741	109882.5	0	0.0	441.0	16	0.7107952021323856	441.0	0	0.0	441.0	0	0.0
info	15	74	111377.5	9	0.3998223011994669	111377.5	15	0.6663705019991115	447.0	11	0.4886717014660151	447.0	0	0.0	447.0	0	0.0
info	15	75	112872.5	11	0.4886717014660151	112872.5	15	0.6663705019991115	453.0	18	0.7996446023989338	453.0	0	0.0	453.0	0	0.0
info	15	76	114367.5	15	0.6663705019991115	114367.5	15	0.6663705019991115	459.0	5	0.2221235006663705	459.0	0	0.0	459.0	0	0.0
info	15	77	115862.5	10	0.444247001332741	115862.5	0	0.0	465.0	13	0.5775211017325632	465.0	0	0.0	465.0	0	0.0
info	15	78	117357.5	5	0.2221235006663705	117357.5	15	0.6663705019991115	471.0	9	0.3998223011994669	471.0	0	0.0	471.0	0	0.0
info	15	79	118852.5	15	0.6663705019991115	118852.5	15	0.6663705019991115	477.0	21	0.932918702798756	477.0	0	0.0	477.0	0	0.0
info	15	80	120347.5	15	0.6663705019991115	120347.5	15	0.6663705019991115	483.0	14	0.6219458018658374	483.0	0	0.0	483.0	0	0.0
info	15	81	121842.5	10	0.444247001332741	121842.5	0	0.0	489.0	12	0.5330964015992892	489.0	0	0.0	489.0	0	0.0
info	15	82	123337.5	9	0.3998223011994669	123337.5	15	0.6663705019991115	495.0	11	0.4886717014660151	495.0	0	0.0	495.0	0	0.0
info	15	83	124832.5	11	0.4886717014660151	124832.5	15	0.6663705019991115	501.0	11	0.4886717014660151	501.0	0	0.0	501.0	0	0.0
info	15	84	126327.5	15	0.6663705019991115	126327.5	15	0.6663705019991115	507.0	16	0.7107952021323856	507.0	0	0.0	507.0	0	0.0
info	15	85	127822.5	12	0.5330964015992892	127822.5	12	0.5330964015992892	513.0	17	0.7552199022656596	513.0	0	0.0	513.0	0	0.0
info	15	86	129317.5	8	0.3553976010661928	129317.5	3	0.1332741003998223	519.0	19	0.8440693025322079	519.0	0	0.0	519.0	0	0.0
info	15	87	130812.5	10	0.444247001332741	130812.5	15	0.6663705019991115	525.0	11	0.4886717014660151	525.0	0	0.0	525.0	0	0.0
info	15	88	132307.5	15	0.6663705019991115	132307.5	15	0.6663705019991115	531.0	9	0.3998223011994669	531.0	0	0.0	531.0	0	0.0
info	15	89	133802.5	14	0.6219458018658374	133802.5	14	0.6219458018658374	537.0	14	0.6219458018658374	537.0	0	0.0	537.0	0	0.0
info	15	90	135297.5	6	0.2665482007996446	135297.5	1	0.0444247001332741	543.0	12	0.5330964015992892	543.0	0	0.0	543.0	0	0.0
info	15	91	136792.5	10	0.444247001332741	136792.5	15	0.6663705019991115	549.0	15	0.6663705019991115	549.0	0	0.0	549.0	0	0.0
info	15	92	138287.5	15	0.6663705019991115	138287.5	15	0.6663705019991115	555.0	14	0.6219458018658374	555.0	0	0.0	555.0	0	0.0
info	15	93	139782.5	13	0.5775211017325632	139782.5	13	0.5775211017325632	561.0	19	0.8440693025322079	561.0	0	0.0	561.0	0	0.0
info	15	94	141277.5	9	0.3998223011994669	141277.5	2	0.0888494002665482	567.0	14	0.6219458018658374	567.0	0	0.0	567.0	0	0.0
info	15	95	142772.5	8	0.3553976010661928	142772.5	15	0.6663705019991115	573.0	12	0.5330964015992892	573.0	0	0.0	573.0	0	0.0
info	15	96	144267.5	15	0.6663705019991115	144267.5	15	0.6663705019991115	579.0	30	1.332741003998223	579.0	0	0.0	579.0	0	0.0
info	15	97	145762.5	15	0.6663705019991115	145762.5	15	0.6663705019991115	585.0	11	0.4886717014660151	585.0	0	0.0	585.0	0	0.0
info	15	98	147257.5	7	0.3109729009329187	147257.5	0	0.0	591.0	17	0.7552199022656596	591.0	0	0.0	591.0	0	0.0
info	15	99	148752.5	8	0.3553976010661928	148752.5	15	0.6663705019991115	597.0	13	0.5775211017325632	597.0	0	0.0	597.0	0	0.0
info	15	100	150247.5	15	0.6663705019991115	150247.5	15	0.6663705019991115	603.0	15	0.6663705019991115	603.0	0	0.0	603.0	0	0.0
info	15	101	151742.5	12	0.5330964015992892	151742.5	12	0.5330964015992892	609.0	16	0.7107952021323856	609.0	0	0.0	609.0	0	0.0
info	15	102	153237.5	8	0.3553976010661928	153237.5	3	0.1332741003998223	615.0	9	0.3998223011994669	615.0	0	0.0	615.0	0	0.0
info	15	103	154732.5	10	0.444247001332741	154732.5	15	0.6663705019991115	621.0	20	0.888494002665482	621.0	0	0.0	621.0	0	0.0
info	15	104	156227.5	15	0.6663705019991115	156227.5	15	0.6663705019991115	627.0	15	0.6663705019991115	627.0	0	0.0	627.0	0	0.0
info	15	105	157722.5	9	0.3998223011994669	157722.5	0	0.0	633.0	19	0.8440693025322079	633.0	0	0.0	633.0	0	0.0
info	15	106	159217.5	6	0.2665482007996446	159217.5	15	0.6663705019991115	639.0	10	0.444247001332741	639.0	0	0.0	639.0	0	0.0
info	15	107	160712.5	15	0.6663705019991115	160712.5	15	0.6663705019991115	645.0	8	0.3553976010661928	645.0	0	0.0	645.0	0	0.0
info	15	108	162207.5	15	0.6663705019991115	162207.5	15	0.6663705019991115	651.0	15	0.6663705019991115	651.0	0	0.0	651.0	0	0.0
info	15	109	163702.5	8	0.3553976010661928	163702.5	0	0.0	657.0	10	0.444247001332741	657.0	0	0.0	657.0	0	0.0
info	15	110	165197.5	10	0.444247001332741	165197.5	15	0.6663705019991115	663.0	11	0.4886717014660151	663.0	0	0.0	663.0	0	0.0
info	15	111	166692.5	12	0.5330964015992892	166692.5	15	0.6663705019991115	669.0	9	0.3998223011994669	669.0	0	0.0	669.0	0	0.0
info	15	112	168187.5	12	0.5330964015992892	168187.5	12	0.5330964015992892	675.0	15	0.6663705019991115	675.0	0	0.0	675.0	0	0.0
info	15	113	169682.5	9	0.3998223011994669	169682.5	4	0.1776988005330964	681.0	19	0.8440693025322079	681.0	0	0.0	681.0	0	0.0
info	15	114	171177.5	9	0.3998223011994669	171177.5	14	0.6219458018658374	687.0	12	0.5330964015992892	687.0	0	0.0	687.0	0	0.0
info	15	115	172672.5	15	0.6663705019991115	172672.5	15	0.6663705019991115	693.0	12	0.5330964015992892	693.0	0	0.0	693.0	0	0.0
info	15	116	174167.5	15	0.6663705019991115	174167.5	15	0.6663705019991115	699.0	17	0.7552199022656596	699.0	0	0.0	699.0	0	0.0
info	15	117	175662.5	6	0.2665482007996446	175662.5	0	0.0	705.0	15	0.6663705019991115	705.0	0	0.0	705.0	0	0.0
info	15	118	177157.5	9	0.3998223011994669	177157.5	15	0.6663705019991115	711.0	8	0.3553976010661928	711.0	0	0.0	711.0	0	0.0
info	15	119	178652.5	15	0.6663705019991115	178652.5	15	0.6663705019991115	717.0	11	0.4886717014660151	717.0	0	0.0	717.0	0	0.0
info	15	120	180147.5	12	0.5330964015992892	180147.5	12	0.5330964015992892	723.0	3	0.1332741003998223	723.0	0	0.0	723.0	0	0.0
info	15	121	181642.5	8	0.3553976010661928	181642.5	3	0.1332741003998223	729.0	7	0.3109729009329187	729.0	0	0.0	729.0	0	0.0
info	15	122	183137.5	10	0.444247001332741	183137.5	15	0.6663705019991115	735.0	7	0.3109729009329187	735.0	0	0.0	735.0	0	0.0
info	15	123	184632.5	15	0.6663705019991115	184632.5	15	0.6663705019991115	741.0	5	0.2221235006663705	741.0	0	0.0	741.0	0	0.0
info	15	124	186127.5	13	0.5775211017325632	186127.5	12	0.5330964015992892	747.0	4	0.1776988005330964	747.0	0	0.0	747.0	0	0.0
info	15	125	187622.5	8	0.3553976010661928	187622.5	3	0.1332741003998223	753.0	3	0.1332741003998223	753.0	0	0.0	753.0	0	0.0
info	15	126	189117.5	9	0.3998223011994669	189117.5	15	0.6663705019991115	759.0	5	0.2221235006663705	759.0	0	0.0	759.0	0	0.0
info	15	127	190612.5	15	0.6663705019991115	190612.5	15	0.6663705019991115	765.0	4	0.1776988005330964	765.0	0	0.0	765.0	0	0.0
info	15	128	192107.5	13	0.5775211017325632	192107.5	13	0.5775211017325632	771.0	2	0.0888494002665482	771.0	0	0.0	771.0	0	0.0
info	15	129	193602.5	7	0.3109729009329187	193602.5	2	0.0888494002665482	777.0	2	0.0888494002665482	777.0	0	0.0	777.0	0	0.0
info	15	130	195097.5	10	0.444247001332741	195097.5	15	0.6663705019991115	783.0	2	0.0888494002665482	783.0	0	0.0	783.0	0	0.0
info	15	131	196592.5	15	0.6663705019991115	196592.5	15	0.6663705019991115	789.0	2	0.0888494002665482	789.0	0	0.0	789.0	0	0.0
info	15	132	198087.5	12	0.5330964015992892	198087.5	12	0.5330964015992892	795.0	4	0.1776988005330964	795.0	0	0.0	795.0	0	0.0
info	15	133	199582.5	9	0.3998223011994669	199582.5	3	0.1332741003998223	801.0	4	0.1776988005330964	801.0	0	0.0	801.0	0	0.0
info	15	134	201077.5	9	0.3998223011994669	201077.5	15	0.6663705019991115	807.0	2	0.0888494002665482	807.0	0	0.0	807.0	0	0.0
info	15	135	202572.5	15	0.6663705019991115	202572.5	15	0.6663705019991115	813.0	4	0.1776988005330964	813.0	0	0.0	813.0	0	0.0
info	15	136	204067.5	15	0.6663705019991115	204067.5	15	0.6663705019991115	819.0	3	0.1332741003998223	819.0	0	0.0	819.0	0	0.0
info	15	137	205562.5	6	0.2665482007996446	205562.5	0	0.0	825.0	2	0.0888494002665482	825.0	0	0.0	825.0	0	0.0
info	15	138	207057.5	9	0.3998223011994669	207057.5	15	0.6663705019991115	831.0	0	0.0	831.0	0	0.0	831.0	0	0.0
info	15	139	208552.5	15	0.6663705019991115	208552.5	15	0.6663705019991115	837.0	5	0.2221235006663705	837.0	0	0.0	837.0	0	0.0
info	15	140	210047.5	10	0.444247001332741	210047.5	0	0.0	843.0	1	0.0444247001332741	843.0	0	0.0	843.0	0	0.0
info	15	141	211542.5	6	0.2665482007996446	211542.5	15	0.6663705019991115	849.0	0	0.0	849.0	0	0.0	849.0	0	0.0
info	15	142	213037.5	14	0.6219458018658374	213037.5	15	0.6663705019991115	855.0	3	0.1332741003998223	855.0	0	0.0	855.0	0	0.0
info	15	143	214532.5	15	0.6663705019991115	214532.5	15	0.6663705019991115	861.0	0	0.0	861.0	0	0.0	861.0	0	0.0
info	15	144	216027.5	8	0.3553976010661928	216027.5	0	0.0	867.0	0	0.0	867.0	0	0.0	867.0	0	0.0
info	15	145	217522.5	7	0.3109729009329187	217522.5	15	0.6663705019991115	873.0	0	0.0	873.0	0	0.0	873.0	0	0.0
info	15	146	219017.5	15	0.6663705019991115	219017.5	15	0.6663705019991115	879.0	0	0.0	879.0	0	0.0	879.0	0	0.0
info	15	147	220512.5	15	0.6663705019991115	220512.5	15	0.6663705019991115	885.0	1	0.0444247001332741	885.0	0	0.0	885.0	0	0.0
info	15	148	222007.5	10	0.444247001332741	222007.5	0	0.0	891.0	0	0.0	891.0	0	0.0	891.0	0	0.0
info	15	149	223502.5	9	0.3998223011994669	223502.5	15	0.6663705019991115	897.0	1	0.0444247001332741	897.0	0	0.0	897.0	0	0.0
info	15	150	224997.5	11	0.4886717014660151	224997.5	15	0.6663705019991115	903.0	0	0.0	903.0	0	0.0	903.0	0	0.0
info	15	151	226492.5	15	0.6663705019991115	226492.5	15	0.6663705019991115	909.0	2	0.0888494002665482	909.0	0	0.0	909.0	0	0.0
info	15	152	227987.5	12	0.5330964015992892	227987.5	12	0.5330964015992892	915.0	0	0.0	915.0	0	0.0	915.0	0	0.0
info	15	153	229482.5	7	0.3109729009329187	229482.5	3	0.1332741003998223	921.0	0	0.0	921.0	0	0.0	921.0	0	0.0
info	15	154	230977.5	11	0.4886717014660151	230977.5	15	0.6663705019991115	927.0	0	0.0	927.0	0	0.0	927.0	0	0.0
info	15	155	232472.5	15	0.6663705019991115	232472.5	15	0.6663705019991115	933.0	0	0.0	933.0	0	0.0	933.0	0	0.0
info	15	156	233967.5	15	0.6663705019991115	233967.5	15	0.6663705019991115	939.0	0	0.0	939.0	0	0.0	939.0	0	0.0
info	15	157	235462.5	6	0.2665482007996446	235462.5	0	0.0	945.0	1	0.0444247001332741	945.0	0	0.0	945.0	0	0.0
info	15	158	236957.5	9	0.3998223011994669	236957.5	15	0.6663705019991115	951.0	0	0.0	951.0	0	0.0	951.0	0	0.0
info	15	159	238452.5	15	0.6663705019991115	238452.5	15	0.6663705019991115	957.0	0	0.0	957.0	0	0.0	957.0	0	0.0
info	15	160	239947.5	15	0.6663705019991115	239947.5	15	0.6663705019991115	963.0	0	0.0	963.0	0	0.0	963.0	0	0.0
info	15	161	241442.5	6	0.2665482007996446	241442.5	0	0.0	969.0	0	0.0	969.0	0	0.0	969.0	0	0.0
info	15	162	242937.5	9	0.3998223011994669	242937.5	15	0.6663705019991115	975.0	0	0.0	975.0	0	0.0	975.0	0	0.0
info	15	163	244432.5	15	0.6663705019991115	244432.5	15	0.6663705019991115	981.0	0	0.0	981.0	0	0.0	981.0	0	0.0
info	15	164	245927.5	12	0.5330964015992892	245927.5	12	0.5330964015992892	987.0	0	0.0	987.0	0	0.0	987.0	0	0.0
info	15	165	247422.5	8	0.3553976010661928	247422.5	3	0.1332741003998223	993.0	0	0.0	993.0	0	0.0	993.0	0	0.0
info	15	166	248917.5	10	0.444247001332741	248917.5	15	0.6663705019991115	999.0	0	0.0	999.0	0	0.0	999.0	0	0.0
info	15	167	250412.5	15	0.6663705019991115	250412.5	15	0.6663705019991115	1005.0	0	0.0	1005.0	0	0.0	1005.0	0	0.0
info	15	168	251907.5	9	0.3998223011994669	251907.5	0	0.0	1011.0	1	0.0444247001332741	1011.0	0	0.0	1011.0	0	0.0
info	15	169	253402.5	8	0.3553976010661928	253402.5	15	0.6663705019991115	1017.0	0	0.0	1017.0	0	0.0	1017.0	0	0.0
info	15	170	254897.5	13	0.5775211017325632	254897.5	15	0.6663705019991115	1023.0	0	0.0	1023.0	0	0.0	1023.0	0	0.0
info	15	171	256392.5	15	0.6663705019991115	256392.5	15	0.6663705019991115	1029.0	0	0.0	1029.0	0	0.0	1029.0	0	0.0
info	15	172	257887.5	10	0.444247001332741	257887.5	0	0.0	1035.0	0	0.0	1035.0	0	0.0	1035.0	0	0.0
info	15	173	259382.5	5	0.2221235006663705	259382.5	15	0.6663705019991115	1041.0	0	0.0	1041.0	0	0.0	1041.0	0	0.0
info	15	174	260877.5	15	0.6663705019991115	260877.5	15	0.6663705019991115	1047.0	0	0.0	1047.0	0	0.0	1047.0	0	0.0
info	15	175	262372.5	15	0.6663705019991115	262372.5	15	0.6663705019991115	1053.0	0	0.0	1053.0	0	0.0	1053.0	0	0.0
info	15	176	263867.5	10	0.444247001332741	263867.5	0	0.0	1059.0	0	0.0	1059.0	0	0.0	1059.0	0	0.0
info	15	177	265362.5	6	0.2665482007996446	265362.5	15	0.6663705019991115	1065.0	0	0.0	1065.0	0	0.0	1065.0	0	0.0
info	15	178	266857.5	14	0.6219458018658374	266857.5	15	0.6663705019991115	1071.0	0	0.0	1071.0	0	0.0	1071.0	0	0.0
info	15	179	268352.5	15	0.6663705019991115	268352.5	15	0.6663705019991115	1077.0	0	0.0	1077.0	0	0.0	1077.0	0	0.0
info	15	180	269847.5	8	0.3553976010661928	269847.5	0	0.0	1083.0	0	0.0	1083.0	0	0.0	1083.0	0	0.0
info	15	181	271342.5	7	0.3109729009329187	271342.5	15	0.6663705019991115	1089.0	0	0.0	1089.0	0	0.0	1089.0	0	0.0
info	15	182	272837.5	15	0.6663705019991115	272837.5	15	0.6663705019991115	1095.0	0	0.0	1095.0	0	0.0	1095.0	0	0.0
info	15	183	274332.5	15	0.6663705019991115	274332.5	15	0.6663705019991115	1101.0	0	0.0	1101.0	0	0.0	1101.0	0	0.0
info	15	184	275827.5	8	0.3553976010661928	275827.5	0	0.0	1107.0	0	0.0	1107.0	0	0.0	1107.0	0	0.0
info	15	185	277322.5	8	0.3553976010661928	277322.5	15	0.6663705019991115	1113.0	0	0.0	1113.0	0	0.0	1113.0	0	0.0
info	15	186	278817.5	14	0.6219458018658374	278817.5	15	0.6663705019991115	1119.0	0	0.0	1119.0	0	0.0	1119.0	0	0.0
info	15	187	280312.5	15	0.6663705019991115	280312.5	15	0.6663705019991115	1125.0	0	0.0	1125.0	0	0.0	1125.0	0	0.0
info	15	188	281807.5	10	0.444247001332741	281807.5	0	0.0	1131.0	0	0.0	1131.0	0	0.0	1131.0	0	0.0
info	15	189	283302.5	6	0.2665482007996446	283302.5	15	0.6663705019991115	1137.0	0	0.0	1137.0	0	0.0	1137.0	0	0.0
info	15	190	284797.5	14	0.6219458018658374	284797.5	15	0.6663705019991115	1143.0	0	0.0	1143.0	0	0.0	1143.0	0	0.0
info	15	191	286292.5	15	0.6663705019991115	286292.5	15	0.6663705019991115	1149.0	0	0.0	1149.0	0	0.0	1149.0	0	0.0
info	15	192	287787.5	10	0.444247001332741	287787.5	0	0.0	1155.0	0	0.0	1155.0	0	0.0	1155.0	0	0.0
info	15	193	289282.5	6	0.2665482007996446	289282.5	15	0.6663705019991115	1161.0	0	0.0	1161.0	0	0.0	1161.0	0	0.0
info	15	194	290777.5	14	0.6219458018658374	290777.5	15	0.6663705019991115	1167.0	0	0.0	1167.0	0	0.0	1167.0	0	0.0
info	15	195	292272.5	15	0.6663705019991115	292272.5	15	0.6663705019991115	1173.0	0	0.0	1173.0	0	0.0	1173.0	0	0.0
info	15	196	293767.5	6	0.2665482007996446	293767.5	0	0.0	1179.0	0	0.0	1179.0	0	0.0	1179.0	0	0.0
info	15	197	295262.5	9	0.3998223011994669	295262.5	15	0.6663705019991115	1185.0	0	0.0	1185.0	0	0.0	1185.0	0	0.0
info	15	198	296757.5	15	0.6663705019991115	296757.5	15	0.6663705019991115	1191.0	0	0.0	1191.0	0	0.0	1191.0	0	0.0
info	15	199	298252.5	15	0.6663705019991115	298252.5	15	0.6663705019991115	1197.0	0	0.0	1197.0	0	0.0	1197.0	0	0.0
home	15	0	747.5	16	0.7107952021323856	747.5	16	0.7107952021323856	1.5	1	0.0444247001332741	3.0	2251	100.0	3.0	2251	100.0
home	15	1	2242.5	15	0.6663705019991115	2242.5	15	0.6663705019991115	4.5	284	12.616614837849843	9.0	0	0.0	9.0	0	0.0
home	15	2	3737.5	15	0.6663705019991115	3737.5	15	0.6663705019991115	7.5	65	2.8876055086628165	15.0	0	0.0	15.0	0	0.0
home	15	3	5232.5	0	0.0	5232.5	0	0.0	10.5	41	1.821412705464238	21.0	0	0.0	21.0	0	0.0
home	15	4	6727.5	15	0.6663705019991115	6727.5	15	0.6663705019991115	13.5	37	1.6437139049311416	27.0	0	0.0	27.0	0	0.0
home	15	5	8222.5	15	0.6663705019991115	8222.5	15	0.6663705019991115	16.5	39	1.7325633051976899	33.0	0	0.0	33.0	0	0.0
home	15	6	9717.5	8	0.3553976010661928	9717.5	0	0.0	19.5	53	2.354509107063527	39.0	0	0.0	39.0	0	0.0
home	15	7	11212.5	7	0.3109729009329187	11212.5	15	0.6663705019991115	22.5	41	1.821412705464238	45.0	0	0.0	45.0	0	0.0
home	15	8	12707.5	15	0.6663705019991115	12707.5	15	0.6663705019991115	25.5	49	2.176810306530431	51.0	0	0.0	51.0	0	0.0
home	15	9	14202.5	15	0.6663705019991115	14202.5	15	0.6663705019991115	28.5	59	2.621057307863172	57.0	0	0.0	57.0	0	0.0
home	15	10	15697.5	12	0.5330964015992892	15697.5	7	0.3109729009329187	31.5	107	4.7534429142603285	63.0	0	0.0	63.0	0	0.0
home	15	11	17192.5	3	0.1332741003998223	17192.5	8	0.3553976010661928	34.5	78	3.4651266103953797	69.0	0	0.0	69.0	0	0.0
home	15	12	18687.5	15	0.6663705019991115	18687.5	15	0.6663705019991115	37.5	96	4.264771212794313	75.0	0	0.0	75.0	0	0.0
home	15	13	20182.5	15	0.6663705019991115	20182.5	15	0.6663705019991115	40.5	75	3.3318525099955574	81.0	0	0.0	81.0	0	0.0
home	15	14	21677.5	14	0.6219458018658374	21677.5	14	0.6219458018658374	43.5	99	4.398045313194135	87.0	0	0.0	87.0	0	0.0
home	15	15	23172.5	1	0.0444247001332741	23172.5	1	0.0444247001332741	46.5	101	4.486894713460684	93.0	0	0.0	93.0	0	0.0
home	15	16	24667.5	15	0.6663705019991115	24667.5	15	0.6663705019991115	49.5	99	4.398045313194135	99.0	0	0.0	99.0	0	0.0
home	15	17	26162.5	15	0.6663705019991115	26162.5	15	0.6663705019991115	52.5	106	4.709018214127054	105.0	0	0.0	105.0	0	0.0
home	15	18	27657.5	0	0.0	27657.5	0	0.0	55.5	100	4.4424700133274095	111.0	0	0.0	111.0	0	0.0
home	15	19	29152.5	15	0.6663705019991115	29152.5	15	0.6663705019991115	58.5	62	2.754331408262994	117.0	0	0.0	117.0	0	0.0
home	15	20	30647.5	15	0.6663705019991115	30647.5	15	0.6663705019991115	61.5	92	4.087072412261217	123.0	0	0.0	123.0	0	0.0
home	15	21	32142.5	15	0.6663705019991115	32142.5	15	0.6663705019991115	64.5	75	3.3318525099955574	129.0	0	0.0	129.0	0	0.0
home	15	22	33637.5	0	0.0	33637.5	0	0.0	67.5	76	3.3762772101288316	135.0	0	0.0	135.0	0	0.0
home	15	23	35132.5	15	0.6663705019991115	35132.5	15	0.6663705019991115	70.5	54	2.3989338071968014	141.0	0	0.0	141.0	0	0.0
home	15	24	36627.5	15	0.6663705019991115	36627.5	15	0.6663705019991115	73.5	48	2.1323856063971567	147.0	0	0.0	147.0	0	0.0
home	15	25	38122.5	15	0.6663705019991115	38122.5	15	0.6663705019991115	76.5	44	1.9546868058640603	153.0	0	0.0	153.0	0	0.0
home	15	26	39617.5	0	0.0	39617.5	0	0.0	79.5	37	1.6437139049311416	159.0	0	0.0	159.0	0	0.0
home	15	27	41112.5	15	0.6663705019991115	41112.5	15	0.6663705019991115	82.5	38	1.6881386050644158	165.0	0	0.0	165.0	0	0.0
home	15	28	42607.5	15	0.6663705019991115	42607.5	15	0.6663705019991115	85.5	31	1.377165704131497	171.0	0	0.0	171.0	0	0.0
home	15	29	44102.5	15	0.6663705019991115	44102.5	15	0.6663705019991115	88.5	20	0.888494002665482	177.0	0	0.0	177.0	0	0.0
home	15	30	45597.5	0	0.0	45597.5	0	0.0	91.5	11	0.4886717014660151	183.0	0	0.0	183.0	0	0.0
home	15	31	47092.5	15	0.6663705019991115	47092.5	15	0.6663705019991115	94.5	14	0.6219458018658374	189.0	0	0.0	189.0	0	0.0
home	15	32	48587.5	15	0.6663705019991115	48587.5	15	0.6663705019991115	97.5	16	0.7107952021323856	195.0	0	0.0	195.0	0	0.0
home	15	33	50082.5	15	0.6663705019991115	50082.5	15	0.6663705019991115	100.5	15	0.6663705019991115	201.0	0	0.0	201.0	0	0.0
home	15	34	51577.5	0	0.0	51577.5	0	0.0	103.5	13	0.5775211017325632	207.0	0	0.0	207.0	0	0.0
home	15	35	53072.5	15	0.6663705019991115	53072.5	15	0.6663705019991115	106.5	11	0.4886717014660151	213.0	0	0.0	213.0	0	0.0
home	15	36	54567.5	15	0.6663705019991115	54567.5	15	0.6663705019991115	109.5	13	0.5775211017325632	219.0	0	0.0	219.0	0	0.0
home	15	37	56062.5	15	0.6663705019991115	56062.5	15	0.6663705019991115	112.5	8	0.3553976010661928	225.0	0	0.0	225.0	0	0.0
home	15	38	57557.5	0	0.0	57557.5	0	0.0	115.5	6	0.2665482007996446	231.0	0	0.0	231.0	0	0.0
home	15	39	59052.5	15	0.6663705019991115	59052.5	15	0.6663705019991115	118.5	5	0.2221235006663705	237.0	0	0.0	237.0	0	0.0
home	15	40	60547.5	15	0.6663705019991115	60547.5	15	0.6663705019991115	121.5	4	0.1776988005330964	243.0	0	0.0	243.0	0	0.0
home	15	41	62042.5	15	0.6663705019991115	62042.5	15	0.6663705019991115	124.5	3	0.1332741003998223	249.0	0	0.0	249.0	0	0.0
home	15	42	63537.5	0	0.0	63537.5	0	0.0	127.5	6	0.2665482007996446	255.0	0	0.0	255.0	0	0.0
home	15	43	65032.5	15	0.6663705019991115	65032.5	15	0.6663705019991115	130.5	1	0.0444247001332741	261.0	0	0.0	261.0	0	0.0
home	15	44	66527.5	15	0.6663705019991115	66527.5	15	0.6663705019991115	133.5	1	0.0444247001332741	267.0	0	0.0	267.0	0	0.0
home	15	45	68022.5	15	0.6663705019991115	68022.5	15	0.6663705019991115	136.5	0	0.0	273.0	0	0.0	273.0	0	0.0
home	15	46	69517.5	0	0.0	69517.5	0	0.0	139.5	0	0.0	279.0	0	0.0	279.0	0	0.0
home	15	47	71012.5	15	0.6663705019991115	71012.5	15	0.6663705019991115	142.5	1	0.0444247001332741	285.0	0	0.0	285.0	0	0.0
home	15	48	72507.5	15	0.6663705019991115	72507.5	15	0.6663705019991115	145.5	0	0.0	291.0	0	0.0	291.0	0	0.0
home	15	49	74002.5	15	0.6663705019991115	74002.5	15	0.6663705019991115	148.5	0	0.0	297.0	0	0.0	297.0	0	0.0
home	15	50	75497.5	0	0.0	75497.5	0	0.0	151.5	1	0.0444247001332741	303.0	0	0.0	303.0	0	0.0
home	15	51	76992.5	15	0.6663705019991115	76992.5	15	0.6663705019991115	154.5	1	0.0444247001332741	309.0	0	0.0	309.0	0	0.0
home	15	52	78487.5	15	0.6663705019991115	78487.5	15	0.6663705019991115	157.5	0	0.0	315.0	0	0.0	315.0	0	0.0
home	15	53	79982.5	15	0.6663705019991115	79982.5	15	0.6663705019991115	160.5	0	0.0	321.0	0	0.0	321.0	0	0.0
home	15	54	81477.5	0	0.0	81477.5	0	0.0	163.5	0	0.0	327.0	0	0.0	327.0	0	0.0
home	15	55	82972.5	15	0.6663705019991115	82972.5	15	0.6663705019991115	166.5	3	0.1332741003998223	333.0	0	0.0	333.0	0	0.0
home	15	56	84467.5	15	0.6663705019991115	84467.5	15	0.6663705019991115	169.5	1	0.0444247001332741	339.0	0	0.0	339.0	0	0.0
home	15	57	85962.5	15	0.6663705019991115	85962.5	15	0.6663705019991115	172.5	1	0.0444247001332741	345.0	0	0.0	345.0	0	0.0
home	15	58	87457.5	12	0.5330964015992892	87457.5	5	0.2221235006663705	175.5	0	0.0	351.0	0	0.0	351.0	0	0.0
home	15	59	88952.5	3	0.1332741003998223	88952.5	10	0.444247001332741	178.5	1	0.0444247001332741	357.0	0	0.0	357.0	0	0.0
home	15	60	90447.5	15	0.6663705019991115	90447.5	15	0.6663705019991115	181.5	0	0.0	363.0	0	0.0	363.0	0	0.0
home	15	61	91942.5	15	0.6663705019991115	91942.5	15	0.6663705019991115	184.5	0	0.0	369.0	0	0.0	369.0	0	0.0
home	15	62	93437.5	12	0.5330964015992892	93437.5	0	0.0	187.5	0	0.0	375.0	0	0.0	375.0	0	0.0
home	15	63	94932.5	3	0.1332741003998223	94932.5	15	0.6663705019991115	190.5	0	0.0	381.0	0	0.0	381.0	0	0.0
home	15	64	96427.5	15	0.6663705019991115	96427.5	15	0.6663705019991115	193.5	0	0.0	387.0	0	0.0	387.0	0	0.0
home	15	65	97922.5	15	0.6663705019991115	97922.5	15	0.6663705019991115	196.5	0	0.0	393.0	0	0.0	393.0	0	0.0
home	15	66	99417.5	0	0.0	99417.5	0	0.0	199.5	0	0.0	399.0	0	0.0	399.0	0	0.0
home	15	67	100912.5	15	0.6663705019991115	100912.5	15	0.6663705019991115	202.5	0	0.0	405.0	0	0.0	405.0	0	0.0
home	15	68	102407.5	15	0.6663705019991115	102407.5	15	0.6663705019991115	205.5	0	0.0	411.0	0	0.0	411.0	0	0.0
home	15	69	103902.5	15	0.6663705019991115	103902.5	15	0.6663705019991115	208.5	0	0.0	417.0	0	0.0	417.0	0	0.0
home	15	70	105397.5	0	0.0	105397.5	0	0.0	211.5	0	0.0	423.0	0	0.0	423.0	0	0.0
home	15	71	106892.5	15	0.6663705019991115	106892.5	15	0.6663705019991115	214.5	0	0.0	429.0	0	0.0	429.0	0	0.0
home	15	72	108387.5	15	0.6663705019991115	108387.5	15	0.6663705019991115	217.5	0	0.0	435.0	0	0.0	435.0	0	0.0
home	15	73	109882.5	12	0.5330964015992892	109882.5	4	0.1776988005330964	220.5	0	0.0	441.0	0	0.0	441.0	0	0.0
home	15	74	111377.5	3	0.1332741003998223	111377.5	11	0.4886717014660151	223.5	1	0.0444247001332741	447.0	0	0.0	447.0	0	0.0
home	15	75	112872.5	15	0.6663705019991115	112872.5	15	0.6663705019991115	226.5	0	0.0	453.0	0	0.0	453.0	0	0.0
home	15	76	114367.5	15	0.6663705019991115	114367.5	15	0.6663705019991115	229.5	0	0.0	459.0	0	0.0	459.0	0	0.0
home	15	77	115862.5	1	0.0444247001332741	115862.5	0	0.0	232.5	1	0.0444247001332741	465.0	0	0.0	465.0	0	0.0
home	15	78	117357.5	14	0.6219458018658374	117357.5	15	0.6663705019991115	235.5	0	0.0	471.0	0	0.0	471.0	0	0.0
home	15	79	118852.5	15	0.6663705019991115	118852.5	15	0.6663705019991115	238.5	0	0.0	477.0	0	0.0	477.0	0	0.0
home	15	80	120347.5	15	0.6663705019991115	120347.5	15	0.6663705019991115	241.5	0	0.0	483.0	0	0.0	483.0	0	0.0
home	15	81	121842.5	14	0.6219458018658374	121842.5	9	0.3998223011994669	244.5	0	0.0	489.0	0	0.0	489.0	0	0.0
home	15	82	123337.5	1	0.0444247001332741	123337.5	6	0.2665482007996446	247.5	0	0.0	495.0	0	0.0	495.0	0	0.0
home	15	83	124832.5	15	0.6663705019991115	124832.5	15	0.6663705019991115	250.5	0	0.0	501.0	0	0.0	501.0	0	0.0
home	15	84	126327.5	15	0.6663705019991115	126327.5	15	0.6663705019991115	253.5	1	0.0444247001332741	507.0	0	0.0	507.0	0	0.0
home	15	85	127822.5	14	0.6219458018658374	127822.5	14	0.6219458018658374	256.5	0	0.0	513.0	0	0.0	513.0	0	0.0
home	15	86	129317.5	1	0.0444247001332741	129317.5	1	0.0444247001332741	259.5	0	0.0	519.0	0	0.0	519.0	0	0.0
home	15	87	130812.5	15	0.6663705019991115	130812.5	15	0.6663705019991115	262.5	0	0.0	525.0	0	0.0	525.0	0	0.0
home	15	88	132307.5	15	0.6663705019991115	132307.5	15	0.6663705019991115	265.5	0	0.0	531.0	0	0.0	531.0	0	0.0
home	15	89	133802.5	15	0.6663705019991115	133802.5	15	0.6663705019991115	268.5	0	0.0	537.0	0	0.0	537.0	0	0.0
home	15	90	135297.5	0	0.0	135297.5	0	0.0	271.5	0	0.0	543.0	0	0.0	543.0	0	0.0
home	15	91	136792.5	15	0.6663705019991115	136792.5	15	0.6663705019991115	274.5	0	0.0	549.0	0	0.0	549.0	0	0.0
home	15	92	138287.5	15	0.6663705019991115	138287.5	15	0.6663705019991115	277.5	0	0.0	555.0	0	0.0	555.0	0	0.0
home	15	93	139782.5	15	0.6663705019991115	139782.5	15	0.6663705019991115	280.5	1	0.0444247001332741	561.0	0	0.0	561.0	0	0.0
home	15	94	141277.5	0	0.0	141277.5	0	0.0	283.5	2	0.0888494002665482	567.0	0	0.0	567.0	0	0.0
home	15	95	142772.5	15	0.6663705019991115	142772.5	15	0.6663705019991115	286.5	0	0.0	573.0	0	0.0	573.0	0	0.0
home	15	96	144267.5	15	0.6663705019991115	144267.5	15	0.6663705019991115	289.5	0	0.0	579.0	0	0.0	579.0	0	0.0
home	15	97	145762.5	15	0.6663705019991115	145762.5	15	0.6663705019991115	292.5	0	0.0	585.0	0	0.0	585.0	0	0.0
home	15	98	147257.5	0	0.0	147257.5	0	0.0	295.5	0	0.0	591.0	0	0.0	591.0	0	0.0
home	15	99	148752.5	15	0.6663705019991115	148752.5	15	0.6663705019991115	298.5	0	0.0	597.0	0	0.0	597.0	0	0.0
home	15	100	150247.5	15	0.6663705019991115	150247.5	15	0.6663705019991115	301.5	0	0.0	603.0	0	0.0	603.0	0	0.0
home	15	101	151742.5	13	0.5775211017325632	151742.5	13	0.5775211017325632	304.5	0	0.0	609.0	0	0.0	609.0	0	0.0
home	15	102	153237.5	2	0.0888494002665482	153237.5	2	0.0888494002665482	307.5	0	0.0	615.0	0	0.0	615.0	0	0.0
home	15	103	154732.5	15	0.6663705019991115	154732.5	15	0.6663705019991115	310.5	0	0.0	621.0	0	0.0	621.0	0	0.0
home	15	104	156227.5	15	0.6663705019991115	156227.5	15	0.6663705019991115	313.5	0	0.0	627.0	0	0.0	627.0	0	0.0
home	15	105	157722.5	0	0.0	157722.5	0	0.0	316.5	0	0.0	633.0	0	0.0	633.0	0	0.0
home	15	106	159217.5	15	0.6663705019991115	159217.5	15	0.6663705019991115	319.5	0	0.0	639.0	0	0.0	639.0	0	0.0
home	15	107	160712.5	15	0.6663705019991115	160712.5	15	0.6663705019991115	322.5	0	0.0	645.0	0	0.0	645.0	0	0.0
home	15	108	162207.5	15	0.6663705019991115	162207.5	15	0.6663705019991115	325.5	0	0.0	651.0	0	0.0	651.0	0	0.0
home	15	109	163702.5	0	0.0	163702.5	0	0.0	328.5	0	0.0	657.0	0	0.0	657.0	0	0.0
home	15	110	165197.5	15	0.6663705019991115	165197.5	15	0.6663705019991115	331.5	0	0.0	663.0	0	0.0	663.0	0	0.0
home	15	111	166692.5	15	0.6663705019991115	166692.5	15	0.6663705019991115	334.5	0	0.0	669.0	0	0.0	669.0	0	0.0
home	15	112	168187.5	15	0.6663705019991115	168187.5	15	0.6663705019991115	337.5	0	0.0	675.0	0	0.0	675.0	0	0.0
home	15	113	169682.5	1	0.0444247001332741	169682.5	0	0.0	340.5	0	0.0	681.0	0	0.0	681.0	0	0.0
home	15	114	171177.5	14	0.6219458018658374	171177.5	15	0.6663705019991115	343.5	0	0.0	687.0	0	0.0	687.0	0	0.0
home	15	115	172672.5	15	0.6663705019991115	172672.5	15	0.6663705019991115	346.5	0	0.0	693.0	0	0.0	693.0	0	0.0
home	15	116	174167.5	15	0.6663705019991115	174167.5	15	0.6663705019991115	349.5	0	0.0	699.0	0	0.0	699.0	0	0.0
home	15	117	175662.5	0	0.0	175662.5	0	0.0	352.5	0	0.0	705.0	0	0.0	705.0	0	0.0
home	15	118	177157.5	15	0.6663705019991115	177157.5	15	0.6663705019991115	355.5	0	0.0	711.0	0	0.0	711.0	0	0.0
home	15	119	178652.5	15	0.6663705019991115	178652.5	15	0.6663705019991115	358.5	0	0.0	717.0	0	0.0	717.0	0	0.0
home	15	120	180147.5	15	0.6663705019991115	180147.5	15	0.6663705019991115	361.5	0	0.0	723.0	0	0.0	723.0	0	0.0
home	15	121	181642.5	0	0.0	181642.5	0	0.0	364.5	0	0.0	729.0	0	0.0	729.0	0	0.0
home	15	122	183137.5	15	0.6663705019991115	183137.5	15	0.6663705019991115	367.5	0	0.0	735.0	0	0.0	735.0	0	0.0
home	15	123	184632.5	15	0.6663705019991115	184632.5	15	0.6663705019991115	370.5	0	0.0	741.0	0	0.0	741.0	0	0.0
home	15	124	186127.5	15	0.6663705019991115	186127.5	15	0.6663705019991115	373.5	0	0.0	747.0	0	0.0	747.0	0	0.0
home	15	125	187622.5	0	0.0	187622.5	0	0.0	376.5	0	0.0	753.0	0	0.0	753.0	0	0.0
home	15	126	189117.5	15	0.6663705019991115	189117.5	15	0.6663705019991115	379.5	0	0.0	759.0	0	0.0	759.0	0	0.0
home	15	127	190612.5	15	0.6663705019991115	190612.5	15	0.6663705019991115	382.5	0	0.0	765.0	0	0.0	765.0	0	0.0
home	15	128	192107.5	15	0.6663705019991115	192107.5	15	0.6663705019991115	385.5	0	0.0	771.0	0	0.0	771.0	0	0.0
home	15	129	193602.5	0	0.0	193602.5	0	0.0	388.5	0	0.0	777.0	0	0.0	777.0	0	0.0
home	15	130	195097.5	15	0.6663705019991115	195097.5	15	0.6663705019991115	391.5	0	0.0	783.0	0	0.0	783.0	0	0.0
home	15	131	196592.5	15	0.6663705019991115	196592.5	15	0.6663705019991115	394.5	0	0.0	789.0	0	0.0	789.0	0	0.0
home	15	132	198087.5	15	0.6663705019991115	198087.5	15	0.6663705019991115	397.5	0	0.0	795.0	0	0.0	795.0	0	0.0
home	15	133	199582.5	0	0.0	199582.5	0	0.0	400.5	0	0.0	801.0	0	0.0	801.0	0	0.0
home	15	134	201077.5	15	0.6663705019991115	201077.5	15	0.6663705019991115	403.5	0	0.0	807.0	0	0.0	807.0	0	0.0
home	15	135	202572.5	15	0.6663705019991115	202572.5	15	0.6663705019991115	406.5	0	0.0	813.0	0	0.0	813.0	0	0.0
home	15	136	204067.5	15	0.6663705019991115	204067.5	15	0.6663705019991115	409.5	0	0.0	819.0	0	0.0	819.0	0	0.0
home	15	137	205562.5	0	0.0	205562.5	0	0.0	412.5	0	0.0	825.0	0	0.0	825.0	0	0.0
home	15	138	207057.5	15	0.6663705019991115	207057.5	15	0.6663705019991115	415.5	0	0.0	831.0	0	0.0	831.0	0	0.0
home	15	139	208552.5	15	0.6663705019991115	208552.5	15	0.6663705019991115	418.5	0	0.0	837.0	0	0.0	837.0	0	0.0
home	15	140	210047.5	0	0.0	210047.5	0	0.0	421.5	0	0.0	843.0	0	0.0	843.0	0	0.0
home	15	141	211542.5	15	0.6663705019991115	211542.5	15	0.6663705019991115	424.5	0	0.0	849.0	0	0.0	849.0	0	0.0
home	15	142	213037.5	15	0.6663705019991115	213037.5	15	0.6663705019991115	427.5	0	0.0	855.0	0	0.0	855.0	0	0.0
home	15	143	214532.5	15	0.6663705019991115	214532.5	15	0.6663705019991115	430.5	0	0.0	861.0	0	0.0	861.0	0	0.0
home	15	144	216027.5	0	0.0	216027.5	0	0.0	433.5	0	0.0	867.0	0	0.0	867.0	0	0.0
home	15	145	217522.5	15	0.6663705019991115	217522.5	15	0.6663705019991115	436.5	0	0.0	873.0	0	0.0	873.0	0	0.0
home	15	146	219017.5	15	0.6663705019991115	219017.5	15	0.6663705019991115	439.5	0	0.0	879.0	0	0.0	879.0	0	0.0
home	15	147	220512.5	15	0.6663705019991115	220512.5	15	0.6663705019991115	442.5	1	0.0444247001332741	885.0	0	0.0	885.0	0	0.0
home	15	148	222007.5	13	0.5775211017325632	222007.5	12	0.5330964015992892	445.5	0	0.0	891.0	0	0.0	891.0	0	0.0
home	15	149	223502.5	2	0.0888494002665482	223502.5	3	0.1332741003998223	448.5	0	0.0	897.0	0	0.0	897.0	0	0.0
home	15	150	224997.5	15	0.6663705019991115	224997.5	15	0.6663705019991115	451.5	1	0.0444247001332741	903.0	0	0.0	903.0	0	0.0
home	15	151	226492.5	15	0.6663705019991115	226492.5	15	0.6663705019991115	454.5	0	0.0	909.0	0	0.0	909.0	0	0.0
home	15	152	227987.5	15	0.6663705019991115	227987.5	14	0.6219458018658374	457.5	0	0.0	915.0	0	0.0	915.0	0	0.0
home	15	153	229482.5	0	0.0	229482.5	1	0.0444247001332741	460.5	0	0.0	921.0	0	0.0	921.0	0	0.0
home	15	154	230977.5	15	0.6663705019991115	230977.5	15	0.6663705019991115	463.5	0	0.0	927.0	0	0.0	927.0	0	0.0
home	15	155	232472.5	15	0.6663705019991115	232472.5	15	0.6663705019991115	466.5	0	0.0	933.0	0	0.0	933.0	0	0.0
home	15	156	233967.5	15	0.6663705019991115	233967.5	15	0.6663705019991115	469.5	0	0.0	939.0	0	0.0	939.0	0	0.0
home	15	157	235462.5	0	0.0	235462.5	0	0.0	472.5	0	0.0	945.0	0	0.0	945.0	0	0.0
home	15	158	236957.5	15	0.6663705019991115	236957.5	15	0.6663705019991115	475.5	0	0.0	951.0	0	0.0	951.0	0	0.0
home	15	159	238452.5	15	0.6663705019991115	238452.5	15	0.6663705019991115	478.5	0	0.0	957.0	0	0.0	957.0	0	0.0
home	15	160	239947.5	15	0.6663705019991115	239947.5	15	0.6663705019991115	481.5	0	0.0	963.0	0	0.0	963.0	0	0.0
home	15	161	241442.5	0	0.0	241442.5	0	0.0	484.5	0	0.0	969.0	0	0.0	969.0	0	0.0
home	15	162	242937.5	15	0.6663705019991115	242937.5	15	0.6663705019991115	487.5	0	0.0	975.0	0	0.0	975.0	0	0.0
home	15	163	244432.5	15	0.6663705019991115	244432.5	15	0.6663705019991115	490.5	0	0.0	981.0	0	0.0	981.0	0	0.0
home	15	164	245927.5	15	0.6663705019991115	245927.5	15	0.6663705019991115	493.5	0	0.0	987.0	0	0.0	987.0	0	0.0
home	15	165	247422.5	0	0.0	247422.5	0	0.0	496.5	0	0.0	993.0	0	0.0	993.0	0	0.0
home	15	166	248917.5	15	0.6663705019991115	248917.5	15	0.6663705019991115	499.5	0	0.0	999.0	0	0.0	999.0	0	0.0
home	15	167	250412.5	15	0.6663705019991115	250412.5	15	0.6663705019991115	502.5	0	0.0	1005.0	0	0.0	1005.0	0	0.0
home	15	168	251907.5	12	0.5330964015992892	251907.5	4	0.1776988005330964	505.5	0	0.0	1011.0	0	0.0	1011.0	0	0.0
home	15	169	253402.5	3	0.1332741003998223	253402.5	11	0.4886717014660151	508.5	0	0.0	1017.0	0	0.0	1017.0	0	0.0
home	15	170	254897.5	15	0.6663705019991115	254897.5	15	0.6663705019991115	511.5	0	0.0	1023.0	0	0.0	1023.0	0	0.0
home	15	171	256392.5	15	0.6663705019991115	256392.5	15	0.6663705019991115	514.5	0	0.0	1029.0	0	0.0	1029.0	0	0.0
home	15	172	257887.5	0	0.0	257887.5	0	0.0	517.5	0	0.0	1035.0	0	0.0	1035.0	0	0.0
home	15	173	259382.5	15	0.6663705019991115	259382.5	15	0.6663705019991115	520.5	0	0.0	1041.0	0	0.0	1041.0	0	0.0
home	15	174	260877.5	15	0.6663705019991115	260877.5	15	0.6663705019991115	523.5	0	0.0	1047.0	0	0.0	1047.0	0	0.0
home	15	175	262372.5	15	0.6663705019991115	262372.5	15	0.6663705019991115	526.5	0	0.0	1053.0	0	0.0	1053.0	0	0.0
home	15	176	263867.5	11	0.4886717014660151	263867.5	0	0.0	529.5	0	0.0	1059.0	0	0.0	1059.0	0	0.0
home	15	177	265362.5	4	0.1776988005330964	265362.5	15	0.6663705019991115	532.5	0	0.0	1065.0	0	0.0	1065.0	0	0.0
home	15	178	266857.5	15	0.6663705019991115	266857.5	15	0.6663705019991115	535.5	0	0.0	1071.0	0	0.0	1071.0	0	0.0
home	15	179	268352.5	15	0.6663705019991115	268352.5	15	0.6663705019991115	538.5	0	0.0	1077.0	0	0.0	1077.0	0	0.0
home	15	180	269847.5	0	0.0	269847.5	0	0.0	541.5	0	0.0	1083.0	0	0.0	1083.0	0	0.0
home	15	181	271342.5	15	0.6663705019991115	271342.5	15	0.6663705019991115	544.5	0	0.0	1089.0	0	0.0	1089.0	0	0.0
home	15	182	272837.5	15	0.6663705019991115	272837.5	15	0.6663705019991115	547.5	0	0.0	1095.0	0	0.0	1095.0	0	0.0
home	15	183	274332.5	15	0.6663705019991115	274332.5	15	0.6663705019991115	550.5	0	0.0	1101.0	0	0.0	1101.0	0	0.0
home	15	184	275827.5	1	0.0444247001332741	275827.5	0	0.0	553.5	0	0.0	1107.0	0	0.0	1107.0	0	0.0
home	15	185	277322.5	14	0.6219458018658374	277322.5	15	0.6663705019991115	556.5	0	0.0	1113.0	0	0.0	1113.0	0	0.0
home	15	186	278817.5	15	0.6663705019991115	278817.5	15	0.6663705019991115	559.5	0	0.0	1119.0	0	0.0	1119.0	0	0.0
home	15	187	280312.5	15	0.6663705019991115	280312.5	15	0.6663705019991115	562.5	0	0.0	1125.0	0	0.0	1125.0	0	0.0
home	15	188	281807.5	0	0.0	281807.5	0	0.0	565.5	0	0.0	1131.0	0	0.0	1131.0	0	0.0
home	15	189	283302.5	15	0.6663705019991115	283302.5	15	0.6663705019991115	568.5	0	0.0	1137.0	0	0.0	1137.0	0	0.0
home	15	190	284797.5	15	0.6663705019991115	284797.5	15	0.6663705019991115	571.5	0	0.0	1143.0	0	0.0	1143.0	0	0.0
home	15	191	286292.5	15	0.6663705019991115	286292.5	15	0.6663705019991115	574.5	0	0.0	1149.0	0	0.0	1149.0	0	0.0
home	15	192	287787.5	0	0.0	287787.5	0	0.0	577.5	0	0.0	1155.0	0	0.0	1155.0	0	0.0
home	15	193	289282.5	15	0.6663705019991115	289282.5	15	0.6663705019991115	580.5	0	0.0	1161.0	0	0.0	1161.0	0	0.0
home	15	194	290777.5	15	0.6663705019991115	290777.5	15	0.6663705019991115	583.5	0	0.0	1167.0	0	0.0	1167.0	0	0.0
home	15	195	292272.5	15	0.6663705019991115	292272.5	15	0.6663705019991115	586.5	0	0.0	1173.0	0	0.0	1173.0	0	0.0
home	15	196	293767.5	0	0.0	293767.5	0	0.0	589.5	0	0.0	1179.0	0	0.0	1179.0	0	0.0
home	15	197	295262.5	15	0.6663705019991115	295262.5	15	0.6663705019991115	592.5	0	0.0	1185.0	0	0.0	1185.0	0	0.0
home	15	198	296757.5	15	0.6663705019991115	296757.5	15	0.6663705019991115	595.5	0	0.0	1191.0	0	0.0	1191.0	0	0.0
home	15	199	298252.5	15	0.6663705019991115	298252.5	15	0.6663705019991115	598.5	0	0.0	1197.0	0	0.0	1197.0	0	0.0
