'Request type'	'Load'	'Bucket'	'Start time'	'Absolute'	'Percent of requests'	'End time'	'Absolute'	'Percent of requests'	'Residence time'	'Absolute'	'Percent of requests'	'Theor. think time'	'Absolute'	'Percent of requests'	'Actual think time'	'Absolute'	'Percent of requests'
login	13	0	751.0	13	0.617283950617284	751.0	13	0.617283950617284	3.0	0	0.0	3.0	2106	100.0	3.0	2106	100.0
login	13	1	2253.0	13	0.617283950617284	2253.0	13	0.617283950617284	9.0	0	0.0	9.0	0	0.0	9.0	0	0.0
login	13	2	3755.0	13	0.617283950617284	3755.0	4	0.1899335232668566	15.0	0	0.0	15.0	0	0.0	15.0	0	0.0
login	13	3	5257.0	13	0.617283950617284	5257.0	9	0.4273504273504274	21.0	0	0.0	21.0	0	0.0	21.0	0	0.0
login	13	4	6759.0	0	0.0	6759.0	13	0.617283950617284	27.0	0	0.0	27.0	0	0.0	27.0	0	0.0
login	13	5	8261.0	13	0.617283950617284	8261.0	13	0.617283950617284	33.0	0	0.0	33.0	0	0.0	33.0	0	0.0
login	13	6	9763.0	13	0.617283950617284	9763.0	12	0.5698005698005698	39.0	0	0.0	39.0	0	0.0	39.0	0	0.0
login	13	7	11265.0	13	0.617283950617284	11265.0	9	0.4273504273504274	45.0	0	0.0	45.0	0	0.0	45.0	0	0.0
login	13	8	12767.0	13	0.617283950617284	12767.0	9	0.4273504273504274	51.0	0	0.0	51.0	0	0.0	51.0	0	0.0
login	13	9	14269.0	13	0.617283950617284	14269.0	9	0.4273504273504274	57.0	0	0.0	57.0	0	0.0	57.0	0	0.0
login	13	10	15771.0	0	0.0	15771.0	13	0.617283950617284	63.0	0	0.0	63.0	0	0.0	63.0	0	0.0
login	13	11	17273.0	13	0.617283950617284	17273.0	13	0.617283950617284	69.0	0	0.0	69.0	0	0.0	69.0	0	0.0
login	13	12	18775.0	13	0.617283950617284	18775.0	9	0.4273504273504274	75.0	0	0.0	75.0	0	0.0	75.0	0	0.0
login	13	13	20277.0	13	0.617283950617284	20277.0	8	0.3798670465337132	81.0	0	0.0	81.0	0	0.0	81.0	0	0.0
login	13	14	21779.0	0	0.0	21779.0	9	0.4273504273504274	87.0	1	0.04748338081671415	87.0	0	0.0	87.0	0	0.0
login	13	15	23281.0	13	0.617283950617284	23281.0	13	0.617283950617284	93.0	0	0.0	93.0	0	0.0	93.0	0	0.0
login	13	16	24783.0	13	0.617283950617284	24783.0	13	0.617283950617284	99.0	0	0.0	99.0	0	0.0	99.0	0	0.0
login	13	17	26285.0	13	0.617283950617284	26285.0	5	0.23741690408357077	105.0	1	0.04748338081671415	105.0	0	0.0	105.0	0	0.0
login	13	18	27787.0	10	0.47483380816714155	27787.0	8	0.3798670465337132	111.0	1	0.04748338081671415	111.0	0	0.0	111.0	0	0.0
login	13	19	29289.0	3	0.14245014245014245	29289.0	13	0.617283950617284	117.0	3	0.14245014245014245	117.0	0	0.0	117.0	0	0.0
login	13	20	30791.0	13	0.617283950617284	30791.0	13	0.617283950617284	123.0	1	0.04748338081671415	123.0	0	0.0	123.0	0	0.0
login	13	21	32293.0	13	0.617283950617284	32293.0	9	0.4273504273504274	129.0	0	0.0	129.0	0	0.0	129.0	0	0.0
login	13	22	33795.0	13	0.617283950617284	33795.0	8	0.3798670465337132	135.0	0	0.0	135.0	0	0.0	135.0	0	0.0
login	13	23	35297.0	11	0.5223171889838557	35297.0	9	0.4273504273504274	141.0	4	0.1899335232668566	141.0	0	0.0	141.0	0	0.0
login	13	24	36799.0	2	0.0949667616334283	36799.0	13	0.617283950617284	147.0	5	0.23741690408357077	147.0	0	0.0	147.0	0	0.0
login	13	25	38301.0	13	0.617283950617284	38301.0	13	0.617283950617284	153.0	5	0.23741690408357077	153.0	0	0.0	153.0	0	0.0
login	13	26	39803.0	13	0.617283950617284	39803.0	9	0.4273504273504274	159.0	1	0.04748338081671415	159.0	0	0.0	159.0	0	0.0
login	13	27	41305.0	13	0.617283950617284	41305.0	8	0.3798670465337132	165.0	3	0.14245014245014245	165.0	0	0.0	165.0	0	0.0
login	13	28	42807.0	13	0.617283950617284	42807.0	9	0.4273504273504274	171.0	2	0.0949667616334283	171.0	0	0.0	171.0	0	0.0
login	13	29	44309.0	0	0.0	44309.0	13	0.617283950617284	177.0	9	0.4273504273504274	177.0	0	0.0	177.0	0	0.0
login	13	30	45811.0	13	0.617283950617284	45811.0	13	0.617283950617284	183.0	9	0.4273504273504274	183.0	0	0.0	183.0	0	0.0
login	13	31	47313.0	13	0.617283950617284	47313.0	13	0.617283950617284	189.0	6	0.2849002849002849	189.0	0	0.0	189.0	0	0.0
login	13	32	48815.0	13	0.617283950617284	48815.0	10	0.47483380816714155	195.0	5	0.23741690408357077	195.0	0	0.0	195.0	0	0.0
login	13	33	50317.0	13	0.617283950617284	50317.0	9	0.4273504273504274	201.0	9	0.4273504273504274	201.0	0	0.0	201.0	0	0.0
login	13	34	51819.0	13	0.617283950617284	51819.0	7	0.33238366571699907	207.0	8	0.3798670465337132	207.0	0	0.0	207.0	0	0.0
login	13	35	53321.0	0	0.0	53321.0	13	0.617283950617284	213.0	6	0.2849002849002849	213.0	0	0.0	213.0	0	0.0
login	13	36	54823.0	13	0.617283950617284	54823.0	13	0.617283950617284	219.0	4	0.1899335232668566	219.0	0	0.0	219.0	0	0.0
login	13	37	56325.0	13	0.617283950617284	56325.0	10	0.47483380816714155	225.0	4	0.1899335232668566	225.0	0	0.0	225.0	0	0.0
login	13	38	57827.0	13	0.617283950617284	57827.0	7	0.33238366571699907	231.0	17	0.8072174738841406	231.0	0	0.0	231.0	0	0.0
login	13	39	59329.0	12	0.5698005698005698	59329.0	9	0.4273504273504274	237.0	8	0.3798670465337132	237.0	0	0.0	237.0	0	0.0
login	13	40	60831.0	1	0.04748338081671415	60831.0	13	0.617283950617284	243.0	11	0.5223171889838557	243.0	0	0.0	243.0	0	0.0
login	13	41	62333.0	13	0.617283950617284	62333.0	13	0.617283950617284	249.0	8	0.3798670465337132	249.0	0	0.0	249.0	0	0.0
login	13	42	63835.0	13	0.617283950617284	63835.0	11	0.5223171889838557	255.0	17	0.8072174738841406	255.0	0	0.0	255.0	0	0.0
login	13	43	65337.0	13	0.617283950617284	65337.0	6	0.2849002849002849	261.0	13	0.617283950617284	261.0	0	0.0	261.0	0	0.0
login	13	44	66839.0	8	0.3798670465337132	66839.0	9	0.4273504273504274	267.0	14	0.6647673314339981	267.0	0	0.0	267.0	0	0.0
login	13	45	68341.0	5	0.23741690408357077	68341.0	13	0.617283950617284	273.0	15	0.7122507122507123	273.0	0	0.0	273.0	0	0.0
login	13	46	69843.0	13	0.617283950617284	69843.0	13	0.617283950617284	279.0	12	0.5698005698005698	279.0	0	0.0	279.0	0	0.0
login	13	47	71345.0	13	0.617283950617284	71345.0	8	0.3798670465337132	285.0	17	0.8072174738841406	285.0	0	0.0	285.0	0	0.0
login	13	48	72847.0	13	0.617283950617284	72847.0	5	0.23741690408357077	291.0	23	1.0921177587844255	291.0	0	0.0	291.0	0	0.0
login	13	49	74349.0	8	0.3798670465337132	74349.0	13	0.617283950617284	297.0	22	1.0446343779677114	297.0	0	0.0	297.0	0	0.0
login	13	50	75851.0	5	0.23741690408357077	75851.0	13	0.617283950617284	303.0	21	0.9971509971509972	303.0	0	0.0	303.0	0	0.0
login	13	51	77353.0	13	0.617283950617284	77353.0	13	0.617283950617284	309.0	17	0.8072174738841406	309.0	0	0.0	309.0	0	0.0
login	13	52	78855.0	13	0.617283950617284	78855.0	10	0.47483380816714155	315.0	20	0.9496676163342831	315.0	0	0.0	315.0	0	0.0
login	13	53	80357.0	13	0.617283950617284	80357.0	6	0.2849002849002849	321.0	15	0.7122507122507123	321.0	0	0.0	321.0	0	0.0
login	13	54	81859.0	12	0.5698005698005698	81859.0	10	0.47483380816714155	327.0	21	0.9971509971509972	327.0	0	0.0	327.0	0	0.0
login	13	55	83361.0	1	0.04748338081671415	83361.0	13	0.617283950617284	333.0	15	0.7122507122507123	333.0	0	0.0	333.0	0	0.0
login	13	56	84863.0	13	0.617283950617284	84863.0	13	0.617283950617284	339.0	21	0.9971509971509972	339.0	0	0.0	339.0	0	0.0
login	13	57	86365.0	13	0.617283950617284	86365.0	13	0.617283950617284	345.0	16	0.7597340930674265	345.0	0	0.0	345.0	0	0.0
login	13	58	87867.0	13	0.617283950617284	87867.0	6	0.2849002849002849	351.0	18	0.8547008547008548	351.0	0	0.0	351.0	0	0.0
login	13	59	89369.0	13	0.617283950617284	89369.0	9	0.4273504273504274	357.0	24	1.1396011396011396	357.0	0	0.0	357.0	0	0.0
login	13	60	90871.0	0	0.0	90871.0	11	0.5223171889838557	363.0	16	0.7597340930674265	363.0	0	0.0	363.0	0	0.0
login	13	61	92373.0	13	0.617283950617284	92373.0	13	0.617283950617284	369.0	17	0.8072174738841406	369.0	0	0.0	369.0	0	0.0
login	13	62	93875.0	13	0.617283950617284	93875.0	13	0.617283950617284	375.0	18	0.8547008547008548	375.0	0	0.0	375.0	0	0.0
login	13	63	95377.0	13	0.617283950617284	95377.0	6	0.2849002849002849	381.0	29	1.3770180436847104	381.0	0	0.0	381.0	0	0.0
login	13	64	96879.0	13	0.617283950617284	96879.0	8	0.3798670465337132	387.0	21	0.9971509971509972	387.0	0	0.0	387.0	0	0.0
login	13	65	98381.0	0	0.0	98381.0	12	0.5698005698005698	393.0	14	0.6647673314339981	393.0	0	0.0	393.0	0	0.0
login	13	66	99883.0	13	0.617283950617284	99883.0	13	0.617283950617284	399.0	22	1.0446343779677114	399.0	0	0.0	399.0	0	0.0
login	13	67	101385.0	13	0.617283950617284	101385.0	13	0.617283950617284	405.0	17	0.8072174738841406	405.0	0	0.0	405.0	0	0.0
login	13	68	102887.0	13	0.617283950617284	102887.0	6	0.2849002849002849	411.0	18	0.8547008547008548	411.0	0	0.0	411.0	0	0.0
login	13	69	104389.0	13	0.617283950617284	104389.0	7	0.33238366571699907	417.0	14	0.6647673314339981	417.0	0	0.0	417.0	0	0.0
login	13	70	105891.0	0	0.0	105891.0	13	0.617283950617284	423.0	18	0.8547008547008548	423.0	0	0.0	423.0	0	0.0
login	13	71	107393.0	13	0.617283950617284	107393.0	13	0.617283950617284	429.0	15	0.7122507122507123	429.0	0	0.0	429.0	0	0.0
login	13	72	108895.0	13	0.617283950617284	108895.0	13	0.617283950617284	435.0	19	0.9021842355175689	435.0	0	0.0	435.0	0	0.0
login	13	73	110397.0	13	0.617283950617284	110397.0	8	0.3798670465337132	441.0	13	0.617283950617284	441.0	0	0.0	441.0	0	0.0
login	13	74	111899.0	13	0.617283950617284	111899.0	6	0.2849002849002849	447.0	12	0.5698005698005698	447.0	0	0.0	447.0	0	0.0
login	13	75	113401.0	0	0.0	113401.0	12	0.5698005698005698	453.0	12	0.5698005698005698	453.0	0	0.0	453.0	0	0.0
login	13	76	114903.0	13	0.617283950617284	114903.0	13	0.617283950617284	459.0	21	0.9971509971509972	459.0	0	0.0	459.0	0	0.0
login	13	77	116405.0	13	0.617283950617284	116405.0	10	0.47483380816714155	465.0	14	0.6647673314339981	465.0	0	0.0	465.0	0	0.0
login	13	78	117907.0	13	0.617283950617284	117907.0	8	0.3798670465337132	471.0	10	0.47483380816714155	471.0	0	0.0	471.0	0	0.0
login	13	79	119409.0	12	0.5698005698005698	119409.0	8	0.3798670465337132	477.0	12	0.5698005698005698	477.0	0	0.0	477.0	0	0.0
login	13	80	120911.0	1	0.04748338081671415	120911.0	13	0.617283950617284	483.0	22	1.0446343779677114	483.0	0	0.0	483.0	0	0.0
login	13	81	122413.0	13	0.617283950617284	122413.0	13	0.617283950617284	489.0	18	0.8547008547008548	489.0	0	0.0	489.0	0	0.0
login	13	82	123915.0	13	0.617283950617284	123915.0	8	0.3798670465337132	495.0	25	1.1870845204178537	495.0	0	0.0	495.0	0	0.0
login	13	83	125417.0	13	0.617283950617284	125417.0	6	0.2849002849002849	501.0	18	0.8547008547008548	501.0	0	0.0	501.0	0	0.0
login	13	84	126919.0	0	0.0	126919.0	12	0.5698005698005698	507.0	18	0.8547008547008548	507.0	0	0.0	507.0	0	0.0
login	13	85	128421.0	13	0.617283950617284	128421.0	13	0.617283950617284	513.0	16	0.7597340930674265	513.0	0	0.0	513.0	0	0.0
login	13	86	129923.0	13	0.617283950617284	129923.0	13	0.617283950617284	519.0	17	0.8072174738841406	519.0	0	0.0	519.0	0	0.0
login	13	87	131425.0	13	0.617283950617284	131425.0	8	0.3798670465337132	525.0	12	0.5698005698005698	525.0	0	0.0	525.0	0	0.0
login	13	88	132927.0	13	0.617283950617284	132927.0	6	0.2849002849002849	531.0	22	1.0446343779677114	531.0	0	0.0	531.0	0	0.0
login	13	89	134429.0	0	0.0	134429.0	12	0.5698005698005698	537.0	11	0.5223171889838557	537.0	0	0.0	537.0	0	0.0
login	13	90	135931.0	13	0.617283950617284	135931.0	13	0.617283950617284	543.0	27	1.2820512820512822	543.0	0	0.0	543.0	0	0.0
login	13	91	137433.0	13	0.617283950617284	137433.0	13	0.617283950617284	549.0	17	0.8072174738841406	549.0	0	0.0	549.0	0	0.0
login	13	92	138935.0	13	0.617283950617284	138935.0	10	0.47483380816714155	555.0	15	0.7122507122507123	555.0	0	0.0	555.0	0	0.0
login	13	93	140437.0	13	0.617283950617284	140437.0	10	0.47483380816714155	561.0	13	0.617283950617284	561.0	0	0.0	561.0	0	0.0
login	13	94	141939.0	13	0.617283950617284	141939.0	7	0.33238366571699907	567.0	14	0.6647673314339981	567.0	0	0.0	567.0	0	0.0
login	13	95	143441.0	0	0.0	143441.0	12	0.5698005698005698	573.0	7	0.33238366571699907	573.0	0	0.0	573.0	0	0.0
login	13	96	144943.0	13	0.617283950617284	144943.0	13	0.617283950617284	579.0	9	0.4273504273504274	579.0	0	0.0	579.0	0	0.0
login	13	97	146445.0	13	0.617283950617284	146445.0	12	0.5698005698005698	585.0	6	0.2849002849002849	585.0	0	0.0	585.0	0	0.0
login	13	98	147947.0	13	0.617283950617284	147947.0	7	0.33238366571699907	591.0	17	0.8072174738841406	591.0	0	0.0	591.0	0	0.0
login	13	99	149449.0	13	0.617283950617284	149449.0	7	0.33238366571699907	597.0	16	0.7597340930674265	597.0	0	0.0	597.0	0	0.0
login	13	100	150951.0	0	0.0	150951.0	13	0.617283950617284	603.0	20	0.9496676163342831	603.0	0	0.0	603.0	0	0.0
login	13	101	152453.0	13	0.617283950617284	152453.0	13	0.617283950617284	609.0	19	0.9021842355175689	609.0	0	0.0	609.0	0	0.0
login	13	102	153955.0	13	0.617283950617284	153955.0	13	0.617283950617284	615.0	16	0.7597340930674265	615.0	0	0.0	615.0	0	0.0
login	13	103	155457.0	13	0.617283950617284	155457.0	5	0.23741690408357077	621.0	15	0.7122507122507123	621.0	0	0.0	621.0	0	0.0
login	13	104	156959.0	13	0.617283950617284	156959.0	8	0.3798670465337132	627.0	9	0.4273504273504274	627.0	0	0.0	627.0	0	0.0
login	13	105	158461.0	0	0.0	158461.0	13	0.617283950617284	633.0	17	0.8072174738841406	633.0	0	0.0	633.0	0	0.0
login	13	106	159963.0	13	0.617283950617284	159963.0	13	0.617283950617284	639.0	13	0.617283950617284	639.0	0	0.0	639.0	0	0.0
login	13	107	161465.0	13	0.617283950617284	161465.0	13	0.617283950617284	645.0	19	0.9021842355175689	645.0	0	0.0	645.0	0	0.0
login	13	108	162967.0	13	0.617283950617284	162967.0	8	0.3798670465337132	651.0	19	0.9021842355175689	651.0	0	0.0	651.0	0	0.0
login	13	109	164469.0	13	0.617283950617284	164469.0	6	0.2849002849002849	657.0	20	0.9496676163342831	657.0	0	0.0	657.0	0	0.0
login	13	110	165971.0	0	0.0	165971.0	12	0.5698005698005698	663.0	16	0.7597340930674265	663.0	0	0.0	663.0	0	0.0
login	13	111	167473.0	13	0.617283950617284	167473.0	13	0.617283950617284	669.0	18	0.8547008547008548	669.0	0	0.0	669.0	0	0.0
login	13	112	168975.0	13	0.617283950617284	168975.0	13	0.617283950617284	675.0	19	0.9021842355175689	675.0	0	0.0	675.0	0	0.0
login	13	113	170477.0	13	0.617283950617284	170477.0	8	0.3798670465337132	681.0	24	1.1396011396011396	681.0	0	0.0	681.0	0	0.0
login	13	114	171979.0	13	0.617283950617284	171979.0	6	0.2849002849002849	687.0	24	1.1396011396011396	687.0	0	0.0	687.0	0	0.0
login	13	115	173481.0	0	0.0	173481.0	12	0.5698005698005698	693.0	18	0.8547008547008548	693.0	0	0.0	693.0	0	0.0
login	13	116	174983.0	13	0.617283950617284	174983.0	13	0.617283950617284	699.0	21	0.9971509971509972	699.0	0	0.0	699.0	0	0.0
login	13	117	176485.0	13	0.617283950617284	176485.0	10	0.47483380816714155	705.0	20	0.9496676163342831	705.0	0	0.0	705.0	0	0.0
login	13	118	177987.0	13	0.617283950617284	177987.0	9	0.4273504273504274	711.0	18	0.8547008547008548	711.0	0	0.0	711.0	0	0.0
login	13	119	179489.0	13	0.617283950617284	179489.0	7	0.33238366571699907	717.0	24	1.1396011396011396	717.0	0	0.0	717.0	0	0.0
login	13	120	180991.0	0	0.0	180991.0	13	0.617283950617284	723.0	18	0.8547008547008548	723.0	0	0.0	723.0	0	0.0
login	13	121	182493.0	13	0.617283950617284	182493.0	13	0.617283950617284	729.0	20	0.9496676163342831	729.0	0	0.0	729.0	0	0.0
login	13	122	183995.0	13	0.617283950617284	183995.0	10	0.47483380816714155	735.0	23	1.0921177587844255	735.0	0	0.0	735.0	0	0.0
login	13	123	185497.0	13	0.617283950617284	185497.0	7	0.33238366571699907	741.0	14	0.6647673314339981	741.0	0	0.0	741.0	0	0.0
login	13	124	186999.0	11	0.5223171889838557	186999.0	9	0.4273504273504274	747.0	17	0.8072174738841406	747.0	0	0.0	747.0	0	0.0
login	13	125	188501.0	2	0.0949667616334283	188501.0	13	0.617283950617284	753.0	5	0.23741690408357077	753.0	0	0.0	753.0	0	0.0
login	13	126	190003.0	13	0.617283950617284	190003.0	13	0.617283950617284	759.0	12	0.5698005698005698	759.0	0	0.0	759.0	0	0.0
login	13	127	191505.0	13	0.617283950617284	191505.0	13	0.617283950617284	765.0	10	0.47483380816714155	765.0	0	0.0	765.0	0	0.0
login	13	128	193007.0	13	0.617283950617284	193007.0	8	0.3798670465337132	771.0	12	0.5698005698005698	771.0	0	0.0	771.0	0	0.0
login	13	129	194509.0	13	0.617283950617284	194509.0	7	0.33238366571699907	777.0	18	0.8547008547008548	777.0	0	0.0	777.0	0	0.0
login	13	130	196011.0	4	0.1899335232668566	196011.0	11	0.5223171889838557	783.0	21	0.9971509971509972	783.0	0	0.0	783.0	0	0.0
login	13	131	197513.0	9	0.4273504273504274	197513.0	13	0.617283950617284	789.0	26	1.234567901234568	789.0	0	0.0	789.0	0	0.0
login	13	132	199015.0	13	0.617283950617284	199015.0	13	0.617283950617284	795.0	17	0.8072174738841406	795.0	0	0.0	795.0	0	0.0
login	13	133	200517.0	13	0.617283950617284	200517.0	8	0.3798670465337132	801.0	17	0.8072174738841406	801.0	0	0.0	801.0	0	0.0
login	13	134	202019.0	13	0.617283950617284	202019.0	9	0.4273504273504274	807.0	16	0.7597340930674265	807.0	0	0.0	807.0	0	0.0
login	13	135	203521.0	13	0.617283950617284	203521.0	9	0.4273504273504274	813.0	17	0.8072174738841406	813.0	0	0.0	813.0	0	0.0
login	13	136	205023.0	0	0.0	205023.0	13	0.617283950617284	819.0	13	0.617283950617284	819.0	0	0.0	819.0	0	0.0
login	13	137	206525.0	13	0.617283950617284	206525.0	13	0.617283950617284	825.0	14	0.6647673314339981	825.0	0	0.0	825.0	0	0.0
login	13	138	208027.0	13	0.617283950617284	208027.0	13	0.617283950617284	831.0	14	0.6647673314339981	831.0	0	0.0	831.0	0	0.0
login	13	139	209529.0	13	0.617283950617284	209529.0	8	0.3798670465337132	837.0	15	0.7122507122507123	837.0	0	0.0	837.0	0	0.0
login	13	140	211031.0	13	0.617283950617284	211031.0	6	0.2849002849002849	843.0	11	0.5223171889838557	843.0	0	0.0	843.0	0	0.0
login	13	141	212533.0	0	0.0	212533.0	12	0.5698005698005698	849.0	19	0.9021842355175689	849.0	0	0.0	849.0	0	0.0
login	13	142	214035.0	13	0.617283950617284	214035.0	13	0.617283950617284	855.0	14	0.6647673314339981	855.0	0	0.0	855.0	0	0.0
login	13	143	215537.0	13	0.617283950617284	215537.0	13	0.617283950617284	861.0	16	0.7597340930674265	861.0	0	0.0	861.0	0	0.0
login	13	144	217039.0	13	0.617283950617284	217039.0	8	0.3798670465337132	867.0	14	0.6647673314339981	867.0	0	0.0	867.0	0	0.0
login	13	145	218541.0	13	0.617283950617284	218541.0	7	0.33238366571699907	873.0	17	0.8072174738841406	873.0	0	0.0	873.0	0	0.0
login	13	146	220043.0	11	0.5223171889838557	220043.0	11	0.5223171889838557	879.0	11	0.5223171889838557	879.0	0	0.0	879.0	0	0.0
login	13	147	221545.0	2	0.0949667616334283	221545.0	13	0.617283950617284	885.0	22	1.0446343779677114	885.0	0	0.0	885.0	0	0.0
login	13	148	223047.0	13	0.617283950617284	223047.0	13	0.617283950617284	891.0	19	0.9021842355175689	891.0	0	0.0	891.0	0	0.0
login	13	149	224549.0	13	0.617283950617284	224549.0	8	0.3798670465337132	897.0	17	0.8072174738841406	897.0	0	0.0	897.0	0	0.0
login	13	150	226051.0	13	0.617283950617284	226051.0	9	0.4273504273504274	903.0	8	0.3798670465337132	903.0	0	0.0	903.0	0	0.0
login	13	151	227553.0	1	0.04748338081671415	227553.0	9	0.4273504273504274	909.0	13	0.617283950617284	909.0	0	0.0	909.0	0	0.0
login	13	152	229055.0	12	0.5698005698005698	229055.0	13	0.617283950617284	915.0	7	0.33238366571699907	915.0	0	0.0	915.0	0	0.0
login	13	153	230557.0	13	0.617283950617284	230557.0	13	0.617283950617284	921.0	6	0.2849002849002849	921.0	0	0.0	921.0	0	0.0
login	13	154	232059.0	13	0.617283950617284	232059.0	12	0.5698005698005698	927.0	10	0.47483380816714155	927.0	0	0.0	927.0	0	0.0
login	13	155	233561.0	13	0.617283950617284	233561.0	5	0.23741690408357077	933.0	4	0.1899335232668566	933.0	0	0.0	933.0	0	0.0
login	13	156	235063.0	13	0.617283950617284	235063.0	9	0.4273504273504274	939.0	3	0.14245014245014245	939.0	0	0.0	939.0	0	0.0
login	13	157	236565.0	0	0.0	236565.0	13	0.617283950617284	945.0	14	0.6647673314339981	945.0	0	0.0	945.0	0	0.0
login	13	158	238067.0	13	0.617283950617284	238067.0	13	0.617283950617284	951.0	4	0.1899335232668566	951.0	0	0.0	951.0	0	0.0
login	13	159	239569.0	13	0.617283950617284	239569.0	13	0.617283950617284	957.0	4	0.1899335232668566	957.0	0	0.0	957.0	0	0.0
login	13	160	241071.0	13	0.617283950617284	241071.0	8	0.3798670465337132	963.0	12	0.5698005698005698	963.0	0	0.0	963.0	0	0.0
login	13	161	242573.0	13	0.617283950617284	242573.0	9	0.4273504273504274	969.0	8	0.3798670465337132	969.0	0	0.0	969.0	0	0.0
login	13	162	244075.0	13	0.617283950617284	244075.0	9	0.4273504273504274	975.0	5	0.23741690408357077	975.0	0	0.0	975.0	0	0.0
login	13	163	245577.0	0	0.0	245577.0	13	0.617283950617284	981.0	9	0.4273504273504274	981.0	0	0.0	981.0	0	0.0
login	13	164	247079.0	13	0.617283950617284	247079.0	13	0.617283950617284	987.0	8	0.3798670465337132	987.0	0	0.0	987.0	0	0.0
login	13	165	248581.0	13	0.617283950617284	248581.0	13	0.617283950617284	993.0	2	0.0949667616334283	993.0	0	0.0	993.0	0	0.0
login	13	166	250083.0	13	0.617283950617284	250083.0	10	0.47483380816714155	999.0	4	0.1899335232668566	999.0	0	0.0	999.0	0	0.0
login	13	167	251585.0	13	0.617283950617284	251585.0	8	0.3798670465337132	1005.0	4	0.1899335232668566	1005.0	0	0.0	1005.0	0	0.0
login	13	168	253087.0	13	0.617283950617284	253087.0	8	0.3798670465337132	1011.0	8	0.3798670465337132	1011.0	0	0.0	1011.0	0	0.0
login	13	169	254589.0	0	0.0	254589.0	13	0.617283950617284	1017.0	3	0.14245014245014245	1017.0	0	0.0	1017.0	0	0.0
login	13	170	256091.0	13	0.617283950617284	256091.0	13	0.617283950617284	1023.0	2	0.0949667616334283	1023.0	0	0.0	1023.0	0	0.0
login	13	171	257593.0	13	0.617283950617284	257593.0	13	0.617283950617284	1029.0	2	0.0949667616334283	1029.0	0	0.0	1029.0	0	0.0
login	13	172	259095.0	13	0.617283950617284	259095.0	13	0.617283950617284	1035.0	5	0.23741690408357077	1035.0	0	0.0	1035.0	0	0.0
login	13	173	260597.0	13	0.617283950617284	260597.0	9	0.4273504273504274	1041.0	2	0.0949667616334283	1041.0	0	0.0	1041.0	0	0.0
login	13	174	262099.0	13	0.617283950617284	262099.0	10	0.47483380816714155	1047.0	0	0.0	1047.0	0	0.0	1047.0	0	0.0
login	13	175	263601.0	13	0.617283950617284	263601.0	8	0.3798670465337132	1053.0	1	0.04748338081671415	1053.0	0	0.0	1053.0	0	0.0
login	13	176	265103.0	0	0.0	265103.0	12	0.5698005698005698	1059.0	0	0.0	1059.0	0	0.0	1059.0	0	0.0
login	13	177	266605.0	13	0.617283950617284	266605.0	13	0.617283950617284	1065.0	2	0.0949667616334283	1065.0	0	0.0	1065.0	0	0.0
login	13	178	268107.0	13	0.617283950617284	268107.0	13	0.617283950617284	1071.0	0	0.0	1071.0	0	0.0	1071.0	0	0.0
login	13	179	269609.0	13	0.617283950617284	269609.0	6	0.2849002849002849	1077.0	2	0.0949667616334283	1077.0	0	0.0	1077.0	0	0.0
login	13	180	271111.0	13	0.617283950617284	271111.0	7	0.33238366571699907	1083.0	0	0.0	1083.0	0	0.0	1083.0	0	0.0
login	13	181	272613.0	0	0.0	272613.0	13	0.617283950617284	1089.0	0	0.0	1089.0	0	0.0	1089.0	0	0.0
login	13	182	274115.0	13	0.617283950617284	274115.0	13	0.617283950617284	1095.0	0	0.0	1095.0	0	0.0	1095.0	0	0.0
login	13	183	275617.0	13	0.617283950617284	275617.0	12	0.5698005698005698	1101.0	0	0.0	1101.0	0	0.0	1101.0	0	0.0
login	13	184	277119.0	13	0.617283950617284	277119.0	8	0.3798670465337132	1107.0	0	0.0	1107.0	0	0.0	1107.0	0	0.0
login	13	185	278621.0	13	0.617283950617284	278621.0	7	0.33238366571699907	1113.0	1	0.04748338081671415	1113.0	0	0.0	1113.0	0	0.0
login	13	186	280123.0	0	0.0	280123.0	12	0.5698005698005698	1119.0	1	0.04748338081671415	1119.0	0	0.0	1119.0	0	0.0
login	13	187	281625.0	13	0.617283950617284	281625.0	13	0.617283950617284	1125.0	0	0.0	1125.0	0	0.0	1125.0	0	0.0
login	13	188	283127.0	13	0.617283950617284	283127.0	13	0.617283950617284	1131.0	0	0.0	1131.0	0	0.0	1131.0	0	0.0
login	13	189	284629.0	13	0.617283950617284	284629.0	9	0.4273504273504274	1137.0	0	0.0	1137.0	0	0.0	1137.0	0	0.0
login	13	190	286131.0	13	0.617283950617284	286131.0	5	0.23741690408357077	1143.0	0	0.0	1143.0	0	0.0	1143.0	0	0.0
login	13	191	287633.0	0	0.0	287633.0	12	0.5698005698005698	1149.0	0	0.0	1149.0	0	0.0	1149.0	0	0.0
login	13	192	289135.0	13	0.617283950617284	289135.0	13	0.617283950617284	1155.0	0	0.0	1155.0	0	0.0	1155.0	0	0.0
login	13	193	290637.0	13	0.617283950617284	290637.0	13	0.617283950617284	1161.0	0	0.0	1161.0	0	0.0	1161.0	0	0.0
login	13	194	292139.0	13	0.617283950617284	292139.0	9	0.4273504273504274	1167.0	0	0.0	1167.0	0	0.0	1167.0	0	0.0
login	13	195	293641.0	13	0.617283950617284	293641.0	8	0.3798670465337132	1173.0	0	0.0	1173.0	0	0.0	1173.0	0	0.0
login	13	196	295143.0	13	0.617283950617284	295143.0	9	0.4273504273504274	1179.0	0	0.0	1179.0	0	0.0	1179.0	0	0.0
login	13	197	296645.0	0	0.0	296645.0	13	0.617283950617284	1185.0	0	0.0	1185.0	0	0.0	1185.0	0	0.0
login	13	198	298147.0	13	0.617283950617284	298147.0	13	0.617283950617284	1191.0	0	0.0	1191.0	0	0.0	1191.0	0	0.0
login	13	199	299649.0	13	0.617283950617284	299649.0	13	0.617283950617284	1197.0	0	0.0	1197.0	0	0.0	1197.0	0	0.0
info	13	0	749.5	13	0.6193425440686041	749.5	13	0.6193425440686041	2.5	264	12.577417818008575	3.0	2099	100.0	3.0	2099	100.0
info	13	1	2248.5	13	0.6193425440686041	2248.5	13	0.6193425440686041	7.5	46	2.191519771319676	9.0	0	0.0	9.0	0	0.0
info	13	2	3747.5	12	0.5717008099094807	3747.5	11	0.5240590757503574	12.5	62	2.9537875178656505	15.0	0	0.0	15.0	0	0.0
info	13	3	5246.5	9	0.4287756074321105	5246.5	2	0.09528346831824679	17.5	64	3.049070986183897	21.0	0	0.0	21.0	0	0.0
info	13	4	6745.5	8	0.38113387327298714	6745.5	13	0.6193425440686041	22.5	70	3.3349213911386375	27.0	0	0.0	27.0	0	0.0
info	13	5	8244.5	10	0.47641734159123394	8244.5	13	0.6193425440686041	27.5	53	2.52501191043354	33.0	0	0.0	33.0	0	0.0
info	13	6	9743.5	13	0.6193425440686041	9743.5	13	0.6193425440686041	32.5	33	1.572177227251072	39.0	0	0.0	39.0	0	0.0
info	13	7	11242.5	13	0.6193425440686041	11242.5	13	0.6193425440686041	37.5	28	1.333968556455455	45.0	0	0.0	45.0	0	0.0
info	13	8	12741.5	13	0.6193425440686041	12741.5	13	0.6193425440686041	42.5	31	1.4768937589328253	51.0	0	0.0	51.0	0	0.0
info	13	9	14240.5	4	0.19056693663649357	14240.5	0	0.0	47.5	26	1.2386850881372082	57.0	0	0.0	57.0	0	0.0
info	13	10	15739.5	9	0.4287756074321105	15739.5	13	0.6193425440686041	52.5	24	1.1434016198189614	63.0	0	0.0	63.0	0	0.0
info	13	11	17238.5	13	0.6193425440686041	17238.5	13	0.6193425440686041	57.5	16	0.7622677465459743	69.0	0	0.0	69.0	0	0.0
info	13	12	18737.5	13	0.6193425440686041	18737.5	13	0.6193425440686041	62.5	19	0.9051929490233445	75.0	0	0.0	75.0	0	0.0
info	13	13	20236.5	9	0.4287756074321105	20236.5	0	0.0	67.5	14	0.6669842782277275	81.0	0	0.0	81.0	0	0.0
info	13	14	21735.5	6	0.28585040495474034	21735.5	13	0.6193425440686041	72.5	14	0.6669842782277275	87.0	0	0.0	87.0	0	0.0
info	13	15	23234.5	11	0.5240590757503574	23234.5	13	0.6193425440686041	77.5	12	0.5717008099094807	93.0	0	0.0	93.0	0	0.0
info	13	16	24733.5	13	0.6193425440686041	24733.5	13	0.6193425440686041	82.5	10	0.47641734159123394	99.0	0	0.0	99.0	0	0.0
info	13	17	26232.5	10	0.47641734159123394	26232.5	10	0.47641734159123394	87.5	11	0.5240590757503574	105.0	0	0.0	105.0	0	0.0
info	13	18	27731.5	9	0.4287756074321105	27731.5	3	0.14292520247737017	92.5	10	0.47641734159123394	111.0	0	0.0	111.0	0	0.0
info	13	19	29230.5	8	0.38113387327298714	29230.5	13	0.6193425440686041	97.5	4	0.19056693663649357	117.0	0	0.0	117.0	0	0.0
info	13	20	30729.5	12	0.5717008099094807	30729.5	13	0.6193425440686041	102.5	13	0.6193425440686041	123.0	0	0.0	123.0	0	0.0
info	13	21	32228.5	13	0.6193425440686041	32228.5	13	0.6193425440686041	107.5	12	0.5717008099094807	129.0	0	0.0	129.0	0	0.0
info	13	22	33727.5	10	0.47641734159123394	33727.5	10	0.47641734159123394	112.5	10	0.47641734159123394	135.0	0	0.0	135.0	0	0.0
info	13	23	35226.5	5	0.23820867079561697	35226.5	3	0.14292520247737017	117.5	7	0.3334921391138638	141.0	0	0.0	141.0	0	0.0
info	13	24	36725.5	11	0.5240590757503574	36725.5	13	0.6193425440686041	122.5	12	0.5717008099094807	147.0	0	0.0	147.0	0	0.0
info	13	25	38224.5	13	0.6193425440686041	38224.5	13	0.6193425440686041	127.5	3	0.14292520247737017	153.0	0	0.0	153.0	0	0.0
info	13	26	39723.5	13	0.6193425440686041	39723.5	13	0.6193425440686041	132.5	8	0.38113387327298714	159.0	0	0.0	159.0	0	0.0
info	13	27	41222.5	10	0.47641734159123394	41222.5	10	0.47641734159123394	137.5	12	0.5717008099094807	165.0	0	0.0	165.0	0	0.0
info	13	28	42721.5	11	0.5240590757503574	42721.5	3	0.14292520247737017	142.5	6	0.28585040495474034	171.0	0	0.0	171.0	0	0.0
info	13	29	44220.5	7	0.3334921391138638	44220.5	13	0.6193425440686041	147.5	8	0.38113387327298714	177.0	0	0.0	177.0	0	0.0
info	13	30	45719.5	11	0.5240590757503574	45719.5	13	0.6193425440686041	152.5	3	0.14292520247737017	183.0	0	0.0	183.0	0	0.0
info	13	31	47218.5	13	0.6193425440686041	47218.5	13	0.6193425440686041	157.5	4	0.19056693663649357	189.0	0	0.0	189.0	0	0.0
info	13	32	48717.5	13	0.6193425440686041	48717.5	13	0.6193425440686041	162.5	9	0.4287756074321105	195.0	0	0.0	195.0	0	0.0
info	13	33	50216.5	10	0.47641734159123394	50216.5	10	0.47641734159123394	167.5	4	0.19056693663649357	201.0	0	0.0	201.0	0	0.0
info	13	34	51715.5	9	0.4287756074321105	51715.5	3	0.14292520247737017	172.5	8	0.38113387327298714	207.0	0	0.0	207.0	0	0.0
info	13	35	53214.5	7	0.3334921391138638	53214.5	13	0.6193425440686041	177.5	7	0.3334921391138638	213.0	0	0.0	213.0	0	0.0
info	13	36	54713.5	13	0.6193425440686041	54713.5	13	0.6193425440686041	182.5	7	0.3334921391138638	219.0	0	0.0	219.0	0	0.0
info	13	37	56212.5	13	0.6193425440686041	56212.5	13	0.6193425440686041	187.5	14	0.6669842782277275	225.0	0	0.0	225.0	0	0.0
info	13	38	57711.5	10	0.47641734159123394	57711.5	0	0.0	192.5	14	0.6669842782277275	231.0	0	0.0	231.0	0	0.0
info	13	39	59210.5	5	0.23820867079561697	59210.5	13	0.6193425440686041	197.5	11	0.5240590757503574	237.0	0	0.0	237.0	0	0.0
info	13	40	60709.5	11	0.5240590757503574	60709.5	13	0.6193425440686041	202.5	21	1.0004764173415912	243.0	0	0.0	243.0	0	0.0
info	13	41	62208.5	13	0.6193425440686041	62208.5	13	0.6193425440686041	207.5	24	1.1434016198189614	249.0	0	0.0	249.0	0	0.0
info	13	42	63707.5	13	0.6193425440686041	63707.5	13	0.6193425440686041	212.5	9	0.4287756074321105	255.0	0	0.0	255.0	0	0.0
info	13	43	65206.5	8	0.38113387327298714	65206.5	0	0.0	217.5	14	0.6669842782277275	261.0	0	0.0	261.0	0	0.0
info	13	44	66705.5	7	0.3334921391138638	66705.5	13	0.6193425440686041	222.5	15	0.7146260123868509	267.0	0	0.0	267.0	0	0.0
info	13	45	68204.5	11	0.5240590757503574	68204.5	13	0.6193425440686041	227.5	15	0.7146260123868509	273.0	0	0.0	273.0	0	0.0
info	13	46	69703.5	13	0.6193425440686041	69703.5	13	0.6193425440686041	232.5	15	0.7146260123868509	279.0	0	0.0	279.0	0	0.0
info	13	47	71202.5	12	0.5717008099094807	71202.5	12	0.5717008099094807	237.5	14	0.6669842782277275	285.0	0	0.0	285.0	0	0.0
info	13	48	72701.5	7	0.3334921391138638	72701.5	1	0.04764173415912339	242.5	11	0.5240590757503574	291.0	0	0.0	291.0	0	0.0
info	13	49	74200.5	10	0.47641734159123394	74200.5	13	0.6193425440686041	247.5	18	0.857551214864221	297.0	0	0.0	297.0	0	0.0
info	13	50	75699.5	10	0.47641734159123394	75699.5	13	0.6193425440686041	252.5	12	0.5717008099094807	303.0	0	0.0	303.0	0	0.0
info	13	51	77198.5	13	0.6193425440686041	77198.5	13	0.6193425440686041	257.5	12	0.5717008099094807	309.0	0	0.0	309.0	0	0.0
info	13	52	78697.5	13	0.6193425440686041	78697.5	13	0.6193425440686041	262.5	7	0.3334921391138638	315.0	0	0.0	315.0	0	0.0
info	13	53	80196.5	8	0.38113387327298714	80196.5	0	0.0	267.5	17	0.8099094807050977	321.0	0	0.0	321.0	0	0.0
info	13	54	81695.5	8	0.38113387327298714	81695.5	13	0.6193425440686041	272.5	11	0.5240590757503574	327.0	0	0.0	327.0	0	0.0
info	13	55	83194.5	10	0.47641734159123394	83194.5	13	0.6193425440686041	277.5	16	0.7622677465459743	333.0	0	0.0	333.0	0	0.0
info	13	56	84693.5	13	0.6193425440686041	84693.5	13	0.6193425440686041	282.5	16	0.7622677465459743	339.0	0	0.0	339.0	0	0.0
info	13	57	86192.5	13	0.6193425440686041	86192.5	13	0.6193425440686041	287.5	19	0.9051929490233445	345.0	0	0.0	345.0	0	0.0
info	13	58	87691.5	11	0.5240590757503574	87691.5	11	0.5240590757503574	292.5	15	0.7146260123868509	351.0	0	0.0	351.0	0	0.0
info	13	59	89190.5	8	0.38113387327298714	89190.5	2	0.09528346831824679	297.5	12	0.5717008099094807	357.0	0	0.0	357.0	0	0.0
info	13	60	90689.5	8	0.38113387327298714	90689.5	13	0.6193425440686041	302.5	13	0.6193425440686041	363.0	0	0.0	363.0	0	0.0
info	13	61	92188.5	12	0.5717008099094807	92188.5	13	0.6193425440686041	307.5	15	0.7146260123868509	369.0	0	0.0	369.0	0	0.0
info	13	62	93687.5	13	0.6193425440686041	93687.5	13	0.6193425440686041	312.5	11	0.5240590757503574	375.0	0	0.0	375.0	0	0.0
info	13	63	95186.5	10	0.47641734159123394	95186.5	10	0.47641734159123394	317.5	15	0.7146260123868509	381.0	0	0.0	381.0	0	0.0
info	13	64	96685.5	10	0.47641734159123394	96685.5	3	0.14292520247737017	322.5	12	0.5717008099094807	387.0	0	0.0	387.0	0	0.0
info	13	65	98184.5	6	0.28585040495474034	98184.5	13	0.6193425440686041	327.5	9	0.4287756074321105	393.0	0	0.0	393.0	0	0.0
info	13	66	99683.5	13	0.6193425440686041	99683.5	13	0.6193425440686041	332.5	15	0.7146260123868509	399.0	0	0.0	399.0	0	0.0
info	13	67	101182.5	13	0.6193425440686041	101182.5	13	0.6193425440686041	337.5	11	0.5240590757503574	405.0	0	0.0	405.0	0	0.0
info	13	68	102681.5	12	0.5717008099094807	102681.5	11	0.5240590757503574	342.5	10	0.47641734159123394	411.0	0	0.0	411.0	0	0.0
info	13	69	104180.5	3	0.14292520247737017	104180.5	2	0.09528346831824679	347.5	15	0.7146260123868509	417.0	0	0.0	417.0	0	0.0
info	13	70	105679.5	11	0.5240590757503574	105679.5	13	0.6193425440686041	352.5	17	0.8099094807050977	423.0	0	0.0	423.0	0	0.0
info	13	71	107178.5	13	0.6193425440686041	107178.5	13	0.6193425440686041	357.5	10	0.47641734159123394	429.0	0	0.0	429.0	0	0.0
info	13	72	108677.5	13	0.6193425440686041	108677.5	13	0.6193425440686041	362.5	12	0.5717008099094807	435.0	0	0.0	435.0	0	0.0
info	13	73	110176.5	13	0.6193425440686041	110176.5	13	0.6193425440686041	367.5	12	0.5717008099094807	441.0	0	0.0	441.0	0	0.0
info	13	74	111675.5	4	0.19056693663649357	111675.5	0	0.0	372.5	15	0.7146260123868509	447.0	0	0.0	447.0	0	0.0
info	13	75	113174.5	9	0.4287756074321105	113174.5	13	0.6193425440686041	377.5	15	0.7146260123868509	453.0	0	0.0	453.0	0	0.0
info	13	76	114673.5	13	0.6193425440686041	114673.5	13	0.6193425440686041	382.5	14	0.6669842782277275	459.0	0	0.0	459.0	0	0.0
info	13	77	116172.5	13	0.6193425440686041	116172.5	13	0.6193425440686041	387.5	17	0.8099094807050977	465.0	0	0.0	465.0	0	0.0
info	13	78	117671.5	8	0.38113387327298714	117671.5	0	0.0	392.5	18	0.857551214864221	471.0	0	0.0	471.0	0	0.0
info	13	79	119170.5	6	0.28585040495474034	119170.5	13	0.6193425440686041	397.5	13	0.6193425440686041	477.0	0	0.0	477.0	0	0.0
info	13	80	120669.5	12	0.5717008099094807	120669.5	13	0.6193425440686041	402.5	16	0.7622677465459743	483.0	0	0.0	483.0	0	0.0
info	13	81	122168.5	13	0.6193425440686041	122168.5	13	0.6193425440686041	407.5	21	1.0004764173415912	489.0	0	0.0	489.0	0	0.0
info	13	82	123667.5	10	0.47641734159123394	123667.5	5	0.23820867079561697	412.5	20	0.9528346831824679	495.0	0	0.0	495.0	0	0.0
info	13	83	125166.5	8	0.38113387327298714	125166.5	8	0.38113387327298714	417.5	19	0.9051929490233445	501.0	0	0.0	501.0	0	0.0
info	13	84	126665.5	8	0.38113387327298714	126665.5	13	0.6193425440686041	422.5	19	0.9051929490233445	507.0	0	0.0	507.0	0	0.0
info	13	85	128164.5	13	0.6193425440686041	128164.5	13	0.6193425440686041	427.5	9	0.4287756074321105	513.0	0	0.0	513.0	0	0.0
info	13	86	129663.5	13	0.6193425440686041	129663.5	13	0.6193425440686041	432.5	12	0.5717008099094807	519.0	0	0.0	519.0	0	0.0
info	13	87	131162.5	12	0.5717008099094807	131162.5	12	0.5717008099094807	437.5	7	0.3334921391138638	525.0	0	0.0	525.0	0	0.0
info	13	88	132661.5	7	0.3334921391138638	132661.5	1	0.04764173415912339	442.5	9	0.4287756074321105	531.0	0	0.0	531.0	0	0.0
info	13	89	134160.5	7	0.3334921391138638	134160.5	13	0.6193425440686041	447.5	18	0.857551214864221	537.0	0	0.0	537.0	0	0.0
info	13	90	135659.5	13	0.6193425440686041	135659.5	13	0.6193425440686041	452.5	6	0.28585040495474034	543.0	0	0.0	543.0	0	0.0
info	13	91	137158.5	13	0.6193425440686041	137158.5	13	0.6193425440686041	457.5	13	0.6193425440686041	549.0	0	0.0	549.0	0	0.0
info	13	92	138657.5	13	0.6193425440686041	138657.5	13	0.6193425440686041	462.5	14	0.6669842782277275	555.0	0	0.0	555.0	0	0.0
info	13	93	140156.5	8	0.38113387327298714	140156.5	0	0.0	467.5	12	0.5717008099094807	561.0	0	0.0	561.0	0	0.0
info	13	94	141655.5	7	0.3334921391138638	141655.5	13	0.6193425440686041	472.5	11	0.5240590757503574	567.0	0	0.0	567.0	0	0.0
info	13	95	143154.5	11	0.5240590757503574	143154.5	13	0.6193425440686041	477.5	11	0.5240590757503574	573.0	0	0.0	573.0	0	0.0
info	13	96	144653.5	13	0.6193425440686041	144653.5	13	0.6193425440686041	482.5	16	0.7622677465459743	579.0	0	0.0	579.0	0	0.0
info	13	97	146152.5	13	0.6193425440686041	146152.5	13	0.6193425440686041	487.5	12	0.5717008099094807	585.0	0	0.0	585.0	0	0.0
info	13	98	147651.5	8	0.38113387327298714	147651.5	0	0.0	492.5	19	0.9051929490233445	591.0	0	0.0	591.0	0	0.0
info	13	99	149150.5	6	0.28585040495474034	149150.5	13	0.6193425440686041	497.5	11	0.5240590757503574	597.0	0	0.0	597.0	0	0.0
info	13	100	150649.5	12	0.5717008099094807	150649.5	13	0.6193425440686041	502.5	15	0.7146260123868509	603.0	0	0.0	603.0	0	0.0
info	13	101	152148.5	13	0.6193425440686041	152148.5	13	0.6193425440686041	507.5	19	0.9051929490233445	609.0	0	0.0	609.0	0	0.0
info	13	102	153647.5	13	0.6193425440686041	153647.5	13	0.6193425440686041	512.5	11	0.5240590757503574	615.0	0	0.0	615.0	0	0.0
info	13	103	155146.5	6	0.28585040495474034	155146.5	0	0.0	517.5	17	0.8099094807050977	621.0	0	0.0	621.0	0	0.0
info	13	104	156645.5	7	0.3334921391138638	156645.5	13	0.6193425440686041	522.5	11	0.5240590757503574	627.0	0	0.0	627.0	0	0.0
info	13	105	158144.5	13	0.6193425440686041	158144.5	13	0.6193425440686041	527.5	12	0.5717008099094807	633.0	0	0.0	633.0	0	0.0
info	13	106	159643.5	13	0.6193425440686041	159643.5	13	0.6193425440686041	532.5	8	0.38113387327298714	639.0	0	0.0	639.0	0	0.0
info	13	107	161142.5	13	0.6193425440686041	161142.5	13	0.6193425440686041	537.5	3	0.14292520247737017	645.0	0	0.0	645.0	0	0.0
info	13	108	162641.5	11	0.5240590757503574	162641.5	10	0.47641734159123394	542.5	10	0.47641734159123394	651.0	0	0.0	651.0	0	0.0
info	13	109	164140.5	7	0.3334921391138638	164140.5	3	0.14292520247737017	547.5	14	0.6669842782277275	657.0	0	0.0	657.0	0	0.0
info	13	110	165639.5	8	0.38113387327298714	165639.5	13	0.6193425440686041	552.5	10	0.47641734159123394	663.0	0	0.0	663.0	0	0.0
info	13	111	167138.5	13	0.6193425440686041	167138.5	13	0.6193425440686041	557.5	8	0.38113387327298714	669.0	0	0.0	669.0	0	0.0
info	13	112	168637.5	13	0.6193425440686041	168637.5	13	0.6193425440686041	562.5	11	0.5240590757503574	675.0	0	0.0	675.0	0	0.0
info	13	113	170136.5	9	0.4287756074321105	170136.5	0	0.0	567.5	9	0.4287756074321105	681.0	0	0.0	681.0	0	0.0
info	13	114	171635.5	5	0.23820867079561697	171635.5	13	0.6193425440686041	572.5	2	0.09528346831824679	687.0	0	0.0	687.0	0	0.0
info	13	115	173134.5	12	0.5717008099094807	173134.5	13	0.6193425440686041	577.5	6	0.28585040495474034	693.0	0	0.0	693.0	0	0.0
info	13	116	174633.5	13	0.6193425440686041	174633.5	13	0.6193425440686041	582.5	5	0.23820867079561697	699.0	0	0.0	699.0	0	0.0
info	13	117	176132.5	13	0.6193425440686041	176132.5	13	0.6193425440686041	587.5	10	0.47641734159123394	705.0	0	0.0	705.0	0	0.0
info	13	118	177631.5	7	0.3334921391138638	177631.5	0	0.0	592.5	6	0.28585040495474034	711.0	0	0.0	711.0	0	0.0
info	13	119	179130.5	6	0.28585040495474034	179130.5	13	0.6193425440686041	597.5	4	0.19056693663649357	717.0	0	0.0	717.0	0	0.0
info	13	120	180629.5	13	0.6193425440686041	180629.5	13	0.6193425440686041	602.5	6	0.28585040495474034	723.0	0	0.0	723.0	0	0.0
info	13	121	182128.5	13	0.6193425440686041	182128.5	13	0.6193425440686041	607.5	7	0.3334921391138638	729.0	0	0.0	729.0	0	0.0
info	13	122	183627.5	13	0.6193425440686041	183627.5	12	0.5717008099094807	612.5	13	0.6193425440686041	735.0	0	0.0	735.0	0	0.0
info	13	123	185126.5	6	0.28585040495474034	185126.5	1	0.04764173415912339	617.5	7	0.3334921391138638	741.0	0	0.0	741.0	0	0.0
info	13	124	186625.5	8	0.38113387327298714	186625.5	13	0.6193425440686041	622.5	4	0.19056693663649357	747.0	0	0.0	747.0	0	0.0
info	13	125	188124.5	12	0.5717008099094807	188124.5	13	0.6193425440686041	627.5	7	0.3334921391138638	753.0	0	0.0	753.0	0	0.0
info	13	126	189623.5	13	0.6193425440686041	189623.5	13	0.6193425440686041	632.5	1	0.04764173415912339	759.0	0	0.0	759.0	0	0.0
info	13	127	191122.5	13	0.6193425440686041	191122.5	13	0.6193425440686041	637.5	3	0.14292520247737017	765.0	0	0.0	765.0	0	0.0
info	13	128	192621.5	9	0.4287756074321105	192621.5	0	0.0	642.5	3	0.14292520247737017	771.0	0	0.0	771.0	0	0.0
info	13	129	194120.5	8	0.38113387327298714	194120.5	13	0.6193425440686041	647.5	4	0.19056693663649357	777.0	0	0.0	777.0	0	0.0
info	13	130	195619.5	9	0.4287756074321105	195619.5	13	0.6193425440686041	652.5	0	0.0	783.0	0	0.0	783.0	0	0.0
info	13	131	197118.5	13	0.6193425440686041	197118.5	13	0.6193425440686041	657.5	2	0.09528346831824679	789.0	0	0.0	789.0	0	0.0
info	13	132	198617.5	13	0.6193425440686041	198617.5	13	0.6193425440686041	662.5	3	0.14292520247737017	795.0	0	0.0	795.0	0	0.0
info	13	133	200116.5	10	0.47641734159123394	200116.5	6	0.28585040495474034	667.5	4	0.19056693663649357	801.0	0	0.0	801.0	0	0.0
info	13	134	201615.5	9	0.4287756074321105	201615.5	7	0.3334921391138638	672.5	1	0.04764173415912339	807.0	0	0.0	807.0	0	0.0
info	13	135	203114.5	7	0.3334921391138638	203114.5	13	0.6193425440686041	677.5	0	0.0	813.0	0	0.0	813.0	0	0.0
info	13	136	204613.5	13	0.6193425440686041	204613.5	13	0.6193425440686041	682.5	2	0.09528346831824679	819.0	0	0.0	819.0	0	0.0
info	13	137	206112.5	13	0.6193425440686041	206112.5	13	0.6193425440686041	687.5	3	0.14292520247737017	825.0	0	0.0	825.0	0	0.0
info	13	138	207611.5	13	0.6193425440686041	207611.5	13	0.6193425440686041	692.5	0	0.0	831.0	0	0.0	831.0	0	0.0
info	13	139	209110.5	8	0.38113387327298714	209110.5	0	0.0	697.5	2	0.09528346831824679	837.0	0	0.0	837.0	0	0.0
info	13	140	210609.5	7	0.3334921391138638	210609.5	13	0.6193425440686041	702.5	5	0.23820867079561697	843.0	0	0.0	843.0	0	0.0
info	13	141	212108.5	11	0.5240590757503574	212108.5	13	0.6193425440686041	707.5	0	0.0	849.0	0	0.0	849.0	0	0.0
info	13	142	213607.5	13	0.6193425440686041	213607.5	13	0.6193425440686041	712.5	1	0.04764173415912339	855.0	0	0.0	855.0	0	0.0
info	13	143	215106.5	13	0.6193425440686041	215106.5	13	0.6193425440686041	717.5	2	0.09528346831824679	861.0	0	0.0	861.0	0	0.0
info	13	144	216605.5	9	0.4287756074321105	216605.5	0	0.0	722.5	1	0.04764173415912339	867.0	0	0.0	867.0	0	0.0
info	13	145	218104.5	6	0.28585040495474034	218104.5	13	0.6193425440686041	727.5	1	0.04764173415912339	873.0	0	0.0	873.0	0	0.0
info	13	146	219603.5	11	0.5240590757503574	219603.5	13	0.6193425440686041	732.5	1	0.04764173415912339	879.0	0	0.0	879.0	0	0.0
info	13	147	221102.5	13	0.6193425440686041	221102.5	13	0.6193425440686041	737.5	1	0.04764173415912339	885.0	0	0.0	885.0	0	0.0
info	13	148	222601.5	13	0.6193425440686041	222601.5	13	0.6193425440686041	742.5	0	0.0	891.0	0	0.0	891.0	0	0.0
info	13	149	224100.5	8	0.38113387327298714	224100.5	0	0.0	747.5	1	0.04764173415912339	897.0	0	0.0	897.0	0	0.0
info	13	150	225599.5	9	0.4287756074321105	225599.5	13	0.6193425440686041	752.5	0	0.0	903.0	0	0.0	903.0	0	0.0
info	13	151	227098.5	9	0.4287756074321105	227098.5	13	0.6193425440686041	757.5	0	0.0	909.0	0	0.0	909.0	0	0.0
info	13	152	228597.5	13	0.6193425440686041	228597.5	13	0.6193425440686041	762.5	0	0.0	915.0	0	0.0	915.0	0	0.0
info	13	153	230096.5	13	0.6193425440686041	230096.5	13	0.6193425440686041	767.5	0	0.0	921.0	0	0.0	921.0	0	0.0
info	13	154	231595.5	12	0.5717008099094807	231595.5	11	0.5240590757503574	772.5	0	0.0	927.0	0	0.0	927.0	0	0.0
info	13	155	233094.5	5	0.23820867079561697	233094.5	2	0.09528346831824679	777.5	0	0.0	933.0	0	0.0	933.0	0	0.0
info	13	156	234593.5	9	0.4287756074321105	234593.5	13	0.6193425440686041	782.5	1	0.04764173415912339	939.0	0	0.0	939.0	0	0.0
info	13	157	236092.5	13	0.6193425440686041	236092.5	13	0.6193425440686041	787.5	0	0.0	945.0	0	0.0	945.0	0	0.0
info	13	158	237591.5	13	0.6193425440686041	237591.5	13	0.6193425440686041	792.5	0	0.0	951.0	0	0.0	951.0	0	0.0
info	13	159	239090.5	13	0.6193425440686041	239090.5	13	0.6193425440686041	797.5	0	0.0	957.0	0	0.0	957.0	0	0.0
info	13	160	240589.5	8	0.38113387327298714	240589.5	0	0.0	802.5	1	0.04764173415912339	963.0	0	0.0	963.0	0	0.0
info	13	161	242088.5	9	0.4287756074321105	242088.5	13	0.6193425440686041	807.5	0	0.0	969.0	0	0.0	969.0	0	0.0
info	13	162	243587.5	9	0.4287756074321105	243587.5	13	0.6193425440686041	812.5	0	0.0	975.0	0	0.0	975.0	0	0.0
info	13	163	245086.5	13	0.6193425440686041	245086.5	13	0.6193425440686041	817.5	1	0.04764173415912339	981.0	0	0.0	981.0	0	0.0
info	13	164	246585.5	13	0.6193425440686041	246585.5	13	0.6193425440686041	822.5	0	0.0	987.0	0	0.0	987.0	0	0.0
info	13	165	248084.5	13	0.6193425440686041	248084.5	13	0.6193425440686041	827.5	0	0.0	993.0	0	0.0	993.0	0	0.0
info	13	166	249583.5	10	0.47641734159123394	249583.5	8	0.38113387327298714	832.5	0	0.0	999.0	0	0.0	999.0	0	0.0
info	13	167	251082.5	8	0.38113387327298714	251082.5	5	0.23820867079561697	837.5	0	0.0	1005.0	0	0.0	1005.0	0	0.0
info	13	168	252581.5	8	0.38113387327298714	252581.5	13	0.6193425440686041	842.5	0	0.0	1011.0	0	0.0	1011.0	0	0.0
info	13	169	254080.5	13	0.6193425440686041	254080.5	13	0.6193425440686041	847.5	0	0.0	1017.0	0	0.0	1017.0	0	0.0
info	13	170	255579.5	13	0.6193425440686041	255579.5	13	0.6193425440686041	852.5	0	0.0	1023.0	0	0.0	1023.0	0	0.0
info	13	171	257078.5	13	0.6193425440686041	257078.5	13	0.6193425440686041	857.5	0	0.0	1029.0	0	0.0	1029.0	0	0.0
info	13	172	258577.5	13	0.6193425440686041	258577.5	13	0.6193425440686041	862.5	0	0.0	1035.0	0	0.0	1035.0	0	0.0
info	13	173	260076.5	9	0.4287756074321105	260076.5	0	0.0	867.5	0	0.0	1041.0	0	0.0	1041.0	0	0.0
info	13	174	261575.5	10	0.47641734159123394	261575.5	13	0.6193425440686041	872.5	0	0.0	1047.0	0	0.0	1047.0	0	0.0
info	13	175	263074.5	8	0.38113387327298714	263074.5	13	0.6193425440686041	877.5	0	0.0	1053.0	0	0.0	1053.0	0	0.0
info	13	176	264573.5	12	0.5717008099094807	264573.5	13	0.6193425440686041	882.5	0	0.0	1059.0	0	0.0	1059.0	0	0.0
info	13	177	266072.5	13	0.6193425440686041	266072.5	13	0.6193425440686041	887.5	0	0.0	1065.0	0	0.0	1065.0	0	0.0
info	13	178	267571.5	12	0.5717008099094807	267571.5	12	0.5717008099094807	892.5	0	0.0	1071.0	0	0.0	1071.0	0	0.0
info	13	179	269070.5	5	0.23820867079561697	269070.5	1	0.04764173415912339	897.5	0	0.0	1077.0	0	0.0	1077.0	0	0.0
info	13	180	270569.5	9	0.4287756074321105	270569.5	13	0.6193425440686041	902.5	0	0.0	1083.0	0	0.0	1083.0	0	0.0
info	13	181	272068.5	13	0.6193425440686041	272068.5	13	0.6193425440686041	907.5	0	0.0	1089.0	0	0.0	1089.0	0	0.0
info	13	182	273567.5	13	0.6193425440686041	273567.5	13	0.6193425440686041	912.5	0	0.0	1095.0	0	0.0	1095.0	0	0.0
info	13	183	275066.5	10	0.47641734159123394	275066.5	10	0.47641734159123394	917.5	0	0.0	1101.0	0	0.0	1101.0	0	0.0
info	13	184	276565.5	8	0.38113387327298714	276565.5	3	0.14292520247737017	922.5	0	0.0	1107.0	0	0.0	1107.0	0	0.0
info	13	185	278064.5	8	0.38113387327298714	278064.5	13	0.6193425440686041	927.5	0	0.0	1113.0	0	0.0	1113.0	0	0.0
info	13	186	279563.5	13	0.6193425440686041	279563.5	13	0.6193425440686041	932.5	0	0.0	1119.0	0	0.0	1119.0	0	0.0
info	13	187	281062.5	13	0.6193425440686041	281062.5	13	0.6193425440686041	937.5	0	0.0	1125.0	0	0.0	1125.0	0	0.0
info	13	188	282561.5	10	0.47641734159123394	282561.5	10	0.47641734159123394	942.5	0	0.0	1131.0	0	0.0	1131.0	0	0.0
info	13	189	284060.5	8	0.38113387327298714	284060.5	3	0.14292520247737017	947.5	0	0.0	1137.0	0	0.0	1137.0	0	0.0
info	13	190	285559.5	9	0.4287756074321105	285559.5	13	0.6193425440686041	952.5	0	0.0	1143.0	0	0.0	1143.0	0	0.0
info	13	191	287058.5	12	0.5717008099094807	287058.5	13	0.6193425440686041	957.5	0	0.0	1149.0	0	0.0	1149.0	0	0.0
info	13	192	288557.5	13	0.6193425440686041	288557.5	13	0.6193425440686041	962.5	0	0.0	1155.0	0	0.0	1155.0	0	0.0
info	13	193	290056.5	13	0.6193425440686041	290056.5	13	0.6193425440686041	967.5	0	0.0	1161.0	0	0.0	1161.0	0	0.0
info	13	194	291555.5	6	0.28585040495474034	291555.5	0	0.0	972.5	0	0.0	1167.0	0	0.0	1167.0	0	0.0
info	13	195	293054.5	9	0.4287756074321105	293054.5	13	0.6193425440686041	977.5	0	0.0	1173.0	0	0.0	1173.0	0	0.0
info	13	196	294553.5	11	0.5240590757503574	294553.5	13	0.6193425440686041	982.5	0	0.0	1179.0	0	0.0	1179.0	0	0.0
info	13	197	296052.5	13	0.6193425440686041	296052.5	13	0.6193425440686041	987.5	0	0.0	1185.0	0	0.0	1185.0	0	0.0
info	13	198	297551.5	13	0.6193425440686041	297551.5	13	0.6193425440686041	992.5	0	0.0	1191.0	0	0.0	1191.0	0	0.0
info	13	199	299050.5	6	0.28585040495474034	299050.5	6	0.28585040495474034	997.5	0	0.0	1197.0	0	0.0	1197.0	0	0.0
home	13	0	744.5	13	0.6211180124223602	744.5	13	0.6211180124223602	1.0	0	0.0	3.0	2093	100.0	3.0	2093	100.0
home	13	1	2233.5	13	0.6211180124223602	2233.5	13	0.6211180124223602	3.0	52	2.484472049689441	9.0	0	0.0	9.0	0	0.0
home	13	2	3722.5	13	0.6211180124223602	3722.5	13	0.6211180124223602	5.0	210	10.033444816053512	15.0	0	0.0	15.0	0	0.0
home	13	3	5211.5	13	0.6211180124223602	5211.5	13	0.6211180124223602	7.0	73	3.487816531294792	21.0	0	0.0	21.0	0	0.0
home	13	4	6700.5	0	0.0	6700.5	0	0.0	9.0	31	1.4811275680840899	27.0	0	0.0	27.0	0	0.0
home	13	5	8189.5	13	0.6211180124223602	8189.5	13	0.6211180124223602	11.0	20	0.9555661729574773	33.0	0	0.0	33.0	0	0.0
home	13	6	9678.5	13	0.6211180124223602	9678.5	13	0.6211180124223602	13.0	44	2.10224558050645	39.0	0	0.0	39.0	0	0.0
home	13	7	11167.5	13	0.6211180124223602	11167.5	13	0.6211180124223602	15.0	42	2.0066889632107023	45.0	0	0.0	45.0	0	0.0
home	13	8	12656.5	13	0.6211180124223602	12656.5	13	0.6211180124223602	17.0	45	2.150023889154324	51.0	0	0.0	51.0	0	0.0
home	13	9	14145.5	0	0.0	14145.5	0	0.0	19.0	47	2.2455805064500716	57.0	0	0.0	57.0	0	0.0
home	13	10	15634.5	13	0.6211180124223602	15634.5	13	0.6211180124223602	21.0	56	2.6755852842809364	63.0	0	0.0	63.0	0	0.0
home	13	11	17123.5	13	0.6211180124223602	17123.5	13	0.6211180124223602	23.0	46	2.1978021978021975	69.0	0	0.0	69.0	0	0.0
home	13	12	18612.5	13	0.6211180124223602	18612.5	13	0.6211180124223602	25.0	59	2.818920210224558	75.0	0	0.0	75.0	0	0.0
home	13	13	20101.5	10	0.47778308647873863	20101.5	0	0.0	27.0	54	2.580028666985189	81.0	0	0.0	81.0	0	0.0
home	13	14	21590.5	3	0.1433349259436216	21590.5	13	0.6211180124223602	29.0	59	2.818920210224558	87.0	0	0.0	87.0	0	0.0
home	13	15	23079.5	13	0.6211180124223602	23079.5	13	0.6211180124223602	31.0	60	2.8666985188724317	93.0	0	0.0	93.0	0	0.0
home	13	16	24568.5	13	0.6211180124223602	24568.5	13	0.6211180124223602	33.0	51	2.436693741041567	99.0	0	0.0	99.0	0	0.0
home	13	17	26057.5	13	0.6211180124223602	26057.5	12	0.5733397037744864	35.0	45	2.150023889154324	105.0	0	0.0	105.0	0	0.0
home	13	18	27546.5	0	0.0	27546.5	1	0.047778308647873864	37.0	38	1.815575728619207	111.0	0	0.0	111.0	0	0.0
home	13	19	29035.5	13	0.6211180124223602	29035.5	13	0.6211180124223602	39.0	31	1.4811275680840899	117.0	0	0.0	117.0	0	0.0
home	13	20	30524.5	13	0.6211180124223602	30524.5	13	0.6211180124223602	41.0	39	1.8633540372670807	123.0	0	0.0	123.0	0	0.0
home	13	21	32013.5	13	0.6211180124223602	32013.5	13	0.6211180124223602	43.0	42	2.0066889632107023	129.0	0	0.0	129.0	0	0.0
home	13	22	33502.5	11	0.5255613951266125	33502.5	10	0.47778308647873863	45.0	36	1.720019111323459	135.0	0	0.0	135.0	0	0.0
home	13	23	34991.5	2	0.09555661729574773	34991.5	3	0.1433349259436216	47.0	27	1.2900143334925944	141.0	0	0.0	141.0	0	0.0
home	13	24	36480.5	13	0.6211180124223602	36480.5	13	0.6211180124223602	49.0	32	1.5289058767319637	147.0	0	0.0	147.0	0	0.0
home	13	25	37969.5	13	0.6211180124223602	37969.5	13	0.6211180124223602	51.0	32	1.5289058767319637	153.0	0	0.0	153.0	0	0.0
home	13	26	39458.5	13	0.6211180124223602	39458.5	13	0.6211180124223602	53.0	37	1.7677974199713329	159.0	0	0.0	159.0	0	0.0
home	13	27	40947.5	12	0.5733397037744864	40947.5	11	0.5255613951266125	55.0	39	1.8633540372670807	165.0	0	0.0	165.0	0	0.0
home	13	28	42436.5	1	0.047778308647873864	42436.5	2	0.09555661729574773	57.0	25	1.1944577161968466	171.0	0	0.0	171.0	0	0.0
home	13	29	43925.5	13	0.6211180124223602	43925.5	13	0.6211180124223602	59.0	47	2.2455805064500716	177.0	0	0.0	177.0	0	0.0
home	13	30	45414.5	13	0.6211180124223602	45414.5	13	0.6211180124223602	61.0	44	2.10224558050645	183.0	0	0.0	183.0	0	0.0
home	13	31	46903.5	13	0.6211180124223602	46903.5	13	0.6211180124223602	63.0	42	2.0066889632107023	189.0	0	0.0	189.0	0	0.0
home	13	32	48392.5	13	0.6211180124223602	48392.5	13	0.6211180124223602	65.0	35	1.6722408026755853	195.0	0	0.0	195.0	0	0.0
home	13	33	49881.5	10	0.47778308647873863	49881.5	1	0.047778308647873864	67.0	48	2.2933588150979456	201.0	0	0.0	201.0	0	0.0
home	13	34	51370.5	3	0.1433349259436216	51370.5	12	0.5733397037744864	69.0	32	1.5289058767319637	207.0	0	0.0	207.0	0	0.0
home	13	35	52859.5	13	0.6211180124223602	52859.5	13	0.6211180124223602	71.0	41	1.9589106545628285	213.0	0	0.0	213.0	0	0.0
home	13	36	54348.5	13	0.6211180124223602	54348.5	13	0.6211180124223602	73.0	30	1.4333492594362158	219.0	0	0.0	219.0	0	0.0
home	13	37	55837.5	13	0.6211180124223602	55837.5	13	0.6211180124223602	75.0	28	1.3377926421404682	225.0	0	0.0	225.0	0	0.0
home	13	38	57326.5	0	0.0	57326.5	0	0.0	77.0	33	1.5766841853798375	231.0	0	0.0	231.0	0	0.0
home	13	39	58815.5	13	0.6211180124223602	58815.5	13	0.6211180124223602	79.0	44	2.10224558050645	237.0	0	0.0	237.0	0	0.0
home	13	40	60304.5	13	0.6211180124223602	60304.5	13	0.6211180124223602	81.0	32	1.5289058767319637	243.0	0	0.0	243.0	0	0.0
home	13	41	61793.5	13	0.6211180124223602	61793.5	13	0.6211180124223602	83.0	36	1.720019111323459	249.0	0	0.0	249.0	0	0.0
home	13	42	63282.5	13	0.6211180124223602	63282.5	13	0.6211180124223602	85.0	25	1.1944577161968466	255.0	0	0.0	255.0	0	0.0
home	13	43	64771.5	0	0.0	64771.5	0	0.0	87.0	37	1.7677974199713329	261.0	0	0.0	261.0	0	0.0
home	13	44	66260.5	13	0.6211180124223602	66260.5	13	0.6211180124223602	89.0	30	1.4333492594362158	267.0	0	0.0	267.0	0	0.0
home	13	45	67749.5	13	0.6211180124223602	67749.5	13	0.6211180124223602	91.0	14	0.6688963210702341	273.0	0	0.0	273.0	0	0.0
home	13	46	69238.5	13	0.6211180124223602	69238.5	13	0.6211180124223602	93.0	18	0.8600095556617295	279.0	0	0.0	279.0	0	0.0
home	13	47	70727.5	0	0.0	70727.5	0	0.0	95.0	16	0.7644529383659818	285.0	0	0.0	285.0	0	0.0
home	13	48	72216.5	13	0.6211180124223602	72216.5	13	0.6211180124223602	97.0	13	0.6211180124223602	291.0	0	0.0	291.0	0	0.0
home	13	49	73705.5	13	0.6211180124223602	73705.5	13	0.6211180124223602	99.0	16	0.7644529383659818	297.0	0	0.0	297.0	0	0.0
home	13	50	75194.5	13	0.6211180124223602	75194.5	13	0.6211180124223602	101.0	14	0.6688963210702341	303.0	0	0.0	303.0	0	0.0
home	13	51	76683.5	13	0.6211180124223602	76683.5	13	0.6211180124223602	103.0	11	0.5255613951266125	309.0	0	0.0	309.0	0	0.0
home	13	52	78172.5	11	0.5255613951266125	78172.5	11	0.5255613951266125	105.0	10	0.47778308647873863	315.0	0	0.0	315.0	0	0.0
home	13	53	79661.5	2	0.09555661729574773	79661.5	2	0.09555661729574773	107.0	7	0.33444816053511706	321.0	0	0.0	321.0	0	0.0
home	13	54	81150.5	13	0.6211180124223602	81150.5	13	0.6211180124223602	109.0	2	0.09555661729574773	327.0	0	0.0	327.0	0	0.0
home	13	55	82639.5	13	0.6211180124223602	82639.5	13	0.6211180124223602	111.0	1	0.047778308647873864	333.0	0	0.0	333.0	0	0.0
home	13	56	84128.5	13	0.6211180124223602	84128.5	13	0.6211180124223602	113.0	3	0.1433349259436216	339.0	0	0.0	339.0	0	0.0
home	13	57	85617.5	13	0.6211180124223602	85617.5	13	0.6211180124223602	115.0	1	0.047778308647873864	345.0	0	0.0	345.0	0	0.0
home	13	58	87106.5	0	0.0	87106.5	0	0.0	117.0	2	0.09555661729574773	351.0	0	0.0	351.0	0	0.0
home	13	59	88595.5	13	0.6211180124223602	88595.5	13	0.6211180124223602	119.0	2	0.09555661729574773	357.0	0	0.0	357.0	0	0.0
home	13	60	90084.5	13	0.6211180124223602	90084.5	13	0.6211180124223602	121.0	0	0.0	363.0	0	0.0	363.0	0	0.0
home	13	61	91573.5	13	0.6211180124223602	91573.5	13	0.6211180124223602	123.0	0	0.0	369.0	0	0.0	369.0	0	0.0
home	13	62	93062.5	10	0.47778308647873863	93062.5	9	0.43000477783086477	125.0	0	0.0	375.0	0	0.0	375.0	0	0.0
home	13	63	94551.5	3	0.1433349259436216	94551.5	4	0.19111323459149546	127.0	0	0.0	381.0	0	0.0	381.0	0	0.0
home	13	64	96040.5	13	0.6211180124223602	96040.5	13	0.6211180124223602	129.0	0	0.0	387.0	0	0.0	387.0	0	0.0
home	13	65	97529.5	13	0.6211180124223602	97529.5	13	0.6211180124223602	131.0	0	0.0	393.0	0	0.0	393.0	0	0.0
home	13	66	99018.5	13	0.6211180124223602	99018.5	13	0.6211180124223602	133.0	0	0.0	399.0	0	0.0	399.0	0	0.0
home	13	67	100507.5	13	0.6211180124223602	100507.5	13	0.6211180124223602	135.0	0	0.0	405.0	0	0.0	405.0	0	0.0
home	13	68	101996.5	0	0.0	101996.5	0	0.0	137.0	0	0.0	411.0	0	0.0	411.0	0	0.0
home	13	69	103485.5	13	0.6211180124223602	103485.5	13	0.6211180124223602	139.0	1	0.047778308647873864	417.0	0	0.0	417.0	0	0.0
home	13	70	104974.5	13	0.6211180124223602	104974.5	13	0.6211180124223602	141.0	0	0.0	423.0	0	0.0	423.0	0	0.0
home	13	71	106463.5	13	0.6211180124223602	106463.5	13	0.6211180124223602	143.0	0	0.0	429.0	0	0.0	429.0	0	0.0
home	13	72	107952.5	10	0.47778308647873863	107952.5	8	0.3822264691829909	145.0	0	0.0	435.0	0	0.0	435.0	0	0.0
home	13	73	109441.5	3	0.1433349259436216	109441.5	5	0.23889154323936931	147.0	0	0.0	441.0	0	0.0	441.0	0	0.0
home	13	74	110930.5	13	0.6211180124223602	110930.5	13	0.6211180124223602	149.0	0	0.0	447.0	0	0.0	447.0	0	0.0
home	13	75	112419.5	13	0.6211180124223602	112419.5	13	0.6211180124223602	151.0	0	0.0	453.0	0	0.0	453.0	0	0.0
home	13	76	113908.5	13	0.6211180124223602	113908.5	13	0.6211180124223602	153.0	0	0.0	459.0	0	0.0	459.0	0	0.0
home	13	77	115397.5	0	0.0	115397.5	0	0.0	155.0	2	0.09555661729574773	465.0	0	0.0	465.0	0	0.0
home	13	78	116886.5	13	0.6211180124223602	116886.5	13	0.6211180124223602	157.0	1	0.047778308647873864	471.0	0	0.0	471.0	0	0.0
home	13	79	118375.5	13	0.6211180124223602	118375.5	13	0.6211180124223602	159.0	0	0.0	477.0	0	0.0	477.0	0	0.0
home	13	80	119864.5	13	0.6211180124223602	119864.5	13	0.6211180124223602	161.0	0	0.0	483.0	0	0.0	483.0	0	0.0
home	13	81	121353.5	0	0.0	121353.5	0	0.0	163.0	0	0.0	489.0	0	0.0	489.0	0	0.0
home	13	82	122842.5	13	0.6211180124223602	122842.5	13	0.6211180124223602	165.0	1	0.047778308647873864	495.0	0	0.0	495.0	0	0.0
home	13	83	124331.5	13	0.6211180124223602	124331.5	13	0.6211180124223602	167.0	0	0.0	501.0	0	0.0	501.0	0	0.0
home	13	84	125820.5	13	0.6211180124223602	125820.5	13	0.6211180124223602	169.0	0	0.0	507.0	0	0.0	507.0	0	0.0
home	13	85	127309.5	13	0.6211180124223602	127309.5	13	0.6211180124223602	171.0	0	0.0	513.0	0	0.0	513.0	0	0.0
home	13	86	128798.5	0	0.0	128798.5	0	0.0	173.0	0	0.0	519.0	0	0.0	519.0	0	0.0
home	13	87	130287.5	13	0.6211180124223602	130287.5	13	0.6211180124223602	175.0	0	0.0	525.0	0	0.0	525.0	0	0.0
home	13	88	131776.5	13	0.6211180124223602	131776.5	13	0.6211180124223602	177.0	1	0.047778308647873864	531.0	0	0.0	531.0	0	0.0
home	13	89	133265.5	13	0.6211180124223602	133265.5	13	0.6211180124223602	179.0	0	0.0	537.0	0	0.0	537.0	0	0.0
home	13	90	134754.5	13	0.6211180124223602	134754.5	13	0.6211180124223602	181.0	0	0.0	543.0	0	0.0	543.0	0	0.0
home	13	91	136243.5	0	0.0	136243.5	0	0.0	183.0	0	0.0	549.0	0	0.0	549.0	0	0.0
home	13	92	137732.5	13	0.6211180124223602	137732.5	13	0.6211180124223602	185.0	0	0.0	555.0	0	0.0	555.0	0	0.0
home	13	93	139221.5	13	0.6211180124223602	139221.5	13	0.6211180124223602	187.0	0	0.0	561.0	0	0.0	561.0	0	0.0
home	13	94	140710.5	13	0.6211180124223602	140710.5	13	0.6211180124223602	189.0	0	0.0	567.0	0	0.0	567.0	0	0.0
home	13	95	142199.5	13	0.6211180124223602	142199.5	13	0.6211180124223602	191.0	0	0.0	573.0	0	0.0	573.0	0	0.0
home	13	96	143688.5	0	0.0	143688.5	0	0.0	193.0	0	0.0	579.0	0	0.0	579.0	0	0.0
home	13	97	145177.5	13	0.6211180124223602	145177.5	13	0.6211180124223602	195.0	0	0.0	585.0	0	0.0	585.0	0	0.0
home	13	98	146666.5	13	0.6211180124223602	146666.5	13	0.6211180124223602	197.0	0	0.0	591.0	0	0.0	591.0	0	0.0
home	13	99	148155.5	13	0.6211180124223602	148155.5	13	0.6211180124223602	199.0	0	0.0	597.0	0	0.0	597.0	0	0.0
home	13	100	149644.5	13	0.6211180124223602	149644.5	13	0.6211180124223602	201.0	0	0.0	603.0	0	0.0	603.0	0	0.0
home	13	101	151133.5	0	0.0	151133.5	0	0.0	203.0	0	0.0	609.0	0	0.0	609.0	0	0.0
home	13	102	152622.5	13	0.6211180124223602	152622.5	13	0.6211180124223602	205.0	0	0.0	615.0	0	0.0	615.0	0	0.0
home	13	103	154111.5	13	0.6211180124223602	154111.5	13	0.6211180124223602	207.0	0	0.0	621.0	0	0.0	621.0	0	0.0
home	13	104	155600.5	13	0.6211180124223602	155600.5	13	0.6211180124223602	209.0	0	0.0	627.0	0	0.0	627.0	0	0.0
home	13	105	157089.5	13	0.6211180124223602	157089.5	13	0.6211180124223602	211.0	1	0.047778308647873864	633.0	0	0.0	633.0	0	0.0
home	13	106	158578.5	10	0.47778308647873863	158578.5	0	0.0	213.0	0	0.0	639.0	0	0.0	639.0	0	0.0
home	13	107	160067.5	3	0.1433349259436216	160067.5	13	0.6211180124223602	215.0	0	0.0	645.0	0	0.0	645.0	0	0.0
home	13	108	161556.5	13	0.6211180124223602	161556.5	13	0.6211180124223602	217.0	0	0.0	651.0	0	0.0	651.0	0	0.0
home	13	109	163045.5	13	0.6211180124223602	163045.5	13	0.6211180124223602	219.0	0	0.0	657.0	0	0.0	657.0	0	0.0
home	13	110	164534.5	13	0.6211180124223602	164534.5	13	0.6211180124223602	221.0	0	0.0	663.0	0	0.0	663.0	0	0.0
home	13	111	166023.5	8	0.3822264691829909	166023.5	0	0.0	223.0	0	0.0	669.0	0	0.0	669.0	0	0.0
home	13	112	167512.5	5	0.23889154323936931	167512.5	13	0.6211180124223602	225.0	0	0.0	675.0	0	0.0	675.0	0	0.0
home	13	113	169001.5	13	0.6211180124223602	169001.5	13	0.6211180124223602	227.0	0	0.0	681.0	0	0.0	681.0	0	0.0
home	13	114	170490.5	13	0.6211180124223602	170490.5	13	0.6211180124223602	229.0	0	0.0	687.0	0	0.0	687.0	0	0.0
home	13	115	171979.5	1	0.047778308647873864	171979.5	0	0.0	231.0	0	0.0	693.0	0	0.0	693.0	0	0.0
home	13	116	173468.5	12	0.5733397037744864	173468.5	13	0.6211180124223602	233.0	0	0.0	699.0	0	0.0	699.0	0	0.0
home	13	117	174957.5	13	0.6211180124223602	174957.5	13	0.6211180124223602	235.0	0	0.0	705.0	0	0.0	705.0	0	0.0
home	13	118	176446.5	13	0.6211180124223602	176446.5	13	0.6211180124223602	237.0	0	0.0	711.0	0	0.0	711.0	0	0.0
home	13	119	177935.5	13	0.6211180124223602	177935.5	13	0.6211180124223602	239.0	0	0.0	717.0	0	0.0	717.0	0	0.0
home	13	120	179424.5	0	0.0	179424.5	0	0.0	241.0	0	0.0	723.0	0	0.0	723.0	0	0.0
home	13	121	180913.5	13	0.6211180124223602	180913.5	13	0.6211180124223602	243.0	0	0.0	729.0	0	0.0	729.0	0	0.0
home	13	122	182402.5	13	0.6211180124223602	182402.5	13	0.6211180124223602	245.0	0	0.0	735.0	0	0.0	735.0	0	0.0
home	13	123	183891.5	13	0.6211180124223602	183891.5	13	0.6211180124223602	247.0	0	0.0	741.0	0	0.0	741.0	0	0.0
home	13	124	185380.5	13	0.6211180124223602	185380.5	13	0.6211180124223602	249.0	0	0.0	747.0	0	0.0	747.0	0	0.0
home	13	125	186869.5	10	0.47778308647873863	186869.5	10	0.47778308647873863	251.0	0	0.0	753.0	0	0.0	753.0	0	0.0
home	13	126	188358.5	3	0.1433349259436216	188358.5	3	0.1433349259436216	253.0	0	0.0	759.0	0	0.0	759.0	0	0.0
home	13	127	189847.5	13	0.6211180124223602	189847.5	13	0.6211180124223602	255.0	0	0.0	765.0	0	0.0	765.0	0	0.0
home	13	128	191336.5	13	0.6211180124223602	191336.5	13	0.6211180124223602	257.0	0	0.0	771.0	0	0.0	771.0	0	0.0
home	13	129	192825.5	13	0.6211180124223602	192825.5	13	0.6211180124223602	259.0	0	0.0	777.0	0	0.0	777.0	0	0.0
home	13	130	194314.5	13	0.6211180124223602	194314.5	13	0.6211180124223602	261.0	0	0.0	783.0	0	0.0	783.0	0	0.0
home	13	131	195803.5	0	0.0	195803.5	0	0.0	263.0	0	0.0	789.0	0	0.0	789.0	0	0.0
home	13	132	197292.5	13	0.6211180124223602	197292.5	13	0.6211180124223602	265.0	0	0.0	795.0	0	0.0	795.0	0	0.0
home	13	133	198781.5	13	0.6211180124223602	198781.5	13	0.6211180124223602	267.0	0	0.0	801.0	0	0.0	801.0	0	0.0
home	13	134	200270.5	13	0.6211180124223602	200270.5	13	0.6211180124223602	269.0	0	0.0	807.0	0	0.0	807.0	0	0.0
home	13	135	201759.5	13	0.6211180124223602	201759.5	13	0.6211180124223602	271.0	0	0.0	813.0	0	0.0	813.0	0	0.0
home	13	136	203248.5	0	0.0	203248.5	0	0.0	273.0	0	0.0	819.0	0	0.0	819.0	0	0.0
home	13	137	204737.5	13	0.6211180124223602	204737.5	13	0.6211180124223602	275.0	0	0.0	825.0	0	0.0	825.0	0	0.0
home	13	138	206226.5	13	0.6211180124223602	206226.5	13	0.6211180124223602	277.0	0	0.0	831.0	0	0.0	831.0	0	0.0
home	13	139	207715.5	13	0.6211180124223602	207715.5	13	0.6211180124223602	279.0	0	0.0	837.0	0	0.0	837.0	0	0.0
home	13	140	209204.5	13	0.6211180124223602	209204.5	13	0.6211180124223602	281.0	0	0.0	843.0	0	0.0	843.0	0	0.0
home	13	141	210693.5	0	0.0	210693.5	0	0.0	283.0	0	0.0	849.0	0	0.0	849.0	0	0.0
home	13	142	212182.5	13	0.6211180124223602	212182.5	13	0.6211180124223602	285.0	0	0.0	855.0	0	0.0	855.0	0	0.0
home	13	143	213671.5	13	0.6211180124223602	213671.5	13	0.6211180124223602	287.0	0	0.0	861.0	0	0.0	861.0	0	0.0
home	13	144	215160.5	13	0.6211180124223602	215160.5	13	0.6211180124223602	289.0	0	0.0	867.0	0	0.0	867.0	0	0.0
home	13	145	216649.5	13	0.6211180124223602	216649.5	13	0.6211180124223602	291.0	0	0.0	873.0	0	0.0	873.0	0	0.0
home	13	146	218138.5	0	0.0	218138.5	0	0.0	293.0	0	0.0	879.0	0	0.0	879.0	0	0.0
home	13	147	219627.5	13	0.6211180124223602	219627.5	13	0.6211180124223602	295.0	0	0.0	885.0	0	0.0	885.0	0	0.0
home	13	148	221116.5	13	0.6211180124223602	221116.5	13	0.6211180124223602	297.0	0	0.0	891.0	0	0.0	891.0	0	0.0
home	13	149	222605.5	13	0.6211180124223602	222605.5	13	0.6211180124223602	299.0	0	0.0	897.0	0	0.0	897.0	0	0.0
home	13	150	224094.5	13	0.6211180124223602	224094.5	13	0.6211180124223602	301.0	0	0.0	903.0	0	0.0	903.0	0	0.0
home	13	151	225583.5	0	0.0	225583.5	0	0.0	303.0	0	0.0	909.0	0	0.0	909.0	0	0.0
home	13	152	227072.5	13	0.6211180124223602	227072.5	13	0.6211180124223602	305.0	0	0.0	915.0	0	0.0	915.0	0	0.0
home	13	153	228561.5	13	0.6211180124223602	228561.5	13	0.6211180124223602	307.0	0	0.0	921.0	0	0.0	921.0	0	0.0
home	13	154	230050.5	13	0.6211180124223602	230050.5	13	0.6211180124223602	309.0	0	0.0	927.0	0	0.0	927.0	0	0.0
home	13	155	231539.5	13	0.6211180124223602	231539.5	13	0.6211180124223602	311.0	0	0.0	933.0	0	0.0	933.0	0	0.0
home	13	156	233028.5	0	0.0	233028.5	0	0.0	313.0	0	0.0	939.0	0	0.0	939.0	0	0.0
home	13	157	234517.5	13	0.6211180124223602	234517.5	13	0.6211180124223602	315.0	0	0.0	945.0	0	0.0	945.0	0	0.0
home	13	158	236006.5	13	0.6211180124223602	236006.5	13	0.6211180124223602	317.0	0	0.0	951.0	0	0.0	951.0	0	0.0
home	13	159	237495.5	13	0.6211180124223602	237495.5	13	0.6211180124223602	319.0	0	0.0	957.0	0	0.0	957.0	0	0.0
home	13	160	238984.5	13	0.6211180124223602	238984.5	13	0.6211180124223602	321.0	0	0.0	963.0	0	0.0	963.0	0	0.0
home	13	161	240473.5	12	0.5733397037744864	240473.5	1	0.047778308647873864	323.0	0	0.0	969.0	0	0.0	969.0	0	0.0
home	13	162	241962.5	1	0.047778308647873864	241962.5	12	0.5733397037744864	325.0	0	0.0	975.0	0	0.0	975.0	0	0.0
home	13	163	243451.5	13	0.6211180124223602	243451.5	13	0.6211180124223602	327.0	0	0.0	981.0	0	0.0	981.0	0	0.0
home	13	164	244940.5	13	0.6211180124223602	244940.5	13	0.6211180124223602	329.0	0	0.0	987.0	0	0.0	987.0	0	0.0
home	13	165	246429.5	13	0.6211180124223602	246429.5	13	0.6211180124223602	331.0	0	0.0	993.0	0	0.0	993.0	0	0.0
home	13	166	247918.5	13	0.6211180124223602	247918.5	13	0.6211180124223602	333.0	0	0.0	999.0	0	0.0	999.0	0	0.0
home	13	167	249407.5	10	0.47778308647873863	249407.5	10	0.47778308647873863	335.0	0	0.0	1005.0	0	0.0	1005.0	0	0.0
home	13	168	250896.5	3	0.1433349259436216	250896.5	3	0.1433349259436216	337.0	0	0.0	1011.0	0	0.0	1011.0	0	0.0
home	13	169	252385.5	13	0.6211180124223602	252385.5	13	0.6211180124223602	339.0	0	0.0	1017.0	0	0.0	1017.0	0	0.0
home	13	170	253874.5	13	0.6211180124223602	253874.5	13	0.6211180124223602	341.0	0	0.0	1023.0	0	0.0	1023.0	0	0.0
home	13	171	255363.5	13	0.6211180124223602	255363.5	13	0.6211180124223602	343.0	0	0.0	1029.0	0	0.0	1029.0	0	0.0
home	13	172	256852.5	13	0.6211180124223602	256852.5	13	0.6211180124223602	345.0	0	0.0	1035.0	0	0.0	1035.0	0	0.0
home	13	173	258341.5	13	0.6211180124223602	258341.5	13	0.6211180124223602	347.0	0	0.0	1041.0	0	0.0	1041.0	0	0.0
home	13	174	259830.5	2	0.09555661729574773	259830.5	0	0.0	349.0	0	0.0	1047.0	0	0.0	1047.0	0	0.0
home	13	175	261319.5	11	0.5255613951266125	261319.5	13	0.6211180124223602	351.0	0	0.0	1053.0	0	0.0	1053.0	0	0.0
home	13	176	262808.5	13	0.6211180124223602	262808.5	13	0.6211180124223602	353.0	0	0.0	1059.0	0	0.0	1059.0	0	0.0
home	13	177	264297.5	13	0.6211180124223602	264297.5	13	0.6211180124223602	355.0	0	0.0	1065.0	0	0.0	1065.0	0	0.0
home	13	178	265786.5	13	0.6211180124223602	265786.5	13	0.6211180124223602	357.0	0	0.0	1071.0	0	0.0	1071.0	0	0.0
home	13	179	267275.5	13	0.6211180124223602	267275.5	12	0.5733397037744864	359.0	0	0.0	1077.0	0	0.0	1077.0	0	0.0
home	13	180	268764.5	0	0.0	268764.5	1	0.047778308647873864	361.0	0	0.0	1083.0	0	0.0	1083.0	0	0.0
home	13	181	270253.5	13	0.6211180124223602	270253.5	13	0.6211180124223602	363.0	0	0.0	1089.0	0	0.0	1089.0	0	0.0
home	13	182	271742.5	13	0.6211180124223602	271742.5	13	0.6211180124223602	365.0	0	0.0	1095.0	0	0.0	1095.0	0	0.0
home	13	183	273231.5	13	0.6211180124223602	273231.5	13	0.6211180124223602	367.0	0	0.0	1101.0	0	0.0	1101.0	0	0.0
home	13	184	274720.5	10	0.47778308647873863	274720.5	0	0.0	369.0	0	0.0	1107.0	0	0.0	1107.0	0	0.0
home	13	185	276209.5	3	0.1433349259436216	276209.5	13	0.6211180124223602	371.0	0	0.0	1113.0	0	0.0	1113.0	0	0.0
home	13	186	277698.5	13	0.6211180124223602	277698.5	13	0.6211180124223602	373.0	0	0.0	1119.0	0	0.0	1119.0	0	0.0
home	13	187	279187.5	13	0.6211180124223602	279187.5	13	0.6211180124223602	375.0	0	0.0	1125.0	0	0.0	1125.0	0	0.0
home	13	188	280676.5	13	0.6211180124223602	280676.5	13	0.6211180124223602	377.0	0	0.0	1131.0	0	0.0	1131.0	0	0.0
home	13	189	282165.5	0	0.0	282165.5	0	0.0	379.0	0	0.0	1137.0	0	0.0	1137.0	0	0.0
home	13	190	283654.5	13	0.6211180124223602	283654.5	13	0.6211180124223602	381.0	0	0.0	1143.0	0	0.0	1143.0	0	0.0
home	13	191	285143.5	13	0.6211180124223602	285143.5	13	0.6211180124223602	383.0	0	0.0	1149.0	0	0.0	1149.0	0	0.0
home	13	192	286632.5	13	0.6211180124223602	286632.5	13	0.6211180124223602	385.0	0	0.0	1155.0	0	0.0	1155.0	0	0.0
home	13	193	288121.5	13	0.6211180124223602	288121.5	13	0.6211180124223602	387.0	0	0.0	1161.0	0	0.0	1161.0	0	0.0
home	13	194	289610.5	10	0.47778308647873863	289610.5	4	0.19111323459149546	389.0	0	0.0	1167.0	0	0.0	1167.0	0	0.0
home	13	195	291099.5	3	0.1433349259436216	291099.5	9	0.43000477783086477	391.0	0	0.0	1173.0	0	0.0	1173.0	0	0.0
home	13	196	292588.5	13	0.6211180124223602	292588.5	13	0.6211180124223602	393.0	0	0.0	1179.0	0	0.0	1179.0	0	0.0
home	13	197	294077.5	13	0.6211180124223602	294077.5	13	0.6211180124223602	395.0	0	0.0	1185.0	0	0.0	1185.0	0	0.0
home	13	198	295566.5	13	0.6211180124223602	295566.5	13	0.6211180124223602	397.0	0	0.0	1191.0	0	0.0	1191.0	0	0.0
home	13	199	297055.5	13	0.6211180124223602	297055.5	13	0.6211180124223602	399.0	0	0.0	1197.0	0	0.0	1197.0	0	0.0
