'Request type'	'Load'	'Bucket'	'Start time'	'Absolute'	'Percent of requests'	'End time'	'Absolute'	'Percent of requests'	'Residence time'	'Absolute'	'Percent of requests'	'Theor. think time'	'Absolute'	'Percent of requests'	'Actual think time'	'Absolute'	'Percent of requests'
login	65	0	749.5	64	1.5373528705260628	749.5	19	0.4564016334374249	10.5	0	0.0	13.0	4163	100.0	13.0	4163	100.0
login	65	1	2248.5	0	0.0	2248.5	29	0.6966130194571222	31.5	0	0.0	39.0	0	0.0	39.0	0	0.0
login	65	2	3747.5	2	0.048042277203939464	3747.5	18	0.43238049483545515	52.5	0	0.0	65.0	0	0.0	65.0	0	0.0
login	65	3	5246.5	65	1.5613740091280326	5246.5	19	0.4564016334374249	73.5	2	0.048042277203939464	91.0	0	0.0	91.0	0	0.0
login	65	4	6745.5	0	0.0	6745.5	28	0.6725918808551525	94.5	2	0.048042277203939464	117.0	0	0.0	117.0	0	0.0
login	65	5	8244.5	1	0.024021138601969732	8244.5	19	0.4564016334374249	115.5	2	0.048042277203939464	143.0	0	0.0	143.0	0	0.0
login	65	6	9743.5	64	1.5373528705260628	9743.5	18	0.43238049483545515	136.5	4	0.09608455440787893	169.0	0	0.0	169.0	0	0.0
login	65	7	11242.5	0	0.0	11242.5	22	0.5284650492433342	157.5	14	0.33629594042757627	195.0	0	0.0	195.0	0	0.0
login	65	8	12741.5	1	0.024021138601969732	12741.5	25	0.6005284650492433	178.5	28	0.6725918808551525	221.0	0	0.0	221.0	0	0.0
login	65	9	14240.5	64	1.5373528705260628	14240.5	7	0.16814797021378813	199.5	23	0.5524861878453038	247.0	0	0.0	247.0	0	0.0
login	65	10	15739.5	0	0.0	15739.5	27	0.6485707422531828	220.5	24	0.5765073264472735	273.0	0	0.0	273.0	0	0.0
login	65	11	17238.5	0	0.0	17238.5	27	0.6485707422531828	241.5	20	0.48042277203939465	299.0	0	0.0	299.0	0	0.0
login	65	12	18737.5	65	1.5613740091280326	18737.5	6	0.14412683161181838	262.5	26	0.624549603651213	325.0	0	0.0	325.0	0	0.0
login	65	13	20236.5	0	0.0	20236.5	30	0.7206341580590919	283.5	34	0.8167187124669709	351.0	0	0.0	351.0	0	0.0
login	65	14	21735.5	0	0.0	21735.5	28	0.6725918808551525	304.5	29	0.6966130194571222	377.0	0	0.0	377.0	0	0.0
login	65	15	23234.5	65	1.5613740091280326	23234.5	10	0.24021138601969733	325.5	33	0.7926975738650012	403.0	0	0.0	403.0	0	0.0
login	65	16	24733.5	0	0.0	24733.5	26	0.624549603651213	346.5	31	0.7446552966610617	429.0	0	0.0	429.0	0	0.0
login	65	17	26232.5	0	0.0	26232.5	28	0.6725918808551525	367.5	33	0.7926975738650012	455.0	0	0.0	455.0	0	0.0
login	65	18	27731.5	65	1.5613740091280326	27731.5	7	0.16814797021378813	388.5	27	0.6485707422531828	481.0	0	0.0	481.0	0	0.0
login	65	19	29230.5	0	0.0	29230.5	29	0.6966130194571222	409.5	36	0.8647609896709103	507.0	0	0.0	507.0	0	0.0
login	65	20	30729.5	0	0.0	30729.5	27	0.6485707422531828	430.5	28	0.6725918808551525	533.0	0	0.0	533.0	0	0.0
login	65	21	32228.5	61	1.4652894547201536	32228.5	8	0.19216910881575786	451.5	36	0.8647609896709103	559.0	0	0.0	559.0	0	0.0
login	65	22	33727.5	4	0.09608455440787893	33727.5	29	0.6966130194571222	472.5	30	0.7206341580590919	585.0	0	0.0	585.0	0	0.0
login	65	23	35226.5	0	0.0	35226.5	31	0.7446552966610617	493.5	13	0.3122748018256065	611.0	0	0.0	611.0	0	0.0
login	65	24	36725.5	65	1.5613740091280326	36725.5	9	0.21619024741772758	514.5	23	0.5524861878453038	637.0	0	0.0	637.0	0	0.0
login	65	25	38224.5	0	0.0	38224.5	24	0.5765073264472735	535.5	32	0.7686764352630314	663.0	0	0.0	663.0	0	0.0
login	65	26	39723.5	0	0.0	39723.5	29	0.6966130194571222	556.5	26	0.624549603651213	689.0	0	0.0	689.0	0	0.0
login	65	27	41222.5	65	1.5613740091280326	41222.5	8	0.19216910881575786	577.5	25	0.6005284650492433	715.0	0	0.0	715.0	0	0.0
login	65	28	42721.5	0	0.0	42721.5	26	0.624549603651213	598.5	26	0.624549603651213	741.0	0	0.0	741.0	0	0.0
login	65	29	44220.5	0	0.0	44220.5	28	0.6725918808551525	619.5	28	0.6725918808551525	767.0	0	0.0	767.0	0	0.0
login	65	30	45719.5	1	0.024021138601969732	45719.5	11	0.2642325246216671	640.5	30	0.7206341580590919	793.0	0	0.0	793.0	0	0.0
login	65	31	47218.5	64	1.5373528705260628	47218.5	22	0.5284650492433342	661.5	22	0.5284650492433342	819.0	0	0.0	819.0	0	0.0
login	65	32	48717.5	0	0.0	48717.5	30	0.7206341580590919	682.5	19	0.4564016334374249	845.0	0	0.0	845.0	0	0.0
login	65	33	50216.5	1	0.024021138601969732	50216.5	13	0.3122748018256065	703.5	26	0.624549603651213	871.0	0	0.0	871.0	0	0.0
login	65	34	51715.5	64	1.5373528705260628	51715.5	21	0.5044439106413644	724.5	29	0.6966130194571222	897.0	0	0.0	897.0	0	0.0
login	65	35	53214.5	0	0.0	53214.5	29	0.6966130194571222	745.5	24	0.5765073264472735	923.0	0	0.0	923.0	0	0.0
login	65	36	54713.5	1	0.024021138601969732	54713.5	15	0.36031707902954596	766.5	28	0.6725918808551525	949.0	0	0.0	949.0	0	0.0
login	65	37	56212.5	64	1.5373528705260628	56212.5	21	0.5044439106413644	787.5	25	0.6005284650492433	975.0	0	0.0	975.0	0	0.0
login	65	38	57711.5	0	0.0	57711.5	28	0.6725918808551525	808.5	24	0.5765073264472735	1001.0	0	0.0	1001.0	0	0.0
login	65	39	59210.5	1	0.024021138601969732	59210.5	16	0.3843382176315157	829.5	26	0.624549603651213	1027.0	0	0.0	1027.0	0	0.0
login	65	40	60709.5	64	1.5373528705260628	60709.5	16	0.3843382176315157	850.5	27	0.6485707422531828	1053.0	0	0.0	1053.0	0	0.0
login	65	41	62208.5	0	0.0	62208.5	25	0.6005284650492433	871.5	22	0.5284650492433342	1079.0	0	0.0	1079.0	0	0.0
login	65	42	63707.5	1	0.024021138601969732	63707.5	24	0.5765073264472735	892.5	23	0.5524861878453038	1105.0	0	0.0	1105.0	0	0.0
login	65	43	65206.5	64	1.5373528705260628	65206.5	14	0.33629594042757627	913.5	26	0.624549603651213	1131.0	0	0.0	1131.0	0	0.0
login	65	44	66705.5	0	0.0	66705.5	27	0.6485707422531828	934.5	23	0.5524861878453038	1157.0	0	0.0	1157.0	0	0.0
login	65	45	68204.5	1	0.024021138601969732	68204.5	24	0.5765073264472735	955.5	17	0.40835935623348546	1183.0	0	0.0	1183.0	0	0.0
login	65	46	69703.5	64	1.5373528705260628	69703.5	12	0.28825366322363677	976.5	24	0.5765073264472735	1209.0	0	0.0	1209.0	0	0.0
login	65	47	71202.5	0	0.0	71202.5	28	0.6725918808551525	997.5	28	0.6725918808551525	1235.0	0	0.0	1235.0	0	0.0
login	65	48	72701.5	1	0.024021138601969732	72701.5	24	0.5765073264472735	1018.5	28	0.6725918808551525	1261.0	0	0.0	1261.0	0	0.0
login	65	49	74200.5	64	1.5373528705260628	74200.5	10	0.24021138601969733	1039.5	30	0.7206341580590919	1287.0	0	0.0	1287.0	0	0.0
login	65	50	75699.5	0	0.0	75699.5	27	0.6485707422531828	1060.5	25	0.6005284650492433	1313.0	0	0.0	1313.0	0	0.0
login	65	51	77198.5	0	0.0	77198.5	25	0.6005284650492433	1081.5	22	0.5284650492433342	1339.0	0	0.0	1339.0	0	0.0
login	65	52	78697.5	65	1.5613740091280326	78697.5	9	0.21619024741772758	1102.5	23	0.5524861878453038	1365.0	0	0.0	1365.0	0	0.0
login	65	53	80196.5	0	0.0	80196.5	29	0.6966130194571222	1123.5	20	0.48042277203939465	1391.0	0	0.0	1391.0	0	0.0
login	65	54	81695.5	0	0.0	81695.5	26	0.624549603651213	1144.5	29	0.6966130194571222	1417.0	0	0.0	1417.0	0	0.0
login	65	55	83194.5	65	1.5613740091280326	83194.5	10	0.24021138601969733	1165.5	19	0.4564016334374249	1443.0	0	0.0	1443.0	0	0.0
login	65	56	84693.5	0	0.0	84693.5	28	0.6725918808551525	1186.5	28	0.6725918808551525	1469.0	0	0.0	1469.0	0	0.0
login	65	57	86192.5	0	0.0	86192.5	28	0.6725918808551525	1207.5	30	0.7206341580590919	1495.0	0	0.0	1495.0	0	0.0
login	65	58	87691.5	65	1.5613740091280326	87691.5	10	0.24021138601969733	1228.5	22	0.5284650492433342	1521.0	0	0.0	1521.0	0	0.0
login	65	59	89190.5	0	0.0	89190.5	26	0.624549603651213	1249.5	26	0.624549603651213	1547.0	0	0.0	1547.0	0	0.0
login	65	60	90689.5	0	0.0	90689.5	27	0.6485707422531828	1270.5	23	0.5524861878453038	1573.0	0	0.0	1573.0	0	0.0
login	65	61	92188.5	65	1.5613740091280326	92188.5	8	0.19216910881575786	1291.5	26	0.624549603651213	1599.0	0	0.0	1599.0	0	0.0
login	65	62	93687.5	0	0.0	93687.5	28	0.6725918808551525	1312.5	18	0.43238049483545515	1625.0	0	0.0	1625.0	0	0.0
login	65	63	95186.5	0	0.0	95186.5	23	0.5524861878453038	1333.5	20	0.48042277203939465	1651.0	0	0.0	1651.0	0	0.0
login	65	64	96685.5	1	0.024021138601969732	96685.5	12	0.28825366322363677	1354.5	26	0.624549603651213	1677.0	0	0.0	1677.0	0	0.0
login	65	65	98184.5	64	1.5373528705260628	98184.5	24	0.5765073264472735	1375.5	40	0.9608455440787893	1703.0	0	0.0	1703.0	0	0.0
login	65	66	99683.5	0	0.0	99683.5	26	0.624549603651213	1396.5	22	0.5284650492433342	1729.0	0	0.0	1729.0	0	0.0
login	65	67	101182.5	1	0.024021138601969732	101182.5	15	0.36031707902954596	1417.5	23	0.5524861878453038	1755.0	0	0.0	1755.0	0	0.0
login	65	68	102681.5	64	1.5373528705260628	102681.5	19	0.4564016334374249	1438.5	19	0.4564016334374249	1781.0	0	0.0	1781.0	0	0.0
login	65	69	104180.5	0	0.0	104180.5	27	0.6485707422531828	1459.5	23	0.5524861878453038	1807.0	0	0.0	1807.0	0	0.0
login	65	70	105679.5	1	0.024021138601969732	105679.5	19	0.4564016334374249	1480.5	31	0.7446552966610617	1833.0	0	0.0	1833.0	0	0.0
login	65	71	107178.5	64	1.5373528705260628	107178.5	15	0.36031707902954596	1501.5	21	0.5044439106413644	1859.0	0	0.0	1859.0	0	0.0
login	65	72	108677.5	0	0.0	108677.5	25	0.6005284650492433	1522.5	24	0.5765073264472735	1885.0	0	0.0	1885.0	0	0.0
login	65	73	110176.5	1	0.024021138601969732	110176.5	25	0.6005284650492433	1543.5	16	0.3843382176315157	1911.0	0	0.0	1911.0	0	0.0
login	65	74	111675.5	64	1.5373528705260628	111675.5	9	0.21619024741772758	1564.5	33	0.7926975738650012	1937.0	0	0.0	1937.0	0	0.0
login	65	75	113174.5	0	0.0	113174.5	30	0.7206341580590919	1585.5	22	0.5284650492433342	1963.0	0	0.0	1963.0	0	0.0
login	65	76	114673.5	1	0.024021138601969732	114673.5	25	0.6005284650492433	1606.5	20	0.48042277203939465	1989.0	0	0.0	1989.0	0	0.0
login	65	77	116172.5	64	1.5373528705260628	116172.5	7	0.16814797021378813	1627.5	28	0.6725918808551525	2015.0	0	0.0	2015.0	0	0.0
login	65	78	117671.5	0	0.0	117671.5	27	0.6485707422531828	1648.5	25	0.6005284650492433	2041.0	0	0.0	2041.0	0	0.0
login	65	79	119170.5	0	0.0	119170.5	28	0.6725918808551525	1669.5	26	0.624549603651213	2067.0	0	0.0	2067.0	0	0.0
login	65	80	120669.5	65	1.5613740091280326	120669.5	9	0.21619024741772758	1690.5	30	0.7206341580590919	2093.0	0	0.0	2093.0	0	0.0
login	65	81	122168.5	0	0.0	122168.5	28	0.6725918808551525	1711.5	24	0.5765073264472735	2119.0	0	0.0	2119.0	0	0.0
login	65	82	123667.5	0	0.0	123667.5	26	0.624549603651213	1732.5	24	0.5765073264472735	2145.0	0	0.0	2145.0	0	0.0
login	65	83	125166.5	65	1.5613740091280326	125166.5	9	0.21619024741772758	1753.5	28	0.6725918808551525	2171.0	0	0.0	2171.0	0	0.0
login	65	84	126665.5	0	0.0	126665.5	29	0.6966130194571222	1774.5	28	0.6725918808551525	2197.0	0	0.0	2197.0	0	0.0
login	65	85	128164.5	0	0.0	128164.5	29	0.6966130194571222	1795.5	16	0.3843382176315157	2223.0	0	0.0	2223.0	0	0.0
login	65	86	129663.5	65	1.5613740091280326	129663.5	8	0.19216910881575786	1816.5	24	0.5765073264472735	2249.0	0	0.0	2249.0	0	0.0
login	65	87	131162.5	0	0.0	131162.5	28	0.6725918808551525	1837.5	26	0.624549603651213	2275.0	0	0.0	2275.0	0	0.0
login	65	88	132661.5	0	0.0	132661.5	26	0.624549603651213	1858.5	33	0.7926975738650012	2301.0	0	0.0	2301.0	0	0.0
login	65	89	134160.5	65	1.5613740091280326	134160.5	8	0.19216910881575786	1879.5	23	0.5524861878453038	2327.0	0	0.0	2327.0	0	0.0
login	65	90	135659.5	0	0.0	135659.5	27	0.6485707422531828	1900.5	17	0.40835935623348546	2353.0	0	0.0	2353.0	0	0.0
login	65	91	137158.5	0	0.0	137158.5	23	0.5524861878453038	1921.5	22	0.5284650492433342	2379.0	0	0.0	2379.0	0	0.0
login	65	92	138657.5	1	0.024021138601969732	138657.5	14	0.33629594042757627	1942.5	27	0.6485707422531828	2405.0	0	0.0	2405.0	0	0.0
login	65	93	140156.5	64	1.5373528705260628	140156.5	21	0.5044439106413644	1963.5	25	0.6005284650492433	2431.0	0	0.0	2431.0	0	0.0
login	65	94	141655.5	0	0.0	141655.5	26	0.624549603651213	1984.5	24	0.5765073264472735	2457.0	0	0.0	2457.0	0	0.0
login	65	95	143154.5	1	0.024021138601969732	143154.5	18	0.43238049483545515	2005.5	25	0.6005284650492433	2483.0	0	0.0	2483.0	0	0.0
login	65	96	144653.5	64	1.5373528705260628	144653.5	17	0.40835935623348546	2026.5	23	0.5524861878453038	2509.0	0	0.0	2509.0	0	0.0
login	65	97	146152.5	0	0.0	146152.5	29	0.6966130194571222	2047.5	27	0.6485707422531828	2535.0	0	0.0	2535.0	0	0.0
login	65	98	147651.5	1	0.024021138601969732	147651.5	19	0.4564016334374249	2068.5	23	0.5524861878453038	2561.0	0	0.0	2561.0	0	0.0
login	65	99	149150.5	64	1.5373528705260628	149150.5	14	0.33629594042757627	2089.5	22	0.5284650492433342	2587.0	0	0.0	2587.0	0	0.0
login	65	100	150649.5	0	0.0	150649.5	27	0.6485707422531828	2110.5	25	0.6005284650492433	2613.0	0	0.0	2613.0	0	0.0
login	65	101	152148.5	1	0.024021138601969732	152148.5	24	0.5765073264472735	2131.5	27	0.6485707422531828	2639.0	0	0.0	2639.0	0	0.0
login	65	102	153647.5	64	1.5373528705260628	153647.5	11	0.2642325246216671	2152.5	21	0.5044439106413644	2665.0	0	0.0	2665.0	0	0.0
login	65	103	155146.5	0	0.0	155146.5	26	0.624549603651213	2173.5	31	0.7446552966610617	2691.0	0	0.0	2691.0	0	0.0
login	65	104	156645.5	1	0.024021138601969732	156645.5	27	0.6485707422531828	2194.5	30	0.7206341580590919	2717.0	0	0.0	2717.0	0	0.0
login	65	105	158144.5	64	1.5373528705260628	158144.5	9	0.21619024741772758	2215.5	17	0.40835935623348546	2743.0	0	0.0	2743.0	0	0.0
login	65	106	159643.5	0	0.0	159643.5	29	0.6966130194571222	2236.5	16	0.3843382176315157	2769.0	0	0.0	2769.0	0	0.0
login	65	107	161142.5	1	0.024021138601969732	161142.5	27	0.6485707422531828	2257.5	31	0.7446552966610617	2795.0	0	0.0	2795.0	0	0.0
login	65	108	162641.5	64	1.5373528705260628	162641.5	9	0.21619024741772758	2278.5	21	0.5044439106413644	2821.0	0	0.0	2821.0	0	0.0
login	65	109	164140.5	0	0.0	164140.5	30	0.7206341580590919	2299.5	17	0.40835935623348546	2847.0	0	0.0	2847.0	0	0.0
login	65	110	165639.5	1	0.024021138601969732	165639.5	27	0.6485707422531828	2320.5	30	0.7206341580590919	2873.0	0	0.0	2873.0	0	0.0
login	65	111	167138.5	64	1.5373528705260628	167138.5	9	0.21619024741772758	2341.5	28	0.6725918808551525	2899.0	0	0.0	2899.0	0	0.0
login	65	112	168637.5	0	0.0	168637.5	27	0.6485707422531828	2362.5	25	0.6005284650492433	2925.0	0	0.0	2925.0	0	0.0
login	65	113	170136.5	1	0.024021138601969732	170136.5	28	0.6725918808551525	2383.5	34	0.8167187124669709	2951.0	0	0.0	2951.0	0	0.0
login	65	114	171635.5	64	1.5373528705260628	171635.5	9	0.21619024741772758	2404.5	22	0.5284650492433342	2977.0	0	0.0	2977.0	0	0.0
login	65	115	173134.5	0	0.0	173134.5	27	0.6485707422531828	2425.5	18	0.43238049483545515	3003.0	0	0.0	3003.0	0	0.0
login	65	116	174633.5	1	0.024021138601969732	174633.5	28	0.6725918808551525	2446.5	22	0.5284650492433342	3029.0	0	0.0	3029.0	0	0.0
login	65	117	176132.5	64	1.5373528705260628	176132.5	8	0.19216910881575786	2467.5	22	0.5284650492433342	3055.0	0	0.0	3055.0	0	0.0
login	65	118	177631.5	0	0.0	177631.5	27	0.6485707422531828	2488.5	33	0.7926975738650012	3081.0	0	0.0	3081.0	0	0.0
login	65	119	179130.5	0	0.0	179130.5	26	0.624549603651213	2509.5	29	0.6966130194571222	3107.0	0	0.0	3107.0	0	0.0
login	65	120	180629.5	65	1.5613740091280326	180629.5	8	0.19216910881575786	2530.5	18	0.43238049483545515	3133.0	0	0.0	3133.0	0	0.0
login	65	121	182128.5	0	0.0	182128.5	23	0.5524861878453038	2551.5	25	0.6005284650492433	3159.0	0	0.0	3159.0	0	0.0
login	65	122	183627.5	0	0.0	183627.5	26	0.624549603651213	2572.5	33	0.7926975738650012	3185.0	0	0.0	3185.0	0	0.0
login	65	123	185126.5	1	0.024021138601969732	185126.5	14	0.33629594042757627	2593.5	22	0.5284650492433342	3211.0	0	0.0	3211.0	0	0.0
login	65	124	186625.5	64	1.5373528705260628	186625.5	18	0.43238049483545515	2614.5	19	0.4564016334374249	3237.0	0	0.0	3237.0	0	0.0
login	65	125	188124.5	0	0.0	188124.5	26	0.624549603651213	2635.5	22	0.5284650492433342	3263.0	0	0.0	3263.0	0	0.0
login	65	126	189623.5	1	0.024021138601969732	189623.5	21	0.5044439106413644	2656.5	27	0.6485707422531828	3289.0	0	0.0	3289.0	0	0.0
login	65	127	191122.5	64	1.5373528705260628	191122.5	10	0.24021138601969733	2677.5	26	0.624549603651213	3315.0	0	0.0	3315.0	0	0.0
login	65	128	192621.5	0	0.0	192621.5	27	0.6485707422531828	2698.5	26	0.624549603651213	3341.0	0	0.0	3341.0	0	0.0
login	65	129	194120.5	1	0.024021138601969732	194120.5	27	0.6485707422531828	2719.5	27	0.6485707422531828	3367.0	0	0.0	3367.0	0	0.0
login	65	130	195619.5	64	1.5373528705260628	195619.5	5	0.12010569300984866	2740.5	26	0.624549603651213	3393.0	0	0.0	3393.0	0	0.0
login	65	131	197118.5	0	0.0	197118.5	28	0.6725918808551525	2761.5	22	0.5284650492433342	3419.0	0	0.0	3419.0	0	0.0
login	65	132	198617.5	0	0.0	198617.5	23	0.5524861878453038	2782.5	21	0.5044439106413644	3445.0	0	0.0	3445.0	0	0.0
login	65	133	200116.5	44	1.0569300984866683	200116.5	10	0.24021138601969733	2803.5	24	0.5765073264472735	3471.0	0	0.0	3471.0	0	0.0
login	65	134	201615.5	21	0.5044439106413644	201615.5	24	0.5765073264472735	2824.5	24	0.5765073264472735	3497.0	0	0.0	3497.0	0	0.0
login	65	135	203114.5	0	0.0	203114.5	29	0.6966130194571222	2845.5	19	0.4564016334374249	3523.0	0	0.0	3523.0	0	0.0
login	65	136	204613.5	1	0.024021138601969732	204613.5	12	0.28825366322363677	2866.5	29	0.6966130194571222	3549.0	0	0.0	3549.0	0	0.0
login	65	137	206112.5	64	1.5373528705260628	206112.5	24	0.5765073264472735	2887.5	25	0.6005284650492433	3575.0	0	0.0	3575.0	0	0.0
login	65	138	207611.5	0	0.0	207611.5	26	0.624549603651213	2908.5	22	0.5284650492433342	3601.0	0	0.0	3601.0	0	0.0
login	65	139	209110.5	1	0.024021138601969732	209110.5	15	0.36031707902954596	2929.5	27	0.6485707422531828	3627.0	0	0.0	3627.0	0	0.0
login	65	140	210609.5	64	1.5373528705260628	210609.5	17	0.40835935623348546	2950.5	22	0.5284650492433342	3653.0	0	0.0	3653.0	0	0.0
login	65	141	212108.5	0	0.0	212108.5	25	0.6005284650492433	2971.5	21	0.5044439106413644	3679.0	0	0.0	3679.0	0	0.0
login	65	142	213607.5	1	0.024021138601969732	213607.5	23	0.5524861878453038	2992.5	26	0.624549603651213	3705.0	0	0.0	3705.0	0	0.0
login	65	143	215106.5	64	1.5373528705260628	215106.5	12	0.28825366322363677	3013.5	21	0.5044439106413644	3731.0	0	0.0	3731.0	0	0.0
login	65	144	216605.5	0	0.0	216605.5	29	0.6966130194571222	3034.5	22	0.5284650492433342	3757.0	0	0.0	3757.0	0	0.0
login	65	145	218104.5	1	0.024021138601969732	218104.5	24	0.5765073264472735	3055.5	23	0.5524861878453038	3783.0	0	0.0	3783.0	0	0.0
login	65	146	219603.5	64	1.5373528705260628	219603.5	12	0.28825366322363677	3076.5	32	0.7686764352630314	3809.0	0	0.0	3809.0	0	0.0
login	65	147	221102.5	0	0.0	221102.5	27	0.6485707422531828	3097.5	23	0.5524861878453038	3835.0	0	0.0	3835.0	0	0.0
login	65	148	222601.5	1	0.024021138601969732	222601.5	26	0.624549603651213	3118.5	22	0.5284650492433342	3861.0	0	0.0	3861.0	0	0.0
login	65	149	224100.5	65	1.5613740091280326	224100.5	12	0.28825366322363677	3139.5	23	0.5524861878453038	3887.0	0	0.0	3887.0	0	0.0
login	65	150	225599.5	0	0.0	225599.5	28	0.6725918808551525	3160.5	23	0.5524861878453038	3913.0	0	0.0	3913.0	0	0.0
login	65	151	227098.5	1	0.024021138601969732	227098.5	25	0.6005284650492433	3181.5	24	0.5765073264472735	3939.0	0	0.0	3939.0	0	0.0
login	65	152	228597.5	64	1.5373528705260628	228597.5	10	0.24021138601969733	3202.5	26	0.624549603651213	3965.0	0	0.0	3965.0	0	0.0
login	65	153	230096.5	0	0.0	230096.5	26	0.624549603651213	3223.5	20	0.48042277203939465	3991.0	0	0.0	3991.0	0	0.0
login	65	154	231595.5	0	0.0	231595.5	26	0.624549603651213	3244.5	32	0.7686764352630314	4017.0	0	0.0	4017.0	0	0.0
login	65	155	233094.5	65	1.5613740091280326	233094.5	8	0.19216910881575786	3265.5	15	0.36031707902954596	4043.0	0	0.0	4043.0	0	0.0
login	65	156	234593.5	0	0.0	234593.5	23	0.5524861878453038	3286.5	27	0.6485707422531828	4069.0	0	0.0	4069.0	0	0.0
login	65	157	236092.5	0	0.0	236092.5	27	0.6485707422531828	3307.5	21	0.5044439106413644	4095.0	0	0.0	4095.0	0	0.0
login	65	158	237591.5	1	0.024021138601969732	237591.5	11	0.2642325246216671	3328.5	21	0.5044439106413644	4121.0	0	0.0	4121.0	0	0.0
login	65	159	239090.5	64	1.5373528705260628	239090.5	20	0.48042277203939465	3349.5	24	0.5765073264472735	4147.0	0	0.0	4147.0	0	0.0
login	65	160	240589.5	0	0.0	240589.5	22	0.5284650492433342	3370.5	25	0.6005284650492433	4173.0	0	0.0	4173.0	0	0.0
login	65	161	242088.5	1	0.024021138601969732	242088.5	22	0.5284650492433342	3391.5	29	0.6966130194571222	4199.0	0	0.0	4199.0	0	0.0
login	65	162	243587.5	64	1.5373528705260628	243587.5	11	0.2642325246216671	3412.5	18	0.43238049483545515	4225.0	0	0.0	4225.0	0	0.0
login	65	163	245086.5	0	0.0	245086.5	27	0.6485707422531828	3433.5	21	0.5044439106413644	4251.0	0	0.0	4251.0	0	0.0
login	65	164	246585.5	1	0.024021138601969732	246585.5	27	0.6485707422531828	3454.5	23	0.5524861878453038	4277.0	0	0.0	4277.0	0	0.0
login	65	165	248084.5	64	1.5373528705260628	248084.5	6	0.14412683161181838	3475.5	16	0.3843382176315157	4303.0	0	0.0	4303.0	0	0.0
login	65	166	249583.5	0	0.0	249583.5	24	0.5765073264472735	3496.5	22	0.5284650492433342	4329.0	0	0.0	4329.0	0	0.0
login	65	167	251082.5	0	0.0	251082.5	22	0.5284650492433342	3517.5	22	0.5284650492433342	4355.0	0	0.0	4355.0	0	0.0
login	65	168	252581.5	1	0.024021138601969732	252581.5	14	0.33629594042757627	3538.5	13	0.3122748018256065	4381.0	0	0.0	4381.0	0	0.0
login	65	169	254080.5	64	1.5373528705260628	254080.5	21	0.5044439106413644	3559.5	21	0.5044439106413644	4407.0	0	0.0	4407.0	0	0.0
login	65	170	255579.5	0	0.0	255579.5	26	0.624549603651213	3580.5	11	0.2642325246216671	4433.0	0	0.0	4433.0	0	0.0
login	65	171	257078.5	1	0.024021138601969732	257078.5	18	0.43238049483545515	3601.5	20	0.48042277203939465	4459.0	0	0.0	4459.0	0	0.0
login	65	172	258577.5	64	1.5373528705260628	258577.5	14	0.33629594042757627	3622.5	9	0.21619024741772758	4485.0	0	0.0	4485.0	0	0.0
login	65	173	260076.5	0	0.0	260076.5	26	0.624549603651213	3643.5	5	0.12010569300984866	4511.0	0	0.0	4511.0	0	0.0
login	65	174	261575.5	1	0.024021138601969732	261575.5	24	0.5765073264472735	3664.5	9	0.21619024741772758	4537.0	0	0.0	4537.0	0	0.0
login	65	175	263074.5	64	1.5373528705260628	263074.5	9	0.21619024741772758	3685.5	19	0.4564016334374249	4563.0	0	0.0	4563.0	0	0.0
login	65	176	264573.5	0	0.0	264573.5	28	0.6725918808551525	3706.5	9	0.21619024741772758	4589.0	0	0.0	4589.0	0	0.0
login	65	177	266072.5	1	0.024021138601969732	266072.5	28	0.6725918808551525	3727.5	11	0.2642325246216671	4615.0	0	0.0	4615.0	0	0.0
login	65	178	267571.5	64	1.5373528705260628	267571.5	8	0.19216910881575786	3748.5	6	0.14412683161181838	4641.0	0	0.0	4641.0	0	0.0
login	65	179	269070.5	0	0.0	269070.5	24	0.5765073264472735	3769.5	7	0.16814797021378813	4667.0	0	0.0	4667.0	0	0.0
login	65	180	270569.5	0	0.0	270569.5	23	0.5524861878453038	3790.5	3	0.07206341580590919	4693.0	0	0.0	4693.0	0	0.0
login	65	181	272068.5	2	0.048042277203939464	272068.5	11	0.2642325246216671	3811.5	3	0.07206341580590919	4719.0	0	0.0	4719.0	0	0.0
login	65	182	273567.5	63	1.513331731924093	273567.5	25	0.6005284650492433	3832.5	5	0.12010569300984866	4745.0	0	0.0	4745.0	0	0.0
login	65	183	275066.5	0	0.0	275066.5	29	0.6966130194571222	3853.5	4	0.09608455440787893	4771.0	0	0.0	4771.0	0	0.0
login	65	184	276565.5	3	0.07206341580590919	276565.5	11	0.2642325246216671	3874.5	4	0.09608455440787893	4797.0	0	0.0	4797.0	0	0.0
login	65	185	278064.5	62	1.4893105933221233	278064.5	26	0.624549603651213	3895.5	4	0.09608455440787893	4823.0	0	0.0	4823.0	0	0.0
login	65	186	279563.5	0	0.0	279563.5	29	0.6966130194571222	3916.5	3	0.07206341580590919	4849.0	0	0.0	4849.0	0	0.0
login	65	187	281062.5	6	0.14412683161181838	281062.5	10	0.24021138601969733	3937.5	0	0.0	4875.0	0	0.0	4875.0	0	0.0
login	65	188	282561.5	59	1.417247177516214	282561.5	22	0.5284650492433342	3958.5	4	0.09608455440787893	4901.0	0	0.0	4901.0	0	0.0
login	65	189	284060.5	0	0.0	284060.5	28	0.6725918808551525	3979.5	0	0.0	4927.0	0	0.0	4927.0	0	0.0
login	65	190	285559.5	1	0.024021138601969732	285559.5	15	0.36031707902954596	4000.5	3	0.07206341580590919	4953.0	0	0.0	4953.0	0	0.0
login	65	191	287058.5	64	1.5373528705260628	287058.5	20	0.48042277203939465	4021.5	0	0.0	4979.0	0	0.0	4979.0	0	0.0
login	65	192	288557.5	0	0.0	288557.5	28	0.6725918808551525	4042.5	3	0.07206341580590919	5005.0	0	0.0	5005.0	0	0.0
login	65	193	290056.5	1	0.024021138601969732	290056.5	17	0.40835935623348546	4063.5	2	0.048042277203939464	5031.0	0	0.0	5031.0	0	0.0
login	65	194	291555.5	64	1.5373528705260628	291555.5	20	0.48042277203939465	4084.5	0	0.0	5057.0	0	0.0	5057.0	0	0.0
login	65	195	293054.5	0	0.0	293054.5	29	0.6966130194571222	4105.5	1	0.024021138601969732	5083.0	0	0.0	5083.0	0	0.0
login	65	196	294553.5	1	0.024021138601969732	294553.5	16	0.3843382176315157	4126.5	0	0.0	5109.0	0	0.0	5109.0	0	0.0
login	65	197	296052.5	64	1.5373528705260628	296052.5	19	0.4564016334374249	4147.5	0	0.0	5135.0	0	0.0	5135.0	0	0.0
login	65	198	297551.5	0	0.0	297551.5	26	0.624549603651213	4168.5	0	0.0	5161.0	0	0.0	5161.0	0	0.0
login	65	199	299050.5	1	0.024021138601969732	299050.5	20	0.48042277203939465	4189.5	0	0.0	5187.0	0	0.0	5187.0	0	0.0
info	65	0	748.5	27	0.6485707422531828	748.5	6	0.14412683161181838	10.0	71	1.7055008407398509	13.0	4163	100.0	13.0	4163	100.0
info	65	1	2245.5	26	0.624549603651213	2245.5	4	0.09608455440787893	30.0	13	0.3122748018256065	39.0	0	0.0	39.0	0	0.0
info	65	2	3742.5	13	0.3122748018256065	3742.5	56	1.345183761710305	50.0	44	1.0569300984866683	65.0	0	0.0	65.0	0	0.0
info	65	3	5239.5	25	0.6005284650492433	5239.5	2	0.048042277203939464	70.0	64	1.5373528705260628	91.0	0	0.0	91.0	0	0.0
info	65	4	6736.5	30	0.7206341580590919	6736.5	1	0.024021138601969732	90.0	63	1.513331731924093	117.0	0	0.0	117.0	0	0.0
info	65	5	8233.5	11	0.2642325246216671	8233.5	63	1.513331731924093	110.0	55	1.3211626231083353	143.0	0	0.0	143.0	0	0.0
info	65	6	9730.5	22	0.5284650492433342	9730.5	1	0.024021138601969732	130.0	39	0.9368244054768196	169.0	0	0.0	169.0	0	0.0
info	65	7	11227.5	23	0.5524861878453038	11227.5	0	0.0	150.0	32	0.7686764352630314	195.0	0	0.0	195.0	0	0.0
info	65	8	12724.5	20	0.48042277203939465	12724.5	64	1.5373528705260628	170.0	23	0.5524861878453038	221.0	0	0.0	221.0	0	0.0
info	65	9	14221.5	12	0.28825366322363677	14221.5	0	0.0	190.0	22	0.5284650492433342	247.0	0	0.0	247.0	0	0.0
info	65	10	15718.5	26	0.624549603651213	15718.5	0	0.0	210.0	26	0.624549603651213	273.0	0	0.0	273.0	0	0.0
info	65	11	17215.5	26	0.624549603651213	17215.5	64	1.5373528705260628	230.0	18	0.43238049483545515	299.0	0	0.0	299.0	0	0.0
info	65	12	18712.5	9	0.21619024741772758	18712.5	1	0.024021138601969732	250.0	18	0.43238049483545515	325.0	0	0.0	325.0	0	0.0
info	65	13	20209.5	29	0.6966130194571222	20209.5	1	0.024021138601969732	270.0	29	0.6966130194571222	351.0	0	0.0	351.0	0	0.0
info	65	14	21706.5	28	0.6725918808551525	21706.5	63	1.513331731924093	290.0	26	0.624549603651213	377.0	0	0.0	377.0	0	0.0
info	65	15	23203.5	11	0.2642325246216671	23203.5	1	0.024021138601969732	310.0	37	0.8887821282728801	403.0	0	0.0	403.0	0	0.0
info	65	16	24700.5	25	0.6005284650492433	24700.5	1	0.024021138601969732	330.0	25	0.6005284650492433	429.0	0	0.0	429.0	0	0.0
info	65	17	26197.5	28	0.6725918808551525	26197.5	62	1.4893105933221233	350.0	20	0.48042277203939465	455.0	0	0.0	455.0	0	0.0
info	65	18	27694.5	7	0.16814797021378813	27694.5	2	0.048042277203939464	370.0	24	0.5765073264472735	481.0	0	0.0	481.0	0	0.0
info	65	19	29191.5	27	0.6485707422531828	29191.5	0	0.0	390.0	25	0.6005284650492433	507.0	0	0.0	507.0	0	0.0
info	65	20	30688.5	28	0.6725918808551525	30688.5	5	0.12010569300984866	410.0	24	0.5765073264472735	533.0	0	0.0	533.0	0	0.0
info	65	21	32185.5	8	0.19216910881575786	32185.5	60	1.4412683161181838	430.0	14	0.33629594042757627	559.0	0	0.0	559.0	0	0.0
info	65	22	33682.5	31	0.7446552966610617	33682.5	0	0.0	450.0	22	0.5284650492433342	585.0	0	0.0	585.0	0	0.0
info	65	23	35179.5	29	0.6966130194571222	35179.5	63	1.513331731924093	470.0	17	0.40835935623348546	611.0	0	0.0	611.0	0	0.0
info	65	24	36676.5	10	0.24021138601969733	36676.5	2	0.048042277203939464	490.0	34	0.8167187124669709	637.0	0	0.0	637.0	0	0.0
info	65	25	38173.5	25	0.6005284650492433	38173.5	2	0.048042277203939464	510.0	33	0.7926975738650012	663.0	0	0.0	663.0	0	0.0
info	65	26	39670.5	27	0.6485707422531828	39670.5	7	0.16814797021378813	530.0	18	0.43238049483545515	689.0	0	0.0	689.0	0	0.0
info	65	27	41167.5	8	0.19216910881575786	41167.5	56	1.345183761710305	550.0	24	0.5765073264472735	715.0	0	0.0	715.0	0	0.0
info	65	28	42664.5	27	0.6485707422531828	42664.5	0	0.0	570.0	31	0.7446552966610617	741.0	0	0.0	741.0	0	0.0
info	65	29	44161.5	28	0.6725918808551525	44161.5	2	0.048042277203939464	590.0	31	0.7446552966610617	767.0	0	0.0	767.0	0	0.0
info	65	30	45658.5	6	0.14412683161181838	45658.5	63	1.513331731924093	610.0	13	0.3122748018256065	793.0	0	0.0	793.0	0	0.0
info	65	31	47155.5	28	0.6725918808551525	47155.5	0	0.0	630.0	16	0.3843382176315157	819.0	0	0.0	819.0	0	0.0
info	65	32	48652.5	28	0.6725918808551525	48652.5	2	0.048042277203939464	650.0	18	0.43238049483545515	845.0	0	0.0	845.0	0	0.0
info	65	33	50149.5	9	0.21619024741772758	50149.5	63	1.513331731924093	670.0	18	0.43238049483545515	871.0	0	0.0	871.0	0	0.0
info	65	34	51646.5	26	0.624549603651213	51646.5	0	0.0	690.0	32	0.7686764352630314	897.0	0	0.0	897.0	0	0.0
info	65	35	53143.5	28	0.6725918808551525	53143.5	0	0.0	710.0	26	0.624549603651213	923.0	0	0.0	923.0	0	0.0
info	65	36	54640.5	11	0.2642325246216671	54640.5	65	1.5613740091280326	730.0	20	0.48042277203939465	949.0	0	0.0	949.0	0	0.0
info	65	37	56137.5	27	0.6485707422531828	56137.5	0	0.0	750.0	22	0.5284650492433342	975.0	0	0.0	975.0	0	0.0
info	65	38	57634.5	26	0.624549603651213	57634.5	0	0.0	770.0	26	0.624549603651213	1001.0	0	0.0	1001.0	0	0.0
info	65	39	59131.5	12	0.28825366322363677	59131.5	65	1.5613740091280326	790.0	30	0.7206341580590919	1027.0	0	0.0	1027.0	0	0.0
info	65	40	60628.5	20	0.48042277203939465	60628.5	0	0.0	810.0	28	0.6725918808551525	1053.0	0	0.0	1053.0	0	0.0
info	65	41	62125.5	25	0.6005284650492433	62125.5	1	0.024021138601969732	830.0	13	0.3122748018256065	1079.0	0	0.0	1079.0	0	0.0
info	65	42	63622.5	20	0.48042277203939465	63622.5	64	1.5373528705260628	850.0	21	0.5044439106413644	1105.0	0	0.0	1105.0	0	0.0
info	65	43	65119.5	19	0.4564016334374249	65119.5	0	0.0	870.0	15	0.36031707902954596	1131.0	0	0.0	1131.0	0	0.0
info	65	44	66616.5	26	0.624549603651213	66616.5	0	0.0	890.0	35	0.8407398510689407	1157.0	0	0.0	1157.0	0	0.0
info	65	45	68113.5	20	0.48042277203939465	68113.5	65	1.5613740091280326	910.0	28	0.6725918808551525	1183.0	0	0.0	1183.0	0	0.0
info	65	46	69610.5	16	0.3843382176315157	69610.5	0	0.0	930.0	19	0.4564016334374249	1209.0	0	0.0	1209.0	0	0.0
info	65	47	71107.5	28	0.6725918808551525	71107.5	0	0.0	950.0	21	0.5044439106413644	1235.0	0	0.0	1235.0	0	0.0
info	65	48	72604.5	21	0.5044439106413644	72604.5	65	1.5613740091280326	970.0	24	0.5765073264472735	1261.0	0	0.0	1261.0	0	0.0
info	65	49	74101.5	12	0.28825366322363677	74101.5	0	0.0	990.0	34	0.8167187124669709	1287.0	0	0.0	1287.0	0	0.0
info	65	50	75598.5	27	0.6485707422531828	75598.5	0	0.0	1010.0	24	0.5765073264472735	1313.0	0	0.0	1313.0	0	0.0
info	65	51	77095.5	25	0.6005284650492433	77095.5	64	1.5373528705260628	1030.0	20	0.48042277203939465	1339.0	0	0.0	1339.0	0	0.0
info	65	52	78592.5	11	0.2642325246216671	78592.5	1	0.024021138601969732	1050.0	22	0.5284650492433342	1365.0	0	0.0	1365.0	0	0.0
info	65	53	80089.5	26	0.624549603651213	80089.5	0	0.0	1070.0	22	0.5284650492433342	1391.0	0	0.0	1391.0	0	0.0
info	65	54	81586.5	26	0.624549603651213	81586.5	62	1.4893105933221233	1090.0	26	0.624549603651213	1417.0	0	0.0	1417.0	0	0.0
info	65	55	83083.5	12	0.28825366322363677	83083.5	3	0.07206341580590919	1110.0	27	0.6485707422531828	1443.0	0	0.0	1443.0	0	0.0
info	65	56	84580.5	28	0.6725918808551525	84580.5	2	0.048042277203939464	1130.0	22	0.5284650492433342	1469.0	0	0.0	1469.0	0	0.0
info	65	57	86077.5	27	0.6485707422531828	86077.5	62	1.4893105933221233	1150.0	10	0.24021138601969733	1495.0	0	0.0	1495.0	0	0.0
info	65	58	87574.5	8	0.19216910881575786	87574.5	1	0.024021138601969732	1170.0	31	0.7446552966610617	1521.0	0	0.0	1521.0	0	0.0
info	65	59	89071.5	29	0.6966130194571222	89071.5	0	0.0	1190.0	20	0.48042277203939465	1547.0	0	0.0	1547.0	0	0.0
info	65	60	90568.5	27	0.6485707422531828	90568.5	63	1.513331731924093	1210.0	21	0.5044439106413644	1573.0	0	0.0	1573.0	0	0.0
info	65	61	92065.5	8	0.19216910881575786	92065.5	2	0.048042277203939464	1230.0	18	0.43238049483545515	1599.0	0	0.0	1599.0	0	0.0
info	65	62	93562.5	27	0.6485707422531828	93562.5	2	0.048042277203939464	1250.0	32	0.7686764352630314	1625.0	0	0.0	1625.0	0	0.0
info	65	63	95059.5	24	0.5765073264472735	95059.5	0	0.0	1270.0	23	0.5524861878453038	1651.0	0	0.0	1651.0	0	0.0
info	65	64	96556.5	8	0.19216910881575786	96556.5	63	1.513331731924093	1290.0	32	0.7686764352630314	1677.0	0	0.0	1677.0	0	0.0
info	65	65	98053.5	26	0.624549603651213	98053.5	0	0.0	1310.0	18	0.43238049483545515	1703.0	0	0.0	1703.0	0	0.0
info	65	66	99550.5	28	0.6725918808551525	99550.5	0	0.0	1330.0	23	0.5524861878453038	1729.0	0	0.0	1729.0	0	0.0
info	65	67	101047.5	11	0.2642325246216671	101047.5	65	1.5613740091280326	1350.0	14	0.33629594042757627	1755.0	0	0.0	1755.0	0	0.0
info	65	68	102544.5	23	0.5524861878453038	102544.5	0	0.0	1370.0	21	0.5044439106413644	1781.0	0	0.0	1781.0	0	0.0
info	65	69	104041.5	25	0.6005284650492433	104041.5	1	0.024021138601969732	1390.0	29	0.6966130194571222	1807.0	0	0.0	1807.0	0	0.0
info	65	70	105538.5	17	0.40835935623348546	105538.5	64	1.5373528705260628	1410.0	27	0.6485707422531828	1833.0	0	0.0	1833.0	0	0.0
info	65	71	107035.5	18	0.43238049483545515	107035.5	0	0.0	1430.0	16	0.3843382176315157	1859.0	0	0.0	1859.0	0	0.0
info	65	72	108532.5	26	0.624549603651213	108532.5	1	0.024021138601969732	1450.0	29	0.6966130194571222	1885.0	0	0.0	1885.0	0	0.0
info	65	73	110029.5	21	0.5044439106413644	110029.5	64	1.5373528705260628	1470.0	24	0.5765073264472735	1911.0	0	0.0	1911.0	0	0.0
info	65	74	111526.5	12	0.28825366322363677	111526.5	0	0.0	1490.0	32	0.7686764352630314	1937.0	0	0.0	1937.0	0	0.0
info	65	75	113023.5	30	0.7206341580590919	113023.5	0	0.0	1510.0	21	0.5044439106413644	1963.0	0	0.0	1963.0	0	0.0
info	65	76	114520.5	23	0.5524861878453038	114520.5	65	1.5613740091280326	1530.0	26	0.624549603651213	1989.0	0	0.0	1989.0	0	0.0
info	65	77	116017.5	9	0.21619024741772758	116017.5	0	0.0	1550.0	15	0.36031707902954596	2015.0	0	0.0	2015.0	0	0.0
info	65	78	117514.5	28	0.6725918808551525	117514.5	1	0.024021138601969732	1570.0	24	0.5765073264472735	2041.0	0	0.0	2041.0	0	0.0
info	65	79	119011.5	27	0.6485707422531828	119011.5	63	1.513331731924093	1590.0	23	0.5524861878453038	2067.0	0	0.0	2067.0	0	0.0
info	65	80	120508.5	8	0.19216910881575786	120508.5	1	0.024021138601969732	1610.0	29	0.6966130194571222	2093.0	0	0.0	2093.0	0	0.0
info	65	81	122005.5	27	0.6485707422531828	122005.5	0	0.0	1630.0	13	0.3122748018256065	2119.0	0	0.0	2119.0	0	0.0
info	65	82	123502.5	27	0.6485707422531828	123502.5	0	0.0	1650.0	22	0.5284650492433342	2145.0	0	0.0	2145.0	0	0.0
info	65	83	124999.5	8	0.19216910881575786	124999.5	65	1.5613740091280326	1670.0	25	0.6005284650492433	2171.0	0	0.0	2171.0	0	0.0
info	65	84	126496.5	29	0.6966130194571222	126496.5	0	0.0	1690.0	30	0.7206341580590919	2197.0	0	0.0	2197.0	0	0.0
info	65	85	127993.5	31	0.7446552966610617	127993.5	61	1.4652894547201536	1710.0	21	0.5044439106413644	2223.0	0	0.0	2223.0	0	0.0
info	65	86	129490.5	5	0.12010569300984866	129490.5	4	0.09608455440787893	1730.0	28	0.6725918808551525	2249.0	0	0.0	2249.0	0	0.0
info	65	87	130987.5	30	0.7206341580590919	130987.5	0	0.0	1750.0	18	0.43238049483545515	2275.0	0	0.0	2275.0	0	0.0
info	65	88	132484.5	27	0.6485707422531828	132484.5	0	0.0	1770.0	21	0.5044439106413644	2301.0	0	0.0	2301.0	0	0.0
info	65	89	133981.5	6	0.14412683161181838	133981.5	65	1.5613740091280326	1790.0	30	0.7206341580590919	2327.0	0	0.0	2327.0	0	0.0
info	65	90	135478.5	26	0.624549603651213	135478.5	0	0.0	1810.0	31	0.7446552966610617	2353.0	0	0.0	2353.0	0	0.0
info	65	91	136975.5	26	0.624549603651213	136975.5	1	0.024021138601969732	1830.0	18	0.43238049483545515	2379.0	0	0.0	2379.0	0	0.0
info	65	92	138472.5	11	0.2642325246216671	138472.5	64	1.5373528705260628	1850.0	23	0.5524861878453038	2405.0	0	0.0	2405.0	0	0.0
info	65	93	139969.5	22	0.5284650492433342	139969.5	2	0.048042277203939464	1870.0	17	0.40835935623348546	2431.0	0	0.0	2431.0	0	0.0
info	65	94	141466.5	28	0.6725918808551525	141466.5	0	0.0	1890.0	24	0.5765073264472735	2457.0	0	0.0	2457.0	0	0.0
info	65	95	142963.5	15	0.36031707902954596	142963.5	63	1.513331731924093	1910.0	29	0.6966130194571222	2483.0	0	0.0	2483.0	0	0.0
info	65	96	144460.5	19	0.4564016334374249	144460.5	1	0.024021138601969732	1930.0	22	0.5284650492433342	2509.0	0	0.0	2509.0	0	0.0
info	65	97	145957.5	30	0.7206341580590919	145957.5	0	0.0	1950.0	22	0.5284650492433342	2535.0	0	0.0	2535.0	0	0.0
info	65	98	147454.5	16	0.3843382176315157	147454.5	64	1.5373528705260628	1970.0	20	0.48042277203939465	2561.0	0	0.0	2561.0	0	0.0
info	65	99	148951.5	16	0.3843382176315157	148951.5	0	0.0	1990.0	26	0.624549603651213	2587.0	0	0.0	2587.0	0	0.0
info	65	100	150448.5	25	0.6005284650492433	150448.5	2	0.048042277203939464	2010.0	32	0.7686764352630314	2613.0	0	0.0	2613.0	0	0.0
info	65	101	151945.5	24	0.5765073264472735	151945.5	63	1.513331731924093	2030.0	19	0.4564016334374249	2639.0	0	0.0	2639.0	0	0.0
info	65	102	153442.5	11	0.2642325246216671	153442.5	0	0.0	2050.0	21	0.5044439106413644	2665.0	0	0.0	2665.0	0	0.0
info	65	103	154939.5	30	0.7206341580590919	154939.5	0	0.0	2070.0	21	0.5044439106413644	2691.0	0	0.0	2691.0	0	0.0
info	65	104	156436.5	24	0.5765073264472735	156436.5	65	1.5613740091280326	2090.0	39	0.9368244054768196	2717.0	0	0.0	2717.0	0	0.0
info	65	105	157933.5	12	0.28825366322363677	157933.5	0	0.0	2110.0	30	0.7206341580590919	2743.0	0	0.0	2743.0	0	0.0
info	65	106	159430.5	26	0.624549603651213	159430.5	1	0.024021138601969732	2130.0	12	0.28825366322363677	2769.0	0	0.0	2769.0	0	0.0
info	65	107	160927.5	26	0.624549603651213	160927.5	63	1.513331731924093	2150.0	20	0.48042277203939465	2795.0	0	0.0	2795.0	0	0.0
info	65	108	162424.5	10	0.24021138601969733	162424.5	1	0.024021138601969732	2170.0	16	0.3843382176315157	2821.0	0	0.0	2821.0	0	0.0
info	65	109	163921.5	30	0.7206341580590919	163921.5	2	0.048042277203939464	2190.0	30	0.7206341580590919	2847.0	0	0.0	2847.0	0	0.0
info	65	110	165418.5	26	0.624549603651213	165418.5	63	1.513331731924093	2210.0	28	0.6725918808551525	2873.0	0	0.0	2873.0	0	0.0
info	65	111	166915.5	10	0.24021138601969733	166915.5	0	0.0	2230.0	28	0.6725918808551525	2899.0	0	0.0	2899.0	0	0.0
info	65	112	168412.5	29	0.6966130194571222	168412.5	0	0.0	2250.0	24	0.5765073264472735	2925.0	0	0.0	2925.0	0	0.0
info	65	113	169909.5	26	0.624549603651213	169909.5	65	1.5613740091280326	2270.0	25	0.6005284650492433	2951.0	0	0.0	2951.0	0	0.0
info	65	114	171406.5	9	0.21619024741772758	171406.5	1	0.024021138601969732	2290.0	29	0.6966130194571222	2977.0	0	0.0	2977.0	0	0.0
info	65	115	172903.5	29	0.6966130194571222	172903.5	0	0.0	2310.0	23	0.5524861878453038	3003.0	0	0.0	3003.0	0	0.0
info	65	116	174400.5	26	0.624549603651213	174400.5	62	1.4893105933221233	2330.0	19	0.4564016334374249	3029.0	0	0.0	3029.0	0	0.0
info	65	117	175897.5	7	0.16814797021378813	175897.5	3	0.07206341580590919	2350.0	18	0.43238049483545515	3055.0	0	0.0	3055.0	0	0.0
info	65	118	177394.5	28	0.6725918808551525	177394.5	0	0.0	2370.0	17	0.40835935623348546	3081.0	0	0.0	3081.0	0	0.0
info	65	119	178891.5	27	0.6485707422531828	178891.5	1	0.024021138601969732	2390.0	25	0.6005284650492433	3107.0	0	0.0	3107.0	0	0.0
info	65	120	180388.5	7	0.16814797021378813	180388.5	63	1.513331731924093	2410.0	20	0.48042277203939465	3133.0	0	0.0	3133.0	0	0.0
info	65	121	181885.5	23	0.5524861878453038	181885.5	1	0.024021138601969732	2430.0	21	0.5044439106413644	3159.0	0	0.0	3159.0	0	0.0
info	65	122	183382.5	26	0.624549603651213	183382.5	1	0.024021138601969732	2450.0	25	0.6005284650492433	3185.0	0	0.0	3185.0	0	0.0
info	65	123	184879.5	13	0.3122748018256065	184879.5	63	1.513331731924093	2470.0	29	0.6966130194571222	3211.0	0	0.0	3211.0	0	0.0
info	65	124	186376.5	18	0.43238049483545515	186376.5	0	0.0	2490.0	31	0.7446552966610617	3237.0	0	0.0	3237.0	0	0.0
info	65	125	187873.5	28	0.6725918808551525	187873.5	0	0.0	2510.0	30	0.7206341580590919	3263.0	0	0.0	3263.0	0	0.0
info	65	126	189370.5	19	0.4564016334374249	189370.5	65	1.5613740091280326	2530.0	18	0.43238049483545515	3289.0	0	0.0	3289.0	0	0.0
info	65	127	190867.5	11	0.2642325246216671	190867.5	0	0.0	2550.0	26	0.624549603651213	3315.0	0	0.0	3315.0	0	0.0
info	65	128	192364.5	26	0.624549603651213	192364.5	0	0.0	2570.0	18	0.43238049483545515	3341.0	0	0.0	3341.0	0	0.0
info	65	129	193861.5	27	0.6485707422531828	193861.5	64	1.5373528705260628	2590.0	20	0.48042277203939465	3367.0	0	0.0	3367.0	0	0.0
info	65	130	195358.5	7	0.16814797021378813	195358.5	1	0.024021138601969732	2610.0	20	0.48042277203939465	3393.0	0	0.0	3393.0	0	0.0
info	65	131	196855.5	26	0.624549603651213	196855.5	0	0.0	2630.0	19	0.4564016334374249	3419.0	0	0.0	3419.0	0	0.0
info	65	132	198352.5	25	0.6005284650492433	198352.5	0	0.0	2650.0	22	0.5284650492433342	3445.0	0	0.0	3445.0	0	0.0
info	65	133	199849.5	8	0.19216910881575786	199849.5	65	1.5613740091280326	2670.0	19	0.4564016334374249	3471.0	0	0.0	3471.0	0	0.0
info	65	134	201346.5	25	0.6005284650492433	201346.5	0	0.0	2690.0	29	0.6966130194571222	3497.0	0	0.0	3497.0	0	0.0
info	65	135	202843.5	28	0.6725918808551525	202843.5	2	0.048042277203939464	2710.0	30	0.7206341580590919	3523.0	0	0.0	3523.0	0	0.0
info	65	136	204340.5	12	0.28825366322363677	204340.5	63	1.513331731924093	2730.0	28	0.6725918808551525	3549.0	0	0.0	3549.0	0	0.0
info	65	137	205837.5	24	0.5765073264472735	205837.5	0	0.0	2750.0	12	0.28825366322363677	3575.0	0	0.0	3575.0	0	0.0
info	65	138	207334.5	26	0.624549603651213	207334.5	2	0.048042277203939464	2770.0	31	0.7446552966610617	3601.0	0	0.0	3601.0	0	0.0
info	65	139	208831.5	15	0.36031707902954596	208831.5	63	1.513331731924093	2790.0	23	0.5524861878453038	3627.0	0	0.0	3627.0	0	0.0
info	65	140	210328.5	19	0.4564016334374249	210328.5	0	0.0	2810.0	19	0.4564016334374249	3653.0	0	0.0	3653.0	0	0.0
info	65	141	211825.5	24	0.5765073264472735	211825.5	0	0.0	2830.0	34	0.8167187124669709	3679.0	0	0.0	3679.0	0	0.0
info	65	142	213322.5	22	0.5284650492433342	213322.5	65	1.5613740091280326	2850.0	23	0.5524861878453038	3705.0	0	0.0	3705.0	0	0.0
info	65	143	214819.5	14	0.33629594042757627	214819.5	0	0.0	2870.0	20	0.48042277203939465	3731.0	0	0.0	3731.0	0	0.0
info	65	144	216316.5	28	0.6725918808551525	216316.5	0	0.0	2890.0	21	0.5044439106413644	3757.0	0	0.0	3757.0	0	0.0
info	65	145	217813.5	23	0.5524861878453038	217813.5	65	1.5613740091280326	2910.0	36	0.8647609896709103	3783.0	0	0.0	3783.0	0	0.0
info	65	146	219310.5	12	0.28825366322363677	219310.5	1	0.024021138601969732	2930.0	25	0.6005284650492433	3809.0	0	0.0	3809.0	0	0.0
info	65	147	220807.5	27	0.6485707422531828	220807.5	0	0.0	2950.0	17	0.40835935623348546	3835.0	0	0.0	3835.0	0	0.0
info	65	148	222304.5	26	0.624549603651213	222304.5	64	1.5373528705260628	2970.0	27	0.6485707422531828	3861.0	0	0.0	3861.0	0	0.0
info	65	149	223801.5	13	0.3122748018256065	223801.5	1	0.024021138601969732	2990.0	25	0.6005284650492433	3887.0	0	0.0	3887.0	0	0.0
info	65	150	225298.5	27	0.6485707422531828	225298.5	0	0.0	3010.0	28	0.6725918808551525	3913.0	0	0.0	3913.0	0	0.0
info	65	151	226795.5	25	0.6005284650492433	226795.5	64	1.5373528705260628	3030.0	30	0.7206341580590919	3939.0	0	0.0	3939.0	0	0.0
info	65	152	228292.5	10	0.24021138601969733	228292.5	1	0.024021138601969732	3050.0	25	0.6005284650492433	3965.0	0	0.0	3965.0	0	0.0
info	65	153	229789.5	26	0.624549603651213	229789.5	1	0.024021138601969732	3070.0	23	0.5524861878453038	3991.0	0	0.0	3991.0	0	0.0
info	65	154	231286.5	26	0.624549603651213	231286.5	0	0.0	3090.0	29	0.6966130194571222	4017.0	0	0.0	4017.0	0	0.0
info	65	155	232783.5	8	0.19216910881575786	232783.5	64	1.5373528705260628	3110.0	18	0.43238049483545515	4043.0	0	0.0	4043.0	0	0.0
info	65	156	234280.5	23	0.5524861878453038	234280.5	0	0.0	3130.0	23	0.5524861878453038	4069.0	0	0.0	4069.0	0	0.0
info	65	157	235777.5	27	0.6485707422531828	235777.5	3	0.07206341580590919	3150.0	18	0.43238049483545515	4095.0	0	0.0	4095.0	0	0.0
info	65	158	237274.5	11	0.2642325246216671	237274.5	62	1.4893105933221233	3170.0	15	0.36031707902954596	4121.0	0	0.0	4121.0	0	0.0
info	65	159	238771.5	20	0.48042277203939465	238771.5	0	0.0	3190.0	24	0.5765073264472735	4147.0	0	0.0	4147.0	0	0.0
info	65	160	240268.5	22	0.5284650492433342	240268.5	0	0.0	3210.0	24	0.5765073264472735	4173.0	0	0.0	4173.0	0	0.0
info	65	161	241765.5	22	0.5284650492433342	241765.5	64	1.5373528705260628	3230.0	19	0.4564016334374249	4199.0	0	0.0	4199.0	0	0.0
info	65	162	243262.5	11	0.2642325246216671	243262.5	1	0.024021138601969732	3250.0	18	0.43238049483545515	4225.0	0	0.0	4225.0	0	0.0
info	65	163	244759.5	26	0.624549603651213	244759.5	0	0.0	3270.0	14	0.33629594042757627	4251.0	0	0.0	4251.0	0	0.0
info	65	164	246256.5	27	0.6485707422531828	246256.5	60	1.4412683161181838	3290.0	17	0.40835935623348546	4277.0	0	0.0	4277.0	0	0.0
info	65	165	247753.5	6	0.14412683161181838	247753.5	5	0.12010569300984866	3310.0	12	0.28825366322363677	4303.0	0	0.0	4303.0	0	0.0
info	65	166	249250.5	24	0.5765073264472735	249250.5	0	0.0	3330.0	9	0.21619024741772758	4329.0	0	0.0	4329.0	0	0.0
info	65	167	250747.5	23	0.5524861878453038	250747.5	0	0.0	3350.0	8	0.19216910881575786	4355.0	0	0.0	4355.0	0	0.0
info	65	168	252244.5	14	0.33629594042757627	252244.5	65	1.5613740091280326	3370.0	9	0.21619024741772758	4381.0	0	0.0	4381.0	0	0.0
info	65	169	253741.5	21	0.5044439106413644	253741.5	0	0.0	3390.0	7	0.16814797021378813	4407.0	0	0.0	4407.0	0	0.0
info	65	170	255238.5	25	0.6005284650492433	255238.5	1	0.024021138601969732	3410.0	5	0.12010569300984866	4433.0	0	0.0	4433.0	0	0.0
info	65	171	256735.5	19	0.4564016334374249	256735.5	64	1.5373528705260628	3430.0	6	0.14412683161181838	4459.0	0	0.0	4459.0	0	0.0
info	65	172	258232.5	12	0.28825366322363677	258232.5	0	0.0	3450.0	4	0.09608455440787893	4485.0	0	0.0	4485.0	0	0.0
info	65	173	259729.5	27	0.6485707422531828	259729.5	0	0.0	3470.0	2	0.048042277203939464	4511.0	0	0.0	4511.0	0	0.0
info	65	174	261226.5	25	0.6005284650492433	261226.5	64	1.5373528705260628	3490.0	11	0.2642325246216671	4537.0	0	0.0	4537.0	0	0.0
info	65	175	262723.5	9	0.21619024741772758	262723.5	1	0.024021138601969732	3510.0	9	0.21619024741772758	4563.0	0	0.0	4563.0	0	0.0
info	65	176	264220.5	26	0.624549603651213	264220.5	0	0.0	3530.0	2	0.048042277203939464	4589.0	0	0.0	4589.0	0	0.0
info	65	177	265717.5	30	0.7206341580590919	265717.5	64	1.5373528705260628	3550.0	0	0.0	4615.0	0	0.0	4615.0	0	0.0
info	65	178	267214.5	8	0.19216910881575786	267214.5	1	0.024021138601969732	3570.0	1	0.024021138601969732	4641.0	0	0.0	4641.0	0	0.0
info	65	179	268711.5	23	0.5524861878453038	268711.5	0	0.0	3590.0	1	0.024021138601969732	4667.0	0	0.0	4667.0	0	0.0
info	65	180	270208.5	24	0.5765073264472735	270208.5	0	0.0	3610.0	1	0.024021138601969732	4693.0	0	0.0	4693.0	0	0.0
info	65	181	271705.5	11	0.2642325246216671	271705.5	65	1.5613740091280326	3630.0	3	0.07206341580590919	4719.0	0	0.0	4719.0	0	0.0
info	65	182	273202.5	23	0.5524861878453038	273202.5	1	0.024021138601969732	3650.0	6	0.14412683161181838	4745.0	0	0.0	4745.0	0	0.0
info	65	183	274699.5	28	0.6725918808551525	274699.5	0	0.0	3670.0	1	0.024021138601969732	4771.0	0	0.0	4771.0	0	0.0
info	65	184	276196.5	14	0.33629594042757627	276196.5	64	1.5373528705260628	3690.0	0	0.0	4797.0	0	0.0	4797.0	0	0.0
info	65	185	277693.5	23	0.5524861878453038	277693.5	1	0.024021138601969732	3710.0	0	0.0	4823.0	0	0.0	4823.0	0	0.0
info	65	186	279190.5	30	0.7206341580590919	279190.5	0	0.0	3730.0	0	0.0	4849.0	0	0.0	4849.0	0	0.0
info	65	187	280687.5	12	0.28825366322363677	280687.5	64	1.5373528705260628	3750.0	1	0.024021138601969732	4875.0	0	0.0	4875.0	0	0.0
info	65	188	282184.5	22	0.5284650492433342	282184.5	0	0.0	3770.0	0	0.0	4901.0	0	0.0	4901.0	0	0.0
info	65	189	283681.5	28	0.6725918808551525	283681.5	0	0.0	3790.0	3	0.07206341580590919	4927.0	0	0.0	4927.0	0	0.0
info	65	190	285178.5	15	0.36031707902954596	285178.5	65	1.5613740091280326	3810.0	1	0.024021138601969732	4953.0	0	0.0	4953.0	0	0.0
info	65	191	286675.5	17	0.40835935623348546	286675.5	0	0.0	3830.0	0	0.0	4979.0	0	0.0	4979.0	0	0.0
info	65	192	288172.5	30	0.7206341580590919	288172.5	0	0.0	3850.0	0	0.0	5005.0	0	0.0	5005.0	0	0.0
info	65	193	289669.5	18	0.43238049483545515	289669.5	65	1.5613740091280326	3870.0	0	0.0	5031.0	0	0.0	5031.0	0	0.0
info	65	194	291166.5	19	0.4564016334374249	291166.5	0	0.0	3890.0	0	0.0	5057.0	0	0.0	5057.0	0	0.0
info	65	195	292663.5	28	0.6725918808551525	292663.5	0	0.0	3910.0	0	0.0	5083.0	0	0.0	5083.0	0	0.0
info	65	196	294160.5	18	0.43238049483545515	294160.5	65	1.5613740091280326	3930.0	0	0.0	5109.0	0	0.0	5109.0	0	0.0
info	65	197	295657.5	19	0.4564016334374249	295657.5	0	0.0	3950.0	0	0.0	5135.0	0	0.0	5135.0	0	0.0
info	65	198	297154.5	24	0.5765073264472735	297154.5	0	0.0	3970.0	0	0.0	5161.0	0	0.0	5161.0	0	0.0
info	65	199	298651.5	22	0.5284650492433342	298651.5	65	1.5613740091280326	3990.0	0	0.0	5187.0	0	0.0	5187.0	0	0.0
home	65	0	747.0	7	0.16814797021378813	747.0	0	0.0	9.0	133	3.1948114340619744	13.0	4163	100.0	13.0	4163	100.0
home	65	1	2241.0	54	1.2971414845063656	2241.0	12	0.28825366322363677	27.0	26	0.624549603651213	39.0	0	0.0	39.0	0	0.0
home	65	2	3735.0	6	0.14412683161181838	3735.0	55	1.3211626231083353	45.0	90	2.1619024741772757	65.0	0	0.0	65.0	0	0.0
home	65	3	5229.0	2	0.048042277203939464	5229.0	0	0.0	63.0	222	5.332692769637281	91.0	0	0.0	91.0	0	0.0
home	65	4	6723.0	58	1.3932260389142443	6723.0	0	0.0	81.0	558	13.40379533989911	117.0	0	0.0	117.0	0	0.0
home	65	5	8217.0	5	0.12010569300984866	8217.0	65	1.5613740091280326	99.0	800	19.216910881575785	143.0	0	0.0	143.0	0	0.0
home	65	6	9711.0	1	0.024021138601969732	9711.0	0	0.0	117.0	811	19.481143406197454	169.0	0	0.0	169.0	0	0.0
home	65	7	11205.0	0	0.0	11205.0	0	0.0	135.0	632	15.18135959644487	195.0	0	0.0	195.0	0	0.0
home	65	8	12699.0	64	1.5373528705260628	12699.0	65	1.5613740091280326	153.0	365	8.767715589718952	221.0	0	0.0	221.0	0	0.0
home	65	9	14193.0	0	0.0	14193.0	0	0.0	171.0	218	5.236608215229402	247.0	0	0.0	247.0	0	0.0
home	65	10	15687.0	0	0.0	15687.0	0	0.0	189.0	115	2.7624309392265194	273.0	0	0.0	273.0	0	0.0
home	65	11	17181.0	65	1.5613740091280326	17181.0	65	1.5613740091280326	207.0	79	1.8976699495556089	299.0	0	0.0	299.0	0	0.0
home	65	12	18675.0	1	0.024021138601969732	18675.0	0	0.0	225.0	30	0.7206341580590919	325.0	0	0.0	325.0	0	0.0
home	65	13	20169.0	1	0.024021138601969732	20169.0	0	0.0	243.0	7	0.16814797021378813	351.0	0	0.0	351.0	0	0.0
home	65	14	21663.0	63	1.513331731924093	21663.0	65	1.5613740091280326	261.0	1	0.024021138601969732	377.0	0	0.0	377.0	0	0.0
home	65	15	23157.0	0	0.0	23157.0	0	0.0	279.0	0	0.0	403.0	0	0.0	403.0	0	0.0
home	65	16	24651.0	1	0.024021138601969732	24651.0	0	0.0	297.0	0	0.0	429.0	0	0.0	429.0	0	0.0
home	65	17	26145.0	64	1.5373528705260628	26145.0	65	1.5613740091280326	315.0	2	0.048042277203939464	455.0	0	0.0	455.0	0	0.0
home	65	18	27639.0	0	0.0	27639.0	0	0.0	333.0	1	0.024021138601969732	481.0	0	0.0	481.0	0	0.0
home	65	19	29133.0	1	0.024021138601969732	29133.0	0	0.0	351.0	0	0.0	507.0	0	0.0	507.0	0	0.0
home	65	20	30627.0	64	1.5373528705260628	30627.0	65	1.5613740091280326	369.0	3	0.07206341580590919	533.0	0	0.0	533.0	0	0.0
home	65	21	32121.0	0	0.0	32121.0	0	0.0	387.0	1	0.024021138601969732	559.0	0	0.0	559.0	0	0.0
home	65	22	33615.0	0	0.0	33615.0	0	0.0	405.0	1	0.024021138601969732	585.0	0	0.0	585.0	0	0.0
home	65	23	35109.0	65	1.5613740091280326	35109.0	65	1.5613740091280326	423.0	0	0.0	611.0	0	0.0	611.0	0	0.0
home	65	24	36603.0	0	0.0	36603.0	0	0.0	441.0	0	0.0	637.0	0	0.0	637.0	0	0.0
home	65	25	38097.0	2	0.048042277203939464	38097.0	0	0.0	459.0	2	0.048042277203939464	663.0	0	0.0	663.0	0	0.0
home	65	26	39591.0	63	1.513331731924093	39591.0	65	1.5613740091280326	477.0	0	0.0	689.0	0	0.0	689.0	0	0.0
home	65	27	41085.0	0	0.0	41085.0	0	0.0	495.0	0	0.0	715.0	0	0.0	715.0	0	0.0
home	65	28	42579.0	0	0.0	42579.0	0	0.0	513.0	0	0.0	741.0	0	0.0	741.0	0	0.0
home	65	29	44073.0	64	1.5373528705260628	44073.0	64	1.5373528705260628	531.0	0	0.0	767.0	0	0.0	767.0	0	0.0
home	65	30	45567.0	1	0.024021138601969732	45567.0	1	0.024021138601969732	549.0	0	0.0	793.0	0	0.0	793.0	0	0.0
home	65	31	47061.0	2	0.048042277203939464	47061.0	0	0.0	567.0	0	0.0	819.0	0	0.0	819.0	0	0.0
home	65	32	48555.0	62	1.4893105933221233	48555.0	64	1.5373528705260628	585.0	0	0.0	845.0	0	0.0	845.0	0	0.0
home	65	33	50049.0	1	0.024021138601969732	50049.0	1	0.024021138601969732	603.0	1	0.024021138601969732	871.0	0	0.0	871.0	0	0.0
home	65	34	51543.0	0	0.0	51543.0	0	0.0	621.0	1	0.024021138601969732	897.0	0	0.0	897.0	0	0.0
home	65	35	53037.0	62	1.4893105933221233	53037.0	11	0.2642325246216671	639.0	0	0.0	923.0	0	0.0	923.0	0	0.0
home	65	36	54531.0	3	0.07206341580590919	54531.0	54	1.2971414845063656	657.0	0	0.0	949.0	0	0.0	949.0	0	0.0
home	65	37	56025.0	0	0.0	56025.0	0	0.0	675.0	0	0.0	975.0	0	0.0	975.0	0	0.0
home	65	38	57519.0	6	0.14412683161181838	57519.0	0	0.0	693.0	1	0.024021138601969732	1001.0	0	0.0	1001.0	0	0.0
home	65	39	59013.0	59	1.417247177516214	59013.0	65	1.5613740091280326	711.0	0	0.0	1027.0	0	0.0	1027.0	0	0.0
home	65	40	60507.0	0	0.0	60507.0	0	0.0	729.0	1	0.024021138601969732	1053.0	0	0.0	1053.0	0	0.0
home	65	41	62001.0	1	0.024021138601969732	62001.0	0	0.0	747.0	4	0.09608455440787893	1079.0	0	0.0	1079.0	0	0.0
home	65	42	63495.0	64	1.5373528705260628	63495.0	65	1.5613740091280326	765.0	0	0.0	1105.0	0	0.0	1105.0	0	0.0
home	65	43	64989.0	0	0.0	64989.0	0	0.0	783.0	1	0.024021138601969732	1131.0	0	0.0	1131.0	0	0.0
home	65	44	66483.0	0	0.0	66483.0	0	0.0	801.0	0	0.0	1157.0	0	0.0	1157.0	0	0.0
home	65	45	67977.0	65	1.5613740091280326	67977.0	65	1.5613740091280326	819.0	0	0.0	1183.0	0	0.0	1183.0	0	0.0
home	65	46	69471.0	0	0.0	69471.0	0	0.0	837.0	1	0.024021138601969732	1209.0	0	0.0	1209.0	0	0.0
home	65	47	70965.0	0	0.0	70965.0	0	0.0	855.0	0	0.0	1235.0	0	0.0	1235.0	0	0.0
home	65	48	72459.0	65	1.5613740091280326	72459.0	65	1.5613740091280326	873.0	1	0.024021138601969732	1261.0	0	0.0	1261.0	0	0.0
home	65	49	73953.0	0	0.0	73953.0	0	0.0	891.0	0	0.0	1287.0	0	0.0	1287.0	0	0.0
home	65	50	75447.0	0	0.0	75447.0	0	0.0	909.0	0	0.0	1313.0	0	0.0	1313.0	0	0.0
home	65	51	76941.0	65	1.5613740091280326	76941.0	65	1.5613740091280326	927.0	0	0.0	1339.0	0	0.0	1339.0	0	0.0
home	65	52	78435.0	0	0.0	78435.0	0	0.0	945.0	0	0.0	1365.0	0	0.0	1365.0	0	0.0
home	65	53	79929.0	0	0.0	79929.0	0	0.0	963.0	0	0.0	1391.0	0	0.0	1391.0	0	0.0
home	65	54	81423.0	65	1.5613740091280326	81423.0	65	1.5613740091280326	981.0	0	0.0	1417.0	0	0.0	1417.0	0	0.0
home	65	55	82917.0	2	0.048042277203939464	82917.0	0	0.0	999.0	1	0.024021138601969732	1443.0	0	0.0	1443.0	0	0.0
home	65	56	84411.0	0	0.0	84411.0	0	0.0	1017.0	2	0.048042277203939464	1469.0	0	0.0	1469.0	0	0.0
home	65	57	85905.0	63	1.513331731924093	85905.0	65	1.5613740091280326	1035.0	0	0.0	1495.0	0	0.0	1495.0	0	0.0
home	65	58	87399.0	0	0.0	87399.0	0	0.0	1053.0	2	0.048042277203939464	1521.0	0	0.0	1521.0	0	0.0
home	65	59	88893.0	0	0.0	88893.0	0	0.0	1071.0	0	0.0	1547.0	0	0.0	1547.0	0	0.0
home	65	60	90387.0	65	1.5613740091280326	90387.0	65	1.5613740091280326	1089.0	0	0.0	1573.0	0	0.0	1573.0	0	0.0
home	65	61	91881.0	2	0.048042277203939464	91881.0	0	0.0	1107.0	0	0.0	1599.0	0	0.0	1599.0	0	0.0
home	65	62	93375.0	0	0.0	93375.0	0	0.0	1125.0	0	0.0	1625.0	0	0.0	1625.0	0	0.0
home	65	63	94869.0	59	1.417247177516214	94869.0	4	0.09608455440787893	1143.0	5	0.12010569300984866	1651.0	0	0.0	1651.0	0	0.0
home	65	64	96363.0	4	0.09608455440787893	96363.0	61	1.4652894547201536	1161.0	0	0.0	1677.0	0	0.0	1677.0	0	0.0
home	65	65	97857.0	0	0.0	97857.0	0	0.0	1179.0	0	0.0	1703.0	0	0.0	1703.0	0	0.0
home	65	66	99351.0	2	0.048042277203939464	99351.0	0	0.0	1197.0	0	0.0	1729.0	0	0.0	1729.0	0	0.0
home	65	67	100845.0	63	1.513331731924093	100845.0	65	1.5613740091280326	1215.0	0	0.0	1755.0	0	0.0	1755.0	0	0.0
home	65	68	102339.0	0	0.0	102339.0	0	0.0	1233.0	0	0.0	1781.0	0	0.0	1781.0	0	0.0
home	65	69	103833.0	1	0.024021138601969732	103833.0	0	0.0	1251.0	0	0.0	1807.0	0	0.0	1807.0	0	0.0
home	65	70	105327.0	64	1.5373528705260628	105327.0	65	1.5613740091280326	1269.0	0	0.0	1833.0	0	0.0	1833.0	0	0.0
home	65	71	106821.0	0	0.0	106821.0	0	0.0	1287.0	2	0.048042277203939464	1859.0	0	0.0	1859.0	0	0.0
home	65	72	108315.0	1	0.024021138601969732	108315.0	0	0.0	1305.0	0	0.0	1885.0	0	0.0	1885.0	0	0.0
home	65	73	109809.0	64	1.5373528705260628	109809.0	65	1.5613740091280326	1323.0	1	0.024021138601969732	1911.0	0	0.0	1911.0	0	0.0
home	65	74	111303.0	0	0.0	111303.0	0	0.0	1341.0	0	0.0	1937.0	0	0.0	1937.0	0	0.0
home	65	75	112797.0	0	0.0	112797.0	0	0.0	1359.0	0	0.0	1963.0	0	0.0	1963.0	0	0.0
home	65	76	114291.0	65	1.5613740091280326	114291.0	65	1.5613740091280326	1377.0	2	0.048042277203939464	1989.0	0	0.0	1989.0	0	0.0
home	65	77	115785.0	1	0.024021138601969732	115785.0	0	0.0	1395.0	1	0.024021138601969732	2015.0	0	0.0	2015.0	0	0.0
home	65	78	117279.0	0	0.0	117279.0	0	0.0	1413.0	0	0.0	2041.0	0	0.0	2041.0	0	0.0
home	65	79	118773.0	64	1.5373528705260628	118773.0	65	1.5613740091280326	1431.0	0	0.0	2067.0	0	0.0	2067.0	0	0.0
home	65	80	120267.0	0	0.0	120267.0	0	0.0	1449.0	0	0.0	2093.0	0	0.0	2093.0	0	0.0
home	65	81	121761.0	0	0.0	121761.0	0	0.0	1467.0	3	0.07206341580590919	2119.0	0	0.0	2119.0	0	0.0
home	65	82	123255.0	65	1.5613740091280326	123255.0	65	1.5613740091280326	1485.0	2	0.048042277203939464	2145.0	0	0.0	2145.0	0	0.0
home	65	83	124749.0	0	0.0	124749.0	0	0.0	1503.0	0	0.0	2171.0	0	0.0	2171.0	0	0.0
home	65	84	126243.0	0	0.0	126243.0	0	0.0	1521.0	1	0.024021138601969732	2197.0	0	0.0	2197.0	0	0.0
home	65	85	127737.0	65	1.5613740091280326	127737.0	65	1.5613740091280326	1539.0	0	0.0	2223.0	0	0.0	2223.0	0	0.0
home	65	86	129231.0	0	0.0	129231.0	0	0.0	1557.0	0	0.0	2249.0	0	0.0	2249.0	0	0.0
home	65	87	130725.0	0	0.0	130725.0	0	0.0	1575.0	0	0.0	2275.0	0	0.0	2275.0	0	0.0
home	65	88	132219.0	65	1.5613740091280326	132219.0	65	1.5613740091280326	1593.0	0	0.0	2301.0	0	0.0	2301.0	0	0.0
home	65	89	133713.0	0	0.0	133713.0	0	0.0	1611.0	0	0.0	2327.0	0	0.0	2327.0	0	0.0
home	65	90	135207.0	0	0.0	135207.0	0	0.0	1629.0	1	0.024021138601969732	2353.0	0	0.0	2353.0	0	0.0
home	65	91	136701.0	1	0.024021138601969732	136701.0	0	0.0	1647.0	1	0.024021138601969732	2379.0	0	0.0	2379.0	0	0.0
home	65	92	138195.0	64	1.5373528705260628	138195.0	65	1.5613740091280326	1665.0	0	0.0	2405.0	0	0.0	2405.0	0	0.0
home	65	93	139689.0	2	0.048042277203939464	139689.0	0	0.0	1683.0	0	0.0	2431.0	0	0.0	2431.0	0	0.0
home	65	94	141183.0	1	0.024021138601969732	141183.0	0	0.0	1701.0	0	0.0	2457.0	0	0.0	2457.0	0	0.0
home	65	95	142677.0	62	1.4893105933221233	142677.0	65	1.5613740091280326	1719.0	0	0.0	2483.0	0	0.0	2483.0	0	0.0
home	65	96	144171.0	1	0.024021138601969732	144171.0	0	0.0	1737.0	0	0.0	2509.0	0	0.0	2509.0	0	0.0
home	65	97	145665.0	0	0.0	145665.0	0	0.0	1755.0	0	0.0	2535.0	0	0.0	2535.0	0	0.0
home	65	98	147159.0	64	1.5373528705260628	147159.0	65	1.5613740091280326	1773.0	1	0.024021138601969732	2561.0	0	0.0	2561.0	0	0.0
home	65	99	148653.0	0	0.0	148653.0	0	0.0	1791.0	0	0.0	2587.0	0	0.0	2587.0	0	0.0
home	65	100	150147.0	2	0.048042277203939464	150147.0	0	0.0	1809.0	1	0.024021138601969732	2613.0	0	0.0	2613.0	0	0.0
home	65	101	151641.0	63	1.513331731924093	151641.0	65	1.5613740091280326	1827.0	0	0.0	2639.0	0	0.0	2639.0	0	0.0
home	65	102	153135.0	0	0.0	153135.0	0	0.0	1845.0	0	0.0	2665.0	0	0.0	2665.0	0	0.0
home	65	103	154629.0	0	0.0	154629.0	0	0.0	1863.0	1	0.024021138601969732	2691.0	0	0.0	2691.0	0	0.0
home	65	104	156123.0	65	1.5613740091280326	156123.0	65	1.5613740091280326	1881.0	0	0.0	2717.0	0	0.0	2717.0	0	0.0
home	65	105	157617.0	0	0.0	157617.0	0	0.0	1899.0	0	0.0	2743.0	0	0.0	2743.0	0	0.0
home	65	106	159111.0	1	0.024021138601969732	159111.0	0	0.0	1917.0	0	0.0	2769.0	0	0.0	2769.0	0	0.0
home	65	107	160605.0	64	1.5373528705260628	160605.0	65	1.5613740091280326	1935.0	0	0.0	2795.0	0	0.0	2795.0	0	0.0
home	65	108	162099.0	2	0.048042277203939464	162099.0	0	0.0	1953.0	1	0.024021138601969732	2821.0	0	0.0	2821.0	0	0.0
home	65	109	163593.0	0	0.0	163593.0	0	0.0	1971.0	0	0.0	2847.0	0	0.0	2847.0	0	0.0
home	65	110	165087.0	63	1.513331731924093	165087.0	65	1.5613740091280326	1989.0	0	0.0	2873.0	0	0.0	2873.0	0	0.0
home	65	111	166581.0	0	0.0	166581.0	0	0.0	2007.0	0	0.0	2899.0	0	0.0	2899.0	0	0.0
home	65	112	168075.0	0	0.0	168075.0	0	0.0	2025.0	1	0.024021138601969732	2925.0	0	0.0	2925.0	0	0.0
home	65	113	169569.0	65	1.5613740091280326	169569.0	65	1.5613740091280326	2043.0	0	0.0	2951.0	0	0.0	2951.0	0	0.0
home	65	114	171063.0	1	0.024021138601969732	171063.0	0	0.0	2061.0	0	0.0	2977.0	0	0.0	2977.0	0	0.0
home	65	115	172557.0	0	0.0	172557.0	0	0.0	2079.0	0	0.0	3003.0	0	0.0	3003.0	0	0.0
home	65	116	174051.0	64	1.5373528705260628	174051.0	65	1.5613740091280326	2097.0	0	0.0	3029.0	0	0.0	3029.0	0	0.0
home	65	117	175545.0	1	0.024021138601969732	175545.0	0	0.0	2115.0	0	0.0	3055.0	0	0.0	3055.0	0	0.0
home	65	118	177039.0	0	0.0	177039.0	0	0.0	2133.0	0	0.0	3081.0	0	0.0	3081.0	0	0.0
home	65	119	178533.0	63	1.513331731924093	178533.0	64	1.5373528705260628	2151.0	0	0.0	3107.0	0	0.0	3107.0	0	0.0
home	65	120	180027.0	1	0.024021138601969732	180027.0	1	0.024021138601969732	2169.0	0	0.0	3133.0	0	0.0	3133.0	0	0.0
home	65	121	181521.0	1	0.024021138601969732	181521.0	0	0.0	2187.0	0	0.0	3159.0	0	0.0	3159.0	0	0.0
home	65	122	183015.0	1	0.024021138601969732	183015.0	0	0.0	2205.0	0	0.0	3185.0	0	0.0	3185.0	0	0.0
home	65	123	184509.0	63	1.513331731924093	184509.0	65	1.5613740091280326	2223.0	1	0.024021138601969732	3211.0	0	0.0	3211.0	0	0.0
home	65	124	186003.0	0	0.0	186003.0	0	0.0	2241.0	0	0.0	3237.0	0	0.0	3237.0	0	0.0
home	65	125	187497.0	0	0.0	187497.0	0	0.0	2259.0	1	0.024021138601969732	3263.0	0	0.0	3263.0	0	0.0
home	65	126	188991.0	65	1.5613740091280326	188991.0	65	1.5613740091280326	2277.0	0	0.0	3289.0	0	0.0	3289.0	0	0.0
home	65	127	190485.0	0	0.0	190485.0	0	0.0	2295.0	0	0.0	3315.0	0	0.0	3315.0	0	0.0
home	65	128	191979.0	0	0.0	191979.0	0	0.0	2313.0	2	0.048042277203939464	3341.0	0	0.0	3341.0	0	0.0
home	65	129	193473.0	65	1.5613740091280326	193473.0	65	1.5613740091280326	2331.0	0	0.0	3367.0	0	0.0	3367.0	0	0.0
home	65	130	194967.0	0	0.0	194967.0	0	0.0	2349.0	0	0.0	3393.0	0	0.0	3393.0	0	0.0
home	65	131	196461.0	0	0.0	196461.0	0	0.0	2367.0	0	0.0	3419.0	0	0.0	3419.0	0	0.0
home	65	132	197955.0	0	0.0	197955.0	0	0.0	2385.0	1	0.024021138601969732	3445.0	0	0.0	3445.0	0	0.0
home	65	133	199449.0	65	1.5613740091280326	199449.0	65	1.5613740091280326	2403.0	2	0.048042277203939464	3471.0	0	0.0	3471.0	0	0.0
home	65	134	200943.0	0	0.0	200943.0	0	0.0	2421.0	0	0.0	3497.0	0	0.0	3497.0	0	0.0
home	65	135	202437.0	2	0.048042277203939464	202437.0	0	0.0	2439.0	0	0.0	3523.0	0	0.0	3523.0	0	0.0
home	65	136	203931.0	63	1.513331731924093	203931.0	65	1.5613740091280326	2457.0	0	0.0	3549.0	0	0.0	3549.0	0	0.0
home	65	137	205425.0	0	0.0	205425.0	0	0.0	2475.0	0	0.0	3575.0	0	0.0	3575.0	0	0.0
home	65	138	206919.0	2	0.048042277203939464	206919.0	0	0.0	2493.0	0	0.0	3601.0	0	0.0	3601.0	0	0.0
home	65	139	208413.0	63	1.513331731924093	208413.0	65	1.5613740091280326	2511.0	1	0.024021138601969732	3627.0	0	0.0	3627.0	0	0.0
home	65	140	209907.0	0	0.0	209907.0	0	0.0	2529.0	0	0.0	3653.0	0	0.0	3653.0	0	0.0
home	65	141	211401.0	0	0.0	211401.0	0	0.0	2547.0	2	0.048042277203939464	3679.0	0	0.0	3679.0	0	0.0
home	65	142	212895.0	65	1.5613740091280326	212895.0	65	1.5613740091280326	2565.0	1	0.024021138601969732	3705.0	0	0.0	3705.0	0	0.0
home	65	143	214389.0	0	0.0	214389.0	0	0.0	2583.0	0	0.0	3731.0	0	0.0	3731.0	0	0.0
home	65	144	215883.0	0	0.0	215883.0	0	0.0	2601.0	2	0.048042277203939464	3757.0	0	0.0	3757.0	0	0.0
home	65	145	217377.0	65	1.5613740091280326	217377.0	65	1.5613740091280326	2619.0	0	0.0	3783.0	0	0.0	3783.0	0	0.0
home	65	146	218871.0	1	0.024021138601969732	218871.0	0	0.0	2637.0	0	0.0	3809.0	0	0.0	3809.0	0	0.0
home	65	147	220365.0	0	0.0	220365.0	0	0.0	2655.0	0	0.0	3835.0	0	0.0	3835.0	0	0.0
home	65	148	221859.0	64	1.5373528705260628	221859.0	65	1.5613740091280326	2673.0	0	0.0	3861.0	0	0.0	3861.0	0	0.0
home	65	149	223353.0	1	0.024021138601969732	223353.0	1	0.024021138601969732	2691.0	0	0.0	3887.0	0	0.0	3887.0	0	0.0
home	65	150	224847.0	2	0.048042277203939464	224847.0	0	0.0	2709.0	0	0.0	3913.0	0	0.0	3913.0	0	0.0
home	65	151	226341.0	63	1.513331731924093	226341.0	65	1.5613740091280326	2727.0	2	0.048042277203939464	3939.0	0	0.0	3939.0	0	0.0
home	65	152	227835.0	0	0.0	227835.0	0	0.0	2745.0	0	0.0	3965.0	0	0.0	3965.0	0	0.0
home	65	153	229329.0	1	0.024021138601969732	229329.0	0	0.0	2763.0	0	0.0	3991.0	0	0.0	3991.0	0	0.0
home	65	154	230823.0	59	1.417247177516214	230823.0	1	0.024021138601969732	2781.0	0	0.0	4017.0	0	0.0	4017.0	0	0.0
home	65	155	232317.0	5	0.12010569300984866	232317.0	64	1.5373528705260628	2799.0	2	0.048042277203939464	4043.0	0	0.0	4043.0	0	0.0
home	65	156	233811.0	0	0.0	233811.0	0	0.0	2817.0	1	0.024021138601969732	4069.0	0	0.0	4069.0	0	0.0
home	65	157	235305.0	3	0.07206341580590919	235305.0	0	0.0	2835.0	0	0.0	4095.0	0	0.0	4095.0	0	0.0
home	65	158	236799.0	62	1.4893105933221233	236799.0	65	1.5613740091280326	2853.0	0	0.0	4121.0	0	0.0	4121.0	0	0.0
home	65	159	238293.0	0	0.0	238293.0	0	0.0	2871.0	0	0.0	4147.0	0	0.0	4147.0	0	0.0
home	65	160	239787.0	0	0.0	239787.0	0	0.0	2889.0	0	0.0	4173.0	0	0.0	4173.0	0	0.0
home	65	161	241281.0	65	1.5613740091280326	241281.0	65	1.5613740091280326	2907.0	1	0.024021138601969732	4199.0	0	0.0	4199.0	0	0.0
home	65	162	242775.0	0	0.0	242775.0	0	0.0	2925.0	0	0.0	4225.0	0	0.0	4225.0	0	0.0
home	65	163	244269.0	0	0.0	244269.0	0	0.0	2943.0	0	0.0	4251.0	0	0.0	4251.0	0	0.0
home	65	164	245763.0	63	1.513331731924093	245763.0	60	1.4412683161181838	2961.0	0	0.0	4277.0	0	0.0	4277.0	0	0.0
home	65	165	247257.0	2	0.048042277203939464	247257.0	5	0.12010569300984866	2979.0	0	0.0	4303.0	0	0.0	4303.0	0	0.0
home	65	166	248751.0	0	0.0	248751.0	0	0.0	2997.0	0	0.0	4329.0	0	0.0	4329.0	0	0.0
home	65	167	250245.0	0	0.0	250245.0	0	0.0	3015.0	0	0.0	4355.0	0	0.0	4355.0	0	0.0
home	65	168	251739.0	65	1.5613740091280326	251739.0	65	1.5613740091280326	3033.0	0	0.0	4381.0	0	0.0	4381.0	0	0.0
home	65	169	253233.0	0	0.0	253233.0	0	0.0	3051.0	0	0.0	4407.0	0	0.0	4407.0	0	0.0
home	65	170	254727.0	1	0.024021138601969732	254727.0	0	0.0	3069.0	0	0.0	4433.0	0	0.0	4433.0	0	0.0
home	65	171	256221.0	64	1.5373528705260628	256221.0	65	1.5613740091280326	3087.0	0	0.0	4459.0	0	0.0	4459.0	0	0.0
home	65	172	257715.0	0	0.0	257715.0	0	0.0	3105.0	0	0.0	4485.0	0	0.0	4485.0	0	0.0
home	65	173	259209.0	0	0.0	259209.0	0	0.0	3123.0	0	0.0	4511.0	0	0.0	4511.0	0	0.0
home	65	174	260703.0	65	1.5613740091280326	260703.0	64	1.5373528705260628	3141.0	1	0.024021138601969732	4537.0	0	0.0	4537.0	0	0.0
home	65	175	262197.0	0	0.0	262197.0	1	0.024021138601969732	3159.0	0	0.0	4563.0	0	0.0	4563.0	0	0.0
home	65	176	263691.0	0	0.0	263691.0	0	0.0	3177.0	0	0.0	4589.0	0	0.0	4589.0	0	0.0
home	65	177	265185.0	64	1.5373528705260628	265185.0	64	1.5373528705260628	3195.0	0	0.0	4615.0	0	0.0	4615.0	0	0.0
home	65	178	266679.0	1	0.024021138601969732	266679.0	1	0.024021138601969732	3213.0	0	0.0	4641.0	0	0.0	4641.0	0	0.0
home	65	179	268173.0	0	0.0	268173.0	0	0.0	3231.0	0	0.0	4667.0	0	0.0	4667.0	0	0.0
home	65	180	269667.0	0	0.0	269667.0	0	0.0	3249.0	0	0.0	4693.0	0	0.0	4693.0	0	0.0
home	65	181	271161.0	65	1.5613740091280326	271161.0	65	1.5613740091280326	3267.0	0	0.0	4719.0	0	0.0	4719.0	0	0.0
home	65	182	272655.0	1	0.024021138601969732	272655.0	0	0.0	3285.0	2	0.048042277203939464	4745.0	0	0.0	4745.0	0	0.0
home	65	183	274149.0	0	0.0	274149.0	0	0.0	3303.0	0	0.0	4771.0	0	0.0	4771.0	0	0.0
home	65	184	275643.0	64	1.5373528705260628	275643.0	65	1.5613740091280326	3321.0	2	0.048042277203939464	4797.0	0	0.0	4797.0	0	0.0
home	65	185	277137.0	1	0.024021138601969732	277137.0	0	0.0	3339.0	0	0.0	4823.0	0	0.0	4823.0	0	0.0
home	65	186	278631.0	0	0.0	278631.0	0	0.0	3357.0	0	0.0	4849.0	0	0.0	4849.0	0	0.0
home	65	187	280125.0	64	1.5373528705260628	280125.0	65	1.5613740091280326	3375.0	0	0.0	4875.0	0	0.0	4875.0	0	0.0
home	65	188	281619.0	0	0.0	281619.0	0	0.0	3393.0	0	0.0	4901.0	0	0.0	4901.0	0	0.0
home	65	189	283113.0	0	0.0	283113.0	0	0.0	3411.0	2	0.048042277203939464	4927.0	0	0.0	4927.0	0	0.0
home	65	190	284607.0	65	1.5613740091280326	284607.0	65	1.5613740091280326	3429.0	0	0.0	4953.0	0	0.0	4953.0	0	0.0
home	65	191	286101.0	0	0.0	286101.0	0	0.0	3447.0	0	0.0	4979.0	0	0.0	4979.0	0	0.0
home	65	192	287595.0	0	0.0	287595.0	0	0.0	3465.0	0	0.0	5005.0	0	0.0	5005.0	0	0.0
home	65	193	289089.0	65	1.5613740091280326	289089.0	65	1.5613740091280326	3483.0	0	0.0	5031.0	0	0.0	5031.0	0	0.0
home	65	194	290583.0	0	0.0	290583.0	0	0.0	3501.0	0	0.0	5057.0	0	0.0	5057.0	0	0.0
home	65	195	292077.0	0	0.0	292077.0	0	0.0	3519.0	0	0.0	5083.0	0	0.0	5083.0	0	0.0
home	65	196	293571.0	65	1.5613740091280326	293571.0	65	1.5613740091280326	3537.0	0	0.0	5109.0	0	0.0	5109.0	0	0.0
home	65	197	295065.0	0	0.0	295065.0	0	0.0	3555.0	0	0.0	5135.0	0	0.0	5135.0	0	0.0
home	65	198	296559.0	0	0.0	296559.0	0	0.0	3573.0	0	0.0	5161.0	0	0.0	5161.0	0	0.0
home	65	199	298053.0	65	1.5613740091280326	298053.0	65	1.5613740091280326	3591.0	0	0.0	5187.0	0	0.0	5187.0	0	0.0
