'Request type'	'Load'	'Bucket'	'Start time'	'Absolute'	'Percent of requests'	'End time'	'Absolute'	'Percent of requests'	'Residence time'	'Absolute'	'Percent of requests'	'Theor. think time'	'Absolute'	'Percent of requests'	'Actual think time'	'Absolute'	'Percent of requests'
login	6	0	751.0	8	0.5693950177935944	751.0	8	0.5693950177935944	1.5	0	0.0	3.0	1405	100.00000000000001	3.0	1405	100.00000000000001
login	6	1	2253.0	9	0.6405693950177936	2253.0	9	0.6405693950177936	4.5	0	0.0	9.0	0	0.0	9.0	0	0.0
login	6	2	3755.0	7	0.4982206405693951	3755.0	7	0.4982206405693951	7.5	0	0.0	15.0	0	0.0	15.0	0	0.0
login	6	3	5257.0	9	0.6405693950177936	5257.0	6	0.4270462633451958	10.5	0	0.0	21.0	0	0.0	21.0	0	0.0
login	6	4	6759.0	9	0.6405693950177936	6759.0	10	0.7117437722419929	13.5	0	0.0	27.0	0	0.0	27.0	0	0.0
login	6	5	8261.0	6	0.4270462633451958	8261.0	8	0.5693950177935944	16.5	0	0.0	33.0	0	0.0	33.0	0	0.0
login	6	6	9763.0	7	0.4982206405693951	9763.0	7	0.4982206405693951	19.5	0	0.0	39.0	0	0.0	39.0	0	0.0
login	6	7	11265.0	11	0.7829181494661922	11265.0	10	0.7117437722419929	22.5	0	0.0	45.0	0	0.0	45.0	0	0.0
login	6	8	12767.0	6	0.4270462633451958	12767.0	7	0.4982206405693951	25.5	0	0.0	51.0	0	0.0	51.0	0	0.0
login	6	9	14269.0	7	0.4982206405693951	14269.0	7	0.4982206405693951	28.5	0	0.0	57.0	0	0.0	57.0	0	0.0
login	6	10	15771.0	10	0.7117437722419929	15771.0	9	0.6405693950177936	31.5	0	0.0	63.0	0	0.0	63.0	0	0.0
login	6	11	17273.0	7	0.4982206405693951	17273.0	8	0.5693950177935944	34.5	0	0.0	69.0	0	0.0	69.0	0	0.0
login	6	12	18775.0	7	0.4982206405693951	18775.0	6	0.4270462633451958	37.5	0	0.0	75.0	0	0.0	75.0	0	0.0
login	6	13	20277.0	9	0.6405693950177936	20277.0	9	0.6405693950177936	40.5	0	0.0	81.0	0	0.0	81.0	0	0.0
login	6	14	21779.0	8	0.5693950177935944	21779.0	9	0.6405693950177936	43.5	0	0.0	87.0	0	0.0	87.0	0	0.0
login	6	15	23281.0	7	0.4982206405693951	23281.0	6	0.4270462633451958	46.5	0	0.0	93.0	0	0.0	93.0	0	0.0
login	6	16	24783.0	8	0.5693950177935944	24783.0	9	0.6405693950177936	49.5	0	0.0	99.0	0	0.0	99.0	0	0.0
login	6	17	26285.0	9	0.6405693950177936	26285.0	9	0.6405693950177936	52.5	0	0.0	105.0	0	0.0	105.0	0	0.0
login	6	18	27787.0	6	0.4270462633451958	27787.0	6	0.4270462633451958	55.5	0	0.0	111.0	0	0.0	111.0	0	0.0
login	6	19	29289.0	9	0.6405693950177936	29289.0	7	0.4982206405693951	58.5	0	0.0	117.0	0	0.0	117.0	0	0.0
login	6	20	30791.0	9	0.6405693950177936	30791.0	10	0.7117437722419929	61.5	0	0.0	123.0	0	0.0	123.0	0	0.0
login	6	21	32293.0	6	0.4270462633451958	32293.0	7	0.4982206405693951	64.5	0	0.0	129.0	0	0.0	129.0	0	0.0
login	6	22	33795.0	7	0.4982206405693951	33795.0	6	0.4270462633451958	67.5	0	0.0	135.0	0	0.0	135.0	0	0.0
login	6	23	35297.0	11	0.7829181494661922	35297.0	10	0.7117437722419929	70.5	0	0.0	141.0	0	0.0	141.0	0	0.0
login	6	24	36799.0	6	0.4270462633451958	36799.0	8	0.5693950177935944	73.5	0	0.0	147.0	0	0.0	147.0	0	0.0
login	6	25	38301.0	6	0.4270462633451958	38301.0	6	0.4270462633451958	76.5	6	0.4270462633451958	153.0	0	0.0	153.0	0	0.0
login	6	26	39803.0	10	0.7117437722419929	39803.0	9	0.6405693950177936	79.5	22	1.5658362989323844	159.0	0	0.0	159.0	0	0.0
login	6	27	41305.0	8	0.5693950177935944	41305.0	9	0.6405693950177936	82.5	22	1.5658362989323844	165.0	0	0.0	165.0	0	0.0
login	6	28	42807.0	6	0.4270462633451958	42807.0	6	0.4270462633451958	85.5	14	0.9964412811387902	171.0	0	0.0	171.0	0	0.0
login	6	29	44309.0	10	0.7117437722419929	44309.0	9	0.6405693950177936	88.5	15	1.0676156583629894	177.0	0	0.0	177.0	0	0.0
login	6	30	45811.0	8	0.5693950177935944	45811.0	9	0.6405693950177936	91.5	20	1.4234875444839858	183.0	0	0.0	183.0	0	0.0
login	6	31	47313.0	6	0.4270462633451958	47313.0	6	0.4270462633451958	94.5	13	0.9252669039145909	189.0	0	0.0	189.0	0	0.0
login	6	32	48815.0	8	0.5693950177935944	48815.0	6	0.4270462633451958	97.5	12	0.8540925266903916	195.0	0	0.0	195.0	0	0.0
login	6	33	50317.0	10	0.7117437722419929	50317.0	10	0.7117437722419929	100.5	15	1.0676156583629894	201.0	0	0.0	201.0	0	0.0
login	6	34	51819.0	6	0.4270462633451958	51819.0	8	0.5693950177935944	103.5	18	1.2811387900355873	207.0	0	0.0	207.0	0	0.0
login	6	35	53321.0	6	0.4270462633451958	53321.0	6	0.4270462633451958	106.5	11	0.7829181494661922	213.0	0	0.0	213.0	0	0.0
login	6	36	54823.0	7	0.4982206405693951	54823.0	7	0.4982206405693951	109.5	14	0.9964412811387902	219.0	0	0.0	219.0	0	0.0
login	6	37	56325.0	11	0.7829181494661922	56325.0	6	0.4270462633451958	112.5	15	1.0676156583629894	225.0	0	0.0	225.0	0	0.0
login	6	38	57827.0	6	0.4270462633451958	57827.0	8	0.5693950177935944	115.5	11	0.7829181494661922	231.0	0	0.0	231.0	0	0.0
login	6	39	59329.0	7	0.4982206405693951	59329.0	10	0.7117437722419929	118.5	12	0.8540925266903916	237.0	0	0.0	237.0	0	0.0
login	6	40	60831.0	6	0.4270462633451958	60831.0	6	0.4270462633451958	121.5	27	1.921708185053381	243.0	0	0.0	243.0	0	0.0
login	6	41	62333.0	6	0.4270462633451958	62333.0	6	0.4270462633451958	124.5	22	1.5658362989323844	249.0	0	0.0	249.0	0	0.0
login	6	42	63835.0	6	0.4270462633451958	63835.0	6	0.4270462633451958	127.5	19	1.3523131672597866	255.0	0	0.0	255.0	0	0.0
login	6	43	65337.0	6	0.4270462633451958	65337.0	6	0.4270462633451958	130.5	20	1.4234875444839858	261.0	0	0.0	261.0	0	0.0
login	6	44	66839.0	6	0.4270462633451958	66839.0	6	0.4270462633451958	133.5	21	1.4946619217081851	267.0	0	0.0	267.0	0	0.0
login	6	45	68341.0	11	0.7829181494661922	68341.0	6	0.4270462633451958	136.5	17	1.209964412811388	273.0	0	0.0	273.0	0	0.0
login	6	46	69843.0	7	0.4982206405693951	69843.0	6	0.4270462633451958	139.5	14	0.9964412811387902	279.0	0	0.0	279.0	0	0.0
login	6	47	71345.0	6	0.4270462633451958	71345.0	7	0.4982206405693951	142.5	12	0.8540925266903916	285.0	0	0.0	285.0	0	0.0
login	6	48	72847.0	6	0.4270462633451958	72847.0	9	0.6405693950177936	145.5	13	0.9252669039145909	291.0	0	0.0	291.0	0	0.0
login	6	49	74349.0	6	0.4270462633451958	74349.0	8	0.5693950177935944	148.5	14	0.9964412811387902	297.0	0	0.0	297.0	0	0.0
login	6	50	75851.0	6	0.4270462633451958	75851.0	6	0.4270462633451958	151.5	12	0.8540925266903916	303.0	0	0.0	303.0	0	0.0
login	6	51	77353.0	6	0.4270462633451958	77353.0	6	0.4270462633451958	154.5	19	1.3523131672597866	309.0	0	0.0	309.0	0	0.0
login	6	52	78855.0	6	0.4270462633451958	78855.0	6	0.4270462633451958	157.5	16	1.1387900355871887	315.0	0	0.0	315.0	0	0.0
login	6	53	80357.0	6	0.4270462633451958	80357.0	6	0.4270462633451958	160.5	12	0.8540925266903916	321.0	0	0.0	321.0	0	0.0
login	6	54	81859.0	6	0.4270462633451958	81859.0	6	0.4270462633451958	163.5	9	0.6405693950177936	327.0	0	0.0	327.0	0	0.0
login	6	55	83361.0	12	0.8540925266903916	83361.0	7	0.4982206405693951	166.5	11	0.7829181494661922	333.0	0	0.0	333.0	0	0.0
login	6	56	84863.0	6	0.4270462633451958	84863.0	6	0.4270462633451958	169.5	9	0.6405693950177936	339.0	0	0.0	339.0	0	0.0
login	6	57	86365.0	6	0.4270462633451958	86365.0	6	0.4270462633451958	172.5	8	0.5693950177935944	345.0	0	0.0	345.0	0	0.0
login	6	58	87867.0	6	0.4270462633451958	87867.0	8	0.5693950177935944	175.5	5	0.35587188612099646	351.0	0	0.0	351.0	0	0.0
login	6	59	89369.0	6	0.4270462633451958	89369.0	9	0.6405693950177936	178.5	6	0.4270462633451958	357.0	0	0.0	357.0	0	0.0
login	6	60	90871.0	6	0.4270462633451958	90871.0	6	0.4270462633451958	181.5	12	0.8540925266903916	363.0	0	0.0	363.0	0	0.0
login	6	61	92373.0	6	0.4270462633451958	92373.0	6	0.4270462633451958	184.5	9	0.6405693950177936	369.0	0	0.0	369.0	0	0.0
login	6	62	93875.0	7	0.4982206405693951	93875.0	7	0.4982206405693951	187.5	10	0.7117437722419929	375.0	0	0.0	375.0	0	0.0
login	6	63	95377.0	11	0.7829181494661922	95377.0	8	0.5693950177935944	190.5	10	0.7117437722419929	381.0	0	0.0	381.0	0	0.0
login	6	64	96879.0	6	0.4270462633451958	96879.0	9	0.6405693950177936	193.5	11	0.7829181494661922	387.0	0	0.0	387.0	0	0.0
login	6	65	98381.0	7	0.4982206405693951	98381.0	7	0.4982206405693951	196.5	4	0.2846975088967972	393.0	0	0.0	393.0	0	0.0
login	6	66	99883.0	8	0.5693950177935944	99883.0	8	0.5693950177935944	199.5	14	0.9964412811387902	399.0	0	0.0	399.0	0	0.0
login	6	67	101385.0	9	0.6405693950177936	101385.0	6	0.4270462633451958	202.5	9	0.6405693950177936	405.0	0	0.0	405.0	0	0.0
login	6	68	102887.0	7	0.4982206405693951	102887.0	10	0.7117437722419929	205.5	16	1.1387900355871887	411.0	0	0.0	411.0	0	0.0
login	6	69	104389.0	8	0.5693950177935944	104389.0	8	0.5693950177935944	208.5	15	1.0676156583629894	417.0	0	0.0	417.0	0	0.0
login	6	70	105891.0	7	0.4982206405693951	105891.0	6	0.4270462633451958	211.5	10	0.7117437722419929	423.0	0	0.0	423.0	0	0.0
login	6	71	107393.0	9	0.6405693950177936	107393.0	9	0.6405693950177936	214.5	7	0.4982206405693951	429.0	0	0.0	429.0	0	0.0
login	6	72	108895.0	8	0.5693950177935944	108895.0	7	0.4982206405693951	217.5	12	0.8540925266903916	435.0	0	0.0	435.0	0	0.0
login	6	73	110397.0	7	0.4982206405693951	110397.0	8	0.5693950177935944	220.5	11	0.7829181494661922	441.0	0	0.0	441.0	0	0.0
login	6	74	111899.0	9	0.6405693950177936	111899.0	8	0.5693950177935944	223.5	7	0.4982206405693951	447.0	0	0.0	447.0	0	0.0
login	6	75	113401.0	6	0.4270462633451958	113401.0	8	0.5693950177935944	226.5	6	0.4270462633451958	453.0	0	0.0	453.0	0	0.0
login	6	76	114903.0	9	0.6405693950177936	114903.0	9	0.6405693950177936	229.5	14	0.9964412811387902	459.0	0	0.0	459.0	0	0.0
login	6	77	116405.0	9	0.6405693950177936	116405.0	6	0.4270462633451958	232.5	4	0.2846975088967972	465.0	0	0.0	465.0	0	0.0
login	6	78	117907.0	6	0.4270462633451958	117907.0	9	0.6405693950177936	235.5	11	0.7829181494661922	471.0	0	0.0	471.0	0	0.0
login	6	79	119409.0	9	0.6405693950177936	119409.0	8	0.5693950177935944	238.5	8	0.5693950177935944	477.0	0	0.0	477.0	0	0.0
login	6	80	120911.0	7	0.4982206405693951	120911.0	8	0.5693950177935944	241.5	9	0.6405693950177936	483.0	0	0.0	483.0	0	0.0
login	6	81	122413.0	8	0.5693950177935944	122413.0	8	0.5693950177935944	244.5	11	0.7829181494661922	489.0	0	0.0	489.0	0	0.0
login	6	82	123915.0	9	0.6405693950177936	123915.0	8	0.5693950177935944	247.5	8	0.5693950177935944	495.0	0	0.0	495.0	0	0.0
login	6	83	125417.0	7	0.4982206405693951	125417.0	8	0.5693950177935944	250.5	8	0.5693950177935944	501.0	0	0.0	501.0	0	0.0
login	6	84	126919.0	8	0.5693950177935944	126919.0	8	0.5693950177935944	253.5	10	0.7117437722419929	507.0	0	0.0	507.0	0	0.0
login	6	85	128421.0	7	0.4982206405693951	128421.0	6	0.4270462633451958	256.5	4	0.2846975088967972	513.0	0	0.0	513.0	0	0.0
login	6	86	129923.0	9	0.6405693950177936	129923.0	10	0.7117437722419929	259.5	13	0.9252669039145909	519.0	0	0.0	519.0	0	0.0
login	6	87	131425.0	8	0.5693950177935944	131425.0	8	0.5693950177935944	262.5	9	0.6405693950177936	525.0	0	0.0	525.0	0	0.0
login	6	88	132927.0	6	0.4270462633451958	132927.0	6	0.4270462633451958	265.5	6	0.4270462633451958	531.0	0	0.0	531.0	0	0.0
login	6	89	134429.0	6	0.4270462633451958	134429.0	6	0.4270462633451958	268.5	11	0.7829181494661922	537.0	0	0.0	537.0	0	0.0
login	6	90	135931.0	9	0.6405693950177936	135931.0	6	0.4270462633451958	271.5	9	0.6405693950177936	543.0	0	0.0	543.0	0	0.0
login	6	91	137433.0	9	0.6405693950177936	137433.0	7	0.4982206405693951	274.5	14	0.9964412811387902	549.0	0	0.0	549.0	0	0.0
login	6	92	138935.0	6	0.4270462633451958	138935.0	11	0.7829181494661922	277.5	11	0.7829181494661922	555.0	0	0.0	555.0	0	0.0
login	6	93	140437.0	6	0.4270462633451958	140437.0	6	0.4270462633451958	280.5	10	0.7117437722419929	561.0	0	0.0	561.0	0	0.0
login	6	94	141939.0	7	0.4982206405693951	141939.0	6	0.4270462633451958	283.5	14	0.9964412811387902	567.0	0	0.0	567.0	0	0.0
login	6	95	143441.0	6	0.4270462633451958	143441.0	7	0.4982206405693951	286.5	9	0.6405693950177936	573.0	0	0.0	573.0	0	0.0
login	6	96	144943.0	11	0.7829181494661922	144943.0	9	0.6405693950177936	289.5	14	0.9964412811387902	579.0	0	0.0	579.0	0	0.0
login	6	97	146445.0	7	0.4982206405693951	146445.0	8	0.5693950177935944	292.5	15	1.0676156583629894	585.0	0	0.0	585.0	0	0.0
login	6	98	147947.0	6	0.4270462633451958	147947.0	7	0.4982206405693951	295.5	16	1.1387900355871887	591.0	0	0.0	591.0	0	0.0
login	6	99	149449.0	6	0.4270462633451958	149449.0	6	0.4270462633451958	298.5	15	1.0676156583629894	597.0	0	0.0	597.0	0	0.0
login	6	100	150951.0	6	0.4270462633451958	150951.0	6	0.4270462633451958	301.5	12	0.8540925266903916	603.0	0	0.0	603.0	0	0.0
login	6	101	152453.0	6	0.4270462633451958	152453.0	6	0.4270462633451958	304.5	4	0.2846975088967972	609.0	0	0.0	609.0	0	0.0
login	6	102	153955.0	11	0.7829181494661922	153955.0	6	0.4270462633451958	307.5	10	0.7117437722419929	615.0	0	0.0	615.0	0	0.0
login	6	103	155457.0	7	0.4982206405693951	155457.0	8	0.5693950177935944	310.5	12	0.8540925266903916	621.0	0	0.0	621.0	0	0.0
login	6	104	156959.0	6	0.4270462633451958	156959.0	10	0.7117437722419929	313.5	14	0.9964412811387902	627.0	0	0.0	627.0	0	0.0
login	6	105	158461.0	6	0.4270462633451958	158461.0	6	0.4270462633451958	316.5	13	0.9252669039145909	633.0	0	0.0	633.0	0	0.0
login	6	106	159963.0	6	0.4270462633451958	159963.0	6	0.4270462633451958	319.5	13	0.9252669039145909	639.0	0	0.0	639.0	0	0.0
login	6	107	161465.0	6	0.4270462633451958	161465.0	6	0.4270462633451958	322.5	13	0.9252669039145909	645.0	0	0.0	645.0	0	0.0
login	6	108	162967.0	6	0.4270462633451958	162967.0	6	0.4270462633451958	325.5	8	0.5693950177935944	651.0	0	0.0	651.0	0	0.0
login	6	109	164469.0	6	0.4270462633451958	164469.0	6	0.4270462633451958	328.5	6	0.4270462633451958	657.0	0	0.0	657.0	0	0.0
login	6	110	165971.0	6	0.4270462633451958	165971.0	6	0.4270462633451958	331.5	12	0.8540925266903916	663.0	0	0.0	663.0	0	0.0
login	6	111	167473.0	10	0.7117437722419929	167473.0	6	0.4270462633451958	334.5	9	0.6405693950177936	669.0	0	0.0	669.0	0	0.0
login	6	112	168975.0	8	0.5693950177935944	168975.0	6	0.4270462633451958	337.5	7	0.4982206405693951	675.0	0	0.0	675.0	0	0.0
login	6	113	170477.0	6	0.4270462633451958	170477.0	6	0.4270462633451958	340.5	9	0.6405693950177936	681.0	0	0.0	681.0	0	0.0
login	6	114	171979.0	6	0.4270462633451958	171979.0	12	0.8540925266903916	343.5	15	1.0676156583629894	687.0	0	0.0	687.0	0	0.0
login	6	115	173481.0	6	0.4270462633451958	173481.0	6	0.4270462633451958	346.5	9	0.6405693950177936	693.0	0	0.0	693.0	0	0.0
login	6	116	174983.0	6	0.4270462633451958	174983.0	6	0.4270462633451958	349.5	9	0.6405693950177936	699.0	0	0.0	699.0	0	0.0
login	6	117	176485.0	6	0.4270462633451958	176485.0	6	0.4270462633451958	352.5	9	0.6405693950177936	705.0	0	0.0	705.0	0	0.0
login	6	118	177987.0	6	0.4270462633451958	177987.0	6	0.4270462633451958	355.5	11	0.7829181494661922	711.0	0	0.0	711.0	0	0.0
login	6	119	179489.0	6	0.4270462633451958	179489.0	6	0.4270462633451958	358.5	6	0.4270462633451958	717.0	0	0.0	717.0	0	0.0
login	6	120	180991.0	6	0.4270462633451958	180991.0	6	0.4270462633451958	361.5	7	0.4982206405693951	723.0	0	0.0	723.0	0	0.0
login	6	121	182493.0	6	0.4270462633451958	182493.0	6	0.4270462633451958	364.5	5	0.35587188612099646	729.0	0	0.0	729.0	0	0.0
login	6	122	183995.0	12	0.8540925266903916	183995.0	6	0.4270462633451958	367.5	11	0.7829181494661922	735.0	0	0.0	735.0	0	0.0
login	6	123	185497.0	6	0.4270462633451958	185497.0	8	0.5693950177935944	370.5	11	0.7829181494661922	741.0	0	0.0	741.0	0	0.0
login	6	124	186999.0	6	0.4270462633451958	186999.0	9	0.6405693950177936	373.5	8	0.5693950177935944	747.0	0	0.0	747.0	0	0.0
login	6	125	188501.0	6	0.4270462633451958	188501.0	7	0.4982206405693951	376.5	15	1.0676156583629894	753.0	0	0.0	753.0	0	0.0
login	6	126	190003.0	6	0.4270462633451958	190003.0	6	0.4270462633451958	379.5	3	0.2135231316725979	759.0	0	0.0	759.0	0	0.0
login	6	127	191505.0	6	0.4270462633451958	191505.0	6	0.4270462633451958	382.5	12	0.8540925266903916	765.0	0	0.0	765.0	0	0.0
login	6	128	193007.0	6	0.4270462633451958	193007.0	6	0.4270462633451958	385.5	13	0.9252669039145909	771.0	0	0.0	771.0	0	0.0
login	6	129	194509.0	6	0.4270462633451958	194509.0	6	0.4270462633451958	388.5	10	0.7117437722419929	777.0	0	0.0	777.0	0	0.0
login	6	130	196011.0	6	0.4270462633451958	196011.0	6	0.4270462633451958	391.5	10	0.7117437722419929	783.0	0	0.0	783.0	0	0.0
login	6	131	197513.0	6	0.4270462633451958	197513.0	6	0.4270462633451958	394.5	9	0.6405693950177936	789.0	0	0.0	789.0	0	0.0
login	6	132	199015.0	6	0.4270462633451958	199015.0	6	0.4270462633451958	397.5	11	0.7829181494661922	795.0	0	0.0	795.0	0	0.0
login	6	133	200517.0	10	0.7117437722419929	200517.0	6	0.4270462633451958	400.5	12	0.8540925266903916	801.0	0	0.0	801.0	0	0.0
login	6	134	202019.0	8	0.5693950177935944	202019.0	6	0.4270462633451958	403.5	11	0.7829181494661922	807.0	0	0.0	807.0	0	0.0
login	6	135	203521.0	6	0.4270462633451958	203521.0	7	0.4982206405693951	406.5	9	0.6405693950177936	813.0	0	0.0	813.0	0	0.0
login	6	136	205023.0	6	0.4270462633451958	205023.0	7	0.4982206405693951	409.5	7	0.4982206405693951	819.0	0	0.0	819.0	0	0.0
login	6	137	206525.0	6	0.4270462633451958	206525.0	8	0.5693950177935944	412.5	9	0.6405693950177936	825.0	0	0.0	825.0	0	0.0
login	6	138	208027.0	6	0.4270462633451958	208027.0	8	0.5693950177935944	415.5	6	0.4270462633451958	831.0	0	0.0	831.0	0	0.0
login	6	139	209529.0	6	0.4270462633451958	209529.0	6	0.4270462633451958	418.5	10	0.7117437722419929	837.0	0	0.0	837.0	0	0.0
login	6	140	211031.0	6	0.4270462633451958	211031.0	6	0.4270462633451958	421.5	5	0.35587188612099646	843.0	0	0.0	843.0	0	0.0
login	6	141	212533.0	6	0.4270462633451958	212533.0	6	0.4270462633451958	424.5	7	0.4982206405693951	849.0	0	0.0	849.0	0	0.0
login	6	142	214035.0	6	0.4270462633451958	214035.0	6	0.4270462633451958	427.5	10	0.7117437722419929	855.0	0	0.0	855.0	0	0.0
login	6	143	215537.0	6	0.4270462633451958	215537.0	6	0.4270462633451958	430.5	2	0.1423487544483986	861.0	0	0.0	861.0	0	0.0
login	6	144	217039.0	10	0.7117437722419929	217039.0	6	0.4270462633451958	433.5	6	0.4270462633451958	867.0	0	0.0	867.0	0	0.0
login	6	145	218541.0	8	0.5693950177935944	218541.0	6	0.4270462633451958	436.5	6	0.4270462633451958	873.0	0	0.0	873.0	0	0.0
login	6	146	220043.0	6	0.4270462633451958	220043.0	6	0.4270462633451958	439.5	4	0.2846975088967972	879.0	0	0.0	879.0	0	0.0
login	6	147	221545.0	6	0.4270462633451958	221545.0	7	0.4982206405693951	442.5	3	0.2135231316725979	885.0	0	0.0	885.0	0	0.0
login	6	148	223047.0	6	0.4270462633451958	223047.0	11	0.7829181494661922	445.5	3	0.2135231316725979	891.0	0	0.0	891.0	0	0.0
login	6	149	224549.0	6	0.4270462633451958	224549.0	6	0.4270462633451958	448.5	3	0.2135231316725979	897.0	0	0.0	897.0	0	0.0
login	6	150	226051.0	6	0.4270462633451958	226051.0	6	0.4270462633451958	451.5	7	0.4982206405693951	903.0	0	0.0	903.0	0	0.0
login	6	151	227553.0	6	0.4270462633451958	227553.0	6	0.4270462633451958	454.5	2	0.1423487544483986	909.0	0	0.0	909.0	0	0.0
login	6	152	229055.0	6	0.4270462633451958	229055.0	6	0.4270462633451958	457.5	1	0.0711743772241993	915.0	0	0.0	915.0	0	0.0
login	6	153	230557.0	11	0.7829181494661922	230557.0	6	0.4270462633451958	460.5	4	0.2846975088967972	921.0	0	0.0	921.0	0	0.0
login	6	154	232059.0	7	0.4982206405693951	232059.0	7	0.4982206405693951	463.5	3	0.2135231316725979	927.0	0	0.0	927.0	0	0.0
login	6	155	233561.0	6	0.4270462633451958	233561.0	6	0.4270462633451958	466.5	1	0.0711743772241993	933.0	0	0.0	933.0	0	0.0
login	6	156	235063.0	6	0.4270462633451958	235063.0	6	0.4270462633451958	469.5	1	0.0711743772241993	939.0	0	0.0	939.0	0	0.0
login	6	157	236565.0	6	0.4270462633451958	236565.0	9	0.6405693950177936	472.5	1	0.0711743772241993	945.0	0	0.0	945.0	0	0.0
login	6	158	238067.0	6	0.4270462633451958	238067.0	8	0.5693950177935944	475.5	1	0.0711743772241993	951.0	0	0.0	951.0	0	0.0
login	6	159	239569.0	6	0.4270462633451958	239569.0	6	0.4270462633451958	478.5	2	0.1423487544483986	957.0	0	0.0	957.0	0	0.0
login	6	160	241071.0	6	0.4270462633451958	241071.0	6	0.4270462633451958	481.5	0	0.0	963.0	0	0.0	963.0	0	0.0
login	6	161	242573.0	6	0.4270462633451958	242573.0	6	0.4270462633451958	484.5	0	0.0	969.0	0	0.0	969.0	0	0.0
login	6	162	244075.0	6	0.4270462633451958	244075.0	6	0.4270462633451958	487.5	1	0.0711743772241993	975.0	0	0.0	975.0	0	0.0
login	6	163	245577.0	6	0.4270462633451958	245577.0	6	0.4270462633451958	490.5	2	0.1423487544483986	981.0	0	0.0	981.0	0	0.0
login	6	164	247079.0	6	0.4270462633451958	247079.0	6	0.4270462633451958	493.5	1	0.0711743772241993	987.0	0	0.0	987.0	0	0.0
login	6	165	248581.0	12	0.8540925266903916	248581.0	6	0.4270462633451958	496.5	0	0.0	993.0	0	0.0	993.0	0	0.0
login	6	166	250083.0	6	0.4270462633451958	250083.0	8	0.5693950177935944	499.5	3	0.2135231316725979	999.0	0	0.0	999.0	0	0.0
login	6	167	251585.0	6	0.4270462633451958	251585.0	9	0.6405693950177936	502.5	2	0.1423487544483986	1005.0	0	0.0	1005.0	0	0.0
login	6	168	253087.0	6	0.4270462633451958	253087.0	7	0.4982206405693951	505.5	3	0.2135231316725979	1011.0	0	0.0	1011.0	0	0.0
login	6	169	254589.0	6	0.4270462633451958	254589.0	6	0.4270462633451958	508.5	0	0.0	1017.0	0	0.0	1017.0	0	0.0
login	6	170	256091.0	6	0.4270462633451958	256091.0	6	0.4270462633451958	511.5	3	0.2135231316725979	1023.0	0	0.0	1023.0	0	0.0
login	6	171	257593.0	6	0.4270462633451958	257593.0	6	0.4270462633451958	514.5	0	0.0	1029.0	0	0.0	1029.0	0	0.0
login	6	172	259095.0	6	0.4270462633451958	259095.0	6	0.4270462633451958	517.5	1	0.0711743772241993	1035.0	0	0.0	1035.0	0	0.0
login	6	173	260597.0	6	0.4270462633451958	260597.0	6	0.4270462633451958	520.5	0	0.0	1041.0	0	0.0	1041.0	0	0.0
login	6	174	262099.0	6	0.4270462633451958	262099.0	6	0.4270462633451958	523.5	1	0.0711743772241993	1047.0	0	0.0	1047.0	0	0.0
login	6	175	263601.0	7	0.4982206405693951	263601.0	6	0.4270462633451958	526.5	1	0.0711743772241993	1053.0	0	0.0	1053.0	0	0.0
login	6	176	265103.0	11	0.7829181494661922	265103.0	6	0.4270462633451958	529.5	0	0.0	1059.0	0	0.0	1059.0	0	0.0
login	6	177	266605.0	6	0.4270462633451958	266605.0	8	0.5693950177935944	532.5	0	0.0	1065.0	0	0.0	1065.0	0	0.0
login	6	178	268107.0	6	0.4270462633451958	268107.0	9	0.6405693950177936	535.5	0	0.0	1071.0	0	0.0	1071.0	0	0.0
login	6	179	269609.0	6	0.4270462633451958	269609.0	7	0.4982206405693951	538.5	0	0.0	1077.0	0	0.0	1077.0	0	0.0
login	6	180	271111.0	6	0.4270462633451958	271111.0	6	0.4270462633451958	541.5	0	0.0	1083.0	0	0.0	1083.0	0	0.0
login	6	181	272613.0	6	0.4270462633451958	272613.0	6	0.4270462633451958	544.5	0	0.0	1089.0	0	0.0	1089.0	0	0.0
login	6	182	274115.0	6	0.4270462633451958	274115.0	6	0.4270462633451958	547.5	1	0.0711743772241993	1095.0	0	0.0	1095.0	0	0.0
login	6	183	275617.0	6	0.4270462633451958	275617.0	6	0.4270462633451958	550.5	0	0.0	1101.0	0	0.0	1101.0	0	0.0
login	6	184	277119.0	6	0.4270462633451958	277119.0	6	0.4270462633451958	553.5	0	0.0	1107.0	0	0.0	1107.0	0	0.0
login	6	185	278621.0	6	0.4270462633451958	278621.0	6	0.4270462633451958	556.5	0	0.0	1113.0	0	0.0	1113.0	0	0.0
login	6	186	280123.0	6	0.4270462633451958	280123.0	6	0.4270462633451958	559.5	0	0.0	1119.0	0	0.0	1119.0	0	0.0
login	6	187	281625.0	8	0.5693950177935944	281625.0	6	0.4270462633451958	562.5	1	0.0711743772241993	1125.0	0	0.0	1125.0	0	0.0
login	6	188	283127.0	10	0.7117437722419929	283127.0	6	0.4270462633451958	565.5	0	0.0	1131.0	0	0.0	1131.0	0	0.0
login	6	189	284629.0	6	0.4270462633451958	284629.0	6	0.4270462633451958	568.5	0	0.0	1137.0	0	0.0	1137.0	0	0.0
login	6	190	286131.0	6	0.4270462633451958	286131.0	7	0.4982206405693951	571.5	0	0.0	1143.0	0	0.0	1143.0	0	0.0
login	6	191	287633.0	6	0.4270462633451958	287633.0	10	0.7117437722419929	574.5	0	0.0	1149.0	0	0.0	1149.0	0	0.0
login	6	192	289135.0	6	0.4270462633451958	289135.0	7	0.4982206405693951	577.5	0	0.0	1155.0	0	0.0	1155.0	0	0.0
login	6	193	290637.0	6	0.4270462633451958	290637.0	6	0.4270462633451958	580.5	0	0.0	1161.0	0	0.0	1161.0	0	0.0
login	6	194	292139.0	6	0.4270462633451958	292139.0	6	0.4270462633451958	583.5	1	0.0711743772241993	1167.0	0	0.0	1167.0	0	0.0
login	6	195	293641.0	6	0.4270462633451958	293641.0	6	0.4270462633451958	586.5	0	0.0	1173.0	0	0.0	1173.0	0	0.0
login	6	196	295143.0	6	0.4270462633451958	295143.0	6	0.4270462633451958	589.5	0	0.0	1179.0	0	0.0	1179.0	0	0.0
login	6	197	296645.0	9	0.6405693950177936	296645.0	6	0.4270462633451958	592.5	0	0.0	1185.0	0	0.0	1185.0	0	0.0
login	6	198	298147.0	9	0.6405693950177936	298147.0	8	0.5693950177935944	595.5	0	0.0	1191.0	0	0.0	1191.0	0	0.0
login	6	199	299649.0	4	0.2846975088967972	299649.0	8	0.5693950177935944	598.5	0	0.0	1197.0	0	0.0	1197.0	0	0.0
info	6	0	747.0	9	0.6423982869379016	747.0	9	0.6423982869379016	1.0	1	0.07137758743754462	3.0	1401	100.00000000000001	3.0	1401	100.00000000000001
info	6	1	2241.0	9	0.6423982869379016	2241.0	9	0.6423982869379016	3.0	579	41.32762312633833	9.0	0	0.0	9.0	0	0.0
info	6	2	3735.0	6	0.4282655246252677	3735.0	6	0.4282655246252677	5.0	295	21.056388294075663	15.0	0	0.0	15.0	0	0.0
info	6	3	5229.0	10	0.7137758743754462	5229.0	10	0.7137758743754462	7.0	89	6.352605281941471	21.0	0	0.0	21.0	0	0.0
info	6	4	6723.0	8	0.5710206995003569	6723.0	8	0.5710206995003569	9.0	48	3.4261241970021414	27.0	0	0.0	27.0	0	0.0
info	6	5	8217.0	6	0.4282655246252677	8217.0	6	0.4282655246252677	11.0	32	2.2840827980014278	33.0	0	0.0	33.0	0	0.0
info	6	6	9711.0	8	0.5710206995003569	9711.0	8	0.5710206995003569	13.0	22	1.5703069236259817	39.0	0	0.0	39.0	0	0.0
info	6	7	11205.0	10	0.7137758743754462	11205.0	10	0.7137758743754462	15.0	17	1.2134189864382585	45.0	0	0.0	45.0	0	0.0
info	6	8	12699.0	6	0.4282655246252677	12699.0	6	0.4282655246252677	17.0	12	0.8565310492505354	51.0	0	0.0	51.0	0	0.0
info	6	9	14193.0	9	0.6423982869379016	14193.0	9	0.6423982869379016	19.0	13	0.92790863668808	57.0	0	0.0	57.0	0	0.0
info	6	10	15687.0	9	0.6423982869379016	15687.0	9	0.6423982869379016	21.0	12	0.8565310492505354	63.0	0	0.0	63.0	0	0.0
info	6	11	17181.0	6	0.4282655246252677	17181.0	6	0.4282655246252677	23.0	4	0.28551034975017847	69.0	0	0.0	69.0	0	0.0
info	6	12	18675.0	7	0.4996431120628123	18675.0	7	0.4996431120628123	25.0	9	0.6423982869379016	75.0	0	0.0	75.0	0	0.0
info	6	13	20169.0	11	0.7851534618129908	20169.0	11	0.7851534618129908	27.0	8	0.5710206995003569	81.0	0	0.0	81.0	0	0.0
info	6	14	21663.0	6	0.4282655246252677	21663.0	6	0.4282655246252677	29.0	10	0.7137758743754462	87.0	0	0.0	87.0	0	0.0
info	6	15	23157.0	7	0.4996431120628123	23157.0	7	0.4996431120628123	31.0	6	0.4282655246252677	93.0	0	0.0	93.0	0	0.0
info	6	16	24651.0	8	0.5710206995003569	24651.0	8	0.5710206995003569	33.0	9	0.6423982869379016	99.0	0	0.0	99.0	0	0.0
info	6	17	26145.0	9	0.6423982869379016	26145.0	9	0.6423982869379016	35.0	2	0.14275517487508924	105.0	0	0.0	105.0	0	0.0
info	6	18	27639.0	6	0.4282655246252677	27639.0	6	0.4282655246252677	37.0	8	0.5710206995003569	111.0	0	0.0	111.0	0	0.0
info	6	19	29133.0	9	0.6423982869379016	29133.0	9	0.6423982869379016	39.0	5	0.3568879371877231	117.0	0	0.0	117.0	0	0.0
info	6	20	30627.0	9	0.6423982869379016	30627.0	9	0.6423982869379016	41.0	12	0.8565310492505354	123.0	0	0.0	123.0	0	0.0
info	6	21	32121.0	6	0.4282655246252677	32121.0	6	0.4282655246252677	43.0	4	0.28551034975017847	129.0	0	0.0	129.0	0	0.0
info	6	22	33615.0	6	0.4282655246252677	33615.0	6	0.4282655246252677	45.0	5	0.3568879371877231	135.0	0	0.0	135.0	0	0.0
info	6	23	35109.0	10	0.7137758743754462	35109.0	10	0.7137758743754462	47.0	4	0.28551034975017847	141.0	0	0.0	141.0	0	0.0
info	6	24	36603.0	8	0.5710206995003569	36603.0	8	0.5710206995003569	49.0	6	0.4282655246252677	147.0	0	0.0	147.0	0	0.0
info	6	25	38097.0	6	0.4282655246252677	38097.0	6	0.4282655246252677	51.0	2	0.14275517487508924	153.0	0	0.0	153.0	0	0.0
info	6	26	39591.0	9	0.6423982869379016	39591.0	9	0.6423982869379016	53.0	4	0.28551034975017847	159.0	0	0.0	159.0	0	0.0
info	6	27	41085.0	9	0.6423982869379016	41085.0	9	0.6423982869379016	55.0	3	0.21413276231263384	165.0	0	0.0	165.0	0	0.0
info	6	28	42579.0	6	0.4282655246252677	42579.0	6	0.4282655246252677	57.0	3	0.21413276231263384	171.0	0	0.0	171.0	0	0.0
info	6	29	44073.0	9	0.6423982869379016	44073.0	9	0.6423982869379016	59.0	5	0.3568879371877231	177.0	0	0.0	177.0	0	0.0
info	6	30	45567.0	9	0.6423982869379016	45567.0	9	0.6423982869379016	61.0	5	0.3568879371877231	183.0	0	0.0	183.0	0	0.0
info	6	31	47061.0	6	0.4282655246252677	47061.0	6	0.4282655246252677	63.0	1	0.07137758743754462	189.0	0	0.0	189.0	0	0.0
info	6	32	48555.0	6	0.4282655246252677	48555.0	6	0.4282655246252677	65.0	2	0.14275517487508924	195.0	0	0.0	195.0	0	0.0
info	6	33	50049.0	10	0.7137758743754462	50049.0	10	0.7137758743754462	67.0	1	0.07137758743754462	201.0	0	0.0	201.0	0	0.0
info	6	34	51543.0	8	0.5710206995003569	51543.0	8	0.5710206995003569	69.0	2	0.14275517487508924	207.0	0	0.0	207.0	0	0.0
info	6	35	53037.0	6	0.4282655246252677	53037.0	6	0.4282655246252677	71.0	3	0.21413276231263384	213.0	0	0.0	213.0	0	0.0
info	6	36	54531.0	7	0.4996431120628123	54531.0	7	0.4996431120628123	73.0	6	0.4282655246252677	219.0	0	0.0	219.0	0	0.0
info	6	37	56025.0	6	0.4282655246252677	56025.0	6	0.4282655246252677	75.0	3	0.21413276231263384	225.0	0	0.0	225.0	0	0.0
info	6	38	57519.0	6	0.4282655246252677	57519.0	6	0.4282655246252677	77.0	1	0.07137758743754462	231.0	0	0.0	231.0	0	0.0
info	6	39	59013.0	10	0.7137758743754462	59013.0	10	0.7137758743754462	79.0	1	0.07137758743754462	237.0	0	0.0	237.0	0	0.0
info	6	40	60507.0	8	0.5710206995003569	60507.0	8	0.5710206995003569	81.0	2	0.14275517487508924	243.0	0	0.0	243.0	0	0.0
info	6	41	62001.0	6	0.4282655246252677	62001.0	6	0.4282655246252677	83.0	2	0.14275517487508924	249.0	0	0.0	249.0	0	0.0
info	6	42	63495.0	6	0.4282655246252677	63495.0	6	0.4282655246252677	85.0	3	0.21413276231263384	255.0	0	0.0	255.0	0	0.0
info	6	43	64989.0	6	0.4282655246252677	64989.0	6	0.4282655246252677	87.0	1	0.07137758743754462	261.0	0	0.0	261.0	0	0.0
info	6	44	66483.0	6	0.4282655246252677	66483.0	6	0.4282655246252677	89.0	2	0.14275517487508924	267.0	0	0.0	267.0	0	0.0
info	6	45	67977.0	6	0.4282655246252677	67977.0	6	0.4282655246252677	91.0	4	0.28551034975017847	273.0	0	0.0	273.0	0	0.0
info	6	46	69471.0	6	0.4282655246252677	69471.0	6	0.4282655246252677	93.0	3	0.21413276231263384	279.0	0	0.0	279.0	0	0.0
info	6	47	70965.0	6	0.4282655246252677	70965.0	6	0.4282655246252677	95.0	1	0.07137758743754462	285.0	0	0.0	285.0	0	0.0
info	6	48	72459.0	7	0.4996431120628123	72459.0	6	0.4282655246252677	97.0	5	0.3568879371877231	291.0	0	0.0	291.0	0	0.0
info	6	49	73953.0	10	0.7137758743754462	73953.0	11	0.7851534618129908	99.0	7	0.4996431120628123	297.0	0	0.0	297.0	0	0.0
info	6	50	75447.0	7	0.4996431120628123	75447.0	7	0.4996431120628123	101.0	6	0.4282655246252677	303.0	0	0.0	303.0	0	0.0
info	6	51	76941.0	6	0.4282655246252677	76941.0	6	0.4282655246252677	103.0	2	0.14275517487508924	309.0	0	0.0	309.0	0	0.0
info	6	52	78435.0	6	0.4282655246252677	78435.0	6	0.4282655246252677	105.0	3	0.21413276231263384	315.0	0	0.0	315.0	0	0.0
info	6	53	79929.0	6	0.4282655246252677	79929.0	6	0.4282655246252677	107.0	2	0.14275517487508924	321.0	0	0.0	321.0	0	0.0
info	6	54	81423.0	6	0.4282655246252677	81423.0	6	0.4282655246252677	109.0	1	0.07137758743754462	327.0	0	0.0	327.0	0	0.0
info	6	55	82917.0	6	0.4282655246252677	82917.0	6	0.4282655246252677	111.0	3	0.21413276231263384	333.0	0	0.0	333.0	0	0.0
info	6	56	84411.0	6	0.4282655246252677	84411.0	6	0.4282655246252677	113.0	1	0.07137758743754462	339.0	0	0.0	339.0	0	0.0
info	6	57	85905.0	6	0.4282655246252677	85905.0	6	0.4282655246252677	115.0	4	0.28551034975017847	345.0	0	0.0	345.0	0	0.0
info	6	58	87399.0	7	0.4996431120628123	87399.0	6	0.4282655246252677	117.0	2	0.14275517487508924	351.0	0	0.0	351.0	0	0.0
info	6	59	88893.0	6	0.4282655246252677	88893.0	6	0.4282655246252677	119.0	1	0.07137758743754462	357.0	0	0.0	357.0	0	0.0
info	6	60	90387.0	10	0.7137758743754462	90387.0	11	0.7851534618129908	121.0	2	0.14275517487508924	363.0	0	0.0	363.0	0	0.0
info	6	61	91881.0	7	0.4996431120628123	91881.0	7	0.4996431120628123	123.0	1	0.07137758743754462	369.0	0	0.0	369.0	0	0.0
info	6	62	93375.0	6	0.4282655246252677	93375.0	6	0.4282655246252677	125.0	1	0.07137758743754462	375.0	0	0.0	375.0	0	0.0
info	6	63	94869.0	7	0.4996431120628123	94869.0	7	0.4996431120628123	127.0	1	0.07137758743754462	381.0	0	0.0	381.0	0	0.0
info	6	64	96363.0	8	0.5710206995003569	96363.0	8	0.5710206995003569	129.0	3	0.21413276231263384	387.0	0	0.0	387.0	0	0.0
info	6	65	97857.0	9	0.6423982869379016	97857.0	9	0.6423982869379016	131.0	1	0.07137758743754462	393.0	0	0.0	393.0	0	0.0
info	6	66	99351.0	7	0.4996431120628123	99351.0	7	0.4996431120628123	133.0	2	0.14275517487508924	399.0	0	0.0	399.0	0	0.0
info	6	67	100845.0	8	0.5710206995003569	100845.0	8	0.5710206995003569	135.0	2	0.14275517487508924	405.0	0	0.0	405.0	0	0.0
info	6	68	102339.0	7	0.4996431120628123	102339.0	7	0.4996431120628123	137.0	1	0.07137758743754462	411.0	0	0.0	411.0	0	0.0
info	6	69	103833.0	9	0.6423982869379016	103833.0	9	0.6423982869379016	139.0	2	0.14275517487508924	417.0	0	0.0	417.0	0	0.0
info	6	70	105327.0	8	0.5710206995003569	105327.0	8	0.5710206995003569	141.0	0	0.0	423.0	0	0.0	423.0	0	0.0
info	6	71	106821.0	7	0.4996431120628123	106821.0	7	0.4996431120628123	143.0	3	0.21413276231263384	429.0	0	0.0	429.0	0	0.0
info	6	72	108315.0	9	0.6423982869379016	108315.0	9	0.6423982869379016	145.0	3	0.21413276231263384	435.0	0	0.0	435.0	0	0.0
info	6	73	109809.0	8	0.5710206995003569	109809.0	8	0.5710206995003569	147.0	1	0.07137758743754462	441.0	0	0.0	441.0	0	0.0
info	6	74	111303.0	7	0.4996431120628123	111303.0	7	0.4996431120628123	149.0	2	0.14275517487508924	447.0	0	0.0	447.0	0	0.0
info	6	75	112797.0	8	0.5710206995003569	112797.0	8	0.5710206995003569	151.0	5	0.3568879371877231	453.0	0	0.0	453.0	0	0.0
info	6	76	114291.0	7	0.4996431120628123	114291.0	7	0.4996431120628123	153.0	0	0.0	459.0	0	0.0	459.0	0	0.0
info	6	77	115785.0	9	0.6423982869379016	115785.0	9	0.6423982869379016	155.0	0	0.0	465.0	0	0.0	465.0	0	0.0
info	6	78	117279.0	6	0.4282655246252677	117279.0	6	0.4282655246252677	157.0	1	0.07137758743754462	471.0	0	0.0	471.0	0	0.0
info	6	79	118773.0	9	0.6423982869379016	118773.0	9	0.6423982869379016	159.0	0	0.0	477.0	0	0.0	477.0	0	0.0
info	6	80	120267.0	9	0.6423982869379016	120267.0	9	0.6423982869379016	161.0	1	0.07137758743754462	483.0	0	0.0	483.0	0	0.0
info	6	81	121761.0	7	0.4996431120628123	121761.0	7	0.4996431120628123	163.0	1	0.07137758743754462	489.0	0	0.0	489.0	0	0.0
info	6	82	123255.0	8	0.5710206995003569	123255.0	8	0.5710206995003569	165.0	1	0.07137758743754462	495.0	0	0.0	495.0	0	0.0
info	6	83	124749.0	6	0.4282655246252677	124749.0	6	0.4282655246252677	167.0	2	0.14275517487508924	501.0	0	0.0	501.0	0	0.0
info	6	84	126243.0	10	0.7137758743754462	126243.0	10	0.7137758743754462	169.0	1	0.07137758743754462	507.0	0	0.0	507.0	0	0.0
info	6	85	127737.0	8	0.5710206995003569	127737.0	8	0.5710206995003569	171.0	2	0.14275517487508924	513.0	0	0.0	513.0	0	0.0
info	6	86	129231.0	6	0.4282655246252677	129231.0	6	0.4282655246252677	173.0	2	0.14275517487508924	519.0	0	0.0	519.0	0	0.0
info	6	87	130725.0	10	0.7137758743754462	130725.0	10	0.7137758743754462	175.0	1	0.07137758743754462	525.0	0	0.0	525.0	0	0.0
info	6	88	132219.0	8	0.5710206995003569	132219.0	8	0.5710206995003569	177.0	2	0.14275517487508924	531.0	0	0.0	531.0	0	0.0
info	6	89	133713.0	6	0.4282655246252677	133713.0	6	0.4282655246252677	179.0	0	0.0	537.0	0	0.0	537.0	0	0.0
info	6	90	135207.0	6	0.4282655246252677	135207.0	6	0.4282655246252677	181.0	2	0.14275517487508924	543.0	0	0.0	543.0	0	0.0
info	6	91	136701.0	6	0.4282655246252677	136701.0	6	0.4282655246252677	183.0	0	0.0	549.0	0	0.0	549.0	0	0.0
info	6	92	138195.0	6	0.4282655246252677	138195.0	6	0.4282655246252677	185.0	3	0.21413276231263384	555.0	0	0.0	555.0	0	0.0
info	6	93	139689.0	7	0.4996431120628123	139689.0	7	0.4996431120628123	187.0	2	0.14275517487508924	561.0	0	0.0	561.0	0	0.0
info	6	94	141183.0	11	0.7851534618129908	141183.0	11	0.7851534618129908	189.0	0	0.0	567.0	0	0.0	567.0	0	0.0
info	6	95	142677.0	6	0.4282655246252677	142677.0	6	0.4282655246252677	191.0	2	0.14275517487508924	573.0	0	0.0	573.0	0	0.0
info	6	96	144171.0	7	0.4996431120628123	144171.0	7	0.4996431120628123	193.0	0	0.0	579.0	0	0.0	579.0	0	0.0
info	6	97	145665.0	6	0.4282655246252677	145665.0	6	0.4282655246252677	195.0	1	0.07137758743754462	585.0	0	0.0	585.0	0	0.0
info	6	98	147159.0	9	0.6423982869379016	147159.0	9	0.6423982869379016	197.0	2	0.14275517487508924	591.0	0	0.0	591.0	0	0.0
info	6	99	148653.0	9	0.6423982869379016	148653.0	9	0.6423982869379016	199.0	1	0.07137758743754462	597.0	0	0.0	597.0	0	0.0
info	6	100	150147.0	6	0.4282655246252677	150147.0	6	0.4282655246252677	201.0	2	0.14275517487508924	603.0	0	0.0	603.0	0	0.0
info	6	101	151641.0	6	0.4282655246252677	151641.0	6	0.4282655246252677	203.0	1	0.07137758743754462	609.0	0	0.0	609.0	0	0.0
info	6	102	153135.0	6	0.4282655246252677	153135.0	6	0.4282655246252677	205.0	1	0.07137758743754462	615.0	0	0.0	615.0	0	0.0
info	6	103	154629.0	6	0.4282655246252677	154629.0	6	0.4282655246252677	207.0	2	0.14275517487508924	621.0	0	0.0	621.0	0	0.0
info	6	104	156123.0	6	0.4282655246252677	156123.0	6	0.4282655246252677	209.0	1	0.07137758743754462	627.0	0	0.0	627.0	0	0.0
info	6	105	157617.0	6	0.4282655246252677	157617.0	6	0.4282655246252677	211.0	3	0.21413276231263384	633.0	0	0.0	633.0	0	0.0
info	6	106	159111.0	6	0.4282655246252677	159111.0	6	0.4282655246252677	213.0	2	0.14275517487508924	639.0	0	0.0	639.0	0	0.0
info	6	107	160605.0	7	0.4996431120628123	160605.0	6	0.4282655246252677	215.0	1	0.07137758743754462	645.0	0	0.0	645.0	0	0.0
info	6	108	162099.0	6	0.4282655246252677	162099.0	6	0.4282655246252677	217.0	0	0.0	651.0	0	0.0	651.0	0	0.0
info	6	109	163593.0	10	0.7137758743754462	163593.0	11	0.7851534618129908	219.0	1	0.07137758743754462	657.0	0	0.0	657.0	0	0.0
info	6	110	165087.0	7	0.4996431120628123	165087.0	7	0.4996431120628123	221.0	2	0.14275517487508924	663.0	0	0.0	663.0	0	0.0
info	6	111	166581.0	6	0.4282655246252677	166581.0	6	0.4282655246252677	223.0	0	0.0	669.0	0	0.0	669.0	0	0.0
info	6	112	168075.0	6	0.4282655246252677	168075.0	6	0.4282655246252677	225.0	1	0.07137758743754462	675.0	0	0.0	675.0	0	0.0
info	6	113	169569.0	6	0.4282655246252677	169569.0	6	0.4282655246252677	227.0	0	0.0	681.0	0	0.0	681.0	0	0.0
info	6	114	171063.0	6	0.4282655246252677	171063.0	6	0.4282655246252677	229.0	1	0.07137758743754462	687.0	0	0.0	687.0	0	0.0
info	6	115	172557.0	6	0.4282655246252677	172557.0	6	0.4282655246252677	231.0	0	0.0	693.0	0	0.0	693.0	0	0.0
info	6	116	174051.0	6	0.4282655246252677	174051.0	6	0.4282655246252677	233.0	1	0.07137758743754462	699.0	0	0.0	699.0	0	0.0
info	6	117	175545.0	8	0.5710206995003569	175545.0	6	0.4282655246252677	235.0	2	0.14275517487508924	705.0	0	0.0	705.0	0	0.0
info	6	118	177039.0	10	0.7137758743754462	177039.0	12	0.8565310492505354	237.0	0	0.0	711.0	0	0.0	711.0	0	0.0
info	6	119	178533.0	6	0.4282655246252677	178533.0	6	0.4282655246252677	239.0	0	0.0	717.0	0	0.0	717.0	0	0.0
info	6	120	180027.0	6	0.4282655246252677	180027.0	6	0.4282655246252677	241.0	0	0.0	723.0	0	0.0	723.0	0	0.0
info	6	121	181521.0	6	0.4282655246252677	181521.0	6	0.4282655246252677	243.0	1	0.07137758743754462	729.0	0	0.0	729.0	0	0.0
info	6	122	183015.0	6	0.4282655246252677	183015.0	6	0.4282655246252677	245.0	2	0.14275517487508924	735.0	0	0.0	735.0	0	0.0
info	6	123	184509.0	6	0.4282655246252677	184509.0	6	0.4282655246252677	247.0	1	0.07137758743754462	741.0	0	0.0	741.0	0	0.0
info	6	124	186003.0	6	0.4282655246252677	186003.0	6	0.4282655246252677	249.0	2	0.14275517487508924	747.0	0	0.0	747.0	0	0.0
info	6	125	187497.0	6	0.4282655246252677	187497.0	6	0.4282655246252677	251.0	0	0.0	753.0	0	0.0	753.0	0	0.0
info	6	126	188991.0	6	0.4282655246252677	188991.0	6	0.4282655246252677	253.0	0	0.0	759.0	0	0.0	759.0	0	0.0
info	6	127	190485.0	6	0.4282655246252677	190485.0	6	0.4282655246252677	255.0	0	0.0	765.0	0	0.0	765.0	0	0.0
info	6	128	191979.0	7	0.4996431120628123	191979.0	6	0.4282655246252677	257.0	0	0.0	771.0	0	0.0	771.0	0	0.0
info	6	129	193473.0	7	0.4996431120628123	193473.0	6	0.4282655246252677	259.0	1	0.07137758743754462	777.0	0	0.0	777.0	0	0.0
info	6	130	194967.0	8	0.5710206995003569	194967.0	10	0.7137758743754462	261.0	0	0.0	783.0	0	0.0	783.0	0	0.0
info	6	131	196461.0	8	0.5710206995003569	196461.0	7	0.4996431120628123	263.0	0	0.0	789.0	0	0.0	789.0	0	0.0
info	6	132	197955.0	6	0.4282655246252677	197955.0	7	0.4996431120628123	265.0	1	0.07137758743754462	795.0	0	0.0	795.0	0	0.0
info	6	133	199449.0	6	0.4282655246252677	199449.0	6	0.4282655246252677	267.0	1	0.07137758743754462	801.0	0	0.0	801.0	0	0.0
info	6	134	200943.0	6	0.4282655246252677	200943.0	6	0.4282655246252677	269.0	1	0.07137758743754462	807.0	0	0.0	807.0	0	0.0
info	6	135	202437.0	6	0.4282655246252677	202437.0	6	0.4282655246252677	271.0	1	0.07137758743754462	813.0	0	0.0	813.0	0	0.0
info	6	136	203931.0	6	0.4282655246252677	203931.0	6	0.4282655246252677	273.0	1	0.07137758743754462	819.0	0	0.0	819.0	0	0.0
info	6	137	205425.0	6	0.4282655246252677	205425.0	6	0.4282655246252677	275.0	0	0.0	825.0	0	0.0	825.0	0	0.0
info	6	138	206919.0	6	0.4282655246252677	206919.0	6	0.4282655246252677	277.0	0	0.0	831.0	0	0.0	831.0	0	0.0
info	6	139	208413.0	6	0.4282655246252677	208413.0	6	0.4282655246252677	279.0	0	0.0	837.0	0	0.0	837.0	0	0.0
info	6	140	209907.0	6	0.4282655246252677	209907.0	6	0.4282655246252677	281.0	0	0.0	843.0	0	0.0	843.0	0	0.0
info	6	141	211401.0	6	0.4282655246252677	211401.0	6	0.4282655246252677	283.0	0	0.0	849.0	0	0.0	849.0	0	0.0
info	6	142	212895.0	9	0.6423982869379016	212895.0	6	0.4282655246252677	285.0	0	0.0	855.0	0	0.0	855.0	0	0.0
info	6	143	214389.0	7	0.4996431120628123	214389.0	10	0.7137758743754462	287.0	0	0.0	861.0	0	0.0	861.0	0	0.0
info	6	144	215883.0	8	0.5710206995003569	215883.0	8	0.5710206995003569	289.0	0	0.0	867.0	0	0.0	867.0	0	0.0
info	6	145	217377.0	6	0.4282655246252677	217377.0	6	0.4282655246252677	291.0	0	0.0	873.0	0	0.0	873.0	0	0.0
info	6	146	218871.0	6	0.4282655246252677	218871.0	6	0.4282655246252677	293.0	0	0.0	879.0	0	0.0	879.0	0	0.0
info	6	147	220365.0	6	0.4282655246252677	220365.0	6	0.4282655246252677	295.0	1	0.07137758743754462	885.0	0	0.0	885.0	0	0.0
info	6	148	221859.0	6	0.4282655246252677	221859.0	6	0.4282655246252677	297.0	0	0.0	891.0	0	0.0	891.0	0	0.0
info	6	149	223353.0	6	0.4282655246252677	223353.0	6	0.4282655246252677	299.0	0	0.0	897.0	0	0.0	897.0	0	0.0
info	6	150	224847.0	6	0.4282655246252677	224847.0	6	0.4282655246252677	301.0	0	0.0	903.0	0	0.0	903.0	0	0.0
info	6	151	226341.0	6	0.4282655246252677	226341.0	6	0.4282655246252677	303.0	0	0.0	909.0	0	0.0	909.0	0	0.0
info	6	152	227835.0	8	0.5710206995003569	227835.0	6	0.4282655246252677	305.0	0	0.0	915.0	0	0.0	915.0	0	0.0
info	6	153	229329.0	10	0.7137758743754462	229329.0	12	0.8565310492505354	307.0	0	0.0	921.0	0	0.0	921.0	0	0.0
info	6	154	230823.0	6	0.4282655246252677	230823.0	6	0.4282655246252677	309.0	0	0.0	927.0	0	0.0	927.0	0	0.0
info	6	155	232317.0	6	0.4282655246252677	232317.0	6	0.4282655246252677	311.0	0	0.0	933.0	0	0.0	933.0	0	0.0
info	6	156	233811.0	6	0.4282655246252677	233811.0	6	0.4282655246252677	313.0	0	0.0	939.0	0	0.0	939.0	0	0.0
info	6	157	235305.0	6	0.4282655246252677	235305.0	6	0.4282655246252677	315.0	0	0.0	945.0	0	0.0	945.0	0	0.0
info	6	158	236799.0	6	0.4282655246252677	236799.0	6	0.4282655246252677	317.0	0	0.0	951.0	0	0.0	951.0	0	0.0
info	6	159	238293.0	6	0.4282655246252677	238293.0	6	0.4282655246252677	319.0	1	0.07137758743754462	957.0	0	0.0	957.0	0	0.0
info	6	160	239787.0	6	0.4282655246252677	239787.0	6	0.4282655246252677	321.0	0	0.0	963.0	0	0.0	963.0	0	0.0
info	6	161	241281.0	6	0.4282655246252677	241281.0	6	0.4282655246252677	323.0	0	0.0	969.0	0	0.0	969.0	0	0.0
info	6	162	242775.0	6	0.4282655246252677	242775.0	6	0.4282655246252677	325.0	0	0.0	975.0	0	0.0	975.0	0	0.0
info	6	163	244269.0	8	0.5710206995003569	244269.0	6	0.4282655246252677	327.0	0	0.0	981.0	0	0.0	981.0	0	0.0
info	6	164	245763.0	6	0.4282655246252677	245763.0	6	0.4282655246252677	329.0	0	0.0	987.0	0	0.0	987.0	0	0.0
info	6	165	247257.0	10	0.7137758743754462	247257.0	12	0.8565310492505354	331.0	0	0.0	993.0	0	0.0	993.0	0	0.0
info	6	166	248751.0	6	0.4282655246252677	248751.0	6	0.4282655246252677	333.0	0	0.0	999.0	0	0.0	999.0	0	0.0
info	6	167	250245.0	6	0.4282655246252677	250245.0	6	0.4282655246252677	335.0	0	0.0	1005.0	0	0.0	1005.0	0	0.0
info	6	168	251739.0	6	0.4282655246252677	251739.0	6	0.4282655246252677	337.0	0	0.0	1011.0	0	0.0	1011.0	0	0.0
info	6	169	253233.0	6	0.4282655246252677	253233.0	6	0.4282655246252677	339.0	0	0.0	1017.0	0	0.0	1017.0	0	0.0
info	6	170	254727.0	6	0.4282655246252677	254727.0	6	0.4282655246252677	341.0	0	0.0	1023.0	0	0.0	1023.0	0	0.0
info	6	171	256221.0	6	0.4282655246252677	256221.0	6	0.4282655246252677	343.0	0	0.0	1029.0	0	0.0	1029.0	0	0.0
info	6	172	257715.0	6	0.4282655246252677	257715.0	6	0.4282655246252677	345.0	0	0.0	1035.0	0	0.0	1035.0	0	0.0
info	6	173	259209.0	6	0.4282655246252677	259209.0	6	0.4282655246252677	347.0	0	0.0	1041.0	0	0.0	1041.0	0	0.0
info	6	174	260703.0	6	0.4282655246252677	260703.0	6	0.4282655246252677	349.0	0	0.0	1047.0	0	0.0	1047.0	0	0.0
info	6	175	262197.0	7	0.4996431120628123	262197.0	6	0.4282655246252677	351.0	0	0.0	1053.0	0	0.0	1053.0	0	0.0
info	6	176	263691.0	7	0.4996431120628123	263691.0	6	0.4282655246252677	353.0	0	0.0	1059.0	0	0.0	1059.0	0	0.0
info	6	177	265185.0	9	0.6423982869379016	265185.0	11	0.7851534618129908	355.0	0	0.0	1065.0	0	0.0	1065.0	0	0.0
info	6	178	266679.0	7	0.4996431120628123	266679.0	7	0.4996431120628123	357.0	0	0.0	1071.0	0	0.0	1071.0	0	0.0
info	6	179	268173.0	6	0.4282655246252677	268173.0	6	0.4282655246252677	359.0	0	0.0	1077.0	0	0.0	1077.0	0	0.0
info	6	180	269667.0	6	0.4282655246252677	269667.0	6	0.4282655246252677	361.0	0	0.0	1083.0	0	0.0	1083.0	0	0.0
info	6	181	271161.0	6	0.4282655246252677	271161.0	6	0.4282655246252677	363.0	0	0.0	1089.0	0	0.0	1089.0	0	0.0
info	6	182	272655.0	6	0.4282655246252677	272655.0	6	0.4282655246252677	365.0	0	0.0	1095.0	0	0.0	1095.0	0	0.0
info	6	183	274149.0	6	0.4282655246252677	274149.0	6	0.4282655246252677	367.0	0	0.0	1101.0	0	0.0	1101.0	0	0.0
info	6	184	275643.0	6	0.4282655246252677	275643.0	6	0.4282655246252677	369.0	0	0.0	1107.0	0	0.0	1107.0	0	0.0
info	6	185	277137.0	6	0.4282655246252677	277137.0	6	0.4282655246252677	371.0	0	0.0	1113.0	0	0.0	1113.0	0	0.0
info	6	186	278631.0	6	0.4282655246252677	278631.0	6	0.4282655246252677	373.0	0	0.0	1119.0	0	0.0	1119.0	0	0.0
info	6	187	280125.0	7	0.4996431120628123	280125.0	6	0.4282655246252677	375.0	0	0.0	1125.0	0	0.0	1125.0	0	0.0
info	6	188	281619.0	6	0.4282655246252677	281619.0	6	0.4282655246252677	377.0	0	0.0	1131.0	0	0.0	1131.0	0	0.0
info	6	189	283113.0	7	0.4996431120628123	283113.0	6	0.4282655246252677	379.0	0	0.0	1137.0	0	0.0	1137.0	0	0.0
info	6	190	284607.0	9	0.6423982869379016	284607.0	10	0.7137758743754462	381.0	0	0.0	1143.0	0	0.0	1143.0	0	0.0
info	6	191	286101.0	7	0.4996431120628123	286101.0	8	0.5710206995003569	383.0	0	0.0	1149.0	0	0.0	1149.0	0	0.0
info	6	192	287595.0	6	0.4282655246252677	287595.0	6	0.4282655246252677	385.0	0	0.0	1155.0	0	0.0	1155.0	0	0.0
info	6	193	289089.0	6	0.4282655246252677	289089.0	6	0.4282655246252677	387.0	0	0.0	1161.0	0	0.0	1161.0	0	0.0
info	6	194	290583.0	6	0.4282655246252677	290583.0	6	0.4282655246252677	389.0	0	0.0	1167.0	0	0.0	1167.0	0	0.0
info	6	195	292077.0	6	0.4282655246252677	292077.0	6	0.4282655246252677	391.0	0	0.0	1173.0	0	0.0	1173.0	0	0.0
info	6	196	293571.0	6	0.4282655246252677	293571.0	6	0.4282655246252677	393.0	0	0.0	1179.0	0	0.0	1179.0	0	0.0
info	6	197	295065.0	6	0.4282655246252677	295065.0	6	0.4282655246252677	395.0	0	0.0	1185.0	0	0.0	1185.0	0	0.0
info	6	198	296559.0	9	0.6423982869379016	296559.0	9	0.6423982869379016	397.0	0	0.0	1191.0	0	0.0	1191.0	0	0.0
info	6	199	298053.0	9	0.6423982869379016	298053.0	9	0.6423982869379016	399.0	0	0.0	1197.0	0	0.0	1197.0	0	0.0
home	6	0	747.0	9	0.6423982869379016	747.0	9	0.6423982869379016	0.5	0	0.0	3.0	1401	100.00000000000001	3.0	1401	100.00000000000001
home	6	1	2241.0	9	0.6423982869379016	2241.0	9	0.6423982869379016	1.5	0	0.0	9.0	0	0.0	9.0	0	0.0
home	6	2	3735.0	6	0.4282655246252677	3735.0	6	0.4282655246252677	2.5	2	0.14275517487508924	15.0	0	0.0	15.0	0	0.0
home	6	3	5229.0	10	0.7137758743754462	5229.0	10	0.7137758743754462	3.5	92	6.566738044254105	21.0	0	0.0	21.0	0	0.0
home	6	4	6723.0	8	0.5710206995003569	6723.0	8	0.5710206995003569	4.5	307	21.912919343326198	27.0	0	0.0	27.0	0	0.0
home	6	5	8217.0	6	0.4282655246252677	8217.0	6	0.4282655246252677	5.5	266	18.98643825838687	33.0	0	0.0	33.0	0	0.0
home	6	6	9711.0	8	0.5710206995003569	9711.0	8	0.5710206995003569	6.5	136	9.707351891506068	39.0	0	0.0	39.0	0	0.0
home	6	7	11205.0	10	0.7137758743754462	11205.0	10	0.7137758743754462	7.5	65	4.6395431834404	45.0	0	0.0	45.0	0	0.0
home	6	8	12699.0	6	0.4282655246252677	12699.0	6	0.4282655246252677	8.5	53	3.783012134189865	51.0	0	0.0	51.0	0	0.0
home	6	9	14193.0	9	0.6423982869379016	14193.0	9	0.6423982869379016	9.5	51	3.6402569593147756	57.0	0	0.0	57.0	0	0.0
home	6	10	15687.0	9	0.6423982869379016	15687.0	9	0.6423982869379016	10.5	41	2.9264810849393292	63.0	0	0.0	63.0	0	0.0
home	6	11	17181.0	6	0.4282655246252677	17181.0	6	0.4282655246252677	11.5	42	2.997858672376874	69.0	0	0.0	69.0	0	0.0
home	6	12	18675.0	7	0.4996431120628123	18675.0	7	0.4996431120628123	12.5	27	1.9271948608137046	75.0	0	0.0	75.0	0	0.0
home	6	13	20169.0	11	0.7851534618129908	20169.0	11	0.7851534618129908	13.5	25	1.7844396859386153	81.0	0	0.0	81.0	0	0.0
home	6	14	21663.0	6	0.4282655246252677	21663.0	6	0.4282655246252677	14.5	30	2.1413276231263385	87.0	0	0.0	87.0	0	0.0
home	6	15	23157.0	8	0.5710206995003569	23157.0	7	0.4996431120628123	15.5	21	1.498929336188437	93.0	0	0.0	93.0	0	0.0
home	6	16	24651.0	7	0.4996431120628123	24651.0	8	0.5710206995003569	16.5	16	1.1420413990007139	99.0	0	0.0	99.0	0	0.0
home	6	17	26145.0	9	0.6423982869379016	26145.0	9	0.6423982869379016	17.5	17	1.2134189864382585	105.0	0	0.0	105.0	0	0.0
home	6	18	27639.0	6	0.4282655246252677	27639.0	6	0.4282655246252677	18.5	15	1.0706638115631693	111.0	0	0.0	111.0	0	0.0
home	6	19	29133.0	9	0.6423982869379016	29133.0	9	0.6423982869379016	19.5	11	0.7851534618129908	117.0	0	0.0	117.0	0	0.0
home	6	20	30627.0	9	0.6423982869379016	30627.0	9	0.6423982869379016	20.5	11	0.7851534618129908	123.0	0	0.0	123.0	0	0.0
home	6	21	32121.0	6	0.4282655246252677	32121.0	6	0.4282655246252677	21.5	8	0.5710206995003569	129.0	0	0.0	129.0	0	0.0
home	6	22	33615.0	6	0.4282655246252677	33615.0	6	0.4282655246252677	22.5	4	0.28551034975017847	135.0	0	0.0	135.0	0	0.0
home	6	23	35109.0	10	0.7137758743754462	35109.0	10	0.7137758743754462	23.5	9	0.6423982869379016	141.0	0	0.0	141.0	0	0.0
home	6	24	36603.0	8	0.5710206995003569	36603.0	8	0.5710206995003569	24.5	9	0.6423982869379016	147.0	0	0.0	147.0	0	0.0
home	6	25	38097.0	6	0.4282655246252677	38097.0	6	0.4282655246252677	25.5	6	0.4282655246252677	153.0	0	0.0	153.0	0	0.0
home	6	26	39591.0	9	0.6423982869379016	39591.0	9	0.6423982869379016	26.5	11	0.7851534618129908	159.0	0	0.0	159.0	0	0.0
home	6	27	41085.0	9	0.6423982869379016	41085.0	9	0.6423982869379016	27.5	13	0.92790863668808	165.0	0	0.0	165.0	0	0.0
home	6	28	42579.0	6	0.4282655246252677	42579.0	6	0.4282655246252677	28.5	7	0.4996431120628123	171.0	0	0.0	171.0	0	0.0
home	6	29	44073.0	9	0.6423982869379016	44073.0	9	0.6423982869379016	29.5	10	0.7137758743754462	177.0	0	0.0	177.0	0	0.0
home	6	30	45567.0	9	0.6423982869379016	45567.0	9	0.6423982869379016	30.5	6	0.4282655246252677	183.0	0	0.0	183.0	0	0.0
home	6	31	47061.0	6	0.4282655246252677	47061.0	6	0.4282655246252677	31.5	7	0.4996431120628123	189.0	0	0.0	189.0	0	0.0
home	6	32	48555.0	6	0.4282655246252677	48555.0	6	0.4282655246252677	32.5	10	0.7137758743754462	195.0	0	0.0	195.0	0	0.0
home	6	33	50049.0	10	0.7137758743754462	50049.0	10	0.7137758743754462	33.5	5	0.3568879371877231	201.0	0	0.0	201.0	0	0.0
home	6	34	51543.0	8	0.5710206995003569	51543.0	8	0.5710206995003569	34.5	2	0.14275517487508924	207.0	0	0.0	207.0	0	0.0
home	6	35	53037.0	6	0.4282655246252677	53037.0	6	0.4282655246252677	35.5	5	0.3568879371877231	213.0	0	0.0	213.0	0	0.0
home	6	36	54531.0	7	0.4996431120628123	54531.0	7	0.4996431120628123	36.5	6	0.4282655246252677	219.0	0	0.0	219.0	0	0.0
home	6	37	56025.0	6	0.4282655246252677	56025.0	6	0.4282655246252677	37.5	4	0.28551034975017847	225.0	0	0.0	225.0	0	0.0
home	6	38	57519.0	6	0.4282655246252677	57519.0	6	0.4282655246252677	38.5	5	0.3568879371877231	231.0	0	0.0	231.0	0	0.0
home	6	39	59013.0	10	0.7137758743754462	59013.0	10	0.7137758743754462	39.5	4	0.28551034975017847	237.0	0	0.0	237.0	0	0.0
home	6	40	60507.0	8	0.5710206995003569	60507.0	8	0.5710206995003569	40.5	1	0.07137758743754462	243.0	0	0.0	243.0	0	0.0
home	6	41	62001.0	6	0.4282655246252677	62001.0	6	0.4282655246252677	41.5	2	0.14275517487508924	249.0	0	0.0	249.0	0	0.0
home	6	42	63495.0	6	0.4282655246252677	63495.0	6	0.4282655246252677	42.5	8	0.5710206995003569	255.0	0	0.0	255.0	0	0.0
home	6	43	64989.0	6	0.4282655246252677	64989.0	6	0.4282655246252677	43.5	1	0.07137758743754462	261.0	0	0.0	261.0	0	0.0
home	6	44	66483.0	6	0.4282655246252677	66483.0	6	0.4282655246252677	44.5	5	0.3568879371877231	267.0	0	0.0	267.0	0	0.0
home	6	45	67977.0	6	0.4282655246252677	67977.0	6	0.4282655246252677	45.5	5	0.3568879371877231	273.0	0	0.0	273.0	0	0.0
home	6	46	69471.0	6	0.4282655246252677	69471.0	6	0.4282655246252677	46.5	1	0.07137758743754462	279.0	0	0.0	279.0	0	0.0
home	6	47	70965.0	6	0.4282655246252677	70965.0	6	0.4282655246252677	47.5	0	0.0	285.0	0	0.0	285.0	0	0.0
home	6	48	72459.0	7	0.4996431120628123	72459.0	6	0.4282655246252677	48.5	4	0.28551034975017847	291.0	0	0.0	291.0	0	0.0
home	6	49	73953.0	10	0.7137758743754462	73953.0	11	0.7851534618129908	49.5	3	0.21413276231263384	297.0	0	0.0	297.0	0	0.0
home	6	50	75447.0	7	0.4996431120628123	75447.0	7	0.4996431120628123	50.5	1	0.07137758743754462	303.0	0	0.0	303.0	0	0.0
home	6	51	76941.0	6	0.4282655246252677	76941.0	6	0.4282655246252677	51.5	0	0.0	309.0	0	0.0	309.0	0	0.0
home	6	52	78435.0	6	0.4282655246252677	78435.0	6	0.4282655246252677	52.5	0	0.0	315.0	0	0.0	315.0	0	0.0
home	6	53	79929.0	6	0.4282655246252677	79929.0	6	0.4282655246252677	53.5	0	0.0	321.0	0	0.0	321.0	0	0.0
home	6	54	81423.0	6	0.4282655246252677	81423.0	6	0.4282655246252677	54.5	0	0.0	327.0	0	0.0	327.0	0	0.0
home	6	55	82917.0	6	0.4282655246252677	82917.0	6	0.4282655246252677	55.5	0	0.0	333.0	0	0.0	333.0	0	0.0
home	6	56	84411.0	6	0.4282655246252677	84411.0	6	0.4282655246252677	56.5	2	0.14275517487508924	339.0	0	0.0	339.0	0	0.0
home	6	57	85905.0	6	0.4282655246252677	85905.0	6	0.4282655246252677	57.5	1	0.07137758743754462	345.0	0	0.0	345.0	0	0.0
home	6	58	87399.0	6	0.4282655246252677	87399.0	6	0.4282655246252677	58.5	0	0.0	351.0	0	0.0	351.0	0	0.0
home	6	59	88893.0	6	0.4282655246252677	88893.0	6	0.4282655246252677	59.5	0	0.0	357.0	0	0.0	357.0	0	0.0
home	6	60	90387.0	11	0.7851534618129908	90387.0	9	0.6423982869379016	60.5	0	0.0	363.0	0	0.0	363.0	0	0.0
home	6	61	91881.0	7	0.4996431120628123	91881.0	9	0.6423982869379016	61.5	0	0.0	369.0	0	0.0	369.0	0	0.0
home	6	62	93375.0	6	0.4282655246252677	93375.0	6	0.4282655246252677	62.5	0	0.0	375.0	0	0.0	375.0	0	0.0
home	6	63	94869.0	7	0.4996431120628123	94869.0	7	0.4996431120628123	63.5	0	0.0	381.0	0	0.0	381.0	0	0.0
home	6	64	96363.0	8	0.5710206995003569	96363.0	8	0.5710206995003569	64.5	0	0.0	387.0	0	0.0	387.0	0	0.0
home	6	65	97857.0	9	0.6423982869379016	97857.0	9	0.6423982869379016	65.5	0	0.0	393.0	0	0.0	393.0	0	0.0
home	6	66	99351.0	7	0.4996431120628123	99351.0	7	0.4996431120628123	66.5	0	0.0	399.0	0	0.0	399.0	0	0.0
home	6	67	100845.0	8	0.5710206995003569	100845.0	8	0.5710206995003569	67.5	0	0.0	405.0	0	0.0	405.0	0	0.0
home	6	68	102339.0	7	0.4996431120628123	102339.0	7	0.4996431120628123	68.5	0	0.0	411.0	0	0.0	411.0	0	0.0
home	6	69	103833.0	9	0.6423982869379016	103833.0	9	0.6423982869379016	69.5	0	0.0	417.0	0	0.0	417.0	0	0.0
home	6	70	105327.0	8	0.5710206995003569	105327.0	8	0.5710206995003569	70.5	0	0.0	423.0	0	0.0	423.0	0	0.0
home	6	71	106821.0	7	0.4996431120628123	106821.0	7	0.4996431120628123	71.5	0	0.0	429.0	0	0.0	429.0	0	0.0
home	6	72	108315.0	9	0.6423982869379016	108315.0	9	0.6423982869379016	72.5	0	0.0	435.0	0	0.0	435.0	0	0.0
home	6	73	109809.0	8	0.5710206995003569	109809.0	8	0.5710206995003569	73.5	1	0.07137758743754462	441.0	0	0.0	441.0	0	0.0
home	6	74	111303.0	7	0.4996431120628123	111303.0	7	0.4996431120628123	74.5	0	0.0	447.0	0	0.0	447.0	0	0.0
home	6	75	112797.0	8	0.5710206995003569	112797.0	8	0.5710206995003569	75.5	0	0.0	453.0	0	0.0	453.0	0	0.0
home	6	76	114291.0	7	0.4996431120628123	114291.0	7	0.4996431120628123	76.5	0	0.0	459.0	0	0.0	459.0	0	0.0
home	6	77	115785.0	9	0.6423982869379016	115785.0	9	0.6423982869379016	77.5	0	0.0	465.0	0	0.0	465.0	0	0.0
home	6	78	117279.0	6	0.4282655246252677	117279.0	6	0.4282655246252677	78.5	0	0.0	471.0	0	0.0	471.0	0	0.0
home	6	79	118773.0	9	0.6423982869379016	118773.0	9	0.6423982869379016	79.5	1	0.07137758743754462	477.0	0	0.0	477.0	0	0.0
home	6	80	120267.0	9	0.6423982869379016	120267.0	9	0.6423982869379016	80.5	0	0.0	483.0	0	0.0	483.0	0	0.0
home	6	81	121761.0	7	0.4996431120628123	121761.0	7	0.4996431120628123	81.5	0	0.0	489.0	0	0.0	489.0	0	0.0
home	6	82	123255.0	8	0.5710206995003569	123255.0	8	0.5710206995003569	82.5	0	0.0	495.0	0	0.0	495.0	0	0.0
home	6	83	124749.0	6	0.4282655246252677	124749.0	6	0.4282655246252677	83.5	1	0.07137758743754462	501.0	0	0.0	501.0	0	0.0
home	6	84	126243.0	10	0.7137758743754462	126243.0	10	0.7137758743754462	84.5	0	0.0	507.0	0	0.0	507.0	0	0.0
home	6	85	127737.0	8	0.5710206995003569	127737.0	8	0.5710206995003569	85.5	0	0.0	513.0	0	0.0	513.0	0	0.0
home	6	86	129231.0	6	0.4282655246252677	129231.0	6	0.4282655246252677	86.5	0	0.0	519.0	0	0.0	519.0	0	0.0
home	6	87	130725.0	10	0.7137758743754462	130725.0	10	0.7137758743754462	87.5	0	0.0	525.0	0	0.0	525.0	0	0.0
home	6	88	132219.0	8	0.5710206995003569	132219.0	8	0.5710206995003569	88.5	0	0.0	531.0	0	0.0	531.0	0	0.0
home	6	89	133713.0	6	0.4282655246252677	133713.0	6	0.4282655246252677	89.5	0	0.0	537.0	0	0.0	537.0	0	0.0
home	6	90	135207.0	6	0.4282655246252677	135207.0	6	0.4282655246252677	90.5	0	0.0	543.0	0	0.0	543.0	0	0.0
home	6	91	136701.0	6	0.4282655246252677	136701.0	6	0.4282655246252677	91.5	0	0.0	549.0	0	0.0	549.0	0	0.0
home	6	92	138195.0	6	0.4282655246252677	138195.0	6	0.4282655246252677	92.5	0	0.0	555.0	0	0.0	555.0	0	0.0
home	6	93	139689.0	7	0.4996431120628123	139689.0	7	0.4996431120628123	93.5	0	0.0	561.0	0	0.0	561.0	0	0.0
home	6	94	141183.0	11	0.7851534618129908	141183.0	10	0.7137758743754462	94.5	0	0.0	567.0	0	0.0	567.0	0	0.0
home	6	95	142677.0	6	0.4282655246252677	142677.0	7	0.4996431120628123	95.5	0	0.0	573.0	0	0.0	573.0	0	0.0
home	6	96	144171.0	7	0.4996431120628123	144171.0	7	0.4996431120628123	96.5	0	0.0	579.0	0	0.0	579.0	0	0.0
home	6	97	145665.0	6	0.4282655246252677	145665.0	6	0.4282655246252677	97.5	0	0.0	585.0	0	0.0	585.0	0	0.0
home	6	98	147159.0	9	0.6423982869379016	147159.0	9	0.6423982869379016	98.5	0	0.0	591.0	0	0.0	591.0	0	0.0
home	6	99	148653.0	9	0.6423982869379016	148653.0	9	0.6423982869379016	99.5	0	0.0	597.0	0	0.0	597.0	0	0.0
home	6	100	150147.0	6	0.4282655246252677	150147.0	6	0.4282655246252677	100.5	0	0.0	603.0	0	0.0	603.0	0	0.0
home	6	101	151641.0	6	0.4282655246252677	151641.0	6	0.4282655246252677	101.5	0	0.0	609.0	0	0.0	609.0	0	0.0
home	6	102	153135.0	6	0.4282655246252677	153135.0	6	0.4282655246252677	102.5	0	0.0	615.0	0	0.0	615.0	0	0.0
home	6	103	154629.0	6	0.4282655246252677	154629.0	6	0.4282655246252677	103.5	0	0.0	621.0	0	0.0	621.0	0	0.0
home	6	104	156123.0	6	0.4282655246252677	156123.0	6	0.4282655246252677	104.5	0	0.0	627.0	0	0.0	627.0	0	0.0
home	6	105	157617.0	6	0.4282655246252677	157617.0	6	0.4282655246252677	105.5	0	0.0	633.0	0	0.0	633.0	0	0.0
home	6	106	159111.0	6	0.4282655246252677	159111.0	6	0.4282655246252677	106.5	0	0.0	639.0	0	0.0	639.0	0	0.0
home	6	107	160605.0	6	0.4282655246252677	160605.0	6	0.4282655246252677	107.5	0	0.0	645.0	0	0.0	645.0	0	0.0
home	6	108	162099.0	6	0.4282655246252677	162099.0	6	0.4282655246252677	108.5	0	0.0	651.0	0	0.0	651.0	0	0.0
home	6	109	163593.0	12	0.8565310492505354	163593.0	11	0.7851534618129908	109.5	0	0.0	657.0	0	0.0	657.0	0	0.0
home	6	110	165087.0	6	0.4282655246252677	165087.0	7	0.4996431120628123	110.5	1	0.07137758743754462	663.0	0	0.0	663.0	0	0.0
home	6	111	166581.0	6	0.4282655246252677	166581.0	6	0.4282655246252677	111.5	1	0.07137758743754462	669.0	0	0.0	669.0	0	0.0
home	6	112	168075.0	6	0.4282655246252677	168075.0	6	0.4282655246252677	112.5	0	0.0	675.0	0	0.0	675.0	0	0.0
home	6	113	169569.0	6	0.4282655246252677	169569.0	6	0.4282655246252677	113.5	0	0.0	681.0	0	0.0	681.0	0	0.0
home	6	114	171063.0	6	0.4282655246252677	171063.0	6	0.4282655246252677	114.5	0	0.0	687.0	0	0.0	687.0	0	0.0
home	6	115	172557.0	6	0.4282655246252677	172557.0	6	0.4282655246252677	115.5	0	0.0	693.0	0	0.0	693.0	0	0.0
home	6	116	174051.0	6	0.4282655246252677	174051.0	6	0.4282655246252677	116.5	0	0.0	699.0	0	0.0	699.0	0	0.0
home	6	117	175545.0	6	0.4282655246252677	175545.0	6	0.4282655246252677	117.5	0	0.0	705.0	0	0.0	705.0	0	0.0
home	6	118	177039.0	12	0.8565310492505354	177039.0	12	0.8565310492505354	118.5	0	0.0	711.0	0	0.0	711.0	0	0.0
home	6	119	178533.0	6	0.4282655246252677	178533.0	6	0.4282655246252677	119.5	0	0.0	717.0	0	0.0	717.0	0	0.0
home	6	120	180027.0	6	0.4282655246252677	180027.0	6	0.4282655246252677	120.5	0	0.0	723.0	0	0.0	723.0	0	0.0
home	6	121	181521.0	6	0.4282655246252677	181521.0	6	0.4282655246252677	121.5	0	0.0	729.0	0	0.0	729.0	0	0.0
home	6	122	183015.0	6	0.4282655246252677	183015.0	6	0.4282655246252677	122.5	0	0.0	735.0	0	0.0	735.0	0	0.0
home	6	123	184509.0	6	0.4282655246252677	184509.0	6	0.4282655246252677	123.5	0	0.0	741.0	0	0.0	741.0	0	0.0
home	6	124	186003.0	6	0.4282655246252677	186003.0	6	0.4282655246252677	124.5	0	0.0	747.0	0	0.0	747.0	0	0.0
home	6	125	187497.0	6	0.4282655246252677	187497.0	6	0.4282655246252677	125.5	0	0.0	753.0	0	0.0	753.0	0	0.0
home	6	126	188991.0	6	0.4282655246252677	188991.0	6	0.4282655246252677	126.5	0	0.0	759.0	0	0.0	759.0	0	0.0
home	6	127	190485.0	6	0.4282655246252677	190485.0	6	0.4282655246252677	127.5	0	0.0	765.0	0	0.0	765.0	0	0.0
home	6	128	191979.0	6	0.4282655246252677	191979.0	6	0.4282655246252677	128.5	0	0.0	771.0	0	0.0	771.0	0	0.0
home	6	129	193473.0	6	0.4282655246252677	193473.0	6	0.4282655246252677	129.5	0	0.0	777.0	0	0.0	777.0	0	0.0
home	6	130	194967.0	11	0.7851534618129908	194967.0	10	0.7137758743754462	130.5	0	0.0	783.0	0	0.0	783.0	0	0.0
home	6	131	196461.0	7	0.4996431120628123	196461.0	7	0.4996431120628123	131.5	0	0.0	789.0	0	0.0	789.0	0	0.0
home	6	132	197955.0	6	0.4282655246252677	197955.0	7	0.4996431120628123	132.5	0	0.0	795.0	0	0.0	795.0	0	0.0
home	6	133	199449.0	6	0.4282655246252677	199449.0	6	0.4282655246252677	133.5	0	0.0	801.0	0	0.0	801.0	0	0.0
home	6	134	200943.0	6	0.4282655246252677	200943.0	6	0.4282655246252677	134.5	0	0.0	807.0	0	0.0	807.0	0	0.0
home	6	135	202437.0	6	0.4282655246252677	202437.0	6	0.4282655246252677	135.5	0	0.0	813.0	0	0.0	813.0	0	0.0
home	6	136	203931.0	6	0.4282655246252677	203931.0	6	0.4282655246252677	136.5	0	0.0	819.0	0	0.0	819.0	0	0.0
home	6	137	205425.0	6	0.4282655246252677	205425.0	6	0.4282655246252677	137.5	0	0.0	825.0	0	0.0	825.0	0	0.0
home	6	138	206919.0	6	0.4282655246252677	206919.0	6	0.4282655246252677	138.5	0	0.0	831.0	0	0.0	831.0	0	0.0
home	6	139	208413.0	6	0.4282655246252677	208413.0	6	0.4282655246252677	139.5	1	0.07137758743754462	837.0	0	0.0	837.0	0	0.0
home	6	140	209907.0	6	0.4282655246252677	209907.0	6	0.4282655246252677	140.5	0	0.0	843.0	0	0.0	843.0	0	0.0
home	6	141	211401.0	6	0.4282655246252677	211401.0	6	0.4282655246252677	141.5	0	0.0	849.0	0	0.0	849.0	0	0.0
home	6	142	212895.0	9	0.6423982869379016	212895.0	7	0.4996431120628123	142.5	0	0.0	855.0	0	0.0	855.0	0	0.0
home	6	143	214389.0	7	0.4996431120628123	214389.0	9	0.6423982869379016	143.5	0	0.0	861.0	0	0.0	861.0	0	0.0
home	6	144	215883.0	8	0.5710206995003569	215883.0	8	0.5710206995003569	144.5	0	0.0	867.0	0	0.0	867.0	0	0.0
home	6	145	217377.0	6	0.4282655246252677	217377.0	6	0.4282655246252677	145.5	0	0.0	873.0	0	0.0	873.0	0	0.0
home	6	146	218871.0	6	0.4282655246252677	218871.0	6	0.4282655246252677	146.5	0	0.0	879.0	0	0.0	879.0	0	0.0
home	6	147	220365.0	6	0.4282655246252677	220365.0	6	0.4282655246252677	147.5	0	0.0	885.0	0	0.0	885.0	0	0.0
home	6	148	221859.0	6	0.4282655246252677	221859.0	6	0.4282655246252677	148.5	0	0.0	891.0	0	0.0	891.0	0	0.0
home	6	149	223353.0	6	0.4282655246252677	223353.0	6	0.4282655246252677	149.5	0	0.0	897.0	0	0.0	897.0	0	0.0
home	6	150	224847.0	6	0.4282655246252677	224847.0	6	0.4282655246252677	150.5	0	0.0	903.0	0	0.0	903.0	0	0.0
home	6	151	226341.0	6	0.4282655246252677	226341.0	6	0.4282655246252677	151.5	0	0.0	909.0	0	0.0	909.0	0	0.0
home	6	152	227835.0	6	0.4282655246252677	227835.0	6	0.4282655246252677	152.5	0	0.0	915.0	0	0.0	915.0	0	0.0
home	6	153	229329.0	12	0.8565310492505354	229329.0	12	0.8565310492505354	153.5	0	0.0	921.0	0	0.0	921.0	0	0.0
home	6	154	230823.0	6	0.4282655246252677	230823.0	6	0.4282655246252677	154.5	0	0.0	927.0	0	0.0	927.0	0	0.0
home	6	155	232317.0	6	0.4282655246252677	232317.0	6	0.4282655246252677	155.5	0	0.0	933.0	0	0.0	933.0	0	0.0
home	6	156	233811.0	6	0.4282655246252677	233811.0	6	0.4282655246252677	156.5	0	0.0	939.0	0	0.0	939.0	0	0.0
home	6	157	235305.0	6	0.4282655246252677	235305.0	6	0.4282655246252677	157.5	0	0.0	945.0	0	0.0	945.0	0	0.0
home	6	158	236799.0	6	0.4282655246252677	236799.0	6	0.4282655246252677	158.5	0	0.0	951.0	0	0.0	951.0	0	0.0
home	6	159	238293.0	6	0.4282655246252677	238293.0	6	0.4282655246252677	159.5	1	0.07137758743754462	957.0	0	0.0	957.0	0	0.0
home	6	160	239787.0	6	0.4282655246252677	239787.0	6	0.4282655246252677	160.5	0	0.0	963.0	0	0.0	963.0	0	0.0
home	6	161	241281.0	6	0.4282655246252677	241281.0	6	0.4282655246252677	161.5	0	0.0	969.0	0	0.0	969.0	0	0.0
home	6	162	242775.0	6	0.4282655246252677	242775.0	6	0.4282655246252677	162.5	0	0.0	975.0	0	0.0	975.0	0	0.0
home	6	163	244269.0	6	0.4282655246252677	244269.0	6	0.4282655246252677	163.5	0	0.0	981.0	0	0.0	981.0	0	0.0
home	6	164	245763.0	6	0.4282655246252677	245763.0	6	0.4282655246252677	164.5	0	0.0	987.0	0	0.0	987.0	0	0.0
home	6	165	247257.0	12	0.8565310492505354	247257.0	12	0.8565310492505354	165.5	0	0.0	993.0	0	0.0	993.0	0	0.0
home	6	166	248751.0	6	0.4282655246252677	248751.0	6	0.4282655246252677	166.5	0	0.0	999.0	0	0.0	999.0	0	0.0
home	6	167	250245.0	6	0.4282655246252677	250245.0	6	0.4282655246252677	167.5	0	0.0	1005.0	0	0.0	1005.0	0	0.0
home	6	168	251739.0	6	0.4282655246252677	251739.0	6	0.4282655246252677	168.5	0	0.0	1011.0	0	0.0	1011.0	0	0.0
home	6	169	253233.0	6	0.4282655246252677	253233.0	6	0.4282655246252677	169.5	0	0.0	1017.0	0	0.0	1017.0	0	0.0
home	6	170	254727.0	6	0.4282655246252677	254727.0	6	0.4282655246252677	170.5	0	0.0	1023.0	0	0.0	1023.0	0	0.0
home	6	171	256221.0	6	0.4282655246252677	256221.0	6	0.4282655246252677	171.5	1	0.07137758743754462	1029.0	0	0.0	1029.0	0	0.0
home	6	172	257715.0	6	0.4282655246252677	257715.0	6	0.4282655246252677	172.5	0	0.0	1035.0	0	0.0	1035.0	0	0.0
home	6	173	259209.0	6	0.4282655246252677	259209.0	6	0.4282655246252677	173.5	0	0.0	1041.0	0	0.0	1041.0	0	0.0
home	6	174	260703.0	6	0.4282655246252677	260703.0	6	0.4282655246252677	174.5	0	0.0	1047.0	0	0.0	1047.0	0	0.0
home	6	175	262197.0	6	0.4282655246252677	262197.0	6	0.4282655246252677	175.5	0	0.0	1053.0	0	0.0	1053.0	0	0.0
home	6	176	263691.0	9	0.6423982869379016	263691.0	6	0.4282655246252677	176.5	0	0.0	1059.0	0	0.0	1059.0	0	0.0
home	6	177	265185.0	8	0.5710206995003569	265185.0	11	0.7851534618129908	177.5	0	0.0	1065.0	0	0.0	1065.0	0	0.0
home	6	178	266679.0	7	0.4996431120628123	266679.0	7	0.4996431120628123	178.5	0	0.0	1071.0	0	0.0	1071.0	0	0.0
home	6	179	268173.0	6	0.4282655246252677	268173.0	6	0.4282655246252677	179.5	0	0.0	1077.0	0	0.0	1077.0	0	0.0
home	6	180	269667.0	6	0.4282655246252677	269667.0	6	0.4282655246252677	180.5	0	0.0	1083.0	0	0.0	1083.0	0	0.0
home	6	181	271161.0	6	0.4282655246252677	271161.0	6	0.4282655246252677	181.5	0	0.0	1089.0	0	0.0	1089.0	0	0.0
home	6	182	272655.0	6	0.4282655246252677	272655.0	6	0.4282655246252677	182.5	0	0.0	1095.0	0	0.0	1095.0	0	0.0
home	6	183	274149.0	6	0.4282655246252677	274149.0	6	0.4282655246252677	183.5	0	0.0	1101.0	0	0.0	1101.0	0	0.0
home	6	184	275643.0	6	0.4282655246252677	275643.0	6	0.4282655246252677	184.5	0	0.0	1107.0	0	0.0	1107.0	0	0.0
home	6	185	277137.0	6	0.4282655246252677	277137.0	6	0.4282655246252677	185.5	0	0.0	1113.0	0	0.0	1113.0	0	0.0
home	6	186	278631.0	6	0.4282655246252677	278631.0	6	0.4282655246252677	186.5	0	0.0	1119.0	0	0.0	1119.0	0	0.0
home	6	187	280125.0	6	0.4282655246252677	280125.0	6	0.4282655246252677	187.5	0	0.0	1125.0	0	0.0	1125.0	0	0.0
home	6	188	281619.0	6	0.4282655246252677	281619.0	6	0.4282655246252677	188.5	0	0.0	1131.0	0	0.0	1131.0	0	0.0
home	6	189	283113.0	6	0.4282655246252677	283113.0	6	0.4282655246252677	189.5	0	0.0	1137.0	0	0.0	1137.0	0	0.0
home	6	190	284607.0	11	0.7851534618129908	284607.0	11	0.7851534618129908	190.5	0	0.0	1143.0	0	0.0	1143.0	0	0.0
home	6	191	286101.0	7	0.4996431120628123	286101.0	7	0.4996431120628123	191.5	0	0.0	1149.0	0	0.0	1149.0	0	0.0
home	6	192	287595.0	6	0.4282655246252677	287595.0	6	0.4282655246252677	192.5	0	0.0	1155.0	0	0.0	1155.0	0	0.0
home	6	193	289089.0	6	0.4282655246252677	289089.0	6	0.4282655246252677	193.5	0	0.0	1161.0	0	0.0	1161.0	0	0.0
home	6	194	290583.0	6	0.4282655246252677	290583.0	6	0.4282655246252677	194.5	0	0.0	1167.0	0	0.0	1167.0	0	0.0
home	6	195	292077.0	6	0.4282655246252677	292077.0	6	0.4282655246252677	195.5	0	0.0	1173.0	0	0.0	1173.0	0	0.0
home	6	196	293571.0	6	0.4282655246252677	293571.0	6	0.4282655246252677	196.5	0	0.0	1179.0	0	0.0	1179.0	0	0.0
home	6	197	295065.0	6	0.4282655246252677	295065.0	6	0.4282655246252677	197.5	0	0.0	1185.0	0	0.0	1185.0	0	0.0
home	6	198	296559.0	9	0.6423982869379016	296559.0	7	0.4996431120628123	198.5	0	0.0	1191.0	0	0.0	1191.0	0	0.0
home	6	199	298053.0	9	0.6423982869379016	298053.0	11	0.7851534618129908	199.5	0	0.0	1197.0	0	0.0	1197.0	0	0.0
