'Request type'	'Load'	'Bucket'	'Start time'	'Absolute'	'Percent of requests'	'End time'	'Absolute'	'Percent of requests'	'Residence time'	'Absolute'	'Percent of requests'	'Theor. think time'	'Absolute'	'Percent of requests'	'Actual think time'	'Absolute'	'Percent of requests'
login	14	0	748.0	14	0.6451612903225806	748.0	14	0.6451612903225806	3.5	0	0.0	3.0	2170	100.0	3.0	2170	100.0
login	14	1	2244.0	14	0.6451612903225806	2244.0	14	0.6451612903225806	10.5	0	0.0	9.0	0	0.0	9.0	0	0.0
login	14	2	3740.0	14	0.6451612903225806	3740.0	8	0.3686635944700461	17.5	0	0.0	15.0	0	0.0	15.0	0	0.0
login	14	3	5236.0	14	0.6451612903225806	5236.0	11	0.5069124423963134	24.5	0	0.0	21.0	0	0.0	21.0	0	0.0
login	14	4	6732.0	0	0.0	6732.0	9	0.4147465437788019	31.5	0	0.0	27.0	0	0.0	27.0	0	0.0
login	14	5	8228.0	14	0.6451612903225806	8228.0	14	0.6451612903225806	38.5	0	0.0	33.0	0	0.0	33.0	0	0.0
login	14	6	9724.0	14	0.6451612903225806	9724.0	12	0.5529953917050692	45.5	0	0.0	39.0	0	0.0	39.0	0	0.0
login	14	7	11220.0	14	0.6451612903225806	11220.0	7	0.3225806451612903	52.5	0	0.0	45.0	0	0.0	45.0	0	0.0
login	14	8	12716.0	14	0.6451612903225806	12716.0	9	0.4147465437788019	59.5	0	0.0	51.0	0	0.0	51.0	0	0.0
login	14	9	14212.0	0	0.0	14212.0	14	0.6451612903225806	66.5	0	0.0	57.0	0	0.0	57.0	0	0.0
login	14	10	15708.0	14	0.6451612903225806	15708.0	14	0.6451612903225806	73.5	0	0.0	63.0	0	0.0	63.0	0	0.0
login	14	11	17204.0	14	0.6451612903225806	17204.0	10	0.4608294930875576	80.5	0	0.0	69.0	0	0.0	69.0	0	0.0
login	14	12	18700.0	14	0.6451612903225806	18700.0	5	0.2304147465437788	87.5	1	0.04608294930875576	75.0	0	0.0	75.0	0	0.0
login	14	13	20196.0	0	0.0	20196.0	13	0.599078341013825	94.5	0	0.0	81.0	0	0.0	81.0	0	0.0
login	14	14	21692.0	14	0.6451612903225806	21692.0	14	0.6451612903225806	101.5	0	0.0	87.0	0	0.0	87.0	0	0.0
login	14	15	23188.0	14	0.6451612903225806	23188.0	12	0.5529953917050692	108.5	1	0.04608294930875576	93.0	0	0.0	93.0	0	0.0
login	14	16	24684.0	14	0.6451612903225806	24684.0	9	0.4147465437788019	115.5	0	0.0	99.0	0	0.0	99.0	0	0.0
login	14	17	26180.0	14	0.6451612903225806	26180.0	8	0.3686635944700461	122.5	1	0.04608294930875576	105.0	0	0.0	105.0	0	0.0
login	14	18	27676.0	0	0.0	27676.0	13	0.599078341013825	129.5	2	0.09216589861751152	111.0	0	0.0	111.0	0	0.0
login	14	19	29172.0	14	0.6451612903225806	29172.0	14	0.6451612903225806	136.5	2	0.09216589861751152	117.0	0	0.0	117.0	0	0.0
login	14	20	30668.0	14	0.6451612903225806	30668.0	14	0.6451612903225806	143.5	0	0.0	123.0	0	0.0	123.0	0	0.0
login	14	21	32164.0	14	0.6451612903225806	32164.0	7	0.3225806451612903	150.5	3	0.1382488479262673	129.0	0	0.0	129.0	0	0.0
login	14	22	33660.0	14	0.6451612903225806	33660.0	9	0.4147465437788019	157.5	6	0.2764976958525346	135.0	0	0.0	135.0	0	0.0
login	14	23	35156.0	0	0.0	35156.0	12	0.5529953917050692	164.5	4	0.18433179723502305	141.0	0	0.0	141.0	0	0.0
login	14	24	36652.0	14	0.6451612903225806	36652.0	14	0.6451612903225806	171.5	6	0.2764976958525346	147.0	0	0.0	147.0	0	0.0
login	14	25	38148.0	14	0.6451612903225806	38148.0	10	0.4608294930875576	178.5	4	0.18433179723502305	153.0	0	0.0	153.0	0	0.0
login	14	26	39644.0	14	0.6451612903225806	39644.0	4	0.18433179723502305	185.5	4	0.18433179723502305	159.0	0	0.0	159.0	0	0.0
login	14	27	41140.0	0	0.0	41140.0	14	0.6451612903225806	192.5	8	0.3686635944700461	165.0	0	0.0	165.0	0	0.0
login	14	28	42636.0	14	0.6451612903225806	42636.0	14	0.6451612903225806	199.5	9	0.4147465437788019	171.0	0	0.0	171.0	0	0.0
login	14	29	44132.0	14	0.6451612903225806	44132.0	9	0.4147465437788019	206.5	8	0.3686635944700461	177.0	0	0.0	177.0	0	0.0
login	14	30	45628.0	14	0.6451612903225806	45628.0	9	0.4147465437788019	213.5	12	0.5529953917050692	183.0	0	0.0	183.0	0	0.0
login	14	31	47124.0	0	0.0	47124.0	10	0.4608294930875576	220.5	8	0.3686635944700461	189.0	0	0.0	189.0	0	0.0
login	14	32	48620.0	14	0.6451612903225806	48620.0	14	0.6451612903225806	227.5	17	0.783410138248848	195.0	0	0.0	195.0	0	0.0
login	14	33	50116.0	14	0.6451612903225806	50116.0	12	0.5529953917050692	234.5	18	0.8294930875576038	201.0	0	0.0	201.0	0	0.0
login	14	34	51612.0	14	0.6451612903225806	51612.0	7	0.3225806451612903	241.5	15	0.6912442396313364	207.0	0	0.0	207.0	0	0.0
login	14	35	53108.0	13	0.599078341013825	53108.0	9	0.4147465437788019	248.5	13	0.599078341013825	213.0	0	0.0	213.0	0	0.0
login	14	36	54604.0	1	0.04608294930875576	54604.0	14	0.6451612903225806	255.5	14	0.6451612903225806	219.0	0	0.0	219.0	0	0.0
login	14	37	56100.0	14	0.6451612903225806	56100.0	14	0.6451612903225806	262.5	13	0.599078341013825	225.0	0	0.0	225.0	0	0.0
login	14	38	57596.0	14	0.6451612903225806	57596.0	7	0.3225806451612903	269.5	12	0.5529953917050692	231.0	0	0.0	231.0	0	0.0
login	14	39	59092.0	14	0.6451612903225806	59092.0	7	0.3225806451612903	276.5	11	0.5069124423963134	237.0	0	0.0	237.0	0	0.0
login	14	40	60588.0	0	0.0	60588.0	14	0.6451612903225806	283.5	19	0.8755760368663594	243.0	0	0.0	243.0	0	0.0
login	14	41	62084.0	14	0.6451612903225806	62084.0	12	0.5529953917050692	290.5	17	0.783410138248848	249.0	0	0.0	249.0	0	0.0
login	14	42	63580.0	14	0.6451612903225806	63580.0	6	0.2764976958525346	297.5	22	1.0138248847926268	255.0	0	0.0	255.0	0	0.0
login	14	43	65076.0	0	0.0	65076.0	10	0.4608294930875576	304.5	23	1.0599078341013826	261.0	0	0.0	261.0	0	0.0
login	14	44	66572.0	14	0.6451612903225806	66572.0	14	0.6451612903225806	311.5	20	0.9216589861751152	267.0	0	0.0	267.0	0	0.0
login	14	45	68068.0	14	0.6451612903225806	68068.0	14	0.6451612903225806	318.5	16	0.7373271889400922	273.0	0	0.0	273.0	0	0.0
login	14	46	69564.0	14	0.6451612903225806	69564.0	10	0.4608294930875576	325.5	18	0.8294930875576038	279.0	0	0.0	279.0	0	0.0
login	14	47	71060.0	14	0.6451612903225806	71060.0	4	0.18433179723502305	332.5	14	0.6451612903225806	285.0	0	0.0	285.0	0	0.0
login	14	48	72556.0	0	0.0	72556.0	14	0.6451612903225806	339.5	21	0.967741935483871	291.0	0	0.0	291.0	0	0.0
login	14	49	74052.0	14	0.6451612903225806	74052.0	14	0.6451612903225806	346.5	23	1.0599078341013826	297.0	0	0.0	297.0	0	0.0
login	14	50	75548.0	14	0.6451612903225806	75548.0	9	0.4147465437788019	353.5	25	1.1520737327188941	303.0	0	0.0	303.0	0	0.0
login	14	51	77044.0	14	0.6451612903225806	77044.0	6	0.2764976958525346	360.5	22	1.0138248847926268	309.0	0	0.0	309.0	0	0.0
login	14	52	78540.0	0	0.0	78540.0	13	0.599078341013825	367.5	16	0.7373271889400922	315.0	0	0.0	315.0	0	0.0
login	14	53	80036.0	14	0.6451612903225806	80036.0	14	0.6451612903225806	374.5	19	0.8755760368663594	321.0	0	0.0	321.0	0	0.0
login	14	54	81532.0	14	0.6451612903225806	81532.0	6	0.2764976958525346	381.5	28	1.2903225806451613	327.0	0	0.0	327.0	0	0.0
login	14	55	83028.0	14	0.6451612903225806	83028.0	8	0.3686635944700461	388.5	18	0.8294930875576038	333.0	0	0.0	333.0	0	0.0
login	14	56	84524.0	0	0.0	84524.0	14	0.6451612903225806	395.5	20	0.9216589861751152	339.0	0	0.0	339.0	0	0.0
login	14	57	86020.0	14	0.6451612903225806	86020.0	14	0.6451612903225806	402.5	14	0.6451612903225806	345.0	0	0.0	345.0	0	0.0
login	14	58	87516.0	14	0.6451612903225806	87516.0	9	0.4147465437788019	409.5	17	0.783410138248848	351.0	0	0.0	351.0	0	0.0
login	14	59	89012.0	14	0.6451612903225806	89012.0	5	0.2304147465437788	416.5	21	0.967741935483871	357.0	0	0.0	357.0	0	0.0
login	14	60	90508.0	0	0.0	90508.0	14	0.6451612903225806	423.5	24	1.1059907834101383	363.0	0	0.0	363.0	0	0.0
login	14	61	92004.0	14	0.6451612903225806	92004.0	14	0.6451612903225806	430.5	24	1.1059907834101383	369.0	0	0.0	369.0	0	0.0
login	14	62	93500.0	14	0.6451612903225806	93500.0	10	0.4608294930875576	437.5	22	1.0138248847926268	375.0	0	0.0	375.0	0	0.0
login	14	63	94996.0	14	0.6451612903225806	94996.0	6	0.2764976958525346	444.5	16	0.7373271889400922	381.0	0	0.0	381.0	0	0.0
login	14	64	96492.0	0	0.0	96492.0	12	0.5529953917050692	451.5	16	0.7373271889400922	387.0	0	0.0	387.0	0	0.0
login	14	65	97988.0	14	0.6451612903225806	97988.0	14	0.6451612903225806	458.5	20	0.9216589861751152	393.0	0	0.0	393.0	0	0.0
login	14	66	99484.0	14	0.6451612903225806	99484.0	10	0.4608294930875576	465.5	18	0.8294930875576038	399.0	0	0.0	399.0	0	0.0
login	14	67	100980.0	14	0.6451612903225806	100980.0	7	0.3225806451612903	472.5	22	1.0138248847926268	405.0	0	0.0	405.0	0	0.0
login	14	68	102476.0	0	0.0	102476.0	11	0.5069124423963134	479.5	21	0.967741935483871	411.0	0	0.0	411.0	0	0.0
login	14	69	103972.0	14	0.6451612903225806	103972.0	14	0.6451612903225806	486.5	24	1.1059907834101383	417.0	0	0.0	417.0	0	0.0
login	14	70	105468.0	14	0.6451612903225806	105468.0	10	0.4608294930875576	493.5	18	0.8294930875576038	423.0	0	0.0	423.0	0	0.0
login	14	71	106964.0	14	0.6451612903225806	106964.0	6	0.2764976958525346	500.5	21	0.967741935483871	429.0	0	0.0	429.0	0	0.0
login	14	72	108460.0	0	0.0	108460.0	12	0.5529953917050692	507.5	18	0.8294930875576038	435.0	0	0.0	435.0	0	0.0
login	14	73	109956.0	14	0.6451612903225806	109956.0	14	0.6451612903225806	514.5	17	0.783410138248848	441.0	0	0.0	441.0	0	0.0
login	14	74	111452.0	14	0.6451612903225806	111452.0	9	0.4147465437788019	521.5	8	0.3686635944700461	447.0	0	0.0	447.0	0	0.0
login	14	75	112948.0	14	0.6451612903225806	112948.0	5	0.2304147465437788	528.5	16	0.7373271889400922	453.0	0	0.0	453.0	0	0.0
login	14	76	114444.0	0	0.0	114444.0	14	0.6451612903225806	535.5	11	0.5069124423963134	459.0	0	0.0	459.0	0	0.0
login	14	77	115940.0	14	0.6451612903225806	115940.0	14	0.6451612903225806	542.5	17	0.783410138248848	465.0	0	0.0	465.0	0	0.0
login	14	78	117436.0	14	0.6451612903225806	117436.0	9	0.4147465437788019	549.5	17	0.783410138248848	471.0	0	0.0	471.0	0	0.0
login	14	79	118932.0	14	0.6451612903225806	118932.0	9	0.4147465437788019	556.5	17	0.783410138248848	477.0	0	0.0	477.0	0	0.0
login	14	80	120428.0	0	0.0	120428.0	10	0.4608294930875576	563.5	22	1.0138248847926268	483.0	0	0.0	483.0	0	0.0
login	14	81	121924.0	14	0.6451612903225806	121924.0	14	0.6451612903225806	570.5	14	0.6451612903225806	489.0	0	0.0	489.0	0	0.0
login	14	82	123420.0	14	0.6451612903225806	123420.0	12	0.5529953917050692	577.5	17	0.783410138248848	495.0	0	0.0	495.0	0	0.0
login	14	83	124916.0	14	0.6451612903225806	124916.0	9	0.4147465437788019	584.5	20	0.9216589861751152	501.0	0	0.0	501.0	0	0.0
login	14	84	126412.0	14	0.6451612903225806	126412.0	7	0.3225806451612903	591.5	16	0.7373271889400922	507.0	0	0.0	507.0	0	0.0
login	14	85	127908.0	0	0.0	127908.0	14	0.6451612903225806	598.5	21	0.967741935483871	513.0	0	0.0	513.0	0	0.0
login	14	86	129404.0	14	0.6451612903225806	129404.0	14	0.6451612903225806	605.5	17	0.783410138248848	519.0	0	0.0	519.0	0	0.0
login	14	87	130900.0	14	0.6451612903225806	130900.0	13	0.599078341013825	612.5	17	0.783410138248848	525.0	0	0.0	525.0	0	0.0
login	14	88	132396.0	14	0.6451612903225806	132396.0	9	0.4147465437788019	619.5	23	1.0599078341013826	531.0	0	0.0	531.0	0	0.0
login	14	89	133892.0	14	0.6451612903225806	133892.0	10	0.4608294930875576	626.5	13	0.599078341013825	537.0	0	0.0	537.0	0	0.0
login	14	90	135388.0	0	0.0	135388.0	10	0.4608294930875576	633.5	18	0.8294930875576038	543.0	0	0.0	543.0	0	0.0
login	14	91	136884.0	14	0.6451612903225806	136884.0	14	0.6451612903225806	640.5	16	0.7373271889400922	549.0	0	0.0	549.0	0	0.0
login	14	92	138380.0	14	0.6451612903225806	138380.0	13	0.599078341013825	647.5	16	0.7373271889400922	555.0	0	0.0	555.0	0	0.0
login	14	93	139876.0	14	0.6451612903225806	139876.0	9	0.4147465437788019	654.5	11	0.5069124423963134	561.0	0	0.0	561.0	0	0.0
login	14	94	141372.0	14	0.6451612903225806	141372.0	10	0.4608294930875576	661.5	16	0.7373271889400922	567.0	0	0.0	567.0	0	0.0
login	14	95	142868.0	0	0.0	142868.0	10	0.4608294930875576	668.5	15	0.6912442396313364	573.0	0	0.0	573.0	0	0.0
login	14	96	144364.0	14	0.6451612903225806	144364.0	14	0.6451612903225806	675.5	24	1.1059907834101383	579.0	0	0.0	579.0	0	0.0
login	14	97	145860.0	14	0.6451612903225806	145860.0	14	0.6451612903225806	682.5	19	0.8755760368663594	585.0	0	0.0	585.0	0	0.0
login	14	98	147356.0	14	0.6451612903225806	147356.0	6	0.2764976958525346	689.5	23	1.0599078341013826	591.0	0	0.0	591.0	0	0.0
login	14	99	148852.0	14	0.6451612903225806	148852.0	8	0.3686635944700461	696.5	19	0.8755760368663594	597.0	0	0.0	597.0	0	0.0
login	14	100	150348.0	0	0.0	150348.0	14	0.6451612903225806	703.5	13	0.599078341013825	603.0	0	0.0	603.0	0	0.0
login	14	101	151844.0	14	0.6451612903225806	151844.0	13	0.599078341013825	710.5	22	1.0138248847926268	609.0	0	0.0	609.0	0	0.0
login	14	102	153340.0	14	0.6451612903225806	153340.0	7	0.3225806451612903	717.5	15	0.6912442396313364	615.0	0	0.0	615.0	0	0.0
login	14	103	154836.0	13	0.599078341013825	154836.0	8	0.3686635944700461	724.5	18	0.8294930875576038	621.0	0	0.0	621.0	0	0.0
login	14	104	156332.0	1	0.04608294930875576	156332.0	14	0.6451612903225806	731.5	10	0.4608294930875576	627.0	0	0.0	627.0	0	0.0
login	14	105	157828.0	14	0.6451612903225806	157828.0	14	0.6451612903225806	738.5	24	1.1059907834101383	633.0	0	0.0	633.0	0	0.0
login	14	106	159324.0	14	0.6451612903225806	159324.0	9	0.4147465437788019	745.5	15	0.6912442396313364	639.0	0	0.0	639.0	0	0.0
login	14	107	160820.0	14	0.6451612903225806	160820.0	6	0.2764976958525346	752.5	15	0.6912442396313364	645.0	0	0.0	645.0	0	0.0
login	14	108	162316.0	0	0.0	162316.0	13	0.599078341013825	759.5	15	0.6912442396313364	651.0	0	0.0	651.0	0	0.0
login	14	109	163812.0	14	0.6451612903225806	163812.0	14	0.6451612903225806	766.5	29	1.336405529953917	657.0	0	0.0	657.0	0	0.0
login	14	110	165308.0	14	0.6451612903225806	165308.0	13	0.599078341013825	773.5	15	0.6912442396313364	663.0	0	0.0	663.0	0	0.0
login	14	111	166804.0	14	0.6451612903225806	166804.0	7	0.3225806451612903	780.5	18	0.8294930875576038	669.0	0	0.0	669.0	0	0.0
login	14	112	168300.0	14	0.6451612903225806	168300.0	8	0.3686635944700461	787.5	14	0.6451612903225806	675.0	0	0.0	675.0	0	0.0
login	14	113	169796.0	0	0.0	169796.0	14	0.6451612903225806	794.5	20	0.9216589861751152	681.0	0	0.0	681.0	0	0.0
login	14	114	171292.0	14	0.6451612903225806	171292.0	14	0.6451612903225806	801.5	24	1.1059907834101383	687.0	0	0.0	687.0	0	0.0
login	14	115	172788.0	14	0.6451612903225806	172788.0	10	0.4608294930875576	808.5	27	1.2442396313364055	693.0	0	0.0	693.0	0	0.0
login	14	116	174284.0	14	0.6451612903225806	174284.0	9	0.4147465437788019	815.5	23	1.0599078341013826	699.0	0	0.0	699.0	0	0.0
login	14	117	175780.0	11	0.5069124423963134	175780.0	9	0.4147465437788019	822.5	25	1.1520737327188941	705.0	0	0.0	705.0	0	0.0
login	14	118	177276.0	3	0.1382488479262673	177276.0	14	0.6451612903225806	829.5	24	1.1059907834101383	711.0	0	0.0	711.0	0	0.0
login	14	119	178772.0	14	0.6451612903225806	178772.0	14	0.6451612903225806	836.5	19	0.8755760368663594	717.0	0	0.0	717.0	0	0.0
login	14	120	180268.0	14	0.6451612903225806	180268.0	8	0.3686635944700461	843.5	23	1.0599078341013826	723.0	0	0.0	723.0	0	0.0
login	14	121	181764.0	14	0.6451612903225806	181764.0	7	0.3225806451612903	850.5	22	1.0138248847926268	729.0	0	0.0	729.0	0	0.0
login	14	122	183260.0	0	0.0	183260.0	13	0.599078341013825	857.5	19	0.8755760368663594	735.0	0	0.0	735.0	0	0.0
login	14	123	184756.0	14	0.6451612903225806	184756.0	14	0.6451612903225806	864.5	18	0.8294930875576038	741.0	0	0.0	741.0	0	0.0
login	14	124	186252.0	14	0.6451612903225806	186252.0	8	0.3686635944700461	871.5	20	0.9216589861751152	747.0	0	0.0	747.0	0	0.0
login	14	125	187748.0	14	0.6451612903225806	187748.0	6	0.2764976958525346	878.5	19	0.8755760368663594	753.0	0	0.0	753.0	0	0.0
login	14	126	189244.0	0	0.0	189244.0	14	0.6451612903225806	885.5	11	0.5069124423963134	759.0	0	0.0	759.0	0	0.0
login	14	127	190740.0	14	0.6451612903225806	190740.0	14	0.6451612903225806	892.5	25	1.1520737327188941	765.0	0	0.0	765.0	0	0.0
login	14	128	192236.0	14	0.6451612903225806	192236.0	12	0.5529953917050692	899.5	13	0.599078341013825	771.0	0	0.0	771.0	0	0.0
login	14	129	193732.0	14	0.6451612903225806	193732.0	6	0.2764976958525346	906.5	16	0.7373271889400922	777.0	0	0.0	777.0	0	0.0
login	14	130	195228.0	14	0.6451612903225806	195228.0	10	0.4608294930875576	913.5	12	0.5529953917050692	783.0	0	0.0	783.0	0	0.0
login	14	131	196724.0	0	0.0	196724.0	14	0.6451612903225806	920.5	19	0.8755760368663594	789.0	0	0.0	789.0	0	0.0
login	14	132	198220.0	14	0.6451612903225806	198220.0	11	0.5069124423963134	927.5	12	0.5529953917050692	795.0	0	0.0	795.0	0	0.0
login	14	133	199716.0	14	0.6451612903225806	199716.0	10	0.4608294930875576	934.5	19	0.8755760368663594	801.0	0	0.0	801.0	0	0.0
login	14	134	201212.0	14	0.6451612903225806	201212.0	7	0.3225806451612903	941.5	14	0.6451612903225806	807.0	0	0.0	807.0	0	0.0
login	14	135	202708.0	0	0.0	202708.0	14	0.6451612903225806	948.5	9	0.4147465437788019	813.0	0	0.0	813.0	0	0.0
login	14	136	204204.0	14	0.6451612903225806	204204.0	14	0.6451612903225806	955.5	16	0.7373271889400922	819.0	0	0.0	819.0	0	0.0
login	14	137	205700.0	14	0.6451612903225806	205700.0	10	0.4608294930875576	962.5	15	0.6912442396313364	825.0	0	0.0	825.0	0	0.0
login	14	138	207196.0	14	0.6451612903225806	207196.0	9	0.4147465437788019	969.5	12	0.5529953917050692	831.0	0	0.0	831.0	0	0.0
login	14	139	208692.0	12	0.5529953917050692	208692.0	9	0.4147465437788019	976.5	12	0.5529953917050692	837.0	0	0.0	837.0	0	0.0
login	14	140	210188.0	2	0.09216589861751152	210188.0	14	0.6451612903225806	983.5	10	0.4608294930875576	843.0	0	0.0	843.0	0	0.0
login	14	141	211684.0	14	0.6451612903225806	211684.0	14	0.6451612903225806	990.5	16	0.7373271889400922	849.0	0	0.0	849.0	0	0.0
login	14	142	213180.0	14	0.6451612903225806	213180.0	10	0.4608294930875576	997.5	10	0.4608294930875576	855.0	0	0.0	855.0	0	0.0
login	14	143	214676.0	14	0.6451612903225806	214676.0	8	0.3686635944700461	1004.5	12	0.5529953917050692	861.0	0	0.0	861.0	0	0.0
login	14	144	216172.0	0	0.0	216172.0	10	0.4608294930875576	1011.5	7	0.3225806451612903	867.0	0	0.0	867.0	0	0.0
login	14	145	217668.0	14	0.6451612903225806	217668.0	14	0.6451612903225806	1018.5	10	0.4608294930875576	873.0	0	0.0	873.0	0	0.0
login	14	146	219164.0	14	0.6451612903225806	219164.0	13	0.599078341013825	1025.5	4	0.18433179723502305	879.0	0	0.0	879.0	0	0.0
login	14	147	220660.0	14	0.6451612903225806	220660.0	5	0.2304147465437788	1032.5	7	0.3225806451612903	885.0	0	0.0	885.0	0	0.0
login	14	148	222156.0	12	0.5529953917050692	222156.0	10	0.4608294930875576	1039.5	11	0.5069124423963134	891.0	0	0.0	891.0	0	0.0
login	14	149	223652.0	2	0.09216589861751152	223652.0	14	0.6451612903225806	1046.5	12	0.5529953917050692	897.0	0	0.0	897.0	0	0.0
login	14	150	225148.0	14	0.6451612903225806	225148.0	14	0.6451612903225806	1053.5	1	0.04608294930875576	903.0	0	0.0	903.0	0	0.0
login	14	151	226644.0	14	0.6451612903225806	226644.0	8	0.3686635944700461	1060.5	8	0.3686635944700461	909.0	0	0.0	909.0	0	0.0
login	14	152	228140.0	14	0.6451612903225806	228140.0	7	0.3225806451612903	1067.5	4	0.18433179723502305	915.0	0	0.0	915.0	0	0.0
login	14	153	229636.0	0	0.0	229636.0	13	0.599078341013825	1074.5	5	0.2304147465437788	921.0	0	0.0	921.0	0	0.0
login	14	154	231132.0	14	0.6451612903225806	231132.0	14	0.6451612903225806	1081.5	6	0.2764976958525346	927.0	0	0.0	927.0	0	0.0
login	14	155	232628.0	14	0.6451612903225806	232628.0	8	0.3686635944700461	1088.5	5	0.2304147465437788	933.0	0	0.0	933.0	0	0.0
login	14	156	234124.0	14	0.6451612903225806	234124.0	7	0.3225806451612903	1095.5	5	0.2304147465437788	939.0	0	0.0	939.0	0	0.0
login	14	157	235620.0	0	0.0	235620.0	13	0.599078341013825	1102.5	4	0.18433179723502305	945.0	0	0.0	945.0	0	0.0
login	14	158	237116.0	14	0.6451612903225806	237116.0	14	0.6451612903225806	1109.5	3	0.1382488479262673	951.0	0	0.0	951.0	0	0.0
login	14	159	238612.0	14	0.6451612903225806	238612.0	14	0.6451612903225806	1116.5	1	0.04608294930875576	957.0	0	0.0	957.0	0	0.0
login	14	160	240108.0	14	0.6451612903225806	240108.0	7	0.3225806451612903	1123.5	3	0.1382488479262673	963.0	0	0.0	963.0	0	0.0
login	14	161	241604.0	14	0.6451612903225806	241604.0	9	0.4147465437788019	1130.5	1	0.04608294930875576	969.0	0	0.0	969.0	0	0.0
login	14	162	243100.0	0	0.0	243100.0	12	0.5529953917050692	1137.5	0	0.0	975.0	0	0.0	975.0	0	0.0
login	14	163	244596.0	14	0.6451612903225806	244596.0	14	0.6451612903225806	1144.5	1	0.04608294930875576	981.0	0	0.0	981.0	0	0.0
login	14	164	246092.0	14	0.6451612903225806	246092.0	10	0.4608294930875576	1151.5	0	0.0	987.0	0	0.0	987.0	0	0.0
login	14	165	247588.0	14	0.6451612903225806	247588.0	8	0.3686635944700461	1158.5	1	0.04608294930875576	993.0	0	0.0	993.0	0	0.0
login	14	166	249084.0	0	0.0	249084.0	10	0.4608294930875576	1165.5	0	0.0	999.0	0	0.0	999.0	0	0.0
login	14	167	250580.0	14	0.6451612903225806	250580.0	14	0.6451612903225806	1172.5	1	0.04608294930875576	1005.0	0	0.0	1005.0	0	0.0
login	14	168	252076.0	14	0.6451612903225806	252076.0	14	0.6451612903225806	1179.5	0	0.0	1011.0	0	0.0	1011.0	0	0.0
login	14	169	253572.0	14	0.6451612903225806	253572.0	6	0.2764976958525346	1186.5	0	0.0	1017.0	0	0.0	1017.0	0	0.0
login	14	170	255068.0	14	0.6451612903225806	255068.0	8	0.3686635944700461	1193.5	0	0.0	1023.0	0	0.0	1023.0	0	0.0
login	14	171	256564.0	0	0.0	256564.0	14	0.6451612903225806	1200.5	0	0.0	1029.0	0	0.0	1029.0	0	0.0
login	14	172	258060.0	14	0.6451612903225806	258060.0	14	0.6451612903225806	1207.5	0	0.0	1035.0	0	0.0	1035.0	0	0.0
login	14	173	259556.0	14	0.6451612903225806	259556.0	8	0.3686635944700461	1214.5	1	0.04608294930875576	1041.0	0	0.0	1041.0	0	0.0
login	14	174	261052.0	14	0.6451612903225806	261052.0	6	0.2764976958525346	1221.5	0	0.0	1047.0	0	0.0	1047.0	0	0.0
login	14	175	262548.0	0	0.0	262548.0	14	0.6451612903225806	1228.5	0	0.0	1053.0	0	0.0	1053.0	0	0.0
login	14	176	264044.0	14	0.6451612903225806	264044.0	14	0.6451612903225806	1235.5	0	0.0	1059.0	0	0.0	1059.0	0	0.0
login	14	177	265540.0	14	0.6451612903225806	265540.0	12	0.5529953917050692	1242.5	0	0.0	1065.0	0	0.0	1065.0	0	0.0
login	14	178	267036.0	14	0.6451612903225806	267036.0	10	0.4608294930875576	1249.5	1	0.04608294930875576	1071.0	0	0.0	1071.0	0	0.0
login	14	179	268532.0	14	0.6451612903225806	268532.0	7	0.3225806451612903	1256.5	0	0.0	1077.0	0	0.0	1077.0	0	0.0
login	14	180	270028.0	0	0.0	270028.0	13	0.599078341013825	1263.5	0	0.0	1083.0	0	0.0	1083.0	0	0.0
login	14	181	271524.0	14	0.6451612903225806	271524.0	14	0.6451612903225806	1270.5	0	0.0	1089.0	0	0.0	1089.0	0	0.0
login	14	182	273020.0	14	0.6451612903225806	273020.0	6	0.2764976958525346	1277.5	0	0.0	1095.0	0	0.0	1095.0	0	0.0
login	14	183	274516.0	14	0.6451612903225806	274516.0	8	0.3686635944700461	1284.5	0	0.0	1101.0	0	0.0	1101.0	0	0.0
login	14	184	276012.0	0	0.0	276012.0	14	0.6451612903225806	1291.5	0	0.0	1107.0	0	0.0	1107.0	0	0.0
login	14	185	277508.0	14	0.6451612903225806	277508.0	14	0.6451612903225806	1298.5	0	0.0	1113.0	0	0.0	1113.0	0	0.0
login	14	186	279004.0	14	0.6451612903225806	279004.0	8	0.3686635944700461	1305.5	0	0.0	1119.0	0	0.0	1119.0	0	0.0
login	14	187	280500.0	14	0.6451612903225806	280500.0	6	0.2764976958525346	1312.5	0	0.0	1125.0	0	0.0	1125.0	0	0.0
login	14	188	281996.0	0	0.0	281996.0	14	0.6451612903225806	1319.5	0	0.0	1131.0	0	0.0	1131.0	0	0.0
login	14	189	283492.0	14	0.6451612903225806	283492.0	14	0.6451612903225806	1326.5	0	0.0	1137.0	0	0.0	1137.0	0	0.0
login	14	190	284988.0	14	0.6451612903225806	284988.0	14	0.6451612903225806	1333.5	0	0.0	1143.0	0	0.0	1143.0	0	0.0
login	14	191	286484.0	14	0.6451612903225806	286484.0	8	0.3686635944700461	1340.5	0	0.0	1149.0	0	0.0	1149.0	0	0.0
login	14	192	287980.0	14	0.6451612903225806	287980.0	7	0.3225806451612903	1347.5	0	0.0	1155.0	0	0.0	1155.0	0	0.0
login	14	193	289476.0	0	0.0	289476.0	13	0.599078341013825	1354.5	0	0.0	1161.0	0	0.0	1161.0	0	0.0
login	14	194	290972.0	14	0.6451612903225806	290972.0	14	0.6451612903225806	1361.5	0	0.0	1167.0	0	0.0	1167.0	0	0.0
login	14	195	292468.0	14	0.6451612903225806	292468.0	8	0.3686635944700461	1368.5	0	0.0	1173.0	0	0.0	1173.0	0	0.0
login	14	196	293964.0	14	0.6451612903225806	293964.0	6	0.2764976958525346	1375.5	0	0.0	1179.0	0	0.0	1179.0	0	0.0
login	14	197	295460.0	0	0.0	295460.0	14	0.6451612903225806	1382.5	0	0.0	1185.0	0	0.0	1185.0	0	0.0
login	14	198	296956.0	14	0.6451612903225806	296956.0	14	0.6451612903225806	1389.5	0	0.0	1191.0	0	0.0	1191.0	0	0.0
login	14	199	298452.0	14	0.6451612903225806	298452.0	14	0.6451612903225806	1396.5	0	0.0	1197.0	0	0.0	1197.0	0	0.0
info	14	0	747.5	14	0.6451612903225806	747.5	14	0.6451612903225806	2.5	229	10.55299539170507	3.0	2170	100.0	3.0	2170	100.0
info	14	1	2242.5	14	0.6451612903225806	2242.5	14	0.6451612903225806	7.5	46	2.119815668202765	9.0	0	0.0	9.0	0	0.0
info	14	2	3737.5	14	0.6451612903225806	3737.5	14	0.6451612903225806	12.5	48	2.2119815668202767	15.0	0	0.0	15.0	0	0.0
info	14	3	5232.5	10	0.4608294930875576	5232.5	2	0.09216589861751152	17.5	47	2.165898617511521	21.0	0	0.0	21.0	0	0.0
info	14	4	6727.5	5	0.2304147465437788	6727.5	12	0.5529953917050692	22.5	52	2.3963133640553	27.0	0	0.0	27.0	0	0.0
info	14	5	8222.5	13	0.599078341013825	8222.5	14	0.6451612903225806	27.5	50	2.3041474654377883	33.0	0	0.0	33.0	0	0.0
info	14	6	9717.5	14	0.6451612903225806	9717.5	14	0.6451612903225806	32.5	45	2.0737327188940093	39.0	0	0.0	39.0	0	0.0
info	14	7	11212.5	11	0.5069124423963134	11212.5	11	0.5069124423963134	37.5	32	1.4746543778801844	45.0	0	0.0	45.0	0	0.0
info	14	8	12707.5	7	0.3225806451612903	12707.5	3	0.1382488479262673	42.5	28	1.2903225806451613	51.0	0	0.0	51.0	0	0.0
info	14	9	14202.5	10	0.4608294930875576	14202.5	14	0.6451612903225806	47.5	26	1.19815668202765	57.0	0	0.0	57.0	0	0.0
info	14	10	15697.5	14	0.6451612903225806	15697.5	14	0.6451612903225806	52.5	27	1.2442396313364055	63.0	0	0.0	63.0	0	0.0
info	14	11	17192.5	14	0.6451612903225806	17192.5	14	0.6451612903225806	57.5	22	1.0138248847926268	69.0	0	0.0	69.0	0	0.0
info	14	12	18687.5	6	0.2764976958525346	18687.5	0	0.0	62.5	15	0.6912442396313364	75.0	0	0.0	75.0	0	0.0
info	14	13	20182.5	8	0.3686635944700461	20182.5	14	0.6451612903225806	67.5	11	0.5069124423963134	81.0	0	0.0	81.0	0	0.0
info	14	14	21677.5	14	0.6451612903225806	21677.5	14	0.6451612903225806	72.5	5	0.2304147465437788	87.0	0	0.0	87.0	0	0.0
info	14	15	23172.5	14	0.6451612903225806	23172.5	14	0.6451612903225806	77.5	15	0.6912442396313364	93.0	0	0.0	93.0	0	0.0
info	14	16	24667.5	14	0.6451612903225806	24667.5	13	0.599078341013825	82.5	14	0.6451612903225806	99.0	0	0.0	99.0	0	0.0
info	14	17	26162.5	7	0.3225806451612903	26162.5	1	0.04608294930875576	87.5	9	0.4147465437788019	105.0	0	0.0	105.0	0	0.0
info	14	18	27657.5	8	0.3686635944700461	27657.5	14	0.6451612903225806	92.5	12	0.5529953917050692	111.0	0	0.0	111.0	0	0.0
info	14	19	29152.5	13	0.599078341013825	29152.5	14	0.6451612903225806	97.5	13	0.599078341013825	117.0	0	0.0	117.0	0	0.0
info	14	20	30647.5	14	0.6451612903225806	30647.5	14	0.6451612903225806	102.5	11	0.5069124423963134	123.0	0	0.0	123.0	0	0.0
info	14	21	32142.5	14	0.6451612903225806	32142.5	14	0.6451612903225806	107.5	12	0.5529953917050692	129.0	0	0.0	129.0	0	0.0
info	14	22	33637.5	6	0.2764976958525346	33637.5	0	0.0	112.5	8	0.3686635944700461	135.0	0	0.0	135.0	0	0.0
info	14	23	35132.5	8	0.3686635944700461	35132.5	14	0.6451612903225806	117.5	13	0.599078341013825	141.0	0	0.0	141.0	0	0.0
info	14	24	36627.5	14	0.6451612903225806	36627.5	14	0.6451612903225806	122.5	3	0.1382488479262673	147.0	0	0.0	147.0	0	0.0
info	14	25	38122.5	14	0.6451612903225806	38122.5	14	0.6451612903225806	127.5	9	0.4147465437788019	153.0	0	0.0	153.0	0	0.0
info	14	26	39617.5	4	0.18433179723502305	39617.5	0	0.0	132.5	7	0.3225806451612903	159.0	0	0.0	159.0	0	0.0
info	14	27	41112.5	10	0.4608294930875576	41112.5	14	0.6451612903225806	137.5	1	0.04608294930875576	165.0	0	0.0	165.0	0	0.0
info	14	28	42607.5	14	0.6451612903225806	42607.5	14	0.6451612903225806	142.5	8	0.3686635944700461	171.0	0	0.0	171.0	0	0.0
info	14	29	44102.5	14	0.6451612903225806	44102.5	14	0.6451612903225806	147.5	7	0.3225806451612903	177.0	0	0.0	177.0	0	0.0
info	14	30	45597.5	9	0.4147465437788019	45597.5	0	0.0	152.5	5	0.2304147465437788	183.0	0	0.0	183.0	0	0.0
info	14	31	47092.5	6	0.2764976958525346	47092.5	14	0.6451612903225806	157.5	7	0.3225806451612903	189.0	0	0.0	189.0	0	0.0
info	14	32	48587.5	13	0.599078341013825	48587.5	14	0.6451612903225806	162.5	7	0.3225806451612903	195.0	0	0.0	195.0	0	0.0
info	14	33	50082.5	14	0.6451612903225806	50082.5	14	0.6451612903225806	167.5	5	0.2304147465437788	201.0	0	0.0	201.0	0	0.0
info	14	34	51577.5	10	0.4608294930875576	51577.5	0	0.0	172.5	3	0.1382488479262673	207.0	0	0.0	207.0	0	0.0
info	14	35	53072.5	9	0.4147465437788019	53072.5	14	0.6451612903225806	177.5	11	0.5069124423963134	213.0	0	0.0	213.0	0	0.0
info	14	36	54567.5	9	0.4147465437788019	54567.5	14	0.6451612903225806	182.5	8	0.3686635944700461	219.0	0	0.0	219.0	0	0.0
info	14	37	56062.5	14	0.6451612903225806	56062.5	14	0.6451612903225806	187.5	9	0.4147465437788019	225.0	0	0.0	225.0	0	0.0
info	14	38	57557.5	12	0.5529953917050692	57557.5	12	0.5529953917050692	192.5	12	0.5529953917050692	231.0	0	0.0	231.0	0	0.0
info	14	39	59052.5	7	0.3225806451612903	59052.5	2	0.09216589861751152	197.5	10	0.4608294930875576	237.0	0	0.0	237.0	0	0.0
info	14	40	60547.5	9	0.4147465437788019	60547.5	14	0.6451612903225806	202.5	22	1.0138248847926268	243.0	0	0.0	243.0	0	0.0
info	14	41	62042.5	14	0.6451612903225806	62042.5	14	0.6451612903225806	207.5	14	0.6451612903225806	249.0	0	0.0	249.0	0	0.0
info	14	42	63537.5	8	0.3686635944700461	63537.5	0	0.0	212.5	21	0.967741935483871	255.0	0	0.0	255.0	0	0.0
info	14	43	65032.5	8	0.3686635944700461	65032.5	14	0.6451612903225806	217.5	20	0.9216589861751152	261.0	0	0.0	261.0	0	0.0
info	14	44	66527.5	12	0.5529953917050692	66527.5	14	0.6451612903225806	222.5	16	0.7373271889400922	267.0	0	0.0	267.0	0	0.0
info	14	45	68022.5	14	0.6451612903225806	68022.5	14	0.6451612903225806	227.5	14	0.6451612903225806	273.0	0	0.0	273.0	0	0.0
info	14	46	69517.5	14	0.6451612903225806	69517.5	14	0.6451612903225806	232.5	16	0.7373271889400922	279.0	0	0.0	279.0	0	0.0
info	14	47	71012.5	4	0.18433179723502305	71012.5	0	0.0	237.5	13	0.599078341013825	285.0	0	0.0	285.0	0	0.0
info	14	48	72507.5	10	0.4608294930875576	72507.5	14	0.6451612903225806	242.5	9	0.4147465437788019	291.0	0	0.0	291.0	0	0.0
info	14	49	74002.5	14	0.6451612903225806	74002.5	14	0.6451612903225806	247.5	15	0.6912442396313364	297.0	0	0.0	297.0	0	0.0
info	14	50	75497.5	14	0.6451612903225806	75497.5	14	0.6451612903225806	252.5	12	0.5529953917050692	303.0	0	0.0	303.0	0	0.0
info	14	51	76992.5	7	0.3225806451612903	76992.5	0	0.0	257.5	9	0.4147465437788019	309.0	0	0.0	309.0	0	0.0
info	14	52	78487.5	7	0.3225806451612903	78487.5	14	0.6451612903225806	262.5	11	0.5069124423963134	315.0	0	0.0	315.0	0	0.0
info	14	53	79982.5	14	0.6451612903225806	79982.5	14	0.6451612903225806	267.5	23	1.0599078341013826	321.0	0	0.0	321.0	0	0.0
info	14	54	81477.5	11	0.5069124423963134	81477.5	10	0.4608294930875576	272.5	16	0.7373271889400922	327.0	0	0.0	327.0	0	0.0
info	14	55	82972.5	7	0.3225806451612903	82972.5	4	0.18433179723502305	277.5	13	0.599078341013825	333.0	0	0.0	333.0	0	0.0
info	14	56	84467.5	10	0.4608294930875576	84467.5	14	0.6451612903225806	282.5	11	0.5069124423963134	339.0	0	0.0	339.0	0	0.0
info	14	57	85962.5	14	0.6451612903225806	85962.5	14	0.6451612903225806	287.5	13	0.599078341013825	345.0	0	0.0	345.0	0	0.0
info	14	58	87457.5	14	0.6451612903225806	87457.5	14	0.6451612903225806	292.5	14	0.6451612903225806	351.0	0	0.0	351.0	0	0.0
info	14	59	88952.5	4	0.18433179723502305	88952.5	0	0.0	297.5	13	0.599078341013825	357.0	0	0.0	357.0	0	0.0
info	14	60	90447.5	10	0.4608294930875576	90447.5	14	0.6451612903225806	302.5	17	0.783410138248848	363.0	0	0.0	363.0	0	0.0
info	14	61	91942.5	14	0.6451612903225806	91942.5	14	0.6451612903225806	307.5	22	1.0138248847926268	369.0	0	0.0	369.0	0	0.0
info	14	62	93437.5	14	0.6451612903225806	93437.5	14	0.6451612903225806	312.5	15	0.6912442396313364	375.0	0	0.0	375.0	0	0.0
info	14	63	94932.5	7	0.3225806451612903	94932.5	0	0.0	317.5	7	0.3225806451612903	381.0	0	0.0	381.0	0	0.0
info	14	64	96427.5	8	0.3686635944700461	96427.5	14	0.6451612903225806	322.5	15	0.6912442396313364	387.0	0	0.0	387.0	0	0.0
info	14	65	97922.5	13	0.599078341013825	97922.5	14	0.6451612903225806	327.5	5	0.2304147465437788	393.0	0	0.0	393.0	0	0.0
info	14	66	99417.5	14	0.6451612903225806	99417.5	14	0.6451612903225806	332.5	11	0.5069124423963134	399.0	0	0.0	399.0	0	0.0
info	14	67	100912.5	8	0.3686635944700461	100912.5	0	0.0	337.5	8	0.3686635944700461	405.0	0	0.0	405.0	0	0.0
info	14	68	102407.5	6	0.2764976958525346	102407.5	14	0.6451612903225806	342.5	14	0.6451612903225806	411.0	0	0.0	411.0	0	0.0
info	14	69	103902.5	14	0.6451612903225806	103902.5	14	0.6451612903225806	347.5	16	0.7373271889400922	417.0	0	0.0	417.0	0	0.0
info	14	70	105397.5	14	0.6451612903225806	105397.5	14	0.6451612903225806	352.5	11	0.5069124423963134	423.0	0	0.0	423.0	0	0.0
info	14	71	106892.5	7	0.3225806451612903	106892.5	0	0.0	357.5	5	0.2304147465437788	429.0	0	0.0	429.0	0	0.0
info	14	72	108387.5	7	0.3225806451612903	108387.5	14	0.6451612903225806	362.5	13	0.599078341013825	435.0	0	0.0	435.0	0	0.0
info	14	73	109882.5	14	0.6451612903225806	109882.5	14	0.6451612903225806	367.5	9	0.4147465437788019	441.0	0	0.0	441.0	0	0.0
info	14	74	111377.5	14	0.6451612903225806	111377.5	14	0.6451612903225806	372.5	7	0.3225806451612903	447.0	0	0.0	447.0	0	0.0
info	14	75	112872.5	4	0.18433179723502305	112872.5	0	0.0	377.5	6	0.2764976958525346	453.0	0	0.0	453.0	0	0.0
info	14	76	114367.5	10	0.4608294930875576	114367.5	14	0.6451612903225806	382.5	18	0.8294930875576038	459.0	0	0.0	459.0	0	0.0
info	14	77	115862.5	14	0.6451612903225806	115862.5	14	0.6451612903225806	387.5	12	0.5529953917050692	465.0	0	0.0	465.0	0	0.0
info	14	78	117357.5	14	0.6451612903225806	117357.5	14	0.6451612903225806	392.5	16	0.7373271889400922	471.0	0	0.0	471.0	0	0.0
info	14	79	118852.5	8	0.3686635944700461	118852.5	0	0.0	397.5	19	0.8755760368663594	477.0	0	0.0	477.0	0	0.0
info	14	80	120347.5	7	0.3225806451612903	120347.5	14	0.6451612903225806	402.5	21	0.967741935483871	483.0	0	0.0	483.0	0	0.0
info	14	81	121842.5	13	0.599078341013825	121842.5	14	0.6451612903225806	407.5	20	0.9216589861751152	489.0	0	0.0	489.0	0	0.0
info	14	82	123337.5	14	0.6451612903225806	123337.5	14	0.6451612903225806	412.5	12	0.5529953917050692	495.0	0	0.0	495.0	0	0.0
info	14	83	124832.5	10	0.4608294930875576	124832.5	1	0.04608294930875576	417.5	12	0.5529953917050692	501.0	0	0.0	501.0	0	0.0
info	14	84	126327.5	8	0.3686635944700461	126327.5	13	0.599078341013825	422.5	10	0.4608294930875576	507.0	0	0.0	507.0	0	0.0
info	14	85	127822.5	10	0.4608294930875576	127822.5	14	0.6451612903225806	427.5	14	0.6451612903225806	513.0	0	0.0	513.0	0	0.0
info	14	86	129317.5	14	0.6451612903225806	129317.5	14	0.6451612903225806	432.5	15	0.6912442396313364	519.0	0	0.0	519.0	0	0.0
info	14	87	130812.5	14	0.6451612903225806	130812.5	14	0.6451612903225806	437.5	4	0.18433179723502305	525.0	0	0.0	525.0	0	0.0
info	14	88	132307.5	14	0.6451612903225806	132307.5	14	0.6451612903225806	442.5	6	0.2764976958525346	531.0	0	0.0	531.0	0	0.0
info	14	89	133802.5	8	0.3686635944700461	133802.5	0	0.0	447.5	12	0.5529953917050692	537.0	0	0.0	537.0	0	0.0
info	14	90	135297.5	6	0.2764976958525346	135297.5	14	0.6451612903225806	452.5	8	0.3686635944700461	543.0	0	0.0	543.0	0	0.0
info	14	91	136792.5	14	0.6451612903225806	136792.5	14	0.6451612903225806	457.5	8	0.3686635944700461	549.0	0	0.0	549.0	0	0.0
info	14	92	138287.5	14	0.6451612903225806	138287.5	14	0.6451612903225806	462.5	10	0.4608294930875576	555.0	0	0.0	555.0	0	0.0
info	14	93	139782.5	14	0.6451612903225806	139782.5	14	0.6451612903225806	467.5	7	0.3225806451612903	561.0	0	0.0	561.0	0	0.0
info	14	94	141277.5	8	0.3686635944700461	141277.5	0	0.0	472.5	11	0.5069124423963134	567.0	0	0.0	567.0	0	0.0
info	14	95	142772.5	7	0.3225806451612903	142772.5	14	0.6451612903225806	477.5	14	0.6451612903225806	573.0	0	0.0	573.0	0	0.0
info	14	96	144267.5	13	0.599078341013825	144267.5	14	0.6451612903225806	482.5	11	0.5069124423963134	579.0	0	0.0	579.0	0	0.0
info	14	97	145762.5	14	0.6451612903225806	145762.5	14	0.6451612903225806	487.5	19	0.8755760368663594	585.0	0	0.0	585.0	0	0.0
info	14	98	147257.5	10	0.4608294930875576	147257.5	0	0.0	492.5	18	0.8294930875576038	591.0	0	0.0	591.0	0	0.0
info	14	99	148752.5	7	0.3225806451612903	148752.5	14	0.6451612903225806	497.5	17	0.783410138248848	597.0	0	0.0	597.0	0	0.0
info	14	100	150247.5	11	0.5069124423963134	150247.5	14	0.6451612903225806	502.5	17	0.783410138248848	603.0	0	0.0	603.0	0	0.0
info	14	101	151742.5	14	0.6451612903225806	151742.5	14	0.6451612903225806	507.5	11	0.5069124423963134	609.0	0	0.0	609.0	0	0.0
info	14	102	153237.5	9	0.4147465437788019	153237.5	0	0.0	512.5	18	0.8294930875576038	615.0	0	0.0	615.0	0	0.0
info	14	103	154732.5	6	0.2764976958525346	154732.5	14	0.6451612903225806	517.5	8	0.3686635944700461	621.0	0	0.0	621.0	0	0.0
info	14	104	156227.5	13	0.599078341013825	156227.5	14	0.6451612903225806	522.5	20	0.9216589861751152	627.0	0	0.0	627.0	0	0.0
info	14	105	157722.5	14	0.6451612903225806	157722.5	14	0.6451612903225806	527.5	16	0.7373271889400922	633.0	0	0.0	633.0	0	0.0
info	14	106	159217.5	14	0.6451612903225806	159217.5	14	0.6451612903225806	532.5	15	0.6912442396313364	639.0	0	0.0	639.0	0	0.0
info	14	107	160712.5	6	0.2764976958525346	160712.5	0	0.0	537.5	16	0.7373271889400922	645.0	0	0.0	645.0	0	0.0
info	14	108	162207.5	8	0.3686635944700461	162207.5	14	0.6451612903225806	542.5	17	0.783410138248848	651.0	0	0.0	651.0	0	0.0
info	14	109	163702.5	14	0.6451612903225806	163702.5	14	0.6451612903225806	547.5	14	0.6451612903225806	657.0	0	0.0	657.0	0	0.0
info	14	110	165197.5	14	0.6451612903225806	165197.5	14	0.6451612903225806	552.5	14	0.6451612903225806	663.0	0	0.0	663.0	0	0.0
info	14	111	166692.5	11	0.5069124423963134	166692.5	4	0.18433179723502305	557.5	7	0.3225806451612903	669.0	0	0.0	669.0	0	0.0
info	14	112	168187.5	7	0.3225806451612903	168187.5	10	0.4608294930875576	562.5	8	0.3686635944700461	675.0	0	0.0	675.0	0	0.0
info	14	113	169682.5	10	0.4608294930875576	169682.5	14	0.6451612903225806	567.5	8	0.3686635944700461	681.0	0	0.0	681.0	0	0.0
info	14	114	171177.5	14	0.6451612903225806	171177.5	14	0.6451612903225806	572.5	12	0.5529953917050692	687.0	0	0.0	687.0	0	0.0
info	14	115	172672.5	13	0.599078341013825	172672.5	13	0.599078341013825	577.5	12	0.5529953917050692	693.0	0	0.0	693.0	0	0.0
info	14	116	174167.5	9	0.4147465437788019	174167.5	1	0.04608294930875576	582.5	8	0.3686635944700461	699.0	0	0.0	699.0	0	0.0
info	14	117	175662.5	8	0.3686635944700461	175662.5	14	0.6451612903225806	587.5	21	0.967741935483871	705.0	0	0.0	705.0	0	0.0
info	14	118	177157.5	12	0.5529953917050692	177157.5	14	0.6451612903225806	592.5	12	0.5529953917050692	711.0	0	0.0	711.0	0	0.0
info	14	119	178652.5	14	0.6451612903225806	178652.5	14	0.6451612903225806	597.5	8	0.3686635944700461	717.0	0	0.0	717.0	0	0.0
info	14	120	180147.5	11	0.5069124423963134	180147.5	11	0.5069124423963134	602.5	15	0.6912442396313364	723.0	0	0.0	723.0	0	0.0
info	14	121	181642.5	7	0.3225806451612903	181642.5	3	0.1382488479262673	607.5	25	1.1520737327188941	729.0	0	0.0	729.0	0	0.0
info	14	122	183137.5	10	0.4608294930875576	183137.5	14	0.6451612903225806	612.5	12	0.5529953917050692	735.0	0	0.0	735.0	0	0.0
info	14	123	184632.5	14	0.6451612903225806	184632.5	14	0.6451612903225806	617.5	9	0.4147465437788019	741.0	0	0.0	741.0	0	0.0
info	14	124	186127.5	13	0.599078341013825	186127.5	13	0.599078341013825	622.5	11	0.5069124423963134	747.0	0	0.0	747.0	0	0.0
info	14	125	187622.5	7	0.3225806451612903	187622.5	1	0.04608294930875576	627.5	7	0.3225806451612903	753.0	0	0.0	753.0	0	0.0
info	14	126	189117.5	8	0.3686635944700461	189117.5	14	0.6451612903225806	632.5	4	0.18433179723502305	759.0	0	0.0	759.0	0	0.0
info	14	127	190612.5	14	0.6451612903225806	190612.5	14	0.6451612903225806	637.5	8	0.3686635944700461	765.0	0	0.0	765.0	0	0.0
info	14	128	192107.5	14	0.6451612903225806	192107.5	14	0.6451612903225806	642.5	11	0.5069124423963134	771.0	0	0.0	771.0	0	0.0
info	14	129	193602.5	9	0.4147465437788019	193602.5	0	0.0	647.5	9	0.4147465437788019	777.0	0	0.0	777.0	0	0.0
info	14	130	195097.5	6	0.2764976958525346	195097.5	14	0.6451612903225806	652.5	5	0.2304147465437788	783.0	0	0.0	783.0	0	0.0
info	14	131	196592.5	13	0.599078341013825	196592.5	14	0.6451612903225806	657.5	5	0.2304147465437788	789.0	0	0.0	789.0	0	0.0
info	14	132	198087.5	14	0.6451612903225806	198087.5	14	0.6451612903225806	662.5	9	0.4147465437788019	795.0	0	0.0	795.0	0	0.0
info	14	133	199582.5	9	0.4147465437788019	199582.5	0	0.0	667.5	8	0.3686635944700461	801.0	0	0.0	801.0	0	0.0
info	14	134	201077.5	9	0.4147465437788019	201077.5	14	0.6451612903225806	672.5	9	0.4147465437788019	807.0	0	0.0	807.0	0	0.0
info	14	135	202572.5	10	0.4608294930875576	202572.5	14	0.6451612903225806	677.5	5	0.2304147465437788	813.0	0	0.0	813.0	0	0.0
info	14	136	204067.5	14	0.6451612903225806	204067.5	14	0.6451612903225806	682.5	4	0.18433179723502305	819.0	0	0.0	819.0	0	0.0
info	14	137	205562.5	14	0.6451612903225806	205562.5	14	0.6451612903225806	687.5	3	0.1382488479262673	825.0	0	0.0	825.0	0	0.0
info	14	138	207057.5	10	0.4608294930875576	207057.5	0	0.0	692.5	9	0.4147465437788019	831.0	0	0.0	831.0	0	0.0
info	14	139	208552.5	5	0.2304147465437788	208552.5	14	0.6451612903225806	697.5	4	0.18433179723502305	837.0	0	0.0	837.0	0	0.0
info	14	140	210047.5	13	0.599078341013825	210047.5	14	0.6451612903225806	702.5	3	0.1382488479262673	843.0	0	0.0	843.0	0	0.0
info	14	141	211542.5	14	0.6451612903225806	211542.5	14	0.6451612903225806	707.5	4	0.18433179723502305	849.0	0	0.0	849.0	0	0.0
info	14	142	213037.5	14	0.6451612903225806	213037.5	14	0.6451612903225806	712.5	0	0.0	855.0	0	0.0	855.0	0	0.0
info	14	143	214532.5	6	0.2764976958525346	214532.5	0	0.0	717.5	4	0.18433179723502305	861.0	0	0.0	861.0	0	0.0
info	14	144	216027.5	8	0.3686635944700461	216027.5	14	0.6451612903225806	722.5	0	0.0	867.0	0	0.0	867.0	0	0.0
info	14	145	217522.5	14	0.6451612903225806	217522.5	14	0.6451612903225806	727.5	3	0.1382488479262673	873.0	0	0.0	873.0	0	0.0
info	14	146	219017.5	14	0.6451612903225806	219017.5	14	0.6451612903225806	732.5	3	0.1382488479262673	879.0	0	0.0	879.0	0	0.0
info	14	147	220512.5	7	0.3225806451612903	220512.5	0	0.0	737.5	0	0.0	885.0	0	0.0	885.0	0	0.0
info	14	148	222007.5	8	0.3686635944700461	222007.5	14	0.6451612903225806	742.5	2	0.09216589861751152	891.0	0	0.0	891.0	0	0.0
info	14	149	223502.5	13	0.599078341013825	223502.5	14	0.6451612903225806	747.5	0	0.0	897.0	0	0.0	897.0	0	0.0
info	14	150	224997.5	14	0.6451612903225806	224997.5	14	0.6451612903225806	752.5	1	0.04608294930875576	903.0	0	0.0	903.0	0	0.0
info	14	151	226492.5	13	0.599078341013825	226492.5	11	0.5069124423963134	757.5	1	0.04608294930875576	909.0	0	0.0	909.0	0	0.0
info	14	152	227987.5	6	0.2764976958525346	227987.5	3	0.1382488479262673	762.5	0	0.0	915.0	0	0.0	915.0	0	0.0
info	14	153	229482.5	9	0.4147465437788019	229482.5	14	0.6451612903225806	767.5	2	0.09216589861751152	921.0	0	0.0	921.0	0	0.0
info	14	154	230977.5	14	0.6451612903225806	230977.5	14	0.6451612903225806	772.5	2	0.09216589861751152	927.0	0	0.0	927.0	0	0.0
info	14	155	232472.5	14	0.6451612903225806	232472.5	14	0.6451612903225806	777.5	3	0.1382488479262673	933.0	0	0.0	933.0	0	0.0
info	14	156	233967.5	7	0.3225806451612903	233967.5	0	0.0	782.5	0	0.0	939.0	0	0.0	939.0	0	0.0
info	14	157	235462.5	7	0.3225806451612903	235462.5	14	0.6451612903225806	787.5	2	0.09216589861751152	945.0	0	0.0	945.0	0	0.0
info	14	158	236957.5	14	0.6451612903225806	236957.5	14	0.6451612903225806	792.5	2	0.09216589861751152	951.0	0	0.0	951.0	0	0.0
info	14	159	238452.5	14	0.6451612903225806	238452.5	14	0.6451612903225806	797.5	2	0.09216589861751152	957.0	0	0.0	957.0	0	0.0
info	14	160	239947.5	10	0.4608294930875576	239947.5	0	0.0	802.5	2	0.09216589861751152	963.0	0	0.0	963.0	0	0.0
info	14	161	241442.5	10	0.4608294930875576	241442.5	14	0.6451612903225806	807.5	0	0.0	969.0	0	0.0	969.0	0	0.0
info	14	162	242937.5	8	0.3686635944700461	242937.5	14	0.6451612903225806	812.5	0	0.0	975.0	0	0.0	975.0	0	0.0
info	14	163	244432.5	14	0.6451612903225806	244432.5	14	0.6451612903225806	817.5	0	0.0	981.0	0	0.0	981.0	0	0.0
info	14	164	245927.5	14	0.6451612903225806	245927.5	14	0.6451612903225806	822.5	0	0.0	987.0	0	0.0	987.0	0	0.0
info	14	165	247422.5	8	0.3686635944700461	247422.5	0	0.0	827.5	0	0.0	993.0	0	0.0	993.0	0	0.0
info	14	166	248917.5	6	0.2764976958525346	248917.5	14	0.6451612903225806	832.5	1	0.04608294930875576	999.0	0	0.0	999.0	0	0.0
info	14	167	250412.5	14	0.6451612903225806	250412.5	14	0.6451612903225806	837.5	1	0.04608294930875576	1005.0	0	0.0	1005.0	0	0.0
info	14	168	251907.5	14	0.6451612903225806	251907.5	14	0.6451612903225806	842.5	0	0.0	1011.0	0	0.0	1011.0	0	0.0
info	14	169	253402.5	10	0.4608294930875576	253402.5	0	0.0	847.5	1	0.04608294930875576	1017.0	0	0.0	1017.0	0	0.0
info	14	170	254897.5	8	0.3686635944700461	254897.5	14	0.6451612903225806	852.5	0	0.0	1023.0	0	0.0	1023.0	0	0.0
info	14	171	256392.5	10	0.4608294930875576	256392.5	14	0.6451612903225806	857.5	0	0.0	1029.0	0	0.0	1029.0	0	0.0
info	14	172	257887.5	14	0.6451612903225806	257887.5	14	0.6451612903225806	862.5	1	0.04608294930875576	1035.0	0	0.0	1035.0	0	0.0
info	14	173	259382.5	9	0.4147465437788019	259382.5	0	0.0	867.5	1	0.04608294930875576	1041.0	0	0.0	1041.0	0	0.0
info	14	174	260877.5	9	0.4147465437788019	260877.5	14	0.6451612903225806	872.5	0	0.0	1047.0	0	0.0	1047.0	0	0.0
info	14	175	262372.5	10	0.4608294930875576	262372.5	14	0.6451612903225806	877.5	0	0.0	1053.0	0	0.0	1053.0	0	0.0
info	14	176	263867.5	14	0.6451612903225806	263867.5	14	0.6451612903225806	882.5	0	0.0	1059.0	0	0.0	1059.0	0	0.0
info	14	177	265362.5	14	0.6451612903225806	265362.5	14	0.6451612903225806	887.5	2	0.09216589861751152	1065.0	0	0.0	1065.0	0	0.0
info	14	178	266857.5	12	0.5529953917050692	266857.5	11	0.5069124423963134	892.5	1	0.04608294930875576	1071.0	0	0.0	1071.0	0	0.0
info	14	179	268352.5	6	0.2764976958525346	268352.5	3	0.1382488479262673	897.5	0	0.0	1077.0	0	0.0	1077.0	0	0.0
info	14	180	269847.5	10	0.4608294930875576	269847.5	14	0.6451612903225806	902.5	0	0.0	1083.0	0	0.0	1083.0	0	0.0
info	14	181	271342.5	14	0.6451612903225806	271342.5	14	0.6451612903225806	907.5	0	0.0	1089.0	0	0.0	1089.0	0	0.0
info	14	182	272837.5	10	0.4608294930875576	272837.5	0	0.0	912.5	0	0.0	1095.0	0	0.0	1095.0	0	0.0
info	14	183	274332.5	8	0.3686635944700461	274332.5	14	0.6451612903225806	917.5	0	0.0	1101.0	0	0.0	1101.0	0	0.0
info	14	184	275827.5	10	0.4608294930875576	275827.5	14	0.6451612903225806	922.5	0	0.0	1107.0	0	0.0	1107.0	0	0.0
info	14	185	277322.5	14	0.6451612903225806	277322.5	14	0.6451612903225806	927.5	0	0.0	1113.0	0	0.0	1113.0	0	0.0
info	14	186	278817.5	10	0.4608294930875576	278817.5	0	0.0	932.5	0	0.0	1119.0	0	0.0	1119.0	0	0.0
info	14	187	280312.5	8	0.3686635944700461	280312.5	14	0.6451612903225806	937.5	0	0.0	1125.0	0	0.0	1125.0	0	0.0
info	14	188	281807.5	10	0.4608294930875576	281807.5	14	0.6451612903225806	942.5	0	0.0	1131.0	0	0.0	1131.0	0	0.0
info	14	189	283302.5	14	0.6451612903225806	283302.5	14	0.6451612903225806	947.5	0	0.0	1137.0	0	0.0	1137.0	0	0.0
info	14	190	284797.5	14	0.6451612903225806	284797.5	14	0.6451612903225806	952.5	0	0.0	1143.0	0	0.0	1143.0	0	0.0
info	14	191	286292.5	10	0.4608294930875576	286292.5	0	0.0	957.5	0	0.0	1149.0	0	0.0	1149.0	0	0.0
info	14	192	287787.5	7	0.3225806451612903	287787.5	14	0.6451612903225806	962.5	0	0.0	1155.0	0	0.0	1155.0	0	0.0
info	14	193	289282.5	11	0.5069124423963134	289282.5	14	0.6451612903225806	967.5	0	0.0	1161.0	0	0.0	1161.0	0	0.0
info	14	194	290777.5	14	0.6451612903225806	290777.5	14	0.6451612903225806	972.5	0	0.0	1167.0	0	0.0	1167.0	0	0.0
info	14	195	292272.5	11	0.5069124423963134	292272.5	11	0.5069124423963134	977.5	0	0.0	1173.0	0	0.0	1173.0	0	0.0
info	14	196	293767.5	7	0.3225806451612903	293767.5	3	0.1382488479262673	982.5	0	0.0	1179.0	0	0.0	1179.0	0	0.0
info	14	197	295262.5	10	0.4608294930875576	295262.5	14	0.6451612903225806	987.5	0	0.0	1185.0	0	0.0	1185.0	0	0.0
info	14	198	296757.5	14	0.6451612903225806	296757.5	14	0.6451612903225806	992.5	0	0.0	1191.0	0	0.0	1191.0	0	0.0
info	14	199	298252.5	14	0.6451612903225806	298252.5	14	0.6451612903225806	997.5	0	0.0	1197.0	0	0.0	1197.0	0	0.0
home	14	0	747.0	14	0.6451612903225806	747.0	14	0.6451612903225806	1.5	0	0.0	3.0	2170	100.0	3.0	2170	100.0
home	14	1	2241.0	14	0.6451612903225806	2241.0	14	0.6451612903225806	4.5	234	10.783410138248849	9.0	0	0.0	9.0	0	0.0
home	14	2	3735.0	14	0.6451612903225806	3735.0	14	0.6451612903225806	7.5	91	4.193548387096774	15.0	0	0.0	15.0	0	0.0
home	14	3	5229.0	7	0.3225806451612903	5229.0	0	0.0	10.5	29	1.336405529953917	21.0	0	0.0	21.0	0	0.0
home	14	4	6723.0	7	0.3225806451612903	6723.0	14	0.6451612903225806	13.5	53	2.4423963133640556	27.0	0	0.0	27.0	0	0.0
home	14	5	8217.0	14	0.6451612903225806	8217.0	14	0.6451612903225806	16.5	97	4.470046082949309	33.0	0	0.0	33.0	0	0.0
home	14	6	9711.0	14	0.6451612903225806	9711.0	14	0.6451612903225806	19.5	103	4.746543778801843	39.0	0	0.0	39.0	0	0.0
home	14	7	11205.0	14	0.6451612903225806	11205.0	13	0.599078341013825	22.5	93	4.285714285714286	45.0	0	0.0	45.0	0	0.0
home	14	8	12699.0	0	0.0	12699.0	1	0.04608294930875576	25.5	76	3.5023041474654377	51.0	0	0.0	51.0	0	0.0
home	14	9	14193.0	14	0.6451612903225806	14193.0	14	0.6451612903225806	28.5	92	4.23963133640553	57.0	0	0.0	57.0	0	0.0
home	14	10	15687.0	14	0.6451612903225806	15687.0	14	0.6451612903225806	31.5	90	4.147465437788019	63.0	0	0.0	63.0	0	0.0
home	14	11	17181.0	14	0.6451612903225806	17181.0	14	0.6451612903225806	34.5	89	4.1013824884792625	69.0	0	0.0	69.0	0	0.0
home	14	12	18675.0	0	0.0	18675.0	0	0.0	37.5	64	2.9493087557603688	75.0	0	0.0	75.0	0	0.0
home	14	13	20169.0	14	0.6451612903225806	20169.0	14	0.6451612903225806	40.5	76	3.5023041474654377	81.0	0	0.0	81.0	0	0.0
home	14	14	21663.0	14	0.6451612903225806	21663.0	14	0.6451612903225806	43.5	88	4.055299539170507	87.0	0	0.0	87.0	0	0.0
home	14	15	23157.0	14	0.6451612903225806	23157.0	14	0.6451612903225806	46.5	59	2.71889400921659	93.0	0	0.0	93.0	0	0.0
home	14	16	24651.0	14	0.6451612903225806	24651.0	14	0.6451612903225806	49.5	88	4.055299539170507	99.0	0	0.0	99.0	0	0.0
home	14	17	26145.0	0	0.0	26145.0	0	0.0	52.5	72	3.317972350230415	105.0	0	0.0	105.0	0	0.0
home	14	18	27639.0	14	0.6451612903225806	27639.0	14	0.6451612903225806	55.5	75	3.456221198156682	111.0	0	0.0	111.0	0	0.0
home	14	19	29133.0	14	0.6451612903225806	29133.0	14	0.6451612903225806	58.5	74	3.4101382488479266	117.0	0	0.0	117.0	0	0.0
home	14	20	30627.0	14	0.6451612903225806	30627.0	14	0.6451612903225806	61.5	78	3.5944700460829493	123.0	0	0.0	123.0	0	0.0
home	14	21	32121.0	14	0.6451612903225806	32121.0	14	0.6451612903225806	64.5	68	3.133640552995392	129.0	0	0.0	129.0	0	0.0
home	14	22	33615.0	0	0.0	33615.0	0	0.0	67.5	47	2.165898617511521	135.0	0	0.0	135.0	0	0.0
home	14	23	35109.0	14	0.6451612903225806	35109.0	14	0.6451612903225806	70.5	44	2.0276497695852536	141.0	0	0.0	141.0	0	0.0
home	14	24	36603.0	14	0.6451612903225806	36603.0	14	0.6451612903225806	73.5	40	1.8433179723502304	147.0	0	0.0	147.0	0	0.0
home	14	25	38097.0	14	0.6451612903225806	38097.0	14	0.6451612903225806	76.5	40	1.8433179723502304	153.0	0	0.0	153.0	0	0.0
home	14	26	39591.0	0	0.0	39591.0	0	0.0	79.5	34	1.566820276497696	159.0	0	0.0	159.0	0	0.0
home	14	27	41085.0	14	0.6451612903225806	41085.0	14	0.6451612903225806	82.5	26	1.19815668202765	165.0	0	0.0	165.0	0	0.0
home	14	28	42579.0	14	0.6451612903225806	42579.0	14	0.6451612903225806	85.5	26	1.19815668202765	171.0	0	0.0	171.0	0	0.0
home	14	29	44073.0	14	0.6451612903225806	44073.0	14	0.6451612903225806	88.5	23	1.0599078341013826	177.0	0	0.0	177.0	0	0.0
home	14	30	45567.0	0	0.0	45567.0	0	0.0	91.5	20	0.9216589861751152	183.0	0	0.0	183.0	0	0.0
home	14	31	47061.0	14	0.6451612903225806	47061.0	14	0.6451612903225806	94.5	9	0.4147465437788019	189.0	0	0.0	189.0	0	0.0
home	14	32	48555.0	14	0.6451612903225806	48555.0	14	0.6451612903225806	97.5	5	0.2304147465437788	195.0	0	0.0	195.0	0	0.0
home	14	33	50049.0	14	0.6451612903225806	50049.0	14	0.6451612903225806	100.5	8	0.3686635944700461	201.0	0	0.0	201.0	0	0.0
home	14	34	51543.0	9	0.4147465437788019	51543.0	0	0.0	103.5	12	0.5529953917050692	207.0	0	0.0	207.0	0	0.0
home	14	35	53037.0	5	0.2304147465437788	53037.0	14	0.6451612903225806	106.5	8	0.3686635944700461	213.0	0	0.0	213.0	0	0.0
home	14	36	54531.0	14	0.6451612903225806	54531.0	14	0.6451612903225806	109.5	3	0.1382488479262673	219.0	0	0.0	219.0	0	0.0
home	14	37	56025.0	14	0.6451612903225806	56025.0	14	0.6451612903225806	112.5	10	0.4608294930875576	225.0	0	0.0	225.0	0	0.0
home	14	38	57519.0	14	0.6451612903225806	57519.0	14	0.6451612903225806	115.5	4	0.18433179723502305	231.0	0	0.0	231.0	0	0.0
home	14	39	59013.0	0	0.0	59013.0	0	0.0	118.5	2	0.09216589861751152	237.0	0	0.0	237.0	0	0.0
home	14	40	60507.0	14	0.6451612903225806	60507.0	14	0.6451612903225806	121.5	2	0.09216589861751152	243.0	0	0.0	243.0	0	0.0
home	14	41	62001.0	14	0.6451612903225806	62001.0	14	0.6451612903225806	124.5	1	0.04608294930875576	249.0	0	0.0	249.0	0	0.0
home	14	42	63495.0	0	0.0	63495.0	0	0.0	127.5	1	0.04608294930875576	255.0	0	0.0	255.0	0	0.0
home	14	43	64989.0	14	0.6451612903225806	64989.0	14	0.6451612903225806	130.5	0	0.0	261.0	0	0.0	261.0	0	0.0
home	14	44	66483.0	14	0.6451612903225806	66483.0	14	0.6451612903225806	133.5	1	0.04608294930875576	267.0	0	0.0	267.0	0	0.0
home	14	45	67977.0	14	0.6451612903225806	67977.0	14	0.6451612903225806	136.5	2	0.09216589861751152	273.0	0	0.0	273.0	0	0.0
home	14	46	69471.0	14	0.6451612903225806	69471.0	14	0.6451612903225806	139.5	3	0.1382488479262673	279.0	0	0.0	279.0	0	0.0
home	14	47	70965.0	0	0.0	70965.0	0	0.0	142.5	0	0.0	285.0	0	0.0	285.0	0	0.0
home	14	48	72459.0	14	0.6451612903225806	72459.0	14	0.6451612903225806	145.5	0	0.0	291.0	0	0.0	291.0	0	0.0
home	14	49	73953.0	14	0.6451612903225806	73953.0	14	0.6451612903225806	148.5	1	0.04608294930875576	297.0	0	0.0	297.0	0	0.0
home	14	50	75447.0	14	0.6451612903225806	75447.0	14	0.6451612903225806	151.5	1	0.04608294930875576	303.0	0	0.0	303.0	0	0.0
home	14	51	76941.0	0	0.0	76941.0	0	0.0	154.5	0	0.0	309.0	0	0.0	309.0	0	0.0
home	14	52	78435.0	14	0.6451612903225806	78435.0	14	0.6451612903225806	157.5	0	0.0	315.0	0	0.0	315.0	0	0.0
home	14	53	79929.0	14	0.6451612903225806	79929.0	14	0.6451612903225806	160.5	0	0.0	321.0	0	0.0	321.0	0	0.0
home	14	54	81423.0	11	0.5069124423963134	81423.0	6	0.2764976958525346	163.5	0	0.0	327.0	0	0.0	327.0	0	0.0
home	14	55	82917.0	3	0.1382488479262673	82917.0	8	0.3686635944700461	166.5	0	0.0	333.0	0	0.0	333.0	0	0.0
home	14	56	84411.0	14	0.6451612903225806	84411.0	14	0.6451612903225806	169.5	0	0.0	339.0	0	0.0	339.0	0	0.0
home	14	57	85905.0	14	0.6451612903225806	85905.0	14	0.6451612903225806	172.5	0	0.0	345.0	0	0.0	345.0	0	0.0
home	14	58	87399.0	14	0.6451612903225806	87399.0	14	0.6451612903225806	175.5	2	0.09216589861751152	351.0	0	0.0	351.0	0	0.0
home	14	59	88893.0	0	0.0	88893.0	0	0.0	178.5	0	0.0	357.0	0	0.0	357.0	0	0.0
home	14	60	90387.0	14	0.6451612903225806	90387.0	14	0.6451612903225806	181.5	0	0.0	363.0	0	0.0	363.0	0	0.0
home	14	61	91881.0	14	0.6451612903225806	91881.0	14	0.6451612903225806	184.5	0	0.0	369.0	0	0.0	369.0	0	0.0
home	14	62	93375.0	14	0.6451612903225806	93375.0	14	0.6451612903225806	187.5	0	0.0	375.0	0	0.0	375.0	0	0.0
home	14	63	94869.0	0	0.0	94869.0	0	0.0	190.5	0	0.0	381.0	0	0.0	381.0	0	0.0
home	14	64	96363.0	14	0.6451612903225806	96363.0	14	0.6451612903225806	193.5	0	0.0	387.0	0	0.0	387.0	0	0.0
home	14	65	97857.0	14	0.6451612903225806	97857.0	14	0.6451612903225806	196.5	0	0.0	393.0	0	0.0	393.0	0	0.0
home	14	66	99351.0	14	0.6451612903225806	99351.0	14	0.6451612903225806	199.5	0	0.0	399.0	0	0.0	399.0	0	0.0
home	14	67	100845.0	0	0.0	100845.0	0	0.0	202.5	0	0.0	405.0	0	0.0	405.0	0	0.0
home	14	68	102339.0	14	0.6451612903225806	102339.0	14	0.6451612903225806	205.5	0	0.0	411.0	0	0.0	411.0	0	0.0
home	14	69	103833.0	14	0.6451612903225806	103833.0	14	0.6451612903225806	208.5	0	0.0	417.0	0	0.0	417.0	0	0.0
home	14	70	105327.0	14	0.6451612903225806	105327.0	14	0.6451612903225806	211.5	0	0.0	423.0	0	0.0	423.0	0	0.0
home	14	71	106821.0	0	0.0	106821.0	0	0.0	214.5	0	0.0	429.0	0	0.0	429.0	0	0.0
home	14	72	108315.0	14	0.6451612903225806	108315.0	14	0.6451612903225806	217.5	0	0.0	435.0	0	0.0	435.0	0	0.0
home	14	73	109809.0	14	0.6451612903225806	109809.0	14	0.6451612903225806	220.5	0	0.0	441.0	0	0.0	441.0	0	0.0
home	14	74	111303.0	14	0.6451612903225806	111303.0	14	0.6451612903225806	223.5	0	0.0	447.0	0	0.0	447.0	0	0.0
home	14	75	112797.0	0	0.0	112797.0	0	0.0	226.5	0	0.0	453.0	0	0.0	453.0	0	0.0
home	14	76	114291.0	14	0.6451612903225806	114291.0	14	0.6451612903225806	229.5	0	0.0	459.0	0	0.0	459.0	0	0.0
home	14	77	115785.0	14	0.6451612903225806	115785.0	14	0.6451612903225806	232.5	0	0.0	465.0	0	0.0	465.0	0	0.0
home	14	78	117279.0	14	0.6451612903225806	117279.0	14	0.6451612903225806	235.5	1	0.04608294930875576	471.0	0	0.0	471.0	0	0.0
home	14	79	118773.0	0	0.0	118773.0	0	0.0	238.5	0	0.0	477.0	0	0.0	477.0	0	0.0
home	14	80	120267.0	14	0.6451612903225806	120267.0	14	0.6451612903225806	241.5	0	0.0	483.0	0	0.0	483.0	0	0.0
home	14	81	121761.0	14	0.6451612903225806	121761.0	14	0.6451612903225806	244.5	0	0.0	489.0	0	0.0	489.0	0	0.0
home	14	82	123255.0	14	0.6451612903225806	123255.0	14	0.6451612903225806	247.5	0	0.0	495.0	0	0.0	495.0	0	0.0
home	14	83	124749.0	1	0.04608294930875576	124749.0	0	0.0	250.5	0	0.0	501.0	0	0.0	501.0	0	0.0
home	14	84	126243.0	13	0.599078341013825	126243.0	14	0.6451612903225806	253.5	0	0.0	507.0	0	0.0	507.0	0	0.0
home	14	85	127737.0	14	0.6451612903225806	127737.0	14	0.6451612903225806	256.5	0	0.0	513.0	0	0.0	513.0	0	0.0
home	14	86	129231.0	14	0.6451612903225806	129231.0	14	0.6451612903225806	259.5	0	0.0	519.0	0	0.0	519.0	0	0.0
home	14	87	130725.0	14	0.6451612903225806	130725.0	14	0.6451612903225806	262.5	0	0.0	525.0	0	0.0	525.0	0	0.0
home	14	88	132219.0	14	0.6451612903225806	132219.0	14	0.6451612903225806	265.5	0	0.0	531.0	0	0.0	531.0	0	0.0
home	14	89	133713.0	0	0.0	133713.0	0	0.0	268.5	0	0.0	537.0	0	0.0	537.0	0	0.0
home	14	90	135207.0	14	0.6451612903225806	135207.0	14	0.6451612903225806	271.5	0	0.0	543.0	0	0.0	543.0	0	0.0
home	14	91	136701.0	14	0.6451612903225806	136701.0	14	0.6451612903225806	274.5	0	0.0	549.0	0	0.0	549.0	0	0.0
home	14	92	138195.0	14	0.6451612903225806	138195.0	14	0.6451612903225806	277.5	0	0.0	555.0	0	0.0	555.0	0	0.0
home	14	93	139689.0	14	0.6451612903225806	139689.0	14	0.6451612903225806	280.5	0	0.0	561.0	0	0.0	561.0	0	0.0
home	14	94	141183.0	0	0.0	141183.0	0	0.0	283.5	0	0.0	567.0	0	0.0	567.0	0	0.0
home	14	95	142677.0	14	0.6451612903225806	142677.0	14	0.6451612903225806	286.5	0	0.0	573.0	0	0.0	573.0	0	0.0
home	14	96	144171.0	14	0.6451612903225806	144171.0	14	0.6451612903225806	289.5	0	0.0	579.0	0	0.0	579.0	0	0.0
home	14	97	145665.0	14	0.6451612903225806	145665.0	14	0.6451612903225806	292.5	0	0.0	585.0	0	0.0	585.0	0	0.0
home	14	98	147159.0	0	0.0	147159.0	0	0.0	295.5	0	0.0	591.0	0	0.0	591.0	0	0.0
home	14	99	148653.0	14	0.6451612903225806	148653.0	14	0.6451612903225806	298.5	0	0.0	597.0	0	0.0	597.0	0	0.0
home	14	100	150147.0	14	0.6451612903225806	150147.0	14	0.6451612903225806	301.5	0	0.0	603.0	0	0.0	603.0	0	0.0
home	14	101	151641.0	14	0.6451612903225806	151641.0	14	0.6451612903225806	304.5	0	0.0	609.0	0	0.0	609.0	0	0.0
home	14	102	153135.0	0	0.0	153135.0	0	0.0	307.5	0	0.0	615.0	0	0.0	615.0	0	0.0
home	14	103	154629.0	14	0.6451612903225806	154629.0	14	0.6451612903225806	310.5	0	0.0	621.0	0	0.0	621.0	0	0.0
home	14	104	156123.0	14	0.6451612903225806	156123.0	14	0.6451612903225806	313.5	0	0.0	627.0	0	0.0	627.0	0	0.0
home	14	105	157617.0	14	0.6451612903225806	157617.0	14	0.6451612903225806	316.5	0	0.0	633.0	0	0.0	633.0	0	0.0
home	14	106	159111.0	14	0.6451612903225806	159111.0	14	0.6451612903225806	319.5	0	0.0	639.0	0	0.0	639.0	0	0.0
home	14	107	160605.0	0	0.0	160605.0	0	0.0	322.5	0	0.0	645.0	0	0.0	645.0	0	0.0
home	14	108	162099.0	14	0.6451612903225806	162099.0	14	0.6451612903225806	325.5	0	0.0	651.0	0	0.0	651.0	0	0.0
home	14	109	163593.0	14	0.6451612903225806	163593.0	14	0.6451612903225806	328.5	0	0.0	657.0	0	0.0	657.0	0	0.0
home	14	110	165087.0	14	0.6451612903225806	165087.0	14	0.6451612903225806	331.5	0	0.0	663.0	0	0.0	663.0	0	0.0
home	14	111	166581.0	4	0.18433179723502305	166581.0	0	0.0	334.5	0	0.0	669.0	0	0.0	669.0	0	0.0
home	14	112	168075.0	10	0.4608294930875576	168075.0	14	0.6451612903225806	337.5	0	0.0	675.0	0	0.0	675.0	0	0.0
home	14	113	169569.0	14	0.6451612903225806	169569.0	14	0.6451612903225806	340.5	0	0.0	681.0	0	0.0	681.0	0	0.0
home	14	114	171063.0	14	0.6451612903225806	171063.0	14	0.6451612903225806	343.5	0	0.0	687.0	0	0.0	687.0	0	0.0
home	14	115	172557.0	13	0.599078341013825	172557.0	12	0.5529953917050692	346.5	0	0.0	693.0	0	0.0	693.0	0	0.0
home	14	116	174051.0	1	0.04608294930875576	174051.0	2	0.09216589861751152	349.5	0	0.0	699.0	0	0.0	699.0	0	0.0
home	14	117	175545.0	14	0.6451612903225806	175545.0	14	0.6451612903225806	352.5	0	0.0	705.0	0	0.0	705.0	0	0.0
home	14	118	177039.0	14	0.6451612903225806	177039.0	14	0.6451612903225806	355.5	0	0.0	711.0	0	0.0	711.0	0	0.0
home	14	119	178533.0	14	0.6451612903225806	178533.0	14	0.6451612903225806	358.5	0	0.0	717.0	0	0.0	717.0	0	0.0
home	14	120	180027.0	11	0.5069124423963134	180027.0	3	0.1382488479262673	361.5	0	0.0	723.0	0	0.0	723.0	0	0.0
home	14	121	181521.0	3	0.1382488479262673	181521.0	11	0.5069124423963134	364.5	0	0.0	729.0	0	0.0	729.0	0	0.0
home	14	122	183015.0	14	0.6451612903225806	183015.0	14	0.6451612903225806	367.5	0	0.0	735.0	0	0.0	735.0	0	0.0
home	14	123	184509.0	14	0.6451612903225806	184509.0	14	0.6451612903225806	370.5	0	0.0	741.0	0	0.0	741.0	0	0.0
home	14	124	186003.0	13	0.599078341013825	186003.0	13	0.599078341013825	373.5	0	0.0	747.0	0	0.0	747.0	0	0.0
home	14	125	187497.0	1	0.04608294930875576	187497.0	1	0.04608294930875576	376.5	0	0.0	753.0	0	0.0	753.0	0	0.0
home	14	126	188991.0	14	0.6451612903225806	188991.0	14	0.6451612903225806	379.5	0	0.0	759.0	0	0.0	759.0	0	0.0
home	14	127	190485.0	14	0.6451612903225806	190485.0	14	0.6451612903225806	382.5	0	0.0	765.0	0	0.0	765.0	0	0.0
home	14	128	191979.0	14	0.6451612903225806	191979.0	14	0.6451612903225806	385.5	1	0.04608294930875576	771.0	0	0.0	771.0	0	0.0
home	14	129	193473.0	0	0.0	193473.0	0	0.0	388.5	0	0.0	777.0	0	0.0	777.0	0	0.0
home	14	130	194967.0	14	0.6451612903225806	194967.0	14	0.6451612903225806	391.5	0	0.0	783.0	0	0.0	783.0	0	0.0
home	14	131	196461.0	14	0.6451612903225806	196461.0	14	0.6451612903225806	394.5	0	0.0	789.0	0	0.0	789.0	0	0.0
home	14	132	197955.0	14	0.6451612903225806	197955.0	14	0.6451612903225806	397.5	1	0.04608294930875576	795.0	0	0.0	795.0	0	0.0
home	14	133	199449.0	0	0.0	199449.0	0	0.0	400.5	0	0.0	801.0	0	0.0	801.0	0	0.0
home	14	134	200943.0	14	0.6451612903225806	200943.0	14	0.6451612903225806	403.5	0	0.0	807.0	0	0.0	807.0	0	0.0
home	14	135	202437.0	14	0.6451612903225806	202437.0	14	0.6451612903225806	406.5	1	0.04608294930875576	813.0	0	0.0	813.0	0	0.0
home	14	136	203931.0	14	0.6451612903225806	203931.0	14	0.6451612903225806	409.5	1	0.04608294930875576	819.0	0	0.0	819.0	0	0.0
home	14	137	205425.0	12	0.5529953917050692	205425.0	12	0.5529953917050692	412.5	0	0.0	825.0	0	0.0	825.0	0	0.0
home	14	138	206919.0	2	0.09216589861751152	206919.0	2	0.09216589861751152	415.5	0	0.0	831.0	0	0.0	831.0	0	0.0
home	14	139	208413.0	14	0.6451612903225806	208413.0	14	0.6451612903225806	418.5	0	0.0	837.0	0	0.0	837.0	0	0.0
home	14	140	209907.0	14	0.6451612903225806	209907.0	14	0.6451612903225806	421.5	0	0.0	843.0	0	0.0	843.0	0	0.0
home	14	141	211401.0	14	0.6451612903225806	211401.0	14	0.6451612903225806	424.5	0	0.0	849.0	0	0.0	849.0	0	0.0
home	14	142	212895.0	14	0.6451612903225806	212895.0	14	0.6451612903225806	427.5	1	0.04608294930875576	855.0	0	0.0	855.0	0	0.0
home	14	143	214389.0	0	0.0	214389.0	0	0.0	430.5	0	0.0	861.0	0	0.0	861.0	0	0.0
home	14	144	215883.0	14	0.6451612903225806	215883.0	14	0.6451612903225806	433.5	0	0.0	867.0	0	0.0	867.0	0	0.0
home	14	145	217377.0	14	0.6451612903225806	217377.0	14	0.6451612903225806	436.5	0	0.0	873.0	0	0.0	873.0	0	0.0
home	14	146	218871.0	14	0.6451612903225806	218871.0	14	0.6451612903225806	439.5	0	0.0	879.0	0	0.0	879.0	0	0.0
home	14	147	220365.0	0	0.0	220365.0	0	0.0	442.5	0	0.0	885.0	0	0.0	885.0	0	0.0
home	14	148	221859.0	14	0.6451612903225806	221859.0	14	0.6451612903225806	445.5	0	0.0	891.0	0	0.0	891.0	0	0.0
home	14	149	223353.0	14	0.6451612903225806	223353.0	14	0.6451612903225806	448.5	0	0.0	897.0	0	0.0	897.0	0	0.0
home	14	150	224847.0	14	0.6451612903225806	224847.0	14	0.6451612903225806	451.5	0	0.0	903.0	0	0.0	903.0	0	0.0
home	14	151	226341.0	5	0.2304147465437788	226341.0	0	0.0	454.5	0	0.0	909.0	0	0.0	909.0	0	0.0
home	14	152	227835.0	9	0.4147465437788019	227835.0	14	0.6451612903225806	457.5	0	0.0	915.0	0	0.0	915.0	0	0.0
home	14	153	229329.0	14	0.6451612903225806	229329.0	14	0.6451612903225806	460.5	0	0.0	921.0	0	0.0	921.0	0	0.0
home	14	154	230823.0	14	0.6451612903225806	230823.0	14	0.6451612903225806	463.5	0	0.0	927.0	0	0.0	927.0	0	0.0
home	14	155	232317.0	13	0.599078341013825	232317.0	12	0.5529953917050692	466.5	0	0.0	933.0	0	0.0	933.0	0	0.0
home	14	156	233811.0	1	0.04608294930875576	233811.0	2	0.09216589861751152	469.5	0	0.0	939.0	0	0.0	939.0	0	0.0
home	14	157	235305.0	14	0.6451612903225806	235305.0	14	0.6451612903225806	472.5	0	0.0	945.0	0	0.0	945.0	0	0.0
home	14	158	236799.0	14	0.6451612903225806	236799.0	14	0.6451612903225806	475.5	0	0.0	951.0	0	0.0	951.0	0	0.0
home	14	159	238293.0	14	0.6451612903225806	238293.0	14	0.6451612903225806	478.5	0	0.0	957.0	0	0.0	957.0	0	0.0
home	14	160	239787.0	0	0.0	239787.0	0	0.0	481.5	0	0.0	963.0	0	0.0	963.0	0	0.0
home	14	161	241281.0	14	0.6451612903225806	241281.0	14	0.6451612903225806	484.5	0	0.0	969.0	0	0.0	969.0	0	0.0
home	14	162	242775.0	14	0.6451612903225806	242775.0	14	0.6451612903225806	487.5	0	0.0	975.0	0	0.0	975.0	0	0.0
home	14	163	244269.0	14	0.6451612903225806	244269.0	14	0.6451612903225806	490.5	0	0.0	981.0	0	0.0	981.0	0	0.0
home	14	164	245763.0	13	0.599078341013825	245763.0	13	0.599078341013825	493.5	0	0.0	987.0	0	0.0	987.0	0	0.0
home	14	165	247257.0	1	0.04608294930875576	247257.0	1	0.04608294930875576	496.5	0	0.0	993.0	0	0.0	993.0	0	0.0
home	14	166	248751.0	14	0.6451612903225806	248751.0	14	0.6451612903225806	499.5	0	0.0	999.0	0	0.0	999.0	0	0.0
home	14	167	250245.0	14	0.6451612903225806	250245.0	14	0.6451612903225806	502.5	0	0.0	1005.0	0	0.0	1005.0	0	0.0
home	14	168	251739.0	14	0.6451612903225806	251739.0	14	0.6451612903225806	505.5	0	0.0	1011.0	0	0.0	1011.0	0	0.0
home	14	169	253233.0	0	0.0	253233.0	0	0.0	508.5	0	0.0	1017.0	0	0.0	1017.0	0	0.0
home	14	170	254727.0	14	0.6451612903225806	254727.0	14	0.6451612903225806	511.5	0	0.0	1023.0	0	0.0	1023.0	0	0.0
home	14	171	256221.0	14	0.6451612903225806	256221.0	14	0.6451612903225806	514.5	0	0.0	1029.0	0	0.0	1029.0	0	0.0
home	14	172	257715.0	14	0.6451612903225806	257715.0	14	0.6451612903225806	517.5	0	0.0	1035.0	0	0.0	1035.0	0	0.0
home	14	173	259209.0	0	0.0	259209.0	0	0.0	520.5	0	0.0	1041.0	0	0.0	1041.0	0	0.0
home	14	174	260703.0	14	0.6451612903225806	260703.0	14	0.6451612903225806	523.5	0	0.0	1047.0	0	0.0	1047.0	0	0.0
home	14	175	262197.0	14	0.6451612903225806	262197.0	14	0.6451612903225806	526.5	0	0.0	1053.0	0	0.0	1053.0	0	0.0
home	14	176	263691.0	14	0.6451612903225806	263691.0	14	0.6451612903225806	529.5	0	0.0	1059.0	0	0.0	1059.0	0	0.0
home	14	177	265185.0	14	0.6451612903225806	265185.0	14	0.6451612903225806	532.5	0	0.0	1065.0	0	0.0	1065.0	0	0.0
home	14	178	266679.0	0	0.0	266679.0	0	0.0	535.5	0	0.0	1071.0	0	0.0	1071.0	0	0.0
home	14	179	268173.0	14	0.6451612903225806	268173.0	14	0.6451612903225806	538.5	0	0.0	1077.0	0	0.0	1077.0	0	0.0
home	14	180	269667.0	14	0.6451612903225806	269667.0	14	0.6451612903225806	541.5	0	0.0	1083.0	0	0.0	1083.0	0	0.0
home	14	181	271161.0	14	0.6451612903225806	271161.0	14	0.6451612903225806	544.5	0	0.0	1089.0	0	0.0	1089.0	0	0.0
home	14	182	272655.0	0	0.0	272655.0	0	0.0	547.5	0	0.0	1095.0	0	0.0	1095.0	0	0.0
home	14	183	274149.0	14	0.6451612903225806	274149.0	14	0.6451612903225806	550.5	0	0.0	1101.0	0	0.0	1101.0	0	0.0
home	14	184	275643.0	14	0.6451612903225806	275643.0	14	0.6451612903225806	553.5	0	0.0	1107.0	0	0.0	1107.0	0	0.0
home	14	185	277137.0	14	0.6451612903225806	277137.0	14	0.6451612903225806	556.5	0	0.0	1113.0	0	0.0	1113.0	0	0.0
home	14	186	278631.0	0	0.0	278631.0	0	0.0	559.5	0	0.0	1119.0	0	0.0	1119.0	0	0.0
home	14	187	280125.0	14	0.6451612903225806	280125.0	14	0.6451612903225806	562.5	0	0.0	1125.0	0	0.0	1125.0	0	0.0
home	14	188	281619.0	14	0.6451612903225806	281619.0	14	0.6451612903225806	565.5	0	0.0	1131.0	0	0.0	1131.0	0	0.0
home	14	189	283113.0	14	0.6451612903225806	283113.0	14	0.6451612903225806	568.5	0	0.0	1137.0	0	0.0	1137.0	0	0.0
home	14	190	284607.0	14	0.6451612903225806	284607.0	14	0.6451612903225806	571.5	0	0.0	1143.0	0	0.0	1143.0	0	0.0
home	14	191	286101.0	0	0.0	286101.0	0	0.0	574.5	0	0.0	1149.0	0	0.0	1149.0	0	0.0
home	14	192	287595.0	14	0.6451612903225806	287595.0	14	0.6451612903225806	577.5	0	0.0	1155.0	0	0.0	1155.0	0	0.0
home	14	193	289089.0	14	0.6451612903225806	289089.0	14	0.6451612903225806	580.5	0	0.0	1161.0	0	0.0	1161.0	0	0.0
home	14	194	290583.0	14	0.6451612903225806	290583.0	14	0.6451612903225806	583.5	0	0.0	1167.0	0	0.0	1167.0	0	0.0
home	14	195	292077.0	0	0.0	292077.0	0	0.0	586.5	0	0.0	1173.0	0	0.0	1173.0	0	0.0
home	14	196	293571.0	14	0.6451612903225806	293571.0	14	0.6451612903225806	589.5	0	0.0	1179.0	0	0.0	1179.0	0	0.0
home	14	197	295065.0	14	0.6451612903225806	295065.0	14	0.6451612903225806	592.5	0	0.0	1185.0	0	0.0	1185.0	0	0.0
home	14	198	296559.0	14	0.6451612903225806	296559.0	14	0.6451612903225806	595.5	0	0.0	1191.0	0	0.0	1191.0	0	0.0
home	14	199	298053.0	14	0.6451612903225806	298053.0	14	0.6451612903225806	598.5	0	0.0	1197.0	0	0.0	1197.0	0	0.0
