'Request type'	'Load'	'Bucket'	'Start time'	'Absolute'	'Percent of requests'	'End time'	'Absolute'	'Percent of requests'	'Residence time'	'Absolute'	'Percent of requests'	'Theor. think time'	'Absolute'	'Percent of requests'	'Actual think time'	'Absolute'	'Percent of requests'
login	40	0	749.5	40	1.1086474501108647	749.5	22	0.6097560975609756	7.0	0	0.0	3.0	3608	100.0	3.0	3608	100.0
login	40	1	2248.5	4	0.11086474501108648	2248.5	22	0.6097560975609756	21.0	0	0.0	9.0	0	0.0	9.0	0	0.0
login	40	2	3747.5	41	1.1363636363636365	3747.5	21	0.582039911308204	35.0	0	0.0	15.0	0	0.0	15.0	0	0.0
login	40	3	5246.5	0	0.0	5246.5	20	0.5543237250554324	49.0	0	0.0	21.0	0	0.0	21.0	0	0.0
login	40	4	6745.5	40	1.1086474501108647	6745.5	14	0.3880266075388027	63.0	0	0.0	27.0	0	0.0	27.0	0	0.0
login	40	5	8244.5	0	0.0	8244.5	26	0.7206208425720622	77.0	3	0.08314855875831487	33.0	0	0.0	33.0	0	0.0
login	40	6	9743.5	40	1.1086474501108647	9743.5	10	0.2771618625277162	91.0	4	0.11086474501108648	39.0	0	0.0	39.0	0	0.0
login	40	7	11242.5	0	0.0	11242.5	26	0.7206208425720622	105.0	2	0.05543237250554324	45.0	0	0.0	45.0	0	0.0
login	40	8	12741.5	40	1.1086474501108647	12741.5	6	0.16629711751662973	119.0	8	0.22172949002217296	51.0	0	0.0	51.0	0	0.0
login	40	9	14240.5	0	0.0	14240.5	27	0.7483370288248338	133.0	1	0.02771618625277162	57.0	0	0.0	57.0	0	0.0
login	40	10	15739.5	35	0.9700665188470067	15739.5	11	0.3048780487804878	147.0	4	0.11086474501108648	63.0	0	0.0	63.0	0	0.0
login	40	11	17238.5	5	0.1385809312638581	17238.5	26	0.7206208425720622	161.0	7	0.19401330376940135	69.0	0	0.0	69.0	0	0.0
login	40	12	18737.5	0	0.0	18737.5	14	0.3880266075388027	175.0	7	0.19401330376940135	75.0	0	0.0	75.0	0	0.0
login	40	13	20236.5	40	1.1086474501108647	20236.5	23	0.6374722838137472	189.0	14	0.3880266075388027	81.0	0	0.0	81.0	0	0.0
login	40	14	21735.5	0	0.0	21735.5	17	0.47117516629711753	203.0	18	0.49889135254988914	87.0	0	0.0	87.0	0	0.0
login	40	15	23234.5	40	1.1086474501108647	23234.5	17	0.47117516629711753	217.0	15	0.4157427937915743	93.0	0	0.0	93.0	0	0.0
login	40	16	24733.5	0	0.0	24733.5	23	0.6374722838137472	231.0	14	0.3880266075388027	99.0	0	0.0	99.0	0	0.0
login	40	17	26232.5	40	1.1086474501108647	26232.5	12	0.33259423503325947	245.0	24	0.6651884700665189	105.0	0	0.0	105.0	0	0.0
login	40	18	27731.5	0	0.0	27731.5	24	0.6651884700665189	259.0	23	0.6374722838137472	111.0	0	0.0	111.0	0	0.0
login	40	19	29230.5	40	1.1086474501108647	29230.5	8	0.22172949002217296	273.0	18	0.49889135254988914	117.0	0	0.0	117.0	0	0.0
login	40	20	30729.5	0	0.0	30729.5	26	0.7206208425720622	287.0	39	1.0809312638580932	123.0	0	0.0	123.0	0	0.0
login	40	21	32228.5	0	0.0	32228.5	10	0.2771618625277162	301.0	39	1.0809312638580932	129.0	0	0.0	129.0	0	0.0
login	40	22	33727.5	40	1.1086474501108647	33727.5	25	0.6929046563192905	315.0	25	0.6929046563192905	135.0	0	0.0	135.0	0	0.0
login	40	23	35226.5	0	0.0	35226.5	15	0.4157427937915743	329.0	26	0.7206208425720622	141.0	0	0.0	141.0	0	0.0
login	40	24	36725.5	40	1.1086474501108647	36725.5	17	0.47117516629711753	343.0	23	0.6374722838137472	147.0	0	0.0	147.0	0	0.0
login	40	25	38224.5	0	0.0	38224.5	23	0.6374722838137472	357.0	17	0.47117516629711753	153.0	0	0.0	153.0	0	0.0
login	40	26	39723.5	40	1.1086474501108647	39723.5	12	0.33259423503325947	371.0	20	0.5543237250554324	159.0	0	0.0	159.0	0	0.0
login	40	27	41222.5	0	0.0	41222.5	27	0.7483370288248338	385.0	29	0.803769401330377	165.0	0	0.0	165.0	0	0.0
login	40	28	42721.5	40	1.1086474501108647	42721.5	7	0.19401330376940135	399.0	25	0.6929046563192905	171.0	0	0.0	171.0	0	0.0
login	40	29	44220.5	0	0.0	44220.5	26	0.7206208425720622	413.0	31	0.8592017738359202	177.0	0	0.0	177.0	0	0.0
login	40	30	45719.5	0	0.0	45719.5	8	0.22172949002217296	427.0	25	0.6929046563192905	183.0	0	0.0	183.0	0	0.0
login	40	31	47218.5	40	1.1086474501108647	47218.5	22	0.6097560975609756	441.0	26	0.7206208425720622	189.0	0	0.0	189.0	0	0.0
login	40	32	48717.5	0	0.0	48717.5	18	0.49889135254988914	455.0	27	0.7483370288248338	195.0	0	0.0	195.0	0	0.0
login	40	33	50216.5	40	1.1086474501108647	50216.5	15	0.4157427937915743	469.0	26	0.7206208425720622	201.0	0	0.0	201.0	0	0.0
login	40	34	51715.5	0	0.0	51715.5	25	0.6929046563192905	483.0	22	0.6097560975609756	207.0	0	0.0	207.0	0	0.0
login	40	35	53214.5	40	1.1086474501108647	53214.5	7	0.19401330376940135	497.0	29	0.803769401330377	213.0	0	0.0	213.0	0	0.0
login	40	36	54713.5	0	0.0	54713.5	21	0.582039911308204	511.0	19	0.5266075388026608	219.0	0	0.0	219.0	0	0.0
login	40	37	56212.5	0	0.0	56212.5	12	0.33259423503325947	525.0	20	0.5543237250554324	225.0	0	0.0	225.0	0	0.0
login	40	38	57711.5	40	1.1086474501108647	57711.5	21	0.582039911308204	539.0	27	0.7483370288248338	231.0	0	0.0	231.0	0	0.0
login	40	39	59210.5	0	0.0	59210.5	19	0.5266075388026608	553.0	26	0.7206208425720622	237.0	0	0.0	237.0	0	0.0
login	40	40	60709.5	40	1.1086474501108647	60709.5	15	0.4157427937915743	567.0	6	0.16629711751662973	243.0	0	0.0	243.0	0	0.0
login	40	41	62208.5	0	0.0	62208.5	25	0.6929046563192905	581.0	24	0.6651884700665189	249.0	0	0.0	249.0	0	0.0
login	40	42	63707.5	40	1.1086474501108647	63707.5	9	0.24944567627494457	595.0	31	0.8592017738359202	255.0	0	0.0	255.0	0	0.0
login	40	43	65206.5	0	0.0	65206.5	28	0.7760532150776054	609.0	27	0.7483370288248338	261.0	0	0.0	261.0	0	0.0
login	40	44	66705.5	40	1.1086474501108647	66705.5	6	0.16629711751662973	623.0	19	0.5266075388026608	267.0	0	0.0	267.0	0	0.0
login	40	45	68204.5	0	0.0	68204.5	28	0.7760532150776054	637.0	23	0.6374722838137472	273.0	0	0.0	273.0	0	0.0
login	40	46	69703.5	40	1.1086474501108647	69703.5	10	0.2771618625277162	651.0	25	0.6929046563192905	279.0	0	0.0	279.0	0	0.0
login	40	47	71202.5	0	0.0	71202.5	25	0.6929046563192905	665.0	19	0.5266075388026608	285.0	0	0.0	285.0	0	0.0
login	40	48	72701.5	0	0.0	72701.5	14	0.3880266075388027	679.0	24	0.6651884700665189	291.0	0	0.0	291.0	0	0.0
login	40	49	74200.5	40	1.1086474501108647	74200.5	22	0.6097560975609756	693.0	20	0.5543237250554324	297.0	0	0.0	297.0	0	0.0
login	40	50	75699.5	0	0.0	75699.5	18	0.49889135254988914	707.0	27	0.7483370288248338	303.0	0	0.0	303.0	0	0.0
login	40	51	77198.5	40	1.1086474501108647	77198.5	17	0.47117516629711753	721.0	23	0.6374722838137472	309.0	0	0.0	309.0	0	0.0
login	40	52	78697.5	0	0.0	78697.5	23	0.6374722838137472	735.0	15	0.4157427937915743	315.0	0	0.0	315.0	0	0.0
login	40	53	80196.5	40	1.1086474501108647	80196.5	9	0.24944567627494457	749.0	26	0.7206208425720622	321.0	0	0.0	321.0	0	0.0
login	40	54	81695.5	0	0.0	81695.5	25	0.6929046563192905	763.0	14	0.3880266075388027	327.0	0	0.0	327.0	0	0.0
login	40	55	83194.5	40	1.1086474501108647	83194.5	7	0.19401330376940135	777.0	30	0.8314855875831486	333.0	0	0.0	333.0	0	0.0
login	40	56	84693.5	0	0.0	84693.5	28	0.7760532150776054	791.0	26	0.7206208425720622	339.0	0	0.0	339.0	0	0.0
login	40	57	86192.5	38	1.0532150776053215	86192.5	11	0.3048780487804878	805.0	24	0.6651884700665189	345.0	0	0.0	345.0	0	0.0
login	40	58	87691.5	2	0.05543237250554324	87691.5	23	0.6374722838137472	819.0	22	0.6097560975609756	351.0	0	0.0	351.0	0	0.0
login	40	59	89190.5	0	0.0	89190.5	17	0.47117516629711753	833.0	26	0.7206208425720622	357.0	0	0.0	357.0	0	0.0
login	40	60	90689.5	40	1.1086474501108647	90689.5	18	0.49889135254988914	847.0	33	0.9146341463414634	363.0	0	0.0	363.0	0	0.0
login	40	61	92188.5	0	0.0	92188.5	22	0.6097560975609756	861.0	21	0.582039911308204	369.0	0	0.0	369.0	0	0.0
login	40	62	93687.5	40	1.1086474501108647	93687.5	15	0.4157427937915743	875.0	17	0.47117516629711753	375.0	0	0.0	375.0	0	0.0
login	40	63	95186.5	0	0.0	95186.5	25	0.6929046563192905	889.0	24	0.6651884700665189	381.0	0	0.0	381.0	0	0.0
login	40	64	96685.5	40	1.1086474501108647	96685.5	10	0.2771618625277162	903.0	19	0.5266075388026608	387.0	0	0.0	387.0	0	0.0
login	40	65	98184.5	0	0.0	98184.5	28	0.7760532150776054	917.0	13	0.3603104212860311	393.0	0	0.0	393.0	0	0.0
login	40	66	99683.5	40	1.1086474501108647	99683.5	5	0.1385809312638581	931.0	23	0.6374722838137472	399.0	0	0.0	399.0	0	0.0
login	40	67	101182.5	0	0.0	101182.5	27	0.7483370288248338	945.0	19	0.5266075388026608	405.0	0	0.0	405.0	0	0.0
login	40	68	102681.5	8	0.22172949002217296	102681.5	10	0.2771618625277162	959.0	25	0.6929046563192905	411.0	0	0.0	411.0	0	0.0
login	40	69	104180.5	32	0.8869179600886918	104180.5	23	0.6374722838137472	973.0	26	0.7206208425720622	417.0	0	0.0	417.0	0	0.0
login	40	70	105679.5	0	0.0	105679.5	17	0.47117516629711753	987.0	37	1.02549889135255	423.0	0	0.0	423.0	0	0.0
login	40	71	107178.5	40	1.1086474501108647	107178.5	16	0.4434589800443459	1001.0	26	0.7206208425720622	429.0	0	0.0	429.0	0	0.0
login	40	72	108677.5	0	0.0	108677.5	24	0.6651884700665189	1015.0	16	0.4434589800443459	435.0	0	0.0	435.0	0	0.0
login	40	73	110176.5	40	1.1086474501108647	110176.5	10	0.2771618625277162	1029.0	13	0.3603104212860311	441.0	0	0.0	441.0	0	0.0
login	40	74	111675.5	0	0.0	111675.5	25	0.6929046563192905	1043.0	27	0.7483370288248338	447.0	0	0.0	447.0	0	0.0
login	40	75	113174.5	40	1.1086474501108647	113174.5	7	0.19401330376940135	1057.0	20	0.5543237250554324	453.0	0	0.0	453.0	0	0.0
login	40	76	114673.5	0	0.0	114673.5	26	0.7206208425720622	1071.0	22	0.6097560975609756	459.0	0	0.0	459.0	0	0.0
login	40	77	116172.5	0	0.0	116172.5	12	0.33259423503325947	1085.0	27	0.7483370288248338	465.0	0	0.0	465.0	0	0.0
login	40	78	117671.5	40	1.1086474501108647	117671.5	24	0.6651884700665189	1099.0	19	0.5266075388026608	471.0	0	0.0	471.0	0	0.0
login	40	79	119170.5	0	0.0	119170.5	16	0.4434589800443459	1113.0	19	0.5266075388026608	477.0	0	0.0	477.0	0	0.0
login	40	80	120669.5	40	1.1086474501108647	120669.5	16	0.4434589800443459	1127.0	26	0.7206208425720622	483.0	0	0.0	483.0	0	0.0
login	40	81	122168.5	0	0.0	122168.5	24	0.6651884700665189	1141.0	19	0.5266075388026608	489.0	0	0.0	489.0	0	0.0
login	40	82	123667.5	40	1.1086474501108647	123667.5	8	0.22172949002217296	1155.0	22	0.6097560975609756	495.0	0	0.0	495.0	0	0.0
login	40	83	125166.5	0	0.0	125166.5	27	0.7483370288248338	1169.0	27	0.7483370288248338	501.0	0	0.0	501.0	0	0.0
login	40	84	126665.5	40	1.1086474501108647	126665.5	7	0.19401330376940135	1183.0	26	0.7206208425720622	507.0	0	0.0	507.0	0	0.0
login	40	85	128164.5	0	0.0	128164.5	29	0.803769401330377	1197.0	33	0.9146341463414634	513.0	0	0.0	513.0	0	0.0
login	40	86	129663.5	40	1.1086474501108647	129663.5	9	0.24944567627494457	1211.0	19	0.5266075388026608	519.0	0	0.0	519.0	0	0.0
login	40	87	131162.5	0	0.0	131162.5	26	0.7206208425720622	1225.0	17	0.47117516629711753	525.0	0	0.0	525.0	0	0.0
login	40	88	132661.5	0	0.0	132661.5	14	0.3880266075388027	1239.0	31	0.8592017738359202	531.0	0	0.0	531.0	0	0.0
login	40	89	134160.5	40	1.1086474501108647	134160.5	18	0.49889135254988914	1253.0	19	0.5266075388026608	537.0	0	0.0	537.0	0	0.0
login	40	90	135659.5	0	0.0	135659.5	22	0.6097560975609756	1267.0	20	0.5543237250554324	543.0	0	0.0	543.0	0	0.0
login	40	91	137158.5	40	1.1086474501108647	137158.5	15	0.4157427937915743	1281.0	20	0.5543237250554324	549.0	0	0.0	549.0	0	0.0
login	40	92	138657.5	0	0.0	138657.5	25	0.6929046563192905	1295.0	28	0.7760532150776054	555.0	0	0.0	555.0	0	0.0
login	40	93	140156.5	40	1.1086474501108647	140156.5	11	0.3048780487804878	1309.0	29	0.803769401330377	561.0	0	0.0	561.0	0	0.0
login	40	94	141655.5	0	0.0	141655.5	25	0.6929046563192905	1323.0	17	0.47117516629711753	567.0	0	0.0	567.0	0	0.0
login	40	95	143154.5	40	1.1086474501108647	143154.5	8	0.22172949002217296	1337.0	18	0.49889135254988914	573.0	0	0.0	573.0	0	0.0
login	40	96	144653.5	0	0.0	144653.5	28	0.7760532150776054	1351.0	23	0.6374722838137472	579.0	0	0.0	579.0	0	0.0
login	40	97	146152.5	40	1.1086474501108647	146152.5	8	0.22172949002217296	1365.0	15	0.4157427937915743	585.0	0	0.0	585.0	0	0.0
login	40	98	147651.5	0	0.0	147651.5	27	0.7483370288248338	1379.0	28	0.7760532150776054	591.0	0	0.0	591.0	0	0.0
login	40	99	149150.5	0	0.0	149150.5	13	0.3603104212860311	1393.0	26	0.7206208425720622	597.0	0	0.0	597.0	0	0.0
login	40	100	150649.5	40	1.1086474501108647	150649.5	15	0.4157427937915743	1407.0	22	0.6097560975609756	603.0	0	0.0	603.0	0	0.0
login	40	101	152148.5	0	0.0	152148.5	25	0.6929046563192905	1421.0	25	0.6929046563192905	609.0	0	0.0	609.0	0	0.0
login	40	102	153647.5	40	1.1086474501108647	153647.5	10	0.2771618625277162	1435.0	23	0.6374722838137472	615.0	0	0.0	615.0	0	0.0
login	40	103	155146.5	0	0.0	155146.5	30	0.8314855875831486	1449.0	17	0.47117516629711753	621.0	0	0.0	621.0	0	0.0
login	40	104	156645.5	40	1.1086474501108647	156645.5	7	0.19401330376940135	1463.0	20	0.5543237250554324	627.0	0	0.0	627.0	0	0.0
login	40	105	158144.5	0	0.0	158144.5	26	0.7206208425720622	1477.0	31	0.8592017738359202	633.0	0	0.0	633.0	0	0.0
login	40	106	159643.5	40	1.1086474501108647	159643.5	8	0.22172949002217296	1491.0	26	0.7206208425720622	639.0	0	0.0	639.0	0	0.0
login	40	107	161142.5	0	0.0	161142.5	24	0.6651884700665189	1505.0	23	0.6374722838137472	645.0	0	0.0	645.0	0	0.0
login	40	108	162641.5	0	0.0	162641.5	15	0.4157427937915743	1519.0	19	0.5266075388026608	651.0	0	0.0	651.0	0	0.0
login	40	109	164140.5	40	1.1086474501108647	164140.5	18	0.49889135254988914	1533.0	22	0.6097560975609756	657.0	0	0.0	657.0	0	0.0
login	40	110	165639.5	0	0.0	165639.5	22	0.6097560975609756	1547.0	23	0.6374722838137472	663.0	0	0.0	663.0	0	0.0
login	40	111	167138.5	40	1.1086474501108647	167138.5	12	0.33259423503325947	1561.0	17	0.47117516629711753	669.0	0	0.0	669.0	0	0.0
login	40	112	168637.5	0	0.0	168637.5	24	0.6651884700665189	1575.0	22	0.6097560975609756	675.0	0	0.0	675.0	0	0.0
login	40	113	170136.5	40	1.1086474501108647	170136.5	5	0.1385809312638581	1589.0	31	0.8592017738359202	681.0	0	0.0	681.0	0	0.0
login	40	114	171635.5	0	0.0	171635.5	26	0.7206208425720622	1603.0	22	0.6097560975609756	687.0	0	0.0	687.0	0	0.0
login	40	115	173134.5	0	0.0	173134.5	13	0.3603104212860311	1617.0	22	0.6097560975609756	693.0	0	0.0	693.0	0	0.0
login	40	116	174633.5	40	1.1086474501108647	174633.5	19	0.5266075388026608	1631.0	23	0.6374722838137472	699.0	0	0.0	699.0	0	0.0
login	40	117	176132.5	0	0.0	176132.5	21	0.582039911308204	1645.0	17	0.47117516629711753	705.0	0	0.0	705.0	0	0.0
login	40	118	177631.5	40	1.1086474501108647	177631.5	16	0.4434589800443459	1659.0	17	0.47117516629711753	711.0	0	0.0	711.0	0	0.0
login	40	119	179130.5	0	0.0	179130.5	24	0.6651884700665189	1673.0	27	0.7483370288248338	717.0	0	0.0	717.0	0	0.0
login	40	120	180629.5	40	1.1086474501108647	180629.5	7	0.19401330376940135	1687.0	29	0.803769401330377	723.0	0	0.0	723.0	0	0.0
login	40	121	182128.5	0	0.0	182128.5	24	0.6651884700665189	1701.0	27	0.7483370288248338	729.0	0	0.0	729.0	0	0.0
login	40	122	183627.5	0	0.0	183627.5	9	0.24944567627494457	1715.0	18	0.49889135254988914	735.0	0	0.0	735.0	0	0.0
login	40	123	185126.5	40	1.1086474501108647	185126.5	22	0.6097560975609756	1729.0	21	0.582039911308204	741.0	0	0.0	741.0	0	0.0
login	40	124	186625.5	0	0.0	186625.5	18	0.49889135254988914	1743.0	24	0.6651884700665189	747.0	0	0.0	747.0	0	0.0
login	40	125	188124.5	40	1.1086474501108647	188124.5	16	0.4434589800443459	1757.0	22	0.6097560975609756	753.0	0	0.0	753.0	0	0.0
login	40	126	189623.5	0	0.0	189623.5	24	0.6651884700665189	1771.0	22	0.6097560975609756	759.0	0	0.0	759.0	0	0.0
login	40	127	191122.5	40	1.1086474501108647	191122.5	12	0.33259423503325947	1785.0	21	0.582039911308204	765.0	0	0.0	765.0	0	0.0
login	40	128	192621.5	0	0.0	192621.5	23	0.6374722838137472	1799.0	23	0.6374722838137472	771.0	0	0.0	771.0	0	0.0
login	40	129	194120.5	40	1.1086474501108647	194120.5	8	0.22172949002217296	1813.0	21	0.582039911308204	777.0	0	0.0	777.0	0	0.0
login	40	130	195619.5	0	0.0	195619.5	27	0.7483370288248338	1827.0	30	0.8314855875831486	783.0	0	0.0	783.0	0	0.0
login	40	131	197118.5	0	0.0	197118.5	10	0.2771618625277162	1841.0	19	0.5266075388026608	789.0	0	0.0	789.0	0	0.0
login	40	132	198617.5	40	1.1086474501108647	198617.5	21	0.582039911308204	1855.0	19	0.5266075388026608	795.0	0	0.0	795.0	0	0.0
login	40	133	200116.5	0	0.0	200116.5	19	0.5266075388026608	1869.0	22	0.6097560975609756	801.0	0	0.0	801.0	0	0.0
login	40	134	201615.5	40	1.1086474501108647	201615.5	14	0.3880266075388027	1883.0	24	0.6651884700665189	807.0	0	0.0	807.0	0	0.0
login	40	135	203114.5	0	0.0	203114.5	26	0.7206208425720622	1897.0	21	0.582039911308204	813.0	0	0.0	813.0	0	0.0
login	40	136	204613.5	40	1.1086474501108647	204613.5	8	0.22172949002217296	1911.0	20	0.5543237250554324	819.0	0	0.0	819.0	0	0.0
login	40	137	206112.5	0	0.0	206112.5	28	0.7760532150776054	1925.0	19	0.5266075388026608	825.0	0	0.0	825.0	0	0.0
login	40	138	207611.5	40	1.1086474501108647	207611.5	8	0.22172949002217296	1939.0	25	0.6929046563192905	831.0	0	0.0	831.0	0	0.0
login	40	139	209110.5	0	0.0	209110.5	29	0.803769401330377	1953.0	21	0.582039911308204	837.0	0	0.0	837.0	0	0.0
login	40	140	210609.5	40	1.1086474501108647	210609.5	8	0.22172949002217296	1967.0	29	0.803769401330377	843.0	0	0.0	843.0	0	0.0
login	40	141	212108.5	0	0.0	212108.5	26	0.7206208425720622	1981.0	21	0.582039911308204	849.0	0	0.0	849.0	0	0.0
login	40	142	213607.5	0	0.0	213607.5	13	0.3603104212860311	1995.0	28	0.7760532150776054	855.0	0	0.0	855.0	0	0.0
login	40	143	215106.5	40	1.1086474501108647	215106.5	23	0.6374722838137472	2009.0	20	0.5543237250554324	861.0	0	0.0	861.0	0	0.0
login	40	144	216605.5	0	0.0	216605.5	17	0.47117516629711753	2023.0	19	0.5266075388026608	867.0	0	0.0	867.0	0	0.0
login	40	145	218104.5	40	1.1086474501108647	218104.5	16	0.4434589800443459	2037.0	24	0.6651884700665189	873.0	0	0.0	873.0	0	0.0
login	40	146	219603.5	0	0.0	219603.5	24	0.6651884700665189	2051.0	17	0.47117516629711753	879.0	0	0.0	879.0	0	0.0
login	40	147	221102.5	40	1.1086474501108647	221102.5	9	0.24944567627494457	2065.0	23	0.6374722838137472	885.0	0	0.0	885.0	0	0.0
login	40	148	222601.5	0	0.0	222601.5	28	0.7760532150776054	2079.0	21	0.582039911308204	891.0	0	0.0	891.0	0	0.0
login	40	149	224100.5	40	1.1086474501108647	224100.5	6	0.16629711751662973	2093.0	16	0.4434589800443459	897.0	0	0.0	897.0	0	0.0
login	40	150	225599.5	0	0.0	225599.5	30	0.8314855875831486	2107.0	23	0.6374722838137472	903.0	0	0.0	903.0	0	0.0
login	40	151	227098.5	40	1.1086474501108647	227098.5	8	0.22172949002217296	2121.0	9	0.24944567627494457	909.0	0	0.0	909.0	0	0.0
login	40	152	228597.5	0	0.0	228597.5	26	0.7206208425720622	2135.0	26	0.7206208425720622	915.0	0	0.0	915.0	0	0.0
login	40	153	230096.5	0	0.0	230096.5	13	0.3603104212860311	2149.0	28	0.7760532150776054	921.0	0	0.0	921.0	0	0.0
login	40	154	231595.5	40	1.1086474501108647	231595.5	24	0.6651884700665189	2163.0	26	0.7206208425720622	927.0	0	0.0	927.0	0	0.0
login	40	155	233094.5	0	0.0	233094.5	16	0.4434589800443459	2177.0	24	0.6651884700665189	933.0	0	0.0	933.0	0	0.0
login	40	156	234593.5	40	1.1086474501108647	234593.5	18	0.49889135254988914	2191.0	25	0.6929046563192905	939.0	0	0.0	939.0	0	0.0
login	40	157	236092.5	0	0.0	236092.5	22	0.6097560975609756	2205.0	22	0.6097560975609756	945.0	0	0.0	945.0	0	0.0
login	40	158	237591.5	40	1.1086474501108647	237591.5	17	0.47117516629711753	2219.0	25	0.6929046563192905	951.0	0	0.0	951.0	0	0.0
login	40	159	239090.5	0	0.0	239090.5	23	0.6374722838137472	2233.0	21	0.582039911308204	957.0	0	0.0	957.0	0	0.0
login	40	160	240589.5	40	1.1086474501108647	240589.5	9	0.24944567627494457	2247.0	18	0.49889135254988914	963.0	0	0.0	963.0	0	0.0
login	40	161	242088.5	0	0.0	242088.5	25	0.6929046563192905	2261.0	16	0.4434589800443459	969.0	0	0.0	969.0	0	0.0
login	40	162	243587.5	40	1.1086474501108647	243587.5	8	0.22172949002217296	2275.0	15	0.4157427937915743	975.0	0	0.0	975.0	0	0.0
login	40	163	245086.5	0	0.0	245086.5	25	0.6929046563192905	2289.0	19	0.5266075388026608	981.0	0	0.0	981.0	0	0.0
login	40	164	246585.5	1	0.02771618625277162	246585.5	13	0.3603104212860311	2303.0	17	0.47117516629711753	987.0	0	0.0	987.0	0	0.0
login	40	165	248084.5	40	1.1086474501108647	248084.5	23	0.6374722838137472	2317.0	10	0.2771618625277162	993.0	0	0.0	993.0	0	0.0
login	40	166	249583.5	0	0.0	249583.5	18	0.49889135254988914	2331.0	9	0.24944567627494457	999.0	0	0.0	999.0	0	0.0
login	40	167	251082.5	41	1.1363636363636365	251082.5	16	0.4434589800443459	2345.0	12	0.33259423503325947	1005.0	0	0.0	1005.0	0	0.0
login	40	168	252581.5	0	0.0	252581.5	25	0.6929046563192905	2359.0	13	0.3603104212860311	1011.0	0	0.0	1011.0	0	0.0
login	40	169	254080.5	40	1.1086474501108647	254080.5	10	0.2771618625277162	2373.0	11	0.3048780487804878	1017.0	0	0.0	1017.0	0	0.0
login	40	170	255579.5	1	0.02771618625277162	255579.5	26	0.7206208425720622	2387.0	12	0.33259423503325947	1023.0	0	0.0	1023.0	0	0.0
login	40	171	257078.5	40	1.1086474501108647	257078.5	7	0.19401330376940135	2401.0	7	0.19401330376940135	1029.0	0	0.0	1029.0	0	0.0
login	40	172	258577.5	0	0.0	258577.5	28	0.7760532150776054	2415.0	9	0.24944567627494457	1035.0	0	0.0	1035.0	0	0.0
login	40	173	260076.5	8	0.22172949002217296	260076.5	10	0.2771618625277162	2429.0	9	0.24944567627494457	1041.0	0	0.0	1041.0	0	0.0
login	40	174	261575.5	32	0.8869179600886918	261575.5	26	0.7206208425720622	2443.0	9	0.24944567627494457	1047.0	0	0.0	1047.0	0	0.0
login	40	175	263074.5	0	0.0	263074.5	14	0.3880266075388027	2457.0	10	0.2771618625277162	1053.0	0	0.0	1053.0	0	0.0
login	40	176	264573.5	40	1.1086474501108647	264573.5	20	0.5543237250554324	2471.0	6	0.16629711751662973	1059.0	0	0.0	1059.0	0	0.0
login	40	177	266072.5	0	0.0	266072.5	20	0.5543237250554324	2485.0	3	0.08314855875831487	1065.0	0	0.0	1065.0	0	0.0
login	40	178	267571.5	40	1.1086474501108647	267571.5	16	0.4434589800443459	2499.0	2	0.05543237250554324	1071.0	0	0.0	1071.0	0	0.0
login	40	179	269070.5	0	0.0	269070.5	24	0.6651884700665189	2513.0	1	0.02771618625277162	1077.0	0	0.0	1077.0	0	0.0
login	40	180	270569.5	40	1.1086474501108647	270569.5	4	0.11086474501108648	2527.0	1	0.02771618625277162	1083.0	0	0.0	1083.0	0	0.0
login	40	181	272068.5	0	0.0	272068.5	24	0.6651884700665189	2541.0	3	0.08314855875831487	1089.0	0	0.0	1089.0	0	0.0
login	40	182	273567.5	0	0.0	273567.5	12	0.33259423503325947	2555.0	0	0.0	1095.0	0	0.0	1095.0	0	0.0
login	40	183	275066.5	40	1.1086474501108647	275066.5	24	0.6651884700665189	2569.0	1	0.02771618625277162	1101.0	0	0.0	1101.0	0	0.0
login	40	184	276565.5	0	0.0	276565.5	16	0.4434589800443459	2583.0	2	0.05543237250554324	1107.0	0	0.0	1107.0	0	0.0
login	40	185	278064.5	40	1.1086474501108647	278064.5	22	0.6097560975609756	2597.0	1	0.02771618625277162	1113.0	0	0.0	1113.0	0	0.0
login	40	186	279563.5	0	0.0	279563.5	18	0.49889135254988914	2611.0	1	0.02771618625277162	1119.0	0	0.0	1119.0	0	0.0
login	40	187	281062.5	40	1.1086474501108647	281062.5	14	0.3880266075388027	2625.0	2	0.05543237250554324	1125.0	0	0.0	1125.0	0	0.0
login	40	188	282561.5	0	0.0	282561.5	26	0.7206208425720622	2639.0	0	0.0	1131.0	0	0.0	1131.0	0	0.0
login	40	189	284060.5	40	1.1086474501108647	284060.5	8	0.22172949002217296	2653.0	0	0.0	1137.0	0	0.0	1137.0	0	0.0
login	40	190	285559.5	0	0.0	285559.5	26	0.7206208425720622	2667.0	0	0.0	1143.0	0	0.0	1143.0	0	0.0
login	40	191	287058.5	40	1.1086474501108647	287058.5	9	0.24944567627494457	2681.0	0	0.0	1149.0	0	0.0	1149.0	0	0.0
login	40	192	288557.5	0	0.0	288557.5	27	0.7483370288248338	2695.0	1	0.02771618625277162	1155.0	0	0.0	1155.0	0	0.0
login	40	193	290056.5	0	0.0	290056.5	10	0.2771618625277162	2709.0	1	0.02771618625277162	1161.0	0	0.0	1161.0	0	0.0
login	40	194	291555.5	40	1.1086474501108647	291555.5	23	0.6374722838137472	2723.0	0	0.0	1167.0	0	0.0	1167.0	0	0.0
login	40	195	293054.5	0	0.0	293054.5	17	0.47117516629711753	2737.0	0	0.0	1173.0	0	0.0	1173.0	0	0.0
login	40	196	294553.5	40	1.1086474501108647	294553.5	16	0.4434589800443459	2751.0	0	0.0	1179.0	0	0.0	1179.0	0	0.0
login	40	197	296052.5	0	0.0	296052.5	24	0.6651884700665189	2765.0	0	0.0	1185.0	0	0.0	1185.0	0	0.0
login	40	198	297551.5	40	1.1086474501108647	297551.5	12	0.33259423503325947	2779.0	0	0.0	1191.0	0	0.0	1191.0	0	0.0
login	40	199	299050.5	0	0.0	299050.5	28	0.7760532150776054	2793.0	0	0.0	1197.0	0	0.0	1197.0	0	0.0
info	40	0	749.5	28	0.7760532150776054	749.5	10	0.2771618625277162	6.0	82	2.272727272727273	3.0	3608	100.0	3.0	3608	100.0
info	40	1	2248.5	17	0.47117516629711753	2248.5	35	0.9700665188470067	18.0	24	0.6651884700665189	9.0	0	0.0	9.0	0	0.0
info	40	2	3747.5	25	0.6929046563192905	3747.5	0	0.0	30.0	42	1.164079822616408	15.0	0	0.0	15.0	0	0.0
info	40	3	5246.5	15	0.4157427937915743	5246.5	40	1.1086474501108647	42.0	59	1.6352549889135255	21.0	0	0.0	21.0	0	0.0
info	40	4	6745.5	20	0.5543237250554324	6745.5	0	0.0	54.0	58	1.607538802660754	27.0	0	0.0	27.0	0	0.0
info	40	5	8244.5	20	0.5543237250554324	8244.5	40	1.1086474501108647	66.0	46	1.2749445676274944	33.0	0	0.0	33.0	0	0.0
info	40	6	9743.5	15	0.4157427937915743	9743.5	0	0.0	78.0	35	0.9700665188470067	39.0	0	0.0	39.0	0	0.0
info	40	7	11242.5	25	0.6929046563192905	11242.5	39	1.0809312638580932	90.0	40	1.1086474501108647	45.0	0	0.0	45.0	0	0.0
info	40	8	12741.5	6	0.16629711751662973	12741.5	1	0.02771618625277162	102.0	26	0.7206208425720622	51.0	0	0.0	51.0	0	0.0
info	40	9	14240.5	28	0.7760532150776054	14240.5	0	0.0	114.0	25	0.6929046563192905	57.0	0	0.0	57.0	0	0.0
info	40	10	15739.5	8	0.22172949002217296	15739.5	40	1.1086474501108647	126.0	18	0.49889135254988914	63.0	0	0.0	63.0	0	0.0
info	40	11	17238.5	29	0.803769401330377	17238.5	0	0.0	138.0	17	0.47117516629711753	69.0	0	0.0	69.0	0	0.0
info	40	12	18737.5	9	0.24944567627494457	18737.5	40	1.1086474501108647	150.0	15	0.4157427937915743	75.0	0	0.0	75.0	0	0.0
info	40	13	20236.5	27	0.7483370288248338	20236.5	1	0.02771618625277162	162.0	12	0.33259423503325947	81.0	0	0.0	81.0	0	0.0
info	40	14	21735.5	13	0.3603104212860311	21735.5	39	1.0809312638580932	174.0	13	0.3603104212860311	87.0	0	0.0	87.0	0	0.0
info	40	15	23234.5	21	0.582039911308204	23234.5	0	0.0	186.0	19	0.5266075388026608	93.0	0	0.0	93.0	0	0.0
info	40	16	24733.5	19	0.5266075388026608	24733.5	40	1.1086474501108647	198.0	15	0.4157427937915743	99.0	0	0.0	99.0	0	0.0
info	40	17	26232.5	14	0.3880266075388027	26232.5	0	0.0	210.0	17	0.47117516629711753	105.0	0	0.0	105.0	0	0.0
info	40	18	27731.5	26	0.7206208425720622	27731.5	39	1.0809312638580932	222.0	34	0.9423503325942351	111.0	0	0.0	111.0	0	0.0
info	40	19	29230.5	6	0.16629711751662973	29230.5	1	0.02771618625277162	234.0	28	0.7760532150776054	117.0	0	0.0	117.0	0	0.0
info	40	20	30729.5	28	0.7760532150776054	30729.5	0	0.0	246.0	16	0.4434589800443459	123.0	0	0.0	123.0	0	0.0
info	40	21	32228.5	7	0.19401330376940135	32228.5	40	1.1086474501108647	258.0	25	0.6929046563192905	129.0	0	0.0	129.0	0	0.0
info	40	22	33727.5	27	0.7483370288248338	33727.5	0	0.0	270.0	23	0.6374722838137472	135.0	0	0.0	135.0	0	0.0
info	40	23	35226.5	12	0.33259423503325947	35226.5	40	1.1086474501108647	282.0	20	0.5543237250554324	141.0	0	0.0	141.0	0	0.0
info	40	24	36725.5	20	0.5543237250554324	36725.5	0	0.0	294.0	16	0.4434589800443459	147.0	0	0.0	147.0	0	0.0
info	40	25	38224.5	20	0.5543237250554324	38224.5	40	1.1086474501108647	306.0	27	0.7483370288248338	153.0	0	0.0	153.0	0	0.0
info	40	26	39723.5	16	0.4434589800443459	39723.5	0	0.0	318.0	23	0.6374722838137472	159.0	0	0.0	159.0	0	0.0
info	40	27	41222.5	24	0.6651884700665189	41222.5	40	1.1086474501108647	330.0	12	0.33259423503325947	165.0	0	0.0	165.0	0	0.0
info	40	28	42721.5	10	0.2771618625277162	42721.5	0	0.0	342.0	15	0.4157427937915743	171.0	0	0.0	171.0	0	0.0
info	40	29	44220.5	24	0.6651884700665189	44220.5	0	0.0	354.0	16	0.4434589800443459	177.0	0	0.0	177.0	0	0.0
info	40	30	45719.5	6	0.16629711751662973	45719.5	40	1.1086474501108647	366.0	11	0.3048780487804878	183.0	0	0.0	183.0	0	0.0
info	40	31	47218.5	26	0.7206208425720622	47218.5	0	0.0	378.0	21	0.582039911308204	189.0	0	0.0	189.0	0	0.0
info	40	32	48717.5	14	0.3880266075388027	48717.5	40	1.1086474501108647	390.0	19	0.5266075388026608	195.0	0	0.0	195.0	0	0.0
info	40	33	50216.5	19	0.5266075388026608	50216.5	0	0.0	402.0	16	0.4434589800443459	201.0	0	0.0	201.0	0	0.0
info	40	34	51715.5	21	0.582039911308204	51715.5	40	1.1086474501108647	414.0	24	0.6651884700665189	207.0	0	0.0	207.0	0	0.0
info	40	35	53214.5	9	0.24944567627494457	53214.5	0	0.0	426.0	20	0.5543237250554324	213.0	0	0.0	213.0	0	0.0
info	40	36	54713.5	24	0.6651884700665189	54713.5	0	0.0	438.0	17	0.47117516629711753	219.0	0	0.0	219.0	0	0.0
info	40	37	56212.5	8	0.22172949002217296	56212.5	40	1.1086474501108647	450.0	19	0.5266075388026608	225.0	0	0.0	225.0	0	0.0
info	40	38	57711.5	23	0.6374722838137472	57711.5	1	0.02771618625277162	462.0	19	0.5266075388026608	231.0	0	0.0	231.0	0	0.0
info	40	39	59210.5	16	0.4434589800443459	59210.5	39	1.0809312638580932	474.0	20	0.5543237250554324	237.0	0	0.0	237.0	0	0.0
info	40	40	60709.5	19	0.5266075388026608	60709.5	0	0.0	486.0	29	0.803769401330377	243.0	0	0.0	243.0	0	0.0
info	40	41	62208.5	21	0.582039911308204	62208.5	40	1.1086474501108647	498.0	25	0.6929046563192905	249.0	0	0.0	249.0	0	0.0
info	40	42	63707.5	13	0.3603104212860311	63707.5	0	0.0	510.0	21	0.582039911308204	255.0	0	0.0	255.0	0	0.0
info	40	43	65206.5	27	0.7483370288248338	65206.5	40	1.1086474501108647	522.0	25	0.6929046563192905	261.0	0	0.0	261.0	0	0.0
info	40	44	66705.5	8	0.22172949002217296	66705.5	0	0.0	534.0	10	0.2771618625277162	267.0	0	0.0	267.0	0	0.0
info	40	45	68204.5	27	0.7483370288248338	68204.5	0	0.0	546.0	17	0.47117516629711753	273.0	0	0.0	273.0	0	0.0
info	40	46	69703.5	9	0.24944567627494457	69703.5	40	1.1086474501108647	558.0	15	0.4157427937915743	279.0	0	0.0	279.0	0	0.0
info	40	47	71202.5	27	0.7483370288248338	71202.5	1	0.02771618625277162	570.0	14	0.3880266075388027	285.0	0	0.0	285.0	0	0.0
info	40	48	72701.5	9	0.24944567627494457	72701.5	39	1.0809312638580932	582.0	21	0.582039911308204	291.0	0	0.0	291.0	0	0.0
info	40	49	74200.5	26	0.7206208425720622	74200.5	0	0.0	594.0	16	0.4434589800443459	297.0	0	0.0	297.0	0	0.0
info	40	50	75699.5	14	0.3880266075388027	75699.5	40	1.1086474501108647	606.0	28	0.7760532150776054	303.0	0	0.0	303.0	0	0.0
info	40	51	77198.5	21	0.582039911308204	77198.5	0	0.0	618.0	20	0.5543237250554324	309.0	0	0.0	309.0	0	0.0
info	40	52	78697.5	19	0.5266075388026608	78697.5	40	1.1086474501108647	630.0	14	0.3880266075388027	315.0	0	0.0	315.0	0	0.0
info	40	53	80196.5	13	0.3603104212860311	80196.5	0	0.0	642.0	16	0.4434589800443459	321.0	0	0.0	321.0	0	0.0
info	40	54	81695.5	24	0.6651884700665189	81695.5	23	0.6374722838137472	654.0	21	0.582039911308204	327.0	0	0.0	327.0	0	0.0
info	40	55	83194.5	8	0.22172949002217296	83194.5	17	0.47117516629711753	666.0	22	0.6097560975609756	333.0	0	0.0	333.0	0	0.0
info	40	56	84693.5	29	0.803769401330377	84693.5	0	0.0	678.0	29	0.803769401330377	339.0	0	0.0	339.0	0	0.0
info	40	57	86192.5	8	0.22172949002217296	86192.5	40	1.1086474501108647	690.0	24	0.6651884700665189	345.0	0	0.0	345.0	0	0.0
info	40	58	87691.5	25	0.6929046563192905	87691.5	0	0.0	702.0	28	0.7760532150776054	351.0	0	0.0	351.0	0	0.0
info	40	59	89190.5	13	0.3603104212860311	89190.5	40	1.1086474501108647	714.0	17	0.47117516629711753	357.0	0	0.0	357.0	0	0.0
info	40	60	90689.5	24	0.6651884700665189	90689.5	0	0.0	726.0	17	0.47117516629711753	363.0	0	0.0	363.0	0	0.0
info	40	61	92188.5	16	0.4434589800443459	92188.5	40	1.1086474501108647	738.0	18	0.49889135254988914	369.0	0	0.0	369.0	0	0.0
info	40	62	93687.5	19	0.5266075388026608	93687.5	0	0.0	750.0	15	0.4157427937915743	375.0	0	0.0	375.0	0	0.0
info	40	63	95186.5	21	0.582039911308204	95186.5	40	1.1086474501108647	762.0	10	0.2771618625277162	381.0	0	0.0	381.0	0	0.0
info	40	64	96685.5	14	0.3880266075388027	96685.5	0	0.0	774.0	20	0.5543237250554324	387.0	0	0.0	387.0	0	0.0
info	40	65	98184.5	26	0.7206208425720622	98184.5	40	1.1086474501108647	786.0	24	0.6651884700665189	393.0	0	0.0	393.0	0	0.0
info	40	66	99683.5	4	0.11086474501108648	99683.5	0	0.0	798.0	27	0.7483370288248338	399.0	0	0.0	399.0	0	0.0
info	40	67	101182.5	30	0.8314855875831486	101182.5	0	0.0	810.0	18	0.49889135254988914	405.0	0	0.0	405.0	0	0.0
info	40	68	102681.5	7	0.19401330376940135	102681.5	40	1.1086474501108647	822.0	23	0.6374722838137472	411.0	0	0.0	411.0	0	0.0
info	40	69	104180.5	26	0.7206208425720622	104180.5	1	0.02771618625277162	834.0	17	0.47117516629711753	417.0	0	0.0	417.0	0	0.0
info	40	70	105679.5	13	0.3603104212860311	105679.5	39	1.0809312638580932	846.0	11	0.3048780487804878	423.0	0	0.0	423.0	0	0.0
info	40	71	107178.5	20	0.5543237250554324	107178.5	0	0.0	858.0	21	0.582039911308204	429.0	0	0.0	429.0	0	0.0
info	40	72	108677.5	20	0.5543237250554324	108677.5	40	1.1086474501108647	870.0	12	0.33259423503325947	435.0	0	0.0	435.0	0	0.0
info	40	73	110176.5	14	0.3880266075388027	110176.5	0	0.0	882.0	29	0.803769401330377	441.0	0	0.0	441.0	0	0.0
info	40	74	111675.5	26	0.7206208425720622	111675.5	40	1.1086474501108647	894.0	20	0.5543237250554324	447.0	0	0.0	447.0	0	0.0
info	40	75	113174.5	6	0.16629711751662973	113174.5	0	0.0	906.0	23	0.6374722838137472	453.0	0	0.0	453.0	0	0.0
info	40	76	114673.5	26	0.7206208425720622	114673.5	1	0.02771618625277162	918.0	19	0.5266075388026608	459.0	0	0.0	459.0	0	0.0
info	40	77	116172.5	8	0.22172949002217296	116172.5	39	1.0809312638580932	930.0	17	0.47117516629711753	465.0	0	0.0	465.0	0	0.0
info	40	78	117671.5	29	0.803769401330377	117671.5	0	0.0	942.0	20	0.5543237250554324	471.0	0	0.0	471.0	0	0.0
info	40	79	119170.5	11	0.3048780487804878	119170.5	40	1.1086474501108647	954.0	20	0.5543237250554324	477.0	0	0.0	477.0	0	0.0
info	40	80	120669.5	20	0.5543237250554324	120669.5	0	0.0	966.0	23	0.6374722838137472	483.0	0	0.0	483.0	0	0.0
info	40	81	122168.5	20	0.5543237250554324	122168.5	40	1.1086474501108647	978.0	13	0.3603104212860311	489.0	0	0.0	489.0	0	0.0
info	40	82	123667.5	12	0.33259423503325947	123667.5	0	0.0	990.0	18	0.49889135254988914	495.0	0	0.0	495.0	0	0.0
info	40	83	125166.5	27	0.7483370288248338	125166.5	37	1.02549889135255	1002.0	25	0.6929046563192905	501.0	0	0.0	501.0	0	0.0
info	40	84	126665.5	7	0.19401330376940135	126665.5	3	0.08314855875831487	1014.0	27	0.7483370288248338	507.0	0	0.0	507.0	0	0.0
info	40	85	128164.5	28	0.7760532150776054	128164.5	0	0.0	1026.0	18	0.49889135254988914	513.0	0	0.0	513.0	0	0.0
info	40	86	129663.5	11	0.3048780487804878	129663.5	40	1.1086474501108647	1038.0	17	0.47117516629711753	519.0	0	0.0	519.0	0	0.0
info	40	87	131162.5	25	0.6929046563192905	131162.5	0	0.0	1050.0	22	0.6097560975609756	525.0	0	0.0	525.0	0	0.0
info	40	88	132661.5	10	0.2771618625277162	132661.5	40	1.1086474501108647	1062.0	15	0.4157427937915743	531.0	0	0.0	531.0	0	0.0
info	40	89	134160.5	23	0.6374722838137472	134160.5	0	0.0	1074.0	12	0.33259423503325947	537.0	0	0.0	537.0	0	0.0
info	40	90	135659.5	17	0.47117516629711753	135659.5	40	1.1086474501108647	1086.0	22	0.6097560975609756	543.0	0	0.0	543.0	0	0.0
info	40	91	137158.5	19	0.5266075388026608	137158.5	0	0.0	1098.0	18	0.49889135254988914	549.0	0	0.0	549.0	0	0.0
info	40	92	138657.5	21	0.582039911308204	138657.5	40	1.1086474501108647	1110.0	29	0.803769401330377	555.0	0	0.0	555.0	0	0.0
info	40	93	140156.5	15	0.4157427937915743	140156.5	0	0.0	1122.0	22	0.6097560975609756	561.0	0	0.0	561.0	0	0.0
info	40	94	141655.5	25	0.6929046563192905	141655.5	40	1.1086474501108647	1134.0	14	0.3880266075388027	567.0	0	0.0	567.0	0	0.0
info	40	95	143154.5	8	0.22172949002217296	143154.5	0	0.0	1146.0	14	0.3880266075388027	573.0	0	0.0	573.0	0	0.0
info	40	96	144653.5	30	0.8314855875831486	144653.5	6	0.16629711751662973	1158.0	24	0.6651884700665189	579.0	0	0.0	579.0	0	0.0
info	40	97	146152.5	7	0.19401330376940135	146152.5	34	0.9423503325942351	1170.0	12	0.33259423503325947	585.0	0	0.0	585.0	0	0.0
info	40	98	147651.5	23	0.6374722838137472	147651.5	0	0.0	1182.0	14	0.3880266075388027	591.0	0	0.0	591.0	0	0.0
info	40	99	149150.5	12	0.33259423503325947	149150.5	40	1.1086474501108647	1194.0	26	0.7206208425720622	597.0	0	0.0	597.0	0	0.0
info	40	100	150649.5	19	0.5266075388026608	150649.5	0	0.0	1206.0	22	0.6097560975609756	603.0	0	0.0	603.0	0	0.0
info	40	101	152148.5	21	0.582039911308204	152148.5	40	1.1086474501108647	1218.0	23	0.6374722838137472	609.0	0	0.0	609.0	0	0.0
info	40	102	153647.5	15	0.4157427937915743	153647.5	1	0.02771618625277162	1230.0	25	0.6929046563192905	615.0	0	0.0	615.0	0	0.0
info	40	103	155146.5	25	0.6929046563192905	155146.5	39	1.0809312638580932	1242.0	14	0.3880266075388027	621.0	0	0.0	621.0	0	0.0
info	40	104	156645.5	11	0.3048780487804878	156645.5	0	0.0	1254.0	25	0.6929046563192905	627.0	0	0.0	627.0	0	0.0
info	40	105	158144.5	26	0.7206208425720622	158144.5	7	0.19401330376940135	1266.0	18	0.49889135254988914	633.0	0	0.0	633.0	0	0.0
info	40	106	159643.5	8	0.22172949002217296	159643.5	33	0.9146341463414634	1278.0	14	0.3880266075388027	639.0	0	0.0	639.0	0	0.0
info	40	107	161142.5	24	0.6651884700665189	161142.5	0	0.0	1290.0	21	0.582039911308204	645.0	0	0.0	645.0	0	0.0
info	40	108	162641.5	11	0.3048780487804878	162641.5	40	1.1086474501108647	1302.0	16	0.4434589800443459	651.0	0	0.0	651.0	0	0.0
info	40	109	164140.5	22	0.6097560975609756	164140.5	1	0.02771618625277162	1314.0	29	0.803769401330377	657.0	0	0.0	657.0	0	0.0
info	40	110	165639.5	18	0.49889135254988914	165639.5	39	1.0809312638580932	1326.0	18	0.49889135254988914	663.0	0	0.0	663.0	0	0.0
info	40	111	167138.5	16	0.4434589800443459	167138.5	0	0.0	1338.0	18	0.49889135254988914	669.0	0	0.0	669.0	0	0.0
info	40	112	168637.5	24	0.6651884700665189	168637.5	40	1.1086474501108647	1350.0	17	0.47117516629711753	675.0	0	0.0	675.0	0	0.0
info	40	113	170136.5	6	0.16629711751662973	170136.5	0	0.0	1362.0	15	0.4157427937915743	681.0	0	0.0	681.0	0	0.0
info	40	114	171635.5	24	0.6651884700665189	171635.5	0	0.0	1374.0	10	0.2771618625277162	687.0	0	0.0	687.0	0	0.0
info	40	115	173134.5	10	0.2771618625277162	173134.5	40	1.1086474501108647	1386.0	22	0.6097560975609756	693.0	0	0.0	693.0	0	0.0
info	40	116	174633.5	24	0.6651884700665189	174633.5	0	0.0	1398.0	32	0.8869179600886918	699.0	0	0.0	699.0	0	0.0
info	40	117	176132.5	16	0.4434589800443459	176132.5	40	1.1086474501108647	1410.0	20	0.5543237250554324	705.0	0	0.0	705.0	0	0.0
info	40	118	177631.5	20	0.5543237250554324	177631.5	0	0.0	1422.0	20	0.5543237250554324	711.0	0	0.0	711.0	0	0.0
info	40	119	179130.5	20	0.5543237250554324	179130.5	40	1.1086474501108647	1434.0	11	0.3048780487804878	717.0	0	0.0	717.0	0	0.0
info	40	120	180629.5	9	0.24944567627494457	180629.5	0	0.0	1446.0	15	0.4157427937915743	723.0	0	0.0	723.0	0	0.0
info	40	121	182128.5	26	0.7206208425720622	182128.5	0	0.0	1458.0	16	0.4434589800443459	729.0	0	0.0	729.0	0	0.0
info	40	122	183627.5	5	0.1385809312638581	183627.5	40	1.1086474501108647	1470.0	15	0.4157427937915743	735.0	0	0.0	735.0	0	0.0
info	40	123	185126.5	26	0.7206208425720622	185126.5	0	0.0	1482.0	25	0.6929046563192905	741.0	0	0.0	741.0	0	0.0
info	40	124	186625.5	14	0.3880266075388027	186625.5	40	1.1086474501108647	1494.0	22	0.6097560975609756	747.0	0	0.0	747.0	0	0.0
info	40	125	188124.5	18	0.49889135254988914	188124.5	0	0.0	1506.0	25	0.6929046563192905	753.0	0	0.0	753.0	0	0.0
info	40	126	189623.5	22	0.6097560975609756	189623.5	40	1.1086474501108647	1518.0	28	0.7760532150776054	759.0	0	0.0	759.0	0	0.0
info	40	127	191122.5	16	0.4434589800443459	191122.5	0	0.0	1530.0	15	0.4157427937915743	765.0	0	0.0	765.0	0	0.0
info	40	128	192621.5	24	0.6651884700665189	192621.5	40	1.1086474501108647	1542.0	9	0.24944567627494457	771.0	0	0.0	771.0	0	0.0
info	40	129	194120.5	6	0.16629711751662973	194120.5	0	0.0	1554.0	16	0.4434589800443459	777.0	0	0.0	777.0	0	0.0
info	40	130	195619.5	26	0.7206208425720622	195619.5	0	0.0	1566.0	17	0.47117516629711753	783.0	0	0.0	783.0	0	0.0
info	40	131	197118.5	8	0.22172949002217296	197118.5	40	1.1086474501108647	1578.0	17	0.47117516629711753	789.0	0	0.0	789.0	0	0.0
info	40	132	198617.5	25	0.6929046563192905	198617.5	0	0.0	1590.0	25	0.6929046563192905	795.0	0	0.0	795.0	0	0.0
info	40	133	200116.5	15	0.4157427937915743	200116.5	40	1.1086474501108647	1602.0	32	0.8869179600886918	801.0	0	0.0	801.0	0	0.0
info	40	134	201615.5	18	0.49889135254988914	201615.5	0	0.0	1614.0	20	0.5543237250554324	807.0	0	0.0	807.0	0	0.0
info	40	135	203114.5	22	0.6097560975609756	203114.5	40	1.1086474501108647	1626.0	14	0.3880266075388027	813.0	0	0.0	813.0	0	0.0
info	40	136	204613.5	12	0.33259423503325947	204613.5	0	0.0	1638.0	13	0.3603104212860311	819.0	0	0.0	819.0	0	0.0
info	40	137	206112.5	28	0.7760532150776054	206112.5	40	1.1086474501108647	1650.0	17	0.47117516629711753	825.0	0	0.0	825.0	0	0.0
info	40	138	207611.5	9	0.24944567627494457	207611.5	0	0.0	1662.0	21	0.582039911308204	831.0	0	0.0	831.0	0	0.0
info	40	139	209110.5	28	0.7760532150776054	209110.5	0	0.0	1674.0	21	0.582039911308204	837.0	0	0.0	837.0	0	0.0
info	40	140	210609.5	9	0.24944567627494457	210609.5	40	1.1086474501108647	1686.0	26	0.7206208425720622	843.0	0	0.0	843.0	0	0.0
info	40	141	212108.5	25	0.6929046563192905	212108.5	0	0.0	1698.0	24	0.6651884700665189	849.0	0	0.0	849.0	0	0.0
info	40	142	213607.5	9	0.24944567627494457	213607.5	40	1.1086474501108647	1710.0	18	0.49889135254988914	855.0	0	0.0	855.0	0	0.0
info	40	143	215106.5	27	0.7483370288248338	215106.5	1	0.02771618625277162	1722.0	17	0.47117516629711753	861.0	0	0.0	861.0	0	0.0
info	40	144	216605.5	13	0.3603104212860311	216605.5	39	1.0809312638580932	1734.0	16	0.4434589800443459	867.0	0	0.0	867.0	0	0.0
info	40	145	218104.5	21	0.582039911308204	218104.5	0	0.0	1746.0	12	0.33259423503325947	873.0	0	0.0	873.0	0	0.0
info	40	146	219603.5	19	0.5266075388026608	219603.5	40	1.1086474501108647	1758.0	19	0.5266075388026608	879.0	0	0.0	879.0	0	0.0
info	40	147	221102.5	14	0.3880266075388027	221102.5	0	0.0	1770.0	19	0.5266075388026608	885.0	0	0.0	885.0	0	0.0
info	40	148	222601.5	26	0.7206208425720622	222601.5	40	1.1086474501108647	1782.0	23	0.6374722838137472	891.0	0	0.0	891.0	0	0.0
info	40	149	224100.5	9	0.24944567627494457	224100.5	0	0.0	1794.0	26	0.7206208425720622	897.0	0	0.0	897.0	0	0.0
info	40	150	225599.5	27	0.7483370288248338	225599.5	0	0.0	1806.0	26	0.7206208425720622	903.0	0	0.0	903.0	0	0.0
info	40	151	227098.5	9	0.24944567627494457	227098.5	40	1.1086474501108647	1818.0	25	0.6929046563192905	909.0	0	0.0	909.0	0	0.0
info	40	152	228597.5	27	0.7483370288248338	228597.5	1	0.02771618625277162	1830.0	18	0.49889135254988914	915.0	0	0.0	915.0	0	0.0
info	40	153	230096.5	8	0.22172949002217296	230096.5	39	1.0809312638580932	1842.0	23	0.6374722838137472	921.0	0	0.0	921.0	0	0.0
info	40	154	231595.5	28	0.7760532150776054	231595.5	0	0.0	1854.0	20	0.5543237250554324	927.0	0	0.0	927.0	0	0.0
info	40	155	233094.5	12	0.33259423503325947	233094.5	40	1.1086474501108647	1866.0	19	0.5266075388026608	933.0	0	0.0	933.0	0	0.0
info	40	156	234593.5	24	0.6651884700665189	234593.5	0	0.0	1878.0	16	0.4434589800443459	939.0	0	0.0	939.0	0	0.0
info	40	157	236092.5	16	0.4434589800443459	236092.5	40	1.1086474501108647	1890.0	22	0.6097560975609756	945.0	0	0.0	945.0	0	0.0
info	40	158	237591.5	21	0.582039911308204	237591.5	0	0.0	1902.0	21	0.582039911308204	951.0	0	0.0	951.0	0	0.0
info	40	159	239090.5	19	0.5266075388026608	239090.5	40	1.1086474501108647	1914.0	22	0.6097560975609756	957.0	0	0.0	957.0	0	0.0
info	40	160	240589.5	13	0.3603104212860311	240589.5	0	0.0	1926.0	14	0.3880266075388027	963.0	0	0.0	963.0	0	0.0
info	40	161	242088.5	26	0.7206208425720622	242088.5	38	1.0532150776053215	1938.0	10	0.2771618625277162	969.0	0	0.0	969.0	0	0.0
info	40	162	243587.5	8	0.22172949002217296	243587.5	3	0.08314855875831487	1950.0	14	0.3880266075388027	975.0	0	0.0	975.0	0	0.0
info	40	163	245086.5	26	0.7206208425720622	245086.5	0	0.0	1962.0	12	0.33259423503325947	981.0	0	0.0	981.0	0	0.0
info	40	164	246585.5	9	0.24944567627494457	246585.5	40	1.1086474501108647	1974.0	27	0.7483370288248338	987.0	0	0.0	987.0	0	0.0
info	40	165	248084.5	25	0.6929046563192905	248084.5	1	0.02771618625277162	1986.0	23	0.6374722838137472	993.0	0	0.0	993.0	0	0.0
info	40	166	249583.5	15	0.4157427937915743	249583.5	40	1.1086474501108647	1998.0	17	0.47117516629711753	999.0	0	0.0	999.0	0	0.0
info	40	167	251082.5	19	0.5266075388026608	251082.5	1	0.02771618625277162	2010.0	11	0.3048780487804878	1005.0	0	0.0	1005.0	0	0.0
info	40	168	252581.5	21	0.582039911308204	252581.5	39	1.0809312638580932	2022.0	10	0.2771618625277162	1011.0	0	0.0	1011.0	0	0.0
info	40	169	254080.5	12	0.33259423503325947	254080.5	1	0.02771618625277162	2034.0	10	0.2771618625277162	1017.0	0	0.0	1017.0	0	0.0
info	40	170	255579.5	29	0.803769401330377	255579.5	38	1.0532150776053215	2046.0	17	0.47117516629711753	1023.0	0	0.0	1023.0	0	0.0
info	40	171	257078.5	6	0.16629711751662973	257078.5	2	0.05543237250554324	2058.0	9	0.24944567627494457	1029.0	0	0.0	1029.0	0	0.0
info	40	172	258577.5	28	0.7760532150776054	258577.5	0	0.0	2070.0	11	0.3048780487804878	1035.0	0	0.0	1035.0	0	0.0
info	40	173	260076.5	10	0.2771618625277162	260076.5	40	1.1086474501108647	2082.0	8	0.22172949002217296	1041.0	0	0.0	1041.0	0	0.0
info	40	174	261575.5	26	0.7206208425720622	261575.5	0	0.0	2094.0	7	0.19401330376940135	1047.0	0	0.0	1047.0	0	0.0
info	40	175	263074.5	10	0.2771618625277162	263074.5	40	1.1086474501108647	2106.0	9	0.24944567627494457	1053.0	0	0.0	1053.0	0	0.0
info	40	176	264573.5	24	0.6651884700665189	264573.5	0	0.0	2118.0	0	0.0	1059.0	0	0.0	1059.0	0	0.0
info	40	177	266072.5	16	0.4434589800443459	266072.5	40	1.1086474501108647	2130.0	2	0.05543237250554324	1065.0	0	0.0	1065.0	0	0.0
info	40	178	267571.5	20	0.5543237250554324	267571.5	0	0.0	2142.0	4	0.11086474501108648	1071.0	0	0.0	1071.0	0	0.0
info	40	179	269070.5	20	0.5543237250554324	269070.5	40	1.1086474501108647	2154.0	1	0.02771618625277162	1077.0	0	0.0	1077.0	0	0.0
info	40	180	270569.5	10	0.2771618625277162	270569.5	0	0.0	2166.0	1	0.02771618625277162	1083.0	0	0.0	1083.0	0	0.0
info	40	181	272068.5	22	0.6097560975609756	272068.5	0	0.0	2178.0	2	0.05543237250554324	1089.0	0	0.0	1089.0	0	0.0
info	40	182	273567.5	8	0.22172949002217296	273567.5	40	1.1086474501108647	2190.0	1	0.02771618625277162	1095.0	0	0.0	1095.0	0	0.0
info	40	183	275066.5	28	0.7760532150776054	275066.5	0	0.0	2202.0	2	0.05543237250554324	1101.0	0	0.0	1101.0	0	0.0
info	40	184	276565.5	12	0.33259423503325947	276565.5	40	1.1086474501108647	2214.0	3	0.08314855875831487	1107.0	0	0.0	1107.0	0	0.0
info	40	185	278064.5	26	0.7206208425720622	278064.5	0	0.0	2226.0	3	0.08314855875831487	1113.0	0	0.0	1113.0	0	0.0
info	40	186	279563.5	14	0.3880266075388027	279563.5	40	1.1086474501108647	2238.0	4	0.11086474501108648	1119.0	0	0.0	1119.0	0	0.0
info	40	187	281062.5	19	0.5266075388026608	281062.5	0	0.0	2250.0	3	0.08314855875831487	1125.0	0	0.0	1125.0	0	0.0
info	40	188	282561.5	21	0.582039911308204	282561.5	40	1.1086474501108647	2262.0	2	0.05543237250554324	1131.0	0	0.0	1131.0	0	0.0
info	40	189	284060.5	13	0.3603104212860311	284060.5	0	0.0	2274.0	2	0.05543237250554324	1137.0	0	0.0	1137.0	0	0.0
info	40	190	285559.5	27	0.7483370288248338	285559.5	38	1.0532150776053215	2286.0	0	0.0	1143.0	0	0.0	1143.0	0	0.0
info	40	191	287058.5	7	0.19401330376940135	287058.5	2	0.05543237250554324	2298.0	0	0.0	1149.0	0	0.0	1149.0	0	0.0
info	40	192	288557.5	25	0.6929046563192905	288557.5	1	0.02771618625277162	2310.0	1	0.02771618625277162	1155.0	0	0.0	1155.0	0	0.0
info	40	193	290056.5	8	0.22172949002217296	290056.5	39	1.0809312638580932	2322.0	0	0.0	1161.0	0	0.0	1161.0	0	0.0
info	40	194	291555.5	26	0.7206208425720622	291555.5	0	0.0	2334.0	0	0.0	1167.0	0	0.0	1167.0	0	0.0
info	40	195	293054.5	14	0.3880266075388027	293054.5	40	1.1086474501108647	2346.0	0	0.0	1173.0	0	0.0	1173.0	0	0.0
info	40	196	294553.5	21	0.582039911308204	294553.5	0	0.0	2358.0	0	0.0	1179.0	0	0.0	1179.0	0	0.0
info	40	197	296052.5	19	0.5266075388026608	296052.5	40	1.1086474501108647	2370.0	0	0.0	1185.0	0	0.0	1185.0	0	0.0
info	40	198	297551.5	16	0.4434589800443459	297551.5	1	0.02771618625277162	2382.0	1	0.02771618625277162	1191.0	0	0.0	1191.0	0	0.0
info	40	199	299050.5	24	0.6651884700665189	299050.5	39	1.0809312638580932	2394.0	0	0.0	1197.0	0	0.0	1197.0	0	0.0
home	40	0	748.5	13	0.3603104212860311	748.5	5	0.1385809312638581	5.5	166	4.600886917960089	3.0	3608	100.0	3.0	3608	100.0
home	40	1	2245.5	32	0.8869179600886918	2245.5	40	1.1086474501108647	16.5	33	0.9146341463414634	9.0	0	0.0	9.0	0	0.0
home	40	2	3742.5	1	0.02771618625277162	3742.5	0	0.0	27.5	75	2.0787139689578713	15.0	0	0.0	15.0	0	0.0
home	40	3	5239.5	39	1.0809312638580932	5239.5	40	1.1086474501108647	38.5	168	4.656319290465632	21.0	0	0.0	21.0	0	0.0
home	40	4	6736.5	0	0.0	6736.5	0	0.0	49.5	307	8.508869179600888	27.0	0	0.0	27.0	0	0.0
home	40	5	8233.5	40	1.1086474501108647	8233.5	40	1.1086474501108647	60.5	431	11.945676274944567	33.0	0	0.0	33.0	0	0.0
home	40	6	9730.5	0	0.0	9730.5	0	0.0	71.5	406	11.252771618625278	39.0	0	0.0	39.0	0	0.0
home	40	7	11227.5	40	1.1086474501108647	11227.5	40	1.1086474501108647	82.5	430	11.917960088691796	45.0	0	0.0	45.0	0	0.0
home	40	8	12724.5	0	0.0	12724.5	0	0.0	93.5	448	12.416851441241686	51.0	0	0.0	51.0	0	0.0
home	40	9	14221.5	40	1.1086474501108647	14221.5	40	1.1086474501108647	104.5	421	11.668514412416853	57.0	0	0.0	57.0	0	0.0
home	40	10	15718.5	0	0.0	15718.5	0	0.0	115.5	298	8.259423503325943	63.0	0	0.0	63.0	0	0.0
home	40	11	17215.5	0	0.0	17215.5	0	0.0	126.5	128	3.5476718403547673	69.0	0	0.0	69.0	0	0.0
home	40	12	18712.5	40	1.1086474501108647	18712.5	40	1.1086474501108647	137.5	88	2.4390243902439024	75.0	0	0.0	75.0	0	0.0
home	40	13	20209.5	1	0.02771618625277162	20209.5	0	0.0	148.5	69	1.9124168514412418	81.0	0	0.0	81.0	0	0.0
home	40	14	21706.5	39	1.0809312638580932	21706.5	40	1.1086474501108647	159.5	51	1.4135254988913526	87.0	0	0.0	87.0	0	0.0
home	40	15	23203.5	1	0.02771618625277162	23203.5	0	0.0	170.5	22	0.6097560975609756	93.0	0	0.0	93.0	0	0.0
home	40	16	24700.5	39	1.0809312638580932	24700.5	40	1.1086474501108647	181.5	6	0.16629711751662973	99.0	0	0.0	99.0	0	0.0
home	40	17	26197.5	0	0.0	26197.5	0	0.0	192.5	15	0.4157427937915743	105.0	0	0.0	105.0	0	0.0
home	40	18	27694.5	40	1.1086474501108647	27694.5	40	1.1086474501108647	203.5	5	0.1385809312638581	111.0	0	0.0	111.0	0	0.0
home	40	19	29191.5	0	0.0	29191.5	0	0.0	214.5	0	0.0	117.0	0	0.0	117.0	0	0.0
home	40	20	30688.5	40	1.1086474501108647	30688.5	40	1.1086474501108647	225.5	0	0.0	123.0	0	0.0	123.0	0	0.0
home	40	21	32185.5	0	0.0	32185.5	0	0.0	236.5	0	0.0	129.0	0	0.0	129.0	0	0.0
home	40	22	33682.5	0	0.0	33682.5	0	0.0	247.5	1	0.02771618625277162	135.0	0	0.0	135.0	0	0.0
home	40	23	35179.5	40	1.1086474501108647	35179.5	40	1.1086474501108647	258.5	1	0.02771618625277162	141.0	0	0.0	141.0	0	0.0
home	40	24	36676.5	0	0.0	36676.5	0	0.0	269.5	2	0.05543237250554324	147.0	0	0.0	147.0	0	0.0
home	40	25	38173.5	40	1.1086474501108647	38173.5	40	1.1086474501108647	280.5	0	0.0	153.0	0	0.0	153.0	0	0.0
home	40	26	39670.5	0	0.0	39670.5	0	0.0	291.5	0	0.0	159.0	0	0.0	159.0	0	0.0
home	40	27	41167.5	40	1.1086474501108647	41167.5	40	1.1086474501108647	302.5	0	0.0	165.0	0	0.0	165.0	0	0.0
home	40	28	42664.5	0	0.0	42664.5	0	0.0	313.5	0	0.0	171.0	0	0.0	171.0	0	0.0
home	40	29	44161.5	39	1.0809312638580932	44161.5	1	0.02771618625277162	324.5	0	0.0	177.0	0	0.0	177.0	0	0.0
home	40	30	45658.5	1	0.02771618625277162	45658.5	39	1.0809312638580932	335.5	0	0.0	183.0	0	0.0	183.0	0	0.0
home	40	31	47155.5	0	0.0	47155.5	0	0.0	346.5	0	0.0	189.0	0	0.0	189.0	0	0.0
home	40	32	48652.5	40	1.1086474501108647	48652.5	40	1.1086474501108647	357.5	0	0.0	195.0	0	0.0	195.0	0	0.0
home	40	33	50149.5	1	0.02771618625277162	50149.5	0	0.0	368.5	0	0.0	201.0	0	0.0	201.0	0	0.0
home	40	34	51646.5	39	1.0809312638580932	51646.5	40	1.1086474501108647	379.5	0	0.0	207.0	0	0.0	207.0	0	0.0
home	40	35	53143.5	0	0.0	53143.5	0	0.0	390.5	4	0.11086474501108648	213.0	0	0.0	213.0	0	0.0
home	40	36	54640.5	37	1.02549889135255	54640.5	1	0.02771618625277162	401.5	0	0.0	219.0	0	0.0	219.0	0	0.0
home	40	37	56137.5	3	0.08314855875831487	56137.5	39	1.0809312638580932	412.5	0	0.0	225.0	0	0.0	225.0	0	0.0
home	40	38	57634.5	1	0.02771618625277162	57634.5	0	0.0	423.5	0	0.0	231.0	0	0.0	231.0	0	0.0
home	40	39	59131.5	39	1.0809312638580932	59131.5	40	1.1086474501108647	434.5	0	0.0	237.0	0	0.0	237.0	0	0.0
home	40	40	60628.5	0	0.0	60628.5	0	0.0	445.5	0	0.0	243.0	0	0.0	243.0	0	0.0
home	40	41	62125.5	40	1.1086474501108647	62125.5	40	1.1086474501108647	456.5	1	0.02771618625277162	249.0	0	0.0	249.0	0	0.0
home	40	42	63622.5	0	0.0	63622.5	0	0.0	467.5	0	0.0	255.0	0	0.0	255.0	0	0.0
home	40	43	65119.5	40	1.1086474501108647	65119.5	40	1.1086474501108647	478.5	0	0.0	261.0	0	0.0	261.0	0	0.0
home	40	44	66616.5	0	0.0	66616.5	0	0.0	489.5	0	0.0	267.0	0	0.0	267.0	0	0.0
home	40	45	68113.5	40	1.1086474501108647	68113.5	40	1.1086474501108647	500.5	0	0.0	273.0	0	0.0	273.0	0	0.0
home	40	46	69610.5	0	0.0	69610.5	0	0.0	511.5	0	0.0	279.0	0	0.0	279.0	0	0.0
home	40	47	71107.5	1	0.02771618625277162	71107.5	0	0.0	522.5	0	0.0	285.0	0	0.0	285.0	0	0.0
home	40	48	72604.5	39	1.0809312638580932	72604.5	40	1.1086474501108647	533.5	0	0.0	291.0	0	0.0	291.0	0	0.0
home	40	49	74101.5	0	0.0	74101.5	0	0.0	544.5	1	0.02771618625277162	297.0	0	0.0	297.0	0	0.0
home	40	50	75598.5	40	1.1086474501108647	75598.5	40	1.1086474501108647	555.5	0	0.0	303.0	0	0.0	303.0	0	0.0
home	40	51	77095.5	0	0.0	77095.5	0	0.0	566.5	0	0.0	309.0	0	0.0	309.0	0	0.0
home	40	52	78592.5	40	1.1086474501108647	78592.5	40	1.1086474501108647	577.5	0	0.0	315.0	0	0.0	315.0	0	0.0
home	40	53	80089.5	0	0.0	80089.5	0	0.0	588.5	0	0.0	321.0	0	0.0	321.0	0	0.0
home	40	54	81586.5	40	1.1086474501108647	81586.5	40	1.1086474501108647	599.5	0	0.0	327.0	0	0.0	327.0	0	0.0
home	40	55	83083.5	0	0.0	83083.5	0	0.0	610.5	0	0.0	333.0	0	0.0	333.0	0	0.0
home	40	56	84580.5	38	1.0532150776053215	84580.5	38	1.0532150776053215	621.5	0	0.0	339.0	0	0.0	339.0	0	0.0
home	40	57	86077.5	2	0.05543237250554324	86077.5	2	0.05543237250554324	632.5	0	0.0	345.0	0	0.0	345.0	0	0.0
home	40	58	87574.5	0	0.0	87574.5	0	0.0	643.5	0	0.0	351.0	0	0.0	351.0	0	0.0
home	40	59	89071.5	40	1.1086474501108647	89071.5	40	1.1086474501108647	654.5	1	0.02771618625277162	357.0	0	0.0	357.0	0	0.0
home	40	60	90568.5	0	0.0	90568.5	0	0.0	665.5	0	0.0	363.0	0	0.0	363.0	0	0.0
home	40	61	92065.5	40	1.1086474501108647	92065.5	40	1.1086474501108647	676.5	1	0.02771618625277162	369.0	0	0.0	369.0	0	0.0
home	40	62	93562.5	0	0.0	93562.5	0	0.0	687.5	1	0.02771618625277162	375.0	0	0.0	375.0	0	0.0
home	40	63	95059.5	40	1.1086474501108647	95059.5	40	1.1086474501108647	698.5	0	0.0	381.0	0	0.0	381.0	0	0.0
home	40	64	96556.5	0	0.0	96556.5	0	0.0	709.5	0	0.0	387.0	0	0.0	387.0	0	0.0
home	40	65	98053.5	40	1.1086474501108647	98053.5	40	1.1086474501108647	720.5	1	0.02771618625277162	393.0	0	0.0	393.0	0	0.0
home	40	66	99550.5	0	0.0	99550.5	0	0.0	731.5	1	0.02771618625277162	399.0	0	0.0	399.0	0	0.0
home	40	67	101047.5	37	1.02549889135255	101047.5	5	0.1385809312638581	742.5	1	0.02771618625277162	405.0	0	0.0	405.0	0	0.0
home	40	68	102544.5	3	0.08314855875831487	102544.5	35	0.9700665188470067	753.5	1	0.02771618625277162	411.0	0	0.0	411.0	0	0.0
home	40	69	104041.5	1	0.02771618625277162	104041.5	0	0.0	764.5	0	0.0	417.0	0	0.0	417.0	0	0.0
home	40	70	105538.5	39	1.0809312638580932	105538.5	40	1.1086474501108647	775.5	0	0.0	423.0	0	0.0	423.0	0	0.0
home	40	71	107035.5	0	0.0	107035.5	0	0.0	786.5	0	0.0	429.0	0	0.0	429.0	0	0.0
home	40	72	108532.5	40	1.1086474501108647	108532.5	40	1.1086474501108647	797.5	0	0.0	435.0	0	0.0	435.0	0	0.0
home	40	73	110029.5	0	0.0	110029.5	0	0.0	808.5	2	0.05543237250554324	441.0	0	0.0	441.0	0	0.0
home	40	74	111526.5	40	1.1086474501108647	111526.5	40	1.1086474501108647	819.5	1	0.02771618625277162	447.0	0	0.0	447.0	0	0.0
home	40	75	113023.5	0	0.0	113023.5	0	0.0	830.5	1	0.02771618625277162	453.0	0	0.0	453.0	0	0.0
home	40	76	114520.5	4	0.11086474501108648	114520.5	0	0.0	841.5	0	0.0	459.0	0	0.0	459.0	0	0.0
home	40	77	116017.5	36	0.9977827050997783	116017.5	40	1.1086474501108647	852.5	0	0.0	465.0	0	0.0	465.0	0	0.0
home	40	78	117514.5	0	0.0	117514.5	0	0.0	863.5	1	0.02771618625277162	471.0	0	0.0	471.0	0	0.0
home	40	79	119011.5	40	1.1086474501108647	119011.5	40	1.1086474501108647	874.5	0	0.0	477.0	0	0.0	477.0	0	0.0
home	40	80	120508.5	0	0.0	120508.5	0	0.0	885.5	0	0.0	483.0	0	0.0	483.0	0	0.0
home	40	81	122005.5	40	1.1086474501108647	122005.5	40	1.1086474501108647	896.5	3	0.08314855875831487	489.0	0	0.0	489.0	0	0.0
home	40	82	123502.5	0	0.0	123502.5	0	0.0	907.5	0	0.0	495.0	0	0.0	495.0	0	0.0
home	40	83	124999.5	40	1.1086474501108647	124999.5	40	1.1086474501108647	918.5	0	0.0	501.0	0	0.0	501.0	0	0.0
home	40	84	126496.5	0	0.0	126496.5	0	0.0	929.5	0	0.0	507.0	0	0.0	507.0	0	0.0
home	40	85	127993.5	38	1.0532150776053215	127993.5	38	1.0532150776053215	940.5	0	0.0	513.0	0	0.0	513.0	0	0.0
home	40	86	129490.5	2	0.05543237250554324	129490.5	2	0.05543237250554324	951.5	0	0.0	519.0	0	0.0	519.0	0	0.0
home	40	87	130987.5	0	0.0	130987.5	0	0.0	962.5	0	0.0	525.0	0	0.0	525.0	0	0.0
home	40	88	132484.5	40	1.1086474501108647	132484.5	40	1.1086474501108647	973.5	0	0.0	531.0	0	0.0	531.0	0	0.0
home	40	89	133981.5	0	0.0	133981.5	0	0.0	984.5	0	0.0	537.0	0	0.0	537.0	0	0.0
home	40	90	135478.5	40	1.1086474501108647	135478.5	40	1.1086474501108647	995.5	0	0.0	543.0	0	0.0	543.0	0	0.0
home	40	91	136975.5	1	0.02771618625277162	136975.5	0	0.0	1006.5	0	0.0	549.0	0	0.0	549.0	0	0.0
home	40	92	138472.5	39	1.0809312638580932	138472.5	40	1.1086474501108647	1017.5	1	0.02771618625277162	555.0	0	0.0	555.0	0	0.0
home	40	93	139969.5	0	0.0	139969.5	0	0.0	1028.5	1	0.02771618625277162	561.0	0	0.0	561.0	0	0.0
home	40	94	141466.5	40	1.1086474501108647	141466.5	40	1.1086474501108647	1039.5	0	0.0	567.0	0	0.0	567.0	0	0.0
home	40	95	142963.5	0	0.0	142963.5	0	0.0	1050.5	0	0.0	573.0	0	0.0	573.0	0	0.0
home	40	96	144460.5	40	1.1086474501108647	144460.5	40	1.1086474501108647	1061.5	0	0.0	579.0	0	0.0	579.0	0	0.0
home	40	97	145957.5	0	0.0	145957.5	0	0.0	1072.5	0	0.0	585.0	0	0.0	585.0	0	0.0
home	40	98	147454.5	0	0.0	147454.5	0	0.0	1083.5	0	0.0	591.0	0	0.0	591.0	0	0.0
home	40	99	148951.5	40	1.1086474501108647	148951.5	40	1.1086474501108647	1094.5	0	0.0	597.0	0	0.0	597.0	0	0.0
home	40	100	150448.5	0	0.0	150448.5	0	0.0	1105.5	0	0.0	603.0	0	0.0	603.0	0	0.0
home	40	101	151945.5	40	1.1086474501108647	151945.5	40	1.1086474501108647	1116.5	1	0.02771618625277162	609.0	0	0.0	609.0	0	0.0
home	40	102	153442.5	1	0.02771618625277162	153442.5	0	0.0	1127.5	1	0.02771618625277162	615.0	0	0.0	615.0	0	0.0
home	40	103	154939.5	39	1.0809312638580932	154939.5	40	1.1086474501108647	1138.5	0	0.0	621.0	0	0.0	621.0	0	0.0
home	40	104	156436.5	0	0.0	156436.5	0	0.0	1149.5	0	0.0	627.0	0	0.0	627.0	0	0.0
home	40	105	157933.5	40	1.1086474501108647	157933.5	40	1.1086474501108647	1160.5	0	0.0	633.0	0	0.0	633.0	0	0.0
home	40	106	159430.5	0	0.0	159430.5	0	0.0	1171.5	0	0.0	639.0	0	0.0	639.0	0	0.0
home	40	107	160927.5	0	0.0	160927.5	0	0.0	1182.5	0	0.0	645.0	0	0.0	645.0	0	0.0
home	40	108	162424.5	40	1.1086474501108647	162424.5	40	1.1086474501108647	1193.5	1	0.02771618625277162	651.0	0	0.0	651.0	0	0.0
home	40	109	163921.5	1	0.02771618625277162	163921.5	0	0.0	1204.5	0	0.0	657.0	0	0.0	657.0	0	0.0
home	40	110	165418.5	39	1.0809312638580932	165418.5	40	1.1086474501108647	1215.5	1	0.02771618625277162	663.0	0	0.0	663.0	0	0.0
home	40	111	166915.5	0	0.0	166915.5	0	0.0	1226.5	0	0.0	669.0	0	0.0	669.0	0	0.0
home	40	112	168412.5	40	1.1086474501108647	168412.5	40	1.1086474501108647	1237.5	0	0.0	675.0	0	0.0	675.0	0	0.0
home	40	113	169909.5	0	0.0	169909.5	0	0.0	1248.5	0	0.0	681.0	0	0.0	681.0	0	0.0
home	40	114	171406.5	0	0.0	171406.5	0	0.0	1259.5	0	0.0	687.0	0	0.0	687.0	0	0.0
home	40	115	172903.5	40	1.1086474501108647	172903.5	40	1.1086474501108647	1270.5	0	0.0	693.0	0	0.0	693.0	0	0.0
home	40	116	174400.5	1	0.02771618625277162	174400.5	0	0.0	1281.5	1	0.02771618625277162	699.0	0	0.0	699.0	0	0.0
home	40	117	175897.5	39	1.0809312638580932	175897.5	40	1.1086474501108647	1292.5	0	0.0	705.0	0	0.0	705.0	0	0.0
home	40	118	177394.5	0	0.0	177394.5	0	0.0	1303.5	0	0.0	711.0	0	0.0	711.0	0	0.0
home	40	119	178891.5	40	1.1086474501108647	178891.5	40	1.1086474501108647	1314.5	0	0.0	717.0	0	0.0	717.0	0	0.0
home	40	120	180388.5	0	0.0	180388.5	0	0.0	1325.5	0	0.0	723.0	0	0.0	723.0	0	0.0
home	40	121	181885.5	0	0.0	181885.5	0	0.0	1336.5	0	0.0	729.0	0	0.0	729.0	0	0.0
home	40	122	183382.5	40	1.1086474501108647	183382.5	40	1.1086474501108647	1347.5	0	0.0	735.0	0	0.0	735.0	0	0.0
home	40	123	184879.5	0	0.0	184879.5	0	0.0	1358.5	0	0.0	741.0	0	0.0	741.0	0	0.0
home	40	124	186376.5	40	1.1086474501108647	186376.5	40	1.1086474501108647	1369.5	0	0.0	747.0	0	0.0	747.0	0	0.0
home	40	125	187873.5	0	0.0	187873.5	0	0.0	1380.5	0	0.0	753.0	0	0.0	753.0	0	0.0
home	40	126	189370.5	40	1.1086474501108647	189370.5	40	1.1086474501108647	1391.5	0	0.0	759.0	0	0.0	759.0	0	0.0
home	40	127	190867.5	0	0.0	190867.5	0	0.0	1402.5	1	0.02771618625277162	765.0	0	0.0	765.0	0	0.0
home	40	128	192364.5	40	1.1086474501108647	192364.5	40	1.1086474501108647	1413.5	0	0.0	771.0	0	0.0	771.0	0	0.0
home	40	129	193861.5	0	0.0	193861.5	0	0.0	1424.5	0	0.0	777.0	0	0.0	777.0	0	0.0
home	40	130	195358.5	0	0.0	195358.5	0	0.0	1435.5	0	0.0	783.0	0	0.0	783.0	0	0.0
home	40	131	196855.5	40	1.1086474501108647	196855.5	40	1.1086474501108647	1446.5	0	0.0	789.0	0	0.0	789.0	0	0.0
home	40	132	198352.5	0	0.0	198352.5	0	0.0	1457.5	1	0.02771618625277162	795.0	0	0.0	795.0	0	0.0
home	40	133	199849.5	40	1.1086474501108647	199849.5	40	1.1086474501108647	1468.5	1	0.02771618625277162	801.0	0	0.0	801.0	0	0.0
home	40	134	201346.5	0	0.0	201346.5	0	0.0	1479.5	0	0.0	807.0	0	0.0	807.0	0	0.0
home	40	135	202843.5	40	1.1086474501108647	202843.5	40	1.1086474501108647	1490.5	0	0.0	813.0	0	0.0	813.0	0	0.0
home	40	136	204340.5	0	0.0	204340.5	0	0.0	1501.5	0	0.0	819.0	0	0.0	819.0	0	0.0
home	40	137	205837.5	40	1.1086474501108647	205837.5	40	1.1086474501108647	1512.5	0	0.0	825.0	0	0.0	825.0	0	0.0
home	40	138	207334.5	0	0.0	207334.5	0	0.0	1523.5	0	0.0	831.0	0	0.0	831.0	0	0.0
home	40	139	208831.5	38	1.0532150776053215	208831.5	28	0.7760532150776054	1534.5	0	0.0	837.0	0	0.0	837.0	0	0.0
home	40	140	210328.5	2	0.05543237250554324	210328.5	12	0.33259423503325947	1545.5	0	0.0	843.0	0	0.0	843.0	0	0.0
home	40	141	211825.5	0	0.0	211825.5	0	0.0	1556.5	0	0.0	849.0	0	0.0	849.0	0	0.0
home	40	142	213322.5	40	1.1086474501108647	213322.5	40	1.1086474501108647	1567.5	0	0.0	855.0	0	0.0	855.0	0	0.0
home	40	143	214819.5	1	0.02771618625277162	214819.5	0	0.0	1578.5	1	0.02771618625277162	861.0	0	0.0	861.0	0	0.0
home	40	144	216316.5	39	1.0809312638580932	216316.5	40	1.1086474501108647	1589.5	1	0.02771618625277162	867.0	0	0.0	867.0	0	0.0
home	40	145	217813.5	0	0.0	217813.5	0	0.0	1600.5	0	0.0	873.0	0	0.0	873.0	0	0.0
home	40	146	219310.5	40	1.1086474501108647	219310.5	40	1.1086474501108647	1611.5	0	0.0	879.0	0	0.0	879.0	0	0.0
home	40	147	220807.5	0	0.0	220807.5	0	0.0	1622.5	0	0.0	885.0	0	0.0	885.0	0	0.0
home	40	148	222304.5	40	1.1086474501108647	222304.5	40	1.1086474501108647	1633.5	0	0.0	891.0	0	0.0	891.0	0	0.0
home	40	149	223801.5	0	0.0	223801.5	0	0.0	1644.5	0	0.0	897.0	0	0.0	897.0	0	0.0
home	40	150	225298.5	36	0.9977827050997783	225298.5	0	0.0	1655.5	0	0.0	903.0	0	0.0	903.0	0	0.0
home	40	151	226795.5	4	0.11086474501108648	226795.5	40	1.1086474501108647	1666.5	0	0.0	909.0	0	0.0	909.0	0	0.0
home	40	152	228292.5	1	0.02771618625277162	228292.5	0	0.0	1677.5	0	0.0	915.0	0	0.0	915.0	0	0.0
home	40	153	229789.5	39	1.0809312638580932	229789.5	40	1.1086474501108647	1688.5	0	0.0	921.0	0	0.0	921.0	0	0.0
home	40	154	231286.5	0	0.0	231286.5	0	0.0	1699.5	0	0.0	927.0	0	0.0	927.0	0	0.0
home	40	155	232783.5	40	1.1086474501108647	232783.5	40	1.1086474501108647	1710.5	0	0.0	933.0	0	0.0	933.0	0	0.0
home	40	156	234280.5	1	0.02771618625277162	234280.5	0	0.0	1721.5	0	0.0	939.0	0	0.0	939.0	0	0.0
home	40	157	235777.5	39	1.0809312638580932	235777.5	40	1.1086474501108647	1732.5	0	0.0	945.0	0	0.0	945.0	0	0.0
home	40	158	237274.5	0	0.0	237274.5	0	0.0	1743.5	0	0.0	951.0	0	0.0	951.0	0	0.0
home	40	159	238771.5	40	1.1086474501108647	238771.5	40	1.1086474501108647	1754.5	0	0.0	957.0	0	0.0	957.0	0	0.0
home	40	160	240268.5	0	0.0	240268.5	0	0.0	1765.5	0	0.0	963.0	0	0.0	963.0	0	0.0
home	40	161	241765.5	40	1.1086474501108647	241765.5	40	1.1086474501108647	1776.5	0	0.0	969.0	0	0.0	969.0	0	0.0
home	40	162	243262.5	1	0.02771618625277162	243262.5	0	0.0	1787.5	0	0.0	975.0	0	0.0	975.0	0	0.0
home	40	163	244759.5	0	0.0	244759.5	0	0.0	1798.5	0	0.0	981.0	0	0.0	981.0	0	0.0
home	40	164	246256.5	41	1.1363636363636365	246256.5	40	1.1086474501108647	1809.5	0	0.0	987.0	0	0.0	987.0	0	0.0
home	40	165	247753.5	0	0.0	247753.5	1	0.02771618625277162	1820.5	0	0.0	993.0	0	0.0	993.0	0	0.0
home	40	166	249250.5	40	1.1086474501108647	249250.5	41	1.1363636363636365	1831.5	0	0.0	999.0	0	0.0	999.0	0	0.0
home	40	167	250747.5	1	0.02771618625277162	250747.5	0	0.0	1842.5	0	0.0	1005.0	0	0.0	1005.0	0	0.0
home	40	168	252244.5	39	1.0809312638580932	252244.5	40	1.1086474501108647	1853.5	1	0.02771618625277162	1011.0	0	0.0	1011.0	0	0.0
home	40	169	253741.5	1	0.02771618625277162	253741.5	1	0.02771618625277162	1864.5	0	0.0	1017.0	0	0.0	1017.0	0	0.0
home	40	170	255238.5	40	1.1086474501108647	255238.5	40	1.1086474501108647	1875.5	0	0.0	1023.0	0	0.0	1023.0	0	0.0
home	40	171	256735.5	0	0.0	256735.5	0	0.0	1886.5	0	0.0	1029.0	0	0.0	1029.0	0	0.0
home	40	172	258232.5	0	0.0	258232.5	0	0.0	1897.5	0	0.0	1035.0	0	0.0	1035.0	0	0.0
home	40	173	259729.5	40	1.1086474501108647	259729.5	40	1.1086474501108647	1908.5	1	0.02771618625277162	1041.0	0	0.0	1041.0	0	0.0
home	40	174	261226.5	0	0.0	261226.5	0	0.0	1919.5	0	0.0	1047.0	0	0.0	1047.0	0	0.0
home	40	175	262723.5	40	1.1086474501108647	262723.5	40	1.1086474501108647	1930.5	0	0.0	1053.0	0	0.0	1053.0	0	0.0
home	40	176	264220.5	0	0.0	264220.5	0	0.0	1941.5	0	0.0	1059.0	0	0.0	1059.0	0	0.0
home	40	177	265717.5	40	1.1086474501108647	265717.5	40	1.1086474501108647	1952.5	1	0.02771618625277162	1065.0	0	0.0	1065.0	0	0.0
home	40	178	267214.5	0	0.0	267214.5	0	0.0	1963.5	0	0.0	1071.0	0	0.0	1071.0	0	0.0
home	40	179	268711.5	40	1.1086474501108647	268711.5	40	1.1086474501108647	1974.5	0	0.0	1077.0	0	0.0	1077.0	0	0.0
home	40	180	270208.5	0	0.0	270208.5	0	0.0	1985.5	0	0.0	1083.0	0	0.0	1083.0	0	0.0
home	40	181	271705.5	0	0.0	271705.5	0	0.0	1996.5	0	0.0	1089.0	0	0.0	1089.0	0	0.0
home	40	182	273202.5	40	1.1086474501108647	273202.5	40	1.1086474501108647	2007.5	0	0.0	1095.0	0	0.0	1095.0	0	0.0
home	40	183	274699.5	0	0.0	274699.5	0	0.0	2018.5	0	0.0	1101.0	0	0.0	1101.0	0	0.0
home	40	184	276196.5	40	1.1086474501108647	276196.5	40	1.1086474501108647	2029.5	0	0.0	1107.0	0	0.0	1107.0	0	0.0
home	40	185	277693.5	0	0.0	277693.5	0	0.0	2040.5	1	0.02771618625277162	1113.0	0	0.0	1113.0	0	0.0
home	40	186	279190.5	40	1.1086474501108647	279190.5	40	1.1086474501108647	2051.5	0	0.0	1119.0	0	0.0	1119.0	0	0.0
home	40	187	280687.5	0	0.0	280687.5	0	0.0	2062.5	0	0.0	1125.0	0	0.0	1125.0	0	0.0
home	40	188	282184.5	40	1.1086474501108647	282184.5	40	1.1086474501108647	2073.5	0	0.0	1131.0	0	0.0	1131.0	0	0.0
home	40	189	283681.5	0	0.0	283681.5	0	0.0	2084.5	0	0.0	1137.0	0	0.0	1137.0	0	0.0
home	40	190	285178.5	38	1.0532150776053215	285178.5	18	0.49889135254988914	2095.5	0	0.0	1143.0	0	0.0	1143.0	0	0.0
home	40	191	286675.5	2	0.05543237250554324	286675.5	22	0.6097560975609756	2106.5	0	0.0	1149.0	0	0.0	1149.0	0	0.0
home	40	192	288172.5	1	0.02771618625277162	288172.5	0	0.0	2117.5	0	0.0	1155.0	0	0.0	1155.0	0	0.0
home	40	193	289669.5	39	1.0809312638580932	289669.5	40	1.1086474501108647	2128.5	0	0.0	1161.0	0	0.0	1161.0	0	0.0
home	40	194	291166.5	0	0.0	291166.5	0	0.0	2139.5	0	0.0	1167.0	0	0.0	1167.0	0	0.0
home	40	195	292663.5	40	1.1086474501108647	292663.5	40	1.1086474501108647	2150.5	0	0.0	1173.0	0	0.0	1173.0	0	0.0
home	40	196	294160.5	0	0.0	294160.5	0	0.0	2161.5	0	0.0	1179.0	0	0.0	1179.0	0	0.0
home	40	197	295657.5	40	1.1086474501108647	295657.5	40	1.1086474501108647	2172.5	0	0.0	1185.0	0	0.0	1185.0	0	0.0
home	40	198	297154.5	1	0.02771618625277162	297154.5	0	0.0	2183.5	0	0.0	1191.0	0	0.0	1191.0	0	0.0
home	40	199	298651.5	39	1.0809312638580932	298651.5	40	1.1086474501108647	2194.5	0	0.0	1197.0	0	0.0	1197.0	0	0.0
