'Request type'	'Load'	'Bucket'	'Start time'	'Absolute'	'Percent of requests'	'End time'	'Absolute'	'Percent of requests'	'Residence time'	'Absolute'	'Percent of requests'	'Theor. think time'	'Absolute'	'Percent of requests'	'Actual think time'	'Absolute'	'Percent of requests'
login	15	0	749.5	15	1.2658227848101264	749.5	9	0.7594936708860759	8.5	0	0.0	3.0	1185	100.0	3.0	1185	100.0
login	15	1	2248.5	0	0.0	2248.5	6	0.5063291139240507	25.5	0	0.0	9.0	0	0.0	9.0	0	0.0
login	15	2	3747.5	15	1.2658227848101264	3747.5	4	0.33755274261603374	42.5	0	0.0	15.0	0	0.0	15.0	0	0.0
login	15	3	5246.5	0	0.0	5246.5	8	0.6751054852320675	59.5	0	0.0	21.0	0	0.0	21.0	0	0.0
login	15	4	6745.5	15	1.2658227848101264	6745.5	4	0.33755274261603374	76.5	0	0.0	27.0	0	0.0	27.0	0	0.0
login	15	5	8244.5	0	0.0	8244.5	6	0.5063291139240507	93.5	0	0.0	33.0	0	0.0	33.0	0	0.0
login	15	6	9743.5	0	0.0	9743.5	8	0.6751054852320675	110.5	0	0.0	39.0	0	0.0	39.0	0	0.0
login	15	7	11242.5	15	1.2658227848101264	11242.5	4	0.33755274261603374	127.5	0	0.0	45.0	0	0.0	45.0	0	0.0
login	15	8	12741.5	0	0.0	12741.5	7	0.5907172995780591	144.5	0	0.0	51.0	0	0.0	51.0	0	0.0
login	15	9	14240.5	15	1.2658227848101264	14240.5	5	0.42194092827004215	161.5	0	0.0	57.0	0	0.0	57.0	0	0.0
login	15	10	15739.5	0	0.0	15739.5	6	0.5063291139240507	178.5	0	0.0	63.0	0	0.0	63.0	0	0.0
login	15	11	17238.5	0	0.0	17238.5	7	0.5907172995780591	195.5	0	0.0	69.0	0	0.0	69.0	0	0.0
login	15	12	18737.5	15	1.2658227848101264	18737.5	2	0.16877637130801687	212.5	0	0.0	75.0	0	0.0	75.0	0	0.0
login	15	13	20236.5	0	0.0	20236.5	8	0.6751054852320675	229.5	0	0.0	81.0	0	0.0	81.0	0	0.0
login	15	14	21735.5	13	1.0970464135021096	21735.5	6	0.5063291139240507	246.5	0	0.0	87.0	0	0.0	87.0	0	0.0
login	15	15	23234.5	2	0.16877637130801687	23234.5	5	0.42194092827004215	263.5	0	0.0	93.0	0	0.0	93.0	0	0.0
login	15	16	24733.5	0	0.0	24733.5	8	0.6751054852320675	280.5	0	0.0	99.0	0	0.0	99.0	0	0.0
login	15	17	26232.5	15	1.2658227848101264	26232.5	4	0.33755274261603374	297.5	1	0.08438818565400844	105.0	0	0.0	105.0	0	0.0
login	15	18	27731.5	0	0.0	27731.5	7	0.5907172995780591	314.5	0	0.0	111.0	0	0.0	111.0	0	0.0
login	15	19	29230.5	0	0.0	29230.5	6	0.5063291139240507	331.5	1	0.08438818565400844	117.0	0	0.0	117.0	0	0.0
login	15	20	30729.5	15	1.2658227848101264	30729.5	7	0.5907172995780591	348.5	0	0.0	123.0	0	0.0	123.0	0	0.0
login	15	21	32228.5	0	0.0	32228.5	8	0.6751054852320675	365.5	2	0.16877637130801687	129.0	0	0.0	129.0	0	0.0
login	15	22	33727.5	15	1.2658227848101264	33727.5	0	0.0	382.5	1	0.08438818565400844	135.0	0	0.0	135.0	0	0.0
login	15	23	35226.5	0	0.0	35226.5	8	0.6751054852320675	399.5	8	0.6751054852320675	141.0	0	0.0	141.0	0	0.0
login	15	24	36725.5	0	0.0	36725.5	7	0.5907172995780591	416.5	5	0.42194092827004215	147.0	0	0.0	147.0	0	0.0
login	15	25	38224.5	15	1.2658227848101264	38224.5	4	0.33755274261603374	433.5	1	0.08438818565400844	153.0	0	0.0	153.0	0	0.0
login	15	26	39723.5	0	0.0	39723.5	7	0.5907172995780591	450.5	0	0.0	159.0	0	0.0	159.0	0	0.0
login	15	27	41222.5	15	1.2658227848101264	41222.5	4	0.33755274261603374	467.5	3	0.25316455696202533	165.0	0	0.0	165.0	0	0.0
login	15	28	42721.5	0	0.0	42721.5	7	0.5907172995780591	484.5	12	1.0126582278481013	171.0	0	0.0	171.0	0	0.0
login	15	29	44220.5	0	0.0	44220.5	8	0.6751054852320675	501.5	6	0.5063291139240507	177.0	0	0.0	177.0	0	0.0
login	15	30	45719.5	15	1.2658227848101264	45719.5	3	0.25316455696202533	518.5	4	0.33755274261603374	183.0	0	0.0	183.0	0	0.0
login	15	31	47218.5	0	0.0	47218.5	9	0.7594936708860759	535.5	0	0.0	189.0	0	0.0	189.0	0	0.0
login	15	32	48717.5	13	1.0970464135021096	48717.5	3	0.25316455696202533	552.5	0	0.0	195.0	0	0.0	195.0	0	0.0
login	15	33	50216.5	2	0.16877637130801687	50216.5	7	0.5907172995780591	569.5	1	0.08438818565400844	201.0	0	0.0	201.0	0	0.0
login	15	34	51715.5	0	0.0	51715.5	8	0.6751054852320675	586.5	7	0.5907172995780591	207.0	0	0.0	207.0	0	0.0
login	15	35	53214.5	15	1.2658227848101264	53214.5	4	0.33755274261603374	603.5	1	0.08438818565400844	213.0	0	0.0	213.0	0	0.0
login	15	36	54713.5	0	0.0	54713.5	8	0.6751054852320675	620.5	4	0.33755274261603374	219.0	0	0.0	219.0	0	0.0
login	15	37	56212.5	15	1.2658227848101264	56212.5	4	0.33755274261603374	637.5	2	0.16877637130801687	225.0	0	0.0	225.0	0	0.0
login	15	38	57711.5	0	0.0	57711.5	6	0.5063291139240507	654.5	1	0.08438818565400844	231.0	0	0.0	231.0	0	0.0
login	15	39	59210.5	0	0.0	59210.5	8	0.6751054852320675	671.5	3	0.25316455696202533	237.0	0	0.0	237.0	0	0.0
login	15	40	60709.5	15	1.2658227848101264	60709.5	6	0.5063291139240507	688.5	8	0.6751054852320675	243.0	0	0.0	243.0	0	0.0
login	15	41	62208.5	0	0.0	62208.5	9	0.7594936708860759	705.5	18	1.5189873417721518	249.0	0	0.0	249.0	0	0.0
login	15	42	63707.5	15	1.2658227848101264	63707.5	1	0.08438818565400844	722.5	7	0.5907172995780591	255.0	0	0.0	255.0	0	0.0
login	15	43	65206.5	0	0.0	65206.5	7	0.5907172995780591	739.5	0	0.0	261.0	0	0.0	261.0	0	0.0
login	15	44	66705.5	0	0.0	66705.5	7	0.5907172995780591	756.5	0	0.0	267.0	0	0.0	267.0	0	0.0
login	15	45	68204.5	15	1.2658227848101264	68204.5	4	0.33755274261603374	773.5	8	0.6751054852320675	273.0	0	0.0	273.0	0	0.0
login	15	46	69703.5	0	0.0	69703.5	8	0.6751054852320675	790.5	14	1.1814345991561181	279.0	0	0.0	279.0	0	0.0
login	15	47	71202.5	15	1.2658227848101264	71202.5	3	0.25316455696202533	807.5	26	2.1940928270042193	285.0	0	0.0	285.0	0	0.0
login	15	48	72701.5	0	0.0	72701.5	8	0.6751054852320675	824.5	4	0.33755274261603374	291.0	0	0.0	291.0	0	0.0
login	15	49	74200.5	0	0.0	74200.5	7	0.5907172995780591	841.5	0	0.0	297.0	0	0.0	297.0	0	0.0
login	15	50	75699.5	15	1.2658227848101264	75699.5	4	0.33755274261603374	858.5	1	0.08438818565400844	303.0	0	0.0	303.0	0	0.0
login	15	51	77198.5	0	0.0	77198.5	8	0.6751054852320675	875.5	9	0.7594936708860759	309.0	0	0.0	309.0	0	0.0
login	15	52	78697.5	15	1.2658227848101264	78697.5	4	0.33755274261603374	892.5	24	2.0253164556962027	315.0	0	0.0	315.0	0	0.0
login	15	53	80196.5	0	0.0	80196.5	7	0.5907172995780591	909.5	17	1.4345991561181435	321.0	0	0.0	321.0	0	0.0
login	15	54	81695.5	12	1.0126582278481013	81695.5	7	0.5907172995780591	926.5	10	0.8438818565400843	327.0	0	0.0	327.0	0	0.0
login	15	55	83194.5	3	0.25316455696202533	83194.5	9	0.7594936708860759	943.5	1	0.08438818565400844	333.0	0	0.0	333.0	0	0.0
login	15	56	84693.5	0	0.0	84693.5	6	0.5063291139240507	960.5	0	0.0	339.0	0	0.0	339.0	0	0.0
login	15	57	86192.5	15	1.2658227848101264	86192.5	4	0.33755274261603374	977.5	12	1.0126582278481013	345.0	0	0.0	345.0	0	0.0
login	15	58	87691.5	0	0.0	87691.5	7	0.5907172995780591	994.5	29	2.4472573839662446	351.0	0	0.0	351.0	0	0.0
login	15	59	89190.5	13	1.0970464135021096	89190.5	4	0.33755274261603374	1011.5	7	0.5907172995780591	357.0	0	0.0	357.0	0	0.0
login	15	60	90689.5	2	0.16877637130801687	90689.5	7	0.5907172995780591	1028.5	2	0.16877637130801687	363.0	0	0.0	363.0	0	0.0
login	15	61	92188.5	0	0.0	92188.5	8	0.6751054852320675	1045.5	0	0.0	369.0	0	0.0	369.0	0	0.0
login	15	62	93687.5	15	1.2658227848101264	93687.5	2	0.16877637130801687	1062.5	0	0.0	375.0	0	0.0	375.0	0	0.0
login	15	63	95186.5	0	0.0	95186.5	7	0.5907172995780591	1079.5	2	0.16877637130801687	381.0	0	0.0	381.0	0	0.0
login	15	64	96685.5	4	0.33755274261603374	96685.5	6	0.5063291139240507	1096.5	8	0.6751054852320675	387.0	0	0.0	387.0	0	0.0
login	15	65	98184.5	11	0.9282700421940928	98184.5	4	0.33755274261603374	1113.5	6	0.5063291139240507	393.0	0	0.0	393.0	0	0.0
login	15	66	99683.5	0	0.0	99683.5	8	0.6751054852320675	1130.5	3	0.25316455696202533	399.0	0	0.0	399.0	0	0.0
login	15	67	101182.5	15	1.2658227848101264	101182.5	4	0.33755274261603374	1147.5	0	0.0	405.0	0	0.0	405.0	0	0.0
login	15	68	102681.5	0	0.0	102681.5	8	0.6751054852320675	1164.5	1	0.08438818565400844	411.0	0	0.0	411.0	0	0.0
login	15	69	104180.5	0	0.0	104180.5	6	0.5063291139240507	1181.5	8	0.6751054852320675	417.0	0	0.0	417.0	0	0.0
login	15	70	105679.5	15	1.2658227848101264	105679.5	4	0.33755274261603374	1198.5	20	1.6877637130801686	423.0	0	0.0	423.0	0	0.0
login	15	71	107178.5	0	0.0	107178.5	6	0.5063291139240507	1215.5	9	0.7594936708860759	429.0	0	0.0	429.0	0	0.0
login	15	72	108677.5	12	1.0126582278481013	108677.5	5	0.42194092827004215	1232.5	2	0.16877637130801687	435.0	0	0.0	435.0	0	0.0
login	15	73	110176.5	3	0.25316455696202533	110176.5	8	0.6751054852320675	1249.5	0	0.0	441.0	0	0.0	441.0	0	0.0
login	15	74	111675.5	0	0.0	111675.5	7	0.5907172995780591	1266.5	4	0.33755274261603374	447.0	0	0.0	447.0	0	0.0
login	15	75	113174.5	15	1.2658227848101264	113174.5	2	0.16877637130801687	1283.5	17	1.4345991561181435	453.0	0	0.0	453.0	0	0.0
login	15	76	114673.5	0	0.0	114673.5	11	0.9282700421940928	1300.5	21	1.7721518987341771	459.0	0	0.0	459.0	0	0.0
login	15	77	116172.5	15	1.2658227848101264	116172.5	4	0.33755274261603374	1317.5	15	1.2658227848101264	465.0	0	0.0	465.0	0	0.0
login	15	78	117671.5	0	0.0	117671.5	6	0.5063291139240507	1334.5	2	0.16877637130801687	471.0	0	0.0	471.0	0	0.0
login	15	79	119170.5	0	0.0	119170.5	7	0.5907172995780591	1351.5	0	0.0	477.0	0	0.0	477.0	0	0.0
login	15	80	120669.5	15	1.2658227848101264	120669.5	4	0.33755274261603374	1368.5	5	0.42194092827004215	483.0	0	0.0	483.0	0	0.0
login	15	81	122168.5	0	0.0	122168.5	10	0.8438818565400843	1385.5	16	1.350210970464135	489.0	0	0.0	489.0	0	0.0
login	15	82	123667.5	15	1.2658227848101264	123667.5	3	0.25316455696202533	1402.5	16	1.350210970464135	495.0	0	0.0	495.0	0	0.0
login	15	83	125166.5	0	0.0	125166.5	7	0.5907172995780591	1419.5	11	0.9282700421940928	501.0	0	0.0	501.0	0	0.0
login	15	84	126665.5	1	0.08438818565400844	126665.5	6	0.5063291139240507	1436.5	2	0.16877637130801687	507.0	0	0.0	507.0	0	0.0
login	15	85	128164.5	14	1.1814345991561181	128164.5	4	0.33755274261603374	1453.5	1	0.08438818565400844	513.0	0	0.0	513.0	0	0.0
login	15	86	129663.5	0	0.0	129663.5	8	0.6751054852320675	1470.5	3	0.25316455696202533	519.0	0	0.0	519.0	0	0.0
login	15	87	131162.5	15	1.2658227848101264	131162.5	3	0.25316455696202533	1487.5	13	1.0970464135021096	525.0	0	0.0	525.0	0	0.0
login	15	88	132661.5	0	0.0	132661.5	8	0.6751054852320675	1504.5	17	1.4345991561181435	531.0	0	0.0	531.0	0	0.0
login	15	89	134160.5	0	0.0	134160.5	7	0.5907172995780591	1521.5	10	0.8438818565400843	537.0	0	0.0	537.0	0	0.0
login	15	90	135659.5	15	1.2658227848101264	135659.5	4	0.33755274261603374	1538.5	1	0.08438818565400844	543.0	0	0.0	543.0	0	0.0
login	15	91	137158.5	0	0.0	137158.5	8	0.6751054852320675	1555.5	1	0.08438818565400844	549.0	0	0.0	549.0	0	0.0
login	15	92	138657.5	14	1.1814345991561181	138657.5	3	0.25316455696202533	1572.5	5	0.42194092827004215	555.0	0	0.0	555.0	0	0.0
login	15	93	140156.5	1	0.08438818565400844	140156.5	7	0.5907172995780591	1589.5	6	0.5063291139240507	561.0	0	0.0	561.0	0	0.0
login	15	94	141655.5	0	0.0	141655.5	8	0.6751054852320675	1606.5	16	1.350210970464135	567.0	0	0.0	567.0	0	0.0
login	15	95	143154.5	15	1.2658227848101264	143154.5	5	0.42194092827004215	1623.5	4	0.33755274261603374	573.0	0	0.0	573.0	0	0.0
login	15	96	144653.5	0	0.0	144653.5	8	0.6751054852320675	1640.5	0	0.0	579.0	0	0.0	579.0	0	0.0
login	15	97	146152.5	15	1.2658227848101264	146152.5	3	0.25316455696202533	1657.5	2	0.16877637130801687	585.0	0	0.0	585.0	0	0.0
login	15	98	147651.5	0	0.0	147651.5	6	0.5063291139240507	1674.5	4	0.33755274261603374	591.0	0	0.0	591.0	0	0.0
login	15	99	149150.5	0	0.0	149150.5	8	0.6751054852320675	1691.5	19	1.6033755274261603	597.0	0	0.0	597.0	0	0.0
login	15	100	150649.5	15	1.2658227848101264	150649.5	2	0.16877637130801687	1708.5	17	1.4345991561181435	603.0	0	0.0	603.0	0	0.0
login	15	101	152148.5	0	0.0	152148.5	8	0.6751054852320675	1725.5	4	0.33755274261603374	609.0	0	0.0	609.0	0	0.0
login	15	102	153647.5	0	0.0	153647.5	5	0.42194092827004215	1742.5	0	0.0	615.0	0	0.0	615.0	0	0.0
login	15	103	155146.5	15	1.2658227848101264	155146.5	6	0.5063291139240507	1759.5	3	0.25316455696202533	621.0	0	0.0	621.0	0	0.0
login	15	104	156645.5	0	0.0	156645.5	7	0.5907172995780591	1776.5	12	1.0126582278481013	627.0	0	0.0	627.0	0	0.0
login	15	105	158144.5	15	1.2658227848101264	158144.5	3	0.25316455696202533	1793.5	19	1.6033755274261603	633.0	0	0.0	633.0	0	0.0
login	15	106	159643.5	0	0.0	159643.5	7	0.5907172995780591	1810.5	11	0.9282700421940928	639.0	0	0.0	639.0	0	0.0
login	15	107	161142.5	12	1.0126582278481013	161142.5	7	0.5907172995780591	1827.5	9	0.7594936708860759	645.0	0	0.0	645.0	0	0.0
login	15	108	162641.5	3	0.25316455696202533	162641.5	4	0.33755274261603374	1844.5	0	0.0	651.0	0	0.0	651.0	0	0.0
login	15	109	164140.5	0	0.0	164140.5	9	0.7594936708860759	1861.5	4	0.33755274261603374	657.0	0	0.0	657.0	0	0.0
login	15	110	165639.5	15	1.2658227848101264	165639.5	3	0.25316455696202533	1878.5	8	0.6751054852320675	663.0	0	0.0	663.0	0	0.0
login	15	111	167138.5	0	0.0	167138.5	7	0.5907172995780591	1895.5	7	0.5907172995780591	669.0	0	0.0	669.0	0	0.0
login	15	112	168637.5	0	0.0	168637.5	7	0.5907172995780591	1912.5	5	0.42194092827004215	675.0	0	0.0	675.0	0	0.0
login	15	113	170136.5	15	1.2658227848101264	170136.5	6	0.5063291139240507	1929.5	1	0.08438818565400844	681.0	0	0.0	681.0	0	0.0
login	15	114	171635.5	0	0.0	171635.5	6	0.5063291139240507	1946.5	0	0.0	687.0	0	0.0	687.0	0	0.0
login	15	115	173134.5	15	1.2658227848101264	173134.5	4	0.33755274261603374	1963.5	2	0.16877637130801687	693.0	0	0.0	693.0	0	0.0
login	15	116	174633.5	0	0.0	174633.5	7	0.5907172995780591	1980.5	3	0.25316455696202533	699.0	0	0.0	699.0	0	0.0
login	15	117	176132.5	0	0.0	176132.5	7	0.5907172995780591	1997.5	12	1.0126582278481013	705.0	0	0.0	705.0	0	0.0
login	15	118	177631.5	15	1.2658227848101264	177631.5	5	0.42194092827004215	2014.5	10	0.8438818565400843	711.0	0	0.0	711.0	0	0.0
login	15	119	179130.5	0	0.0	179130.5	7	0.5907172995780591	2031.5	1	0.08438818565400844	717.0	0	0.0	717.0	0	0.0
login	15	120	180629.5	14	1.1814345991561181	180629.5	4	0.33755274261603374	2048.5	0	0.0	723.0	0	0.0	723.0	0	0.0
login	15	121	182128.5	1	0.08438818565400844	182128.5	7	0.5907172995780591	2065.5	1	0.08438818565400844	729.0	0	0.0	729.0	0	0.0
login	15	122	183627.5	0	0.0	183627.5	7	0.5907172995780591	2082.5	4	0.33755274261603374	735.0	0	0.0	735.0	0	0.0
login	15	123	185126.5	15	1.2658227848101264	185126.5	4	0.33755274261603374	2099.5	13	1.0970464135021096	741.0	0	0.0	741.0	0	0.0
login	15	124	186625.5	0	0.0	186625.5	6	0.5063291139240507	2116.5	4	0.33755274261603374	747.0	0	0.0	747.0	0	0.0
login	15	125	188124.5	13	1.0970464135021096	188124.5	5	0.42194092827004215	2133.5	3	0.25316455696202533	753.0	0	0.0	753.0	0	0.0
login	15	126	189623.5	2	0.16877637130801687	189623.5	7	0.5907172995780591	2150.5	0	0.0	759.0	0	0.0	759.0	0	0.0
login	15	127	191122.5	0	0.0	191122.5	8	0.6751054852320675	2167.5	4	0.33755274261603374	765.0	0	0.0	765.0	0	0.0
login	15	128	192621.5	15	1.2658227848101264	192621.5	4	0.33755274261603374	2184.5	13	1.0970464135021096	771.0	0	0.0	771.0	0	0.0
login	15	129	194120.5	0	0.0	194120.5	8	0.6751054852320675	2201.5	14	1.1814345991561181	777.0	0	0.0	777.0	0	0.0
login	15	130	195619.5	13	1.0970464135021096	195619.5	3	0.25316455696202533	2218.5	12	1.0126582278481013	783.0	0	0.0	783.0	0	0.0
login	15	131	197118.5	2	0.16877637130801687	197118.5	6	0.5063291139240507	2235.5	3	0.25316455696202533	789.0	0	0.0	789.0	0	0.0
login	15	132	198617.5	0	0.0	198617.5	7	0.5907172995780591	2252.5	1	0.08438818565400844	795.0	0	0.0	795.0	0	0.0
login	15	133	200116.5	15	1.2658227848101264	200116.5	4	0.33755274261603374	2269.5	3	0.25316455696202533	801.0	0	0.0	801.0	0	0.0
login	15	134	201615.5	0	0.0	201615.5	9	0.7594936708860759	2286.5	16	1.350210970464135	807.0	0	0.0	807.0	0	0.0
login	15	135	203114.5	0	0.0	203114.5	4	0.33755274261603374	2303.5	9	0.7594936708860759	813.0	0	0.0	813.0	0	0.0
login	15	136	204613.5	15	1.2658227848101264	204613.5	3	0.25316455696202533	2320.5	12	1.0126582278481013	819.0	0	0.0	819.0	0	0.0
login	15	137	206112.5	0	0.0	206112.5	9	0.7594936708860759	2337.5	1	0.08438818565400844	825.0	0	0.0	825.0	0	0.0
login	15	138	207611.5	13	1.0970464135021096	207611.5	3	0.25316455696202533	2354.5	1	0.08438818565400844	831.0	0	0.0	831.0	0	0.0
login	15	139	209110.5	2	0.16877637130801687	209110.5	7	0.5907172995780591	2371.5	8	0.6751054852320675	837.0	0	0.0	837.0	0	0.0
login	15	140	210609.5	0	0.0	210609.5	8	0.6751054852320675	2388.5	19	1.6033755274261603	843.0	0	0.0	843.0	0	0.0
login	15	141	212108.5	15	1.2658227848101264	212108.5	4	0.33755274261603374	2405.5	20	1.6877637130801686	849.0	0	0.0	849.0	0	0.0
login	15	142	213607.5	0	0.0	213607.5	7	0.5907172995780591	2422.5	20	1.6877637130801686	855.0	0	0.0	855.0	0	0.0
login	15	143	215106.5	12	1.0126582278481013	215106.5	4	0.33755274261603374	2439.5	1	0.08438818565400844	861.0	0	0.0	861.0	0	0.0
login	15	144	216605.5	3	0.25316455696202533	216605.5	4	0.33755274261603374	2456.5	2	0.16877637130801687	867.0	0	0.0	867.0	0	0.0
login	15	145	218104.5	0	0.0	218104.5	8	0.6751054852320675	2473.5	10	0.8438818565400843	873.0	0	0.0	873.0	0	0.0
login	15	146	219603.5	15	1.2658227848101264	219603.5	3	0.25316455696202533	2490.5	25	2.109704641350211	879.0	0	0.0	879.0	0	0.0
login	15	147	221102.5	0	0.0	221102.5	10	0.8438818565400843	2507.5	20	1.6877637130801686	885.0	0	0.0	885.0	0	0.0
login	15	148	222601.5	12	1.0126582278481013	222601.5	5	0.42194092827004215	2524.5	10	0.8438818565400843	891.0	0	0.0	891.0	0	0.0
login	15	149	224100.5	3	0.25316455696202533	224100.5	6	0.5063291139240507	2541.5	2	0.16877637130801687	897.0	0	0.0	897.0	0	0.0
login	15	150	225599.5	0	0.0	225599.5	9	0.7594936708860759	2558.5	0	0.0	903.0	0	0.0	903.0	0	0.0
login	15	151	227098.5	15	1.2658227848101264	227098.5	2	0.16877637130801687	2575.5	12	1.0126582278481013	909.0	0	0.0	909.0	0	0.0
login	15	152	228597.5	0	0.0	228597.5	6	0.5063291139240507	2592.5	20	1.6877637130801686	915.0	0	0.0	915.0	0	0.0
login	15	153	230096.5	0	0.0	230096.5	7	0.5907172995780591	2609.5	24	2.0253164556962027	921.0	0	0.0	921.0	0	0.0
login	15	154	231595.5	15	1.2658227848101264	231595.5	4	0.33755274261603374	2626.5	6	0.5063291139240507	927.0	0	0.0	927.0	0	0.0
login	15	155	233094.5	0	0.0	233094.5	6	0.5063291139240507	2643.5	0	0.0	933.0	0	0.0	933.0	0	0.0
login	15	156	234593.5	15	1.2658227848101264	234593.5	5	0.42194092827004215	2660.5	2	0.16877637130801687	939.0	0	0.0	939.0	0	0.0
login	15	157	236092.5	0	0.0	236092.5	6	0.5063291139240507	2677.5	20	1.6877637130801686	945.0	0	0.0	945.0	0	0.0
login	15	158	237591.5	0	0.0	237591.5	7	0.5907172995780591	2694.5	24	2.0253164556962027	951.0	0	0.0	951.0	0	0.0
login	15	159	239090.5	15	1.2658227848101264	239090.5	3	0.25316455696202533	2711.5	17	1.4345991561181435	957.0	0	0.0	957.0	0	0.0
login	15	160	240589.5	0	0.0	240589.5	9	0.7594936708860759	2728.5	4	0.33755274261603374	963.0	0	0.0	963.0	0	0.0
login	15	161	242088.5	11	0.9282700421940928	242088.5	5	0.42194092827004215	2745.5	1	0.08438818565400844	969.0	0	0.0	969.0	0	0.0
login	15	162	243587.5	4	0.33755274261603374	243587.5	6	0.5063291139240507	2762.5	5	0.42194092827004215	975.0	0	0.0	975.0	0	0.0
login	15	163	245086.5	0	0.0	245086.5	6	0.5063291139240507	2779.5	9	0.7594936708860759	981.0	0	0.0	981.0	0	0.0
login	15	164	246585.5	15	1.2658227848101264	246585.5	4	0.33755274261603374	2796.5	13	1.0970464135021096	987.0	0	0.0	987.0	0	0.0
login	15	165	248084.5	0	0.0	248084.5	6	0.5063291139240507	2813.5	10	0.8438818565400843	993.0	0	0.0	993.0	0	0.0
login	15	166	249583.5	0	0.0	249583.5	8	0.6751054852320675	2830.5	6	0.5063291139240507	999.0	0	0.0	999.0	0	0.0
login	15	167	251082.5	15	1.2658227848101264	251082.5	5	0.42194092827004215	2847.5	1	0.08438818565400844	1005.0	0	0.0	1005.0	0	0.0
login	15	168	252581.5	0	0.0	252581.5	7	0.5907172995780591	2864.5	5	0.42194092827004215	1011.0	0	0.0	1011.0	0	0.0
login	15	169	254080.5	15	1.2658227848101264	254080.5	4	0.33755274261603374	2881.5	9	0.7594936708860759	1017.0	0	0.0	1017.0	0	0.0
login	15	170	255579.5	0	0.0	255579.5	6	0.5063291139240507	2898.5	12	1.0126582278481013	1023.0	0	0.0	1023.0	0	0.0
login	15	171	257078.5	0	0.0	257078.5	8	0.6751054852320675	2915.5	11	0.9282700421940928	1029.0	0	0.0	1029.0	0	0.0
login	15	172	258577.5	15	1.2658227848101264	258577.5	4	0.33755274261603374	2932.5	0	0.0	1035.0	0	0.0	1035.0	0	0.0
login	15	173	260076.5	0	0.0	260076.5	6	0.5063291139240507	2949.5	0	0.0	1041.0	0	0.0	1041.0	0	0.0
login	15	174	261575.5	15	1.2658227848101264	261575.5	5	0.42194092827004215	2966.5	3	0.25316455696202533	1047.0	0	0.0	1047.0	0	0.0
login	15	175	263074.5	0	0.0	263074.5	6	0.5063291139240507	2983.5	5	0.42194092827004215	1053.0	0	0.0	1053.0	0	0.0
login	15	176	264573.5	0	0.0	264573.5	9	0.7594936708860759	3000.5	10	0.8438818565400843	1059.0	0	0.0	1059.0	0	0.0
login	15	177	266072.5	15	1.2658227848101264	266072.5	4	0.33755274261603374	3017.5	7	0.5907172995780591	1065.0	0	0.0	1065.0	0	0.0
login	15	178	267571.5	0	0.0	267571.5	5	0.42194092827004215	3034.5	0	0.0	1071.0	0	0.0	1071.0	0	0.0
login	15	179	269070.5	2	0.16877637130801687	269070.5	6	0.5063291139240507	3051.5	1	0.08438818565400844	1077.0	0	0.0	1077.0	0	0.0
login	15	180	270569.5	13	1.0970464135021096	270569.5	6	0.5063291139240507	3068.5	1	0.08438818565400844	1083.0	0	0.0	1083.0	0	0.0
login	15	181	272068.5	0	0.0	272068.5	9	0.7594936708860759	3085.5	5	0.42194092827004215	1089.0	0	0.0	1089.0	0	0.0
login	15	182	273567.5	15	1.2658227848101264	273567.5	1	0.08438818565400844	3102.5	2	0.16877637130801687	1095.0	0	0.0	1095.0	0	0.0
login	15	183	275066.5	0	0.0	275066.5	7	0.5907172995780591	3119.5	5	0.42194092827004215	1101.0	0	0.0	1101.0	0	0.0
login	15	184	276565.5	12	1.0126582278481013	276565.5	7	0.5907172995780591	3136.5	0	0.0	1107.0	0	0.0	1107.0	0	0.0
login	15	185	278064.5	3	0.25316455696202533	278064.5	6	0.5063291139240507	3153.5	2	0.16877637130801687	1113.0	0	0.0	1113.0	0	0.0
login	15	186	279563.5	0	0.0	279563.5	8	0.6751054852320675	3170.5	1	0.08438818565400844	1119.0	0	0.0	1119.0	0	0.0
login	15	187	281062.5	15	1.2658227848101264	281062.5	2	0.16877637130801687	3187.5	4	0.33755274261603374	1125.0	0	0.0	1125.0	0	0.0
login	15	188	282561.5	0	0.0	282561.5	6	0.5063291139240507	3204.5	4	0.33755274261603374	1131.0	0	0.0	1131.0	0	0.0
login	15	189	284060.5	0	0.0	284060.5	8	0.6751054852320675	3221.5	3	0.25316455696202533	1137.0	0	0.0	1137.0	0	0.0
login	15	190	285559.5	15	1.2658227848101264	285559.5	3	0.25316455696202533	3238.5	0	0.0	1143.0	0	0.0	1143.0	0	0.0
login	15	191	287058.5	0	0.0	287058.5	8	0.6751054852320675	3255.5	0	0.0	1149.0	0	0.0	1149.0	0	0.0
login	15	192	288557.5	13	1.0970464135021096	288557.5	4	0.33755274261603374	3272.5	0	0.0	1155.0	0	0.0	1155.0	0	0.0
login	15	193	290056.5	2	0.16877637130801687	290056.5	7	0.5907172995780591	3289.5	6	0.5063291139240507	1161.0	0	0.0	1161.0	0	0.0
login	15	194	291555.5	0	0.0	291555.5	8	0.6751054852320675	3306.5	5	0.42194092827004215	1167.0	0	0.0	1167.0	0	0.0
login	15	195	293054.5	15	1.2658227848101264	293054.5	2	0.16877637130801687	3323.5	0	0.0	1173.0	0	0.0	1173.0	0	0.0
login	15	196	294553.5	0	0.0	294553.5	8	0.6751054852320675	3340.5	0	0.0	1179.0	0	0.0	1179.0	0	0.0
login	15	197	296052.5	13	1.0970464135021096	296052.5	5	0.42194092827004215	3357.5	0	0.0	1185.0	0	0.0	1185.0	0	0.0
login	15	198	297551.5	2	0.16877637130801687	297551.5	7	0.5907172995780591	3374.5	1	0.08438818565400844	1191.0	0	0.0	1191.0	0	0.0
login	15	199	299050.5	0	0.0	299050.5	8	0.6751054852320675	3391.5	0	0.0	1197.0	0	0.0	1197.0	0	0.0
info	15	0	748.5	9	0.7594936708860759	748.5	1	0.08438818565400844	6.5	181	15.274261603375527	3.0	1185	100.0	3.0	1185	100.0
info	15	1	2245.5	6	0.5063291139240507	2245.5	14	1.1814345991561181	19.5	24	2.0253164556962027	9.0	0	0.0	9.0	0	0.0
info	15	2	3742.5	5	0.42194092827004215	3742.5	0	0.0	32.5	8	0.6751054852320675	15.0	0	0.0	15.0	0	0.0
info	15	3	5239.5	10	0.8438818565400843	5239.5	15	1.2658227848101264	45.5	2	0.16877637130801687	21.0	0	0.0	21.0	0	0.0
info	15	4	6736.5	2	0.16877637130801687	6736.5	0	0.0	58.5	5	0.42194092827004215	27.0	0	0.0	27.0	0	0.0
info	15	5	8233.5	6	0.5063291139240507	8233.5	0	0.0	71.5	23	1.940928270042194	33.0	0	0.0	33.0	0	0.0
info	15	6	9730.5	7	0.5907172995780591	9730.5	15	1.2658227848101264	84.5	28	2.3628691983122363	39.0	0	0.0	39.0	0	0.0
info	15	7	11227.5	5	0.42194092827004215	11227.5	0	0.0	97.5	42	3.5443037974683542	45.0	0	0.0	45.0	0	0.0
info	15	8	12724.5	10	0.8438818565400843	12724.5	15	1.2658227848101264	110.5	34	2.869198312236287	51.0	0	0.0	51.0	0	0.0
info	15	9	14221.5	1	0.08438818565400844	14221.5	0	0.0	123.5	16	1.350210970464135	57.0	0	0.0	57.0	0	0.0
info	15	10	15718.5	7	0.5907172995780591	15718.5	0	0.0	136.5	1	0.08438818565400844	63.0	0	0.0	63.0	0	0.0
info	15	11	17215.5	7	0.5907172995780591	17215.5	15	1.2658227848101264	149.5	0	0.0	69.0	0	0.0	69.0	0	0.0
info	15	12	18712.5	2	0.16877637130801687	18712.5	0	0.0	162.5	3	0.25316455696202533	75.0	0	0.0	75.0	0	0.0
info	15	13	20209.5	11	0.9282700421940928	20209.5	13	1.0970464135021096	175.5	13	1.0970464135021096	81.0	0	0.0	81.0	0	0.0
info	15	14	21706.5	3	0.25316455696202533	21706.5	2	0.16877637130801687	188.5	23	1.940928270042194	87.0	0	0.0	87.0	0	0.0
info	15	15	23203.5	7	0.5907172995780591	23203.5	0	0.0	201.5	29	2.4472573839662446	93.0	0	0.0	93.0	0	0.0
info	15	16	24700.5	7	0.5907172995780591	24700.5	15	1.2658227848101264	214.5	12	1.0126582278481013	99.0	0	0.0	99.0	0	0.0
info	15	17	26197.5	4	0.33755274261603374	26197.5	0	0.0	227.5	5	0.42194092827004215	105.0	0	0.0	105.0	0	0.0
info	15	18	27694.5	6	0.5063291139240507	27694.5	0	0.0	240.5	0	0.0	111.0	0	0.0	111.0	0	0.0
info	15	19	29191.5	5	0.42194092827004215	29191.5	15	1.2658227848101264	253.5	0	0.0	117.0	0	0.0	117.0	0	0.0
info	15	20	30688.5	8	0.6751054852320675	30688.5	0	0.0	266.5	1	0.08438818565400844	123.0	0	0.0	123.0	0	0.0
info	15	21	32185.5	7	0.5907172995780591	32185.5	15	1.2658227848101264	279.5	5	0.42194092827004215	129.0	0	0.0	129.0	0	0.0
info	15	22	33682.5	4	0.33755274261603374	33682.5	0	0.0	292.5	13	1.0970464135021096	135.0	0	0.0	135.0	0	0.0
info	15	23	35179.5	4	0.33755274261603374	35179.5	0	0.0	305.5	8	0.6751054852320675	141.0	0	0.0	141.0	0	0.0
info	15	24	36676.5	7	0.5907172995780591	36676.5	15	1.2658227848101264	318.5	4	0.33755274261603374	147.0	0	0.0	147.0	0	0.0
info	15	25	38173.5	6	0.5063291139240507	38173.5	0	0.0	331.5	0	0.0	153.0	0	0.0	153.0	0	0.0
info	15	26	39670.5	9	0.7594936708860759	39670.5	15	1.2658227848101264	344.5	0	0.0	159.0	0	0.0	159.0	0	0.0
info	15	27	41167.5	1	0.08438818565400844	41167.5	0	0.0	357.5	0	0.0	165.0	0	0.0	165.0	0	0.0
info	15	28	42664.5	8	0.6751054852320675	42664.5	0	0.0	370.5	1	0.08438818565400844	171.0	0	0.0	171.0	0	0.0
info	15	29	44161.5	6	0.5063291139240507	44161.5	15	1.2658227848101264	383.5	3	0.25316455696202533	177.0	0	0.0	177.0	0	0.0
info	15	30	45658.5	6	0.5063291139240507	45658.5	0	0.0	396.5	12	1.0126582278481013	183.0	0	0.0	183.0	0	0.0
info	15	31	47155.5	7	0.5907172995780591	47155.5	13	1.0970464135021096	409.5	9	0.7594936708860759	189.0	0	0.0	189.0	0	0.0
info	15	32	48652.5	3	0.25316455696202533	48652.5	2	0.16877637130801687	422.5	4	0.33755274261603374	195.0	0	0.0	195.0	0	0.0
info	15	33	50149.5	7	0.5907172995780591	50149.5	0	0.0	435.5	1	0.08438818565400844	201.0	0	0.0	201.0	0	0.0
info	15	34	51646.5	7	0.5907172995780591	51646.5	15	1.2658227848101264	448.5	1	0.08438818565400844	207.0	0	0.0	207.0	0	0.0
info	15	35	53143.5	6	0.5063291139240507	53143.5	0	0.0	461.5	0	0.0	213.0	0	0.0	213.0	0	0.0
info	15	36	54640.5	7	0.5907172995780591	54640.5	13	1.0970464135021096	474.5	3	0.25316455696202533	219.0	0	0.0	219.0	0	0.0
info	15	37	56137.5	3	0.25316455696202533	56137.5	2	0.16877637130801687	487.5	4	0.33755274261603374	225.0	0	0.0	225.0	0	0.0
info	15	38	57634.5	8	0.6751054852320675	57634.5	0	0.0	500.5	13	1.0970464135021096	231.0	0	0.0	231.0	0	0.0
info	15	39	59131.5	6	0.5063291139240507	59131.5	15	1.2658227848101264	513.5	5	0.42194092827004215	237.0	0	0.0	237.0	0	0.0
info	15	40	60628.5	8	0.6751054852320675	60628.5	0	0.0	526.5	3	0.25316455696202533	243.0	0	0.0	243.0	0	0.0
info	15	41	62125.5	7	0.5907172995780591	62125.5	15	1.2658227848101264	539.5	0	0.0	249.0	0	0.0	249.0	0	0.0
info	15	42	63622.5	4	0.33755274261603374	63622.5	0	0.0	552.5	0	0.0	255.0	0	0.0	255.0	0	0.0
info	15	43	65119.5	6	0.5063291139240507	65119.5	0	0.0	565.5	2	0.16877637130801687	261.0	0	0.0	261.0	0	0.0
info	15	44	66616.5	5	0.42194092827004215	66616.5	15	1.2658227848101264	578.5	1	0.08438818565400844	267.0	0	0.0	267.0	0	0.0
info	15	45	68113.5	5	0.42194092827004215	68113.5	0	0.0	591.5	7	0.5907172995780591	273.0	0	0.0	273.0	0	0.0
info	15	46	69610.5	10	0.8438818565400843	69610.5	15	1.2658227848101264	604.5	5	0.42194092827004215	279.0	0	0.0	279.0	0	0.0
info	15	47	71107.5	2	0.16877637130801687	71107.5	0	0.0	617.5	4	0.33755274261603374	285.0	0	0.0	285.0	0	0.0
info	15	48	72604.5	6	0.5063291139240507	72604.5	0	0.0	630.5	2	0.16877637130801687	291.0	0	0.0	291.0	0	0.0
info	15	49	74101.5	7	0.5907172995780591	74101.5	15	1.2658227848101264	643.5	0	0.0	297.0	0	0.0	297.0	0	0.0
info	15	50	75598.5	8	0.6751054852320675	75598.5	0	0.0	656.5	0	0.0	303.0	0	0.0	303.0	0	0.0
info	15	51	77095.5	5	0.42194092827004215	77095.5	13	1.0970464135021096	669.5	2	0.16877637130801687	309.0	0	0.0	309.0	0	0.0
info	15	52	78592.5	4	0.33755274261603374	78592.5	2	0.16877637130801687	682.5	5	0.42194092827004215	315.0	0	0.0	315.0	0	0.0
info	15	53	80089.5	10	0.8438818565400843	80089.5	12	1.0126582278481013	695.5	3	0.25316455696202533	321.0	0	0.0	321.0	0	0.0
info	15	54	81586.5	3	0.25316455696202533	81586.5	3	0.25316455696202533	708.5	11	0.9282700421940928	327.0	0	0.0	327.0	0	0.0
info	15	55	83083.5	10	0.8438818565400843	83083.5	0	0.0	721.5	7	0.5907172995780591	333.0	0	0.0	333.0	0	0.0
info	15	56	84580.5	5	0.42194092827004215	84580.5	15	1.2658227848101264	734.5	0	0.0	339.0	0	0.0	339.0	0	0.0
info	15	57	86077.5	6	0.5063291139240507	86077.5	0	0.0	747.5	0	0.0	345.0	0	0.0	345.0	0	0.0
info	15	58	87574.5	6	0.5063291139240507	87574.5	12	1.0126582278481013	760.5	0	0.0	351.0	0	0.0	351.0	0	0.0
info	15	59	89071.5	4	0.33755274261603374	89071.5	3	0.25316455696202533	773.5	1	0.08438818565400844	357.0	0	0.0	357.0	0	0.0
info	15	60	90568.5	7	0.5907172995780591	90568.5	0	0.0	786.5	6	0.5063291139240507	363.0	0	0.0	363.0	0	0.0
info	15	61	92065.5	7	0.5907172995780591	92065.5	15	1.2658227848101264	799.5	10	0.8438818565400843	369.0	0	0.0	369.0	0	0.0
info	15	62	93562.5	3	0.25316455696202533	93562.5	0	0.0	812.5	5	0.42194092827004215	375.0	0	0.0	375.0	0	0.0
info	15	63	95059.5	9	0.7594936708860759	95059.5	11	0.9282700421940928	825.5	5	0.42194092827004215	381.0	0	0.0	381.0	0	0.0
info	15	64	96556.5	3	0.25316455696202533	96556.5	4	0.33755274261603374	838.5	0	0.0	387.0	0	0.0	387.0	0	0.0
info	15	65	98053.5	8	0.6751054852320675	98053.5	0	0.0	851.5	0	0.0	393.0	0	0.0	393.0	0	0.0
info	15	66	99550.5	7	0.5907172995780591	99550.5	15	1.2658227848101264	864.5	0	0.0	399.0	0	0.0	399.0	0	0.0
info	15	67	101047.5	2	0.16877637130801687	101047.5	0	0.0	877.5	8	0.6751054852320675	405.0	0	0.0	405.0	0	0.0
info	15	68	102544.5	8	0.6751054852320675	102544.5	0	0.0	890.5	15	1.2658227848101264	411.0	0	0.0	411.0	0	0.0
info	15	69	104041.5	5	0.42194092827004215	104041.5	15	1.2658227848101264	903.5	6	0.5063291139240507	417.0	0	0.0	417.0	0	0.0
info	15	70	105538.5	4	0.33755274261603374	105538.5	0	0.0	916.5	13	1.0970464135021096	423.0	0	0.0	423.0	0	0.0
info	15	71	107035.5	8	0.6751054852320675	107035.5	12	1.0126582278481013	929.5	2	0.16877637130801687	429.0	0	0.0	429.0	0	0.0
info	15	72	108532.5	3	0.25316455696202533	108532.5	3	0.25316455696202533	942.5	0	0.0	435.0	0	0.0	435.0	0	0.0
info	15	73	110029.5	8	0.6751054852320675	110029.5	0	0.0	955.5	1	0.08438818565400844	441.0	0	0.0	441.0	0	0.0
info	15	74	111526.5	7	0.5907172995780591	111526.5	15	1.2658227848101264	968.5	5	0.42194092827004215	447.0	0	0.0	447.0	0	0.0
info	15	75	113023.5	6	0.5063291139240507	113023.5	0	0.0	981.5	8	0.6751054852320675	453.0	0	0.0	453.0	0	0.0
info	15	76	114520.5	9	0.7594936708860759	114520.5	15	1.2658227848101264	994.5	22	1.8565400843881856	459.0	0	0.0	459.0	0	0.0
info	15	77	116017.5	4	0.33755274261603374	116017.5	0	0.0	1007.5	19	1.6033755274261603	465.0	0	0.0	465.0	0	0.0
info	15	78	117514.5	6	0.5063291139240507	117514.5	0	0.0	1020.5	8	0.6751054852320675	471.0	0	0.0	471.0	0	0.0
info	15	79	119011.5	5	0.42194092827004215	119011.5	15	1.2658227848101264	1033.5	3	0.25316455696202533	477.0	0	0.0	477.0	0	0.0
info	15	80	120508.5	7	0.5907172995780591	120508.5	0	0.0	1046.5	0	0.0	483.0	0	0.0	483.0	0	0.0
info	15	81	122005.5	8	0.6751054852320675	122005.5	15	1.2658227848101264	1059.5	1	0.08438818565400844	489.0	0	0.0	489.0	0	0.0
info	15	82	123502.5	4	0.33755274261603374	123502.5	0	0.0	1072.5	2	0.16877637130801687	495.0	0	0.0	495.0	0	0.0
info	15	83	124999.5	7	0.5907172995780591	124999.5	0	0.0	1085.5	6	0.5063291139240507	501.0	0	0.0	501.0	0	0.0
info	15	84	126496.5	4	0.33755274261603374	126496.5	15	1.2658227848101264	1098.5	12	1.0126582278481013	507.0	0	0.0	507.0	0	0.0
info	15	85	127993.5	5	0.42194092827004215	127993.5	0	0.0	1111.5	6	0.5063291139240507	513.0	0	0.0	513.0	0	0.0
info	15	86	129490.5	10	0.8438818565400843	129490.5	15	1.2658227848101264	1124.5	1	0.08438818565400844	519.0	0	0.0	519.0	0	0.0
info	15	87	130987.5	1	0.08438818565400844	130987.5	0	0.0	1137.5	0	0.0	525.0	0	0.0	525.0	0	0.0
info	15	88	132484.5	7	0.5907172995780591	132484.5	0	0.0	1150.5	0	0.0	531.0	0	0.0	531.0	0	0.0
info	15	89	133981.5	7	0.5907172995780591	133981.5	15	1.2658227848101264	1163.5	1	0.08438818565400844	537.0	0	0.0	537.0	0	0.0
info	15	90	135478.5	4	0.33755274261603374	135478.5	0	0.0	1176.5	3	0.25316455696202533	543.0	0	0.0	543.0	0	0.0
info	15	91	136975.5	8	0.6751054852320675	136975.5	12	1.0126582278481013	1189.5	7	0.5907172995780591	549.0	0	0.0	549.0	0	0.0
info	15	92	138472.5	4	0.33755274261603374	138472.5	3	0.25316455696202533	1202.5	15	1.2658227848101264	555.0	0	0.0	555.0	0	0.0
info	15	93	139969.5	7	0.5907172995780591	139969.5	0	0.0	1215.5	9	0.7594936708860759	561.0	0	0.0	561.0	0	0.0
info	15	94	141466.5	7	0.5907172995780591	141466.5	15	1.2658227848101264	1228.5	6	0.5063291139240507	567.0	0	0.0	567.0	0	0.0
info	15	95	142963.5	7	0.5907172995780591	142963.5	0	0.0	1241.5	0	0.0	573.0	0	0.0	573.0	0	0.0
info	15	96	144460.5	6	0.5063291139240507	144460.5	13	1.0970464135021096	1254.5	0	0.0	579.0	0	0.0	579.0	0	0.0
info	15	97	145957.5	3	0.25316455696202533	145957.5	2	0.16877637130801687	1267.5	4	0.33755274261603374	585.0	0	0.0	585.0	0	0.0
info	15	98	147454.5	7	0.5907172995780591	147454.5	0	0.0	1280.5	9	0.7594936708860759	591.0	0	0.0	591.0	0	0.0
info	15	99	148951.5	7	0.5907172995780591	148951.5	15	1.2658227848101264	1293.5	18	1.5189873417721518	597.0	0	0.0	597.0	0	0.0
info	15	100	150448.5	4	0.33755274261603374	150448.5	0	0.0	1306.5	19	1.6033755274261603	603.0	0	0.0	603.0	0	0.0
info	15	101	151945.5	6	0.5063291139240507	151945.5	0	0.0	1319.5	8	0.6751054852320675	609.0	0	0.0	609.0	0	0.0
info	15	102	153442.5	5	0.42194092827004215	153442.5	15	1.2658227848101264	1332.5	2	0.16877637130801687	615.0	0	0.0	615.0	0	0.0
info	15	103	154939.5	6	0.5063291139240507	154939.5	0	0.0	1345.5	0	0.0	621.0	0	0.0	621.0	0	0.0
info	15	104	156436.5	8	0.6751054852320675	156436.5	14	1.1814345991561181	1358.5	0	0.0	627.0	0	0.0	627.0	0	0.0
info	15	105	157933.5	5	0.42194092827004215	157933.5	1	0.08438818565400844	1371.5	4	0.33755274261603374	633.0	0	0.0	633.0	0	0.0
info	15	106	159430.5	8	0.6751054852320675	159430.5	5	0.42194092827004215	1384.5	4	0.33755274261603374	639.0	0	0.0	639.0	0	0.0
info	15	107	160927.5	3	0.25316455696202533	160927.5	10	0.8438818565400843	1397.5	16	1.350210970464135	645.0	0	0.0	645.0	0	0.0
info	15	108	162424.5	8	0.6751054852320675	162424.5	0	0.0	1410.5	11	0.9282700421940928	651.0	0	0.0	651.0	0	0.0
info	15	109	163921.5	7	0.5907172995780591	163921.5	15	1.2658227848101264	1423.5	7	0.5907172995780591	657.0	0	0.0	657.0	0	0.0
info	15	110	165418.5	2	0.16877637130801687	165418.5	0	0.0	1436.5	0	0.0	663.0	0	0.0	663.0	0	0.0
info	15	111	166915.5	7	0.5907172995780591	166915.5	0	0.0	1449.5	1	0.08438818565400844	669.0	0	0.0	669.0	0	0.0
info	15	112	168412.5	6	0.5063291139240507	168412.5	15	1.2658227848101264	1462.5	0	0.0	675.0	0	0.0	675.0	0	0.0
info	15	113	169909.5	6	0.5063291139240507	169909.5	0	0.0	1475.5	10	0.8438818565400843	681.0	0	0.0	681.0	0	0.0
info	15	114	171406.5	7	0.5907172995780591	171406.5	13	1.0970464135021096	1488.5	11	0.9282700421940928	687.0	0	0.0	687.0	0	0.0
info	15	115	172903.5	4	0.33755274261603374	172903.5	2	0.16877637130801687	1501.5	10	0.8438818565400843	693.0	0	0.0	693.0	0	0.0
info	15	116	174400.5	6	0.5063291139240507	174400.5	0	0.0	1514.5	6	0.5063291139240507	699.0	0	0.0	699.0	0	0.0
info	15	117	175897.5	7	0.5907172995780591	175897.5	15	1.2658227848101264	1527.5	4	0.33755274261603374	705.0	0	0.0	705.0	0	0.0
info	15	118	177394.5	6	0.5063291139240507	177394.5	0	0.0	1540.5	2	0.16877637130801687	711.0	0	0.0	711.0	0	0.0
info	15	119	178891.5	6	0.5063291139240507	178891.5	12	1.0126582278481013	1553.5	0	0.0	717.0	0	0.0	717.0	0	0.0
info	15	120	180388.5	4	0.33755274261603374	180388.5	3	0.25316455696202533	1566.5	2	0.16877637130801687	723.0	0	0.0	723.0	0	0.0
info	15	121	181885.5	8	0.6751054852320675	181885.5	0	0.0	1579.5	3	0.25316455696202533	729.0	0	0.0	729.0	0	0.0
info	15	122	183382.5	6	0.5063291139240507	183382.5	15	1.2658227848101264	1592.5	11	0.9282700421940928	735.0	0	0.0	735.0	0	0.0
info	15	123	184879.5	5	0.42194092827004215	184879.5	0	0.0	1605.5	11	0.9282700421940928	741.0	0	0.0	741.0	0	0.0
info	15	124	186376.5	7	0.5907172995780591	186376.5	12	1.0126582278481013	1618.5	5	0.42194092827004215	747.0	0	0.0	747.0	0	0.0
info	15	125	187873.5	4	0.33755274261603374	187873.5	3	0.25316455696202533	1631.5	2	0.16877637130801687	753.0	0	0.0	753.0	0	0.0
info	15	126	189370.5	7	0.5907172995780591	189370.5	0	0.0	1644.5	0	0.0	759.0	0	0.0	759.0	0	0.0
info	15	127	190867.5	7	0.5907172995780591	190867.5	15	1.2658227848101264	1657.5	1	0.08438818565400844	765.0	0	0.0	765.0	0	0.0
info	15	128	192364.5	5	0.42194092827004215	192364.5	0	0.0	1670.5	4	0.33755274261603374	771.0	0	0.0	771.0	0	0.0
info	15	129	193861.5	8	0.6751054852320675	193861.5	12	1.0126582278481013	1683.5	6	0.5063291139240507	777.0	0	0.0	777.0	0	0.0
info	15	130	195358.5	2	0.16877637130801687	195358.5	3	0.25316455696202533	1696.5	9	0.7594936708860759	783.0	0	0.0	783.0	0	0.0
info	15	131	196855.5	7	0.5907172995780591	196855.5	0	0.0	1709.5	12	1.0126582278481013	789.0	0	0.0	789.0	0	0.0
info	15	132	198352.5	8	0.6751054852320675	198352.5	15	1.2658227848101264	1722.5	4	0.33755274261603374	795.0	0	0.0	795.0	0	0.0
info	15	133	199849.5	5	0.42194092827004215	199849.5	0	0.0	1735.5	3	0.25316455696202533	801.0	0	0.0	801.0	0	0.0
info	15	134	201346.5	6	0.5063291139240507	201346.5	0	0.0	1748.5	0	0.0	807.0	0	0.0	807.0	0	0.0
info	15	135	202843.5	4	0.33755274261603374	202843.5	15	1.2658227848101264	1761.5	0	0.0	813.0	0	0.0	813.0	0	0.0
info	15	136	204340.5	6	0.5063291139240507	204340.5	0	0.0	1774.5	5	0.42194092827004215	819.0	0	0.0	819.0	0	0.0
info	15	137	205837.5	7	0.5907172995780591	205837.5	12	1.0126582278481013	1787.5	6	0.5063291139240507	825.0	0	0.0	825.0	0	0.0
info	15	138	207334.5	3	0.25316455696202533	207334.5	3	0.25316455696202533	1800.5	21	1.7721518987341771	831.0	0	0.0	831.0	0	0.0
info	15	139	208831.5	6	0.5063291139240507	208831.5	0	0.0	1813.5	15	1.2658227848101264	837.0	0	0.0	837.0	0	0.0
info	15	140	210328.5	8	0.6751054852320675	210328.5	15	1.2658227848101264	1826.5	3	0.25316455696202533	843.0	0	0.0	843.0	0	0.0
info	15	141	211825.5	4	0.33755274261603374	211825.5	0	0.0	1839.5	0	0.0	849.0	0	0.0	849.0	0	0.0
info	15	142	213322.5	8	0.6751054852320675	213322.5	10	0.8438818565400843	1852.5	0	0.0	855.0	0	0.0	855.0	0	0.0
info	15	143	214819.5	3	0.25316455696202533	214819.5	5	0.42194092827004215	1865.5	0	0.0	861.0	0	0.0	861.0	0	0.0
info	15	144	216316.5	4	0.33755274261603374	216316.5	0	0.0	1878.5	10	0.8438818565400843	867.0	0	0.0	867.0	0	0.0
info	15	145	217813.5	8	0.6751054852320675	217813.5	12	1.0126582278481013	1891.5	15	1.2658227848101264	873.0	0	0.0	873.0	0	0.0
info	15	146	219310.5	5	0.42194092827004215	219310.5	3	0.25316455696202533	1904.5	14	1.1814345991561181	879.0	0	0.0	879.0	0	0.0
info	15	147	220807.5	10	0.8438818565400843	220807.5	0	0.0	1917.5	9	0.7594936708860759	885.0	0	0.0	885.0	0	0.0
info	15	148	222304.5	3	0.25316455696202533	222304.5	15	1.2658227848101264	1930.5	0	0.0	891.0	0	0.0	891.0	0	0.0
info	15	149	223801.5	7	0.5907172995780591	223801.5	0	0.0	1943.5	0	0.0	897.0	0	0.0	897.0	0	0.0
info	15	150	225298.5	8	0.6751054852320675	225298.5	15	1.2658227848101264	1956.5	0	0.0	903.0	0	0.0	903.0	0	0.0
info	15	151	226795.5	4	0.33755274261603374	226795.5	0	0.0	1969.5	4	0.33755274261603374	909.0	0	0.0	909.0	0	0.0
info	15	152	228292.5	5	0.42194092827004215	228292.5	0	0.0	1982.5	1	0.08438818565400844	915.0	0	0.0	915.0	0	0.0
info	15	153	229789.5	6	0.5063291139240507	229789.5	15	1.2658227848101264	1995.5	9	0.7594936708860759	921.0	0	0.0	921.0	0	0.0
info	15	154	231286.5	4	0.33755274261603374	231286.5	0	0.0	2008.5	4	0.33755274261603374	927.0	0	0.0	927.0	0	0.0
info	15	155	232783.5	10	0.8438818565400843	232783.5	8	0.6751054852320675	2021.5	6	0.5063291139240507	933.0	0	0.0	933.0	0	0.0
info	15	156	234280.5	1	0.08438818565400844	234280.5	7	0.5907172995780591	2034.5	1	0.08438818565400844	939.0	0	0.0	939.0	0	0.0
info	15	157	235777.5	7	0.5907172995780591	235777.5	0	0.0	2047.5	0	0.0	945.0	0	0.0	945.0	0	0.0
info	15	158	237274.5	8	0.6751054852320675	237274.5	15	1.2658227848101264	2060.5	0	0.0	951.0	0	0.0	951.0	0	0.0
info	15	159	238771.5	2	0.16877637130801687	238771.5	0	0.0	2073.5	2	0.16877637130801687	957.0	0	0.0	957.0	0	0.0
info	15	160	240268.5	8	0.6751054852320675	240268.5	0	0.0	2086.5	6	0.5063291139240507	963.0	0	0.0	963.0	0	0.0
info	15	161	241765.5	5	0.42194092827004215	241765.5	15	1.2658227848101264	2099.5	7	0.5907172995780591	969.0	0	0.0	969.0	0	0.0
info	15	162	243262.5	6	0.5063291139240507	243262.5	0	0.0	2112.5	5	0.42194092827004215	975.0	0	0.0	975.0	0	0.0
info	15	163	244759.5	6	0.5063291139240507	244759.5	12	1.0126582278481013	2125.5	2	0.16877637130801687	981.0	0	0.0	981.0	0	0.0
info	15	164	246256.5	4	0.33755274261603374	246256.5	3	0.25316455696202533	2138.5	0	0.0	987.0	0	0.0	987.0	0	0.0
info	15	165	247753.5	7	0.5907172995780591	247753.5	0	0.0	2151.5	0	0.0	993.0	0	0.0	993.0	0	0.0
info	15	166	249250.5	7	0.5907172995780591	249250.5	15	1.2658227848101264	2164.5	1	0.08438818565400844	999.0	0	0.0	999.0	0	0.0
info	15	167	250747.5	6	0.5063291139240507	250747.5	0	0.0	2177.5	3	0.25316455696202533	1005.0	0	0.0	1005.0	0	0.0
info	15	168	252244.5	8	0.6751054852320675	252244.5	14	1.1814345991561181	2190.5	3	0.25316455696202533	1011.0	0	0.0	1011.0	0	0.0
info	15	169	253741.5	2	0.16877637130801687	253741.5	1	0.08438818565400844	2203.5	7	0.5907172995780591	1017.0	0	0.0	1017.0	0	0.0
info	15	170	255238.5	6	0.5063291139240507	255238.5	0	0.0	2216.5	2	0.16877637130801687	1023.0	0	0.0	1023.0	0	0.0
info	15	171	256735.5	8	0.6751054852320675	256735.5	15	1.2658227848101264	2229.5	1	0.08438818565400844	1029.0	0	0.0	1029.0	0	0.0
info	15	172	258232.5	4	0.33755274261603374	258232.5	0	0.0	2242.5	0	0.0	1035.0	0	0.0	1035.0	0	0.0
info	15	173	259729.5	8	0.6751054852320675	259729.5	3	0.25316455696202533	2255.5	0	0.0	1041.0	0	0.0	1041.0	0	0.0
info	15	174	261226.5	3	0.25316455696202533	261226.5	12	1.0126582278481013	2268.5	0	0.0	1047.0	0	0.0	1047.0	0	0.0
info	15	175	262723.5	8	0.6751054852320675	262723.5	0	0.0	2281.5	2	0.16877637130801687	1053.0	0	0.0	1053.0	0	0.0
info	15	176	264220.5	7	0.5907172995780591	264220.5	15	1.2658227848101264	2294.5	0	0.0	1059.0	0	0.0	1059.0	0	0.0
info	15	177	265717.5	4	0.33755274261603374	265717.5	0	0.0	2307.5	2	0.16877637130801687	1065.0	0	0.0	1065.0	0	0.0
info	15	178	267214.5	6	0.5063291139240507	267214.5	0	0.0	2320.5	1	0.08438818565400844	1071.0	0	0.0	1071.0	0	0.0
info	15	179	268711.5	5	0.42194092827004215	268711.5	15	1.2658227848101264	2333.5	0	0.0	1077.0	0	0.0	1077.0	0	0.0
info	15	180	270208.5	6	0.5063291139240507	270208.5	0	0.0	2346.5	0	0.0	1083.0	0	0.0	1083.0	0	0.0
info	15	181	271705.5	9	0.7594936708860759	271705.5	15	1.2658227848101264	2359.5	0	0.0	1089.0	0	0.0	1089.0	0	0.0
info	15	182	273202.5	1	0.08438818565400844	273202.5	0	0.0	2372.5	1	0.08438818565400844	1095.0	0	0.0	1095.0	0	0.0
info	15	183	274699.5	7	0.5907172995780591	274699.5	0	0.0	2385.5	0	0.0	1101.0	0	0.0	1101.0	0	0.0
info	15	184	276196.5	7	0.5907172995780591	276196.5	15	1.2658227848101264	2398.5	3	0.25316455696202533	1107.0	0	0.0	1107.0	0	0.0
info	15	185	277693.5	6	0.5063291139240507	277693.5	0	0.0	2411.5	0	0.0	1113.0	0	0.0	1113.0	0	0.0
info	15	186	279190.5	8	0.6751054852320675	279190.5	14	1.1814345991561181	2424.5	0	0.0	1119.0	0	0.0	1119.0	0	0.0
info	15	187	280687.5	2	0.16877637130801687	280687.5	1	0.08438818565400844	2437.5	0	0.0	1125.0	0	0.0	1125.0	0	0.0
info	15	188	282184.5	6	0.5063291139240507	282184.5	0	0.0	2450.5	0	0.0	1131.0	0	0.0	1131.0	0	0.0
info	15	189	283681.5	8	0.6751054852320675	283681.5	15	1.2658227848101264	2463.5	0	0.0	1137.0	0	0.0	1137.0	0	0.0
info	15	190	285178.5	5	0.42194092827004215	285178.5	0	0.0	2476.5	0	0.0	1143.0	0	0.0	1143.0	0	0.0
info	15	191	286675.5	7	0.5907172995780591	286675.5	12	1.0126582278481013	2489.5	0	0.0	1149.0	0	0.0	1149.0	0	0.0
info	15	192	288172.5	4	0.33755274261603374	288172.5	3	0.25316455696202533	2502.5	1	0.08438818565400844	1155.0	0	0.0	1155.0	0	0.0
info	15	193	289669.5	7	0.5907172995780591	289669.5	0	0.0	2515.5	0	0.0	1161.0	0	0.0	1161.0	0	0.0
info	15	194	291166.5	7	0.5907172995780591	291166.5	15	1.2658227848101264	2528.5	0	0.0	1167.0	0	0.0	1167.0	0	0.0
info	15	195	292663.5	2	0.16877637130801687	292663.5	0	0.0	2541.5	0	0.0	1173.0	0	0.0	1173.0	0	0.0
info	15	196	294160.5	10	0.8438818565400843	294160.5	3	0.25316455696202533	2554.5	0	0.0	1179.0	0	0.0	1179.0	0	0.0
info	15	197	295657.5	3	0.25316455696202533	295657.5	12	1.0126582278481013	2567.5	0	0.0	1185.0	0	0.0	1185.0	0	0.0
info	15	198	297154.5	7	0.5907172995780591	297154.5	0	0.0	2580.5	0	0.0	1191.0	0	0.0	1191.0	0	0.0
info	15	199	298651.5	8	0.6751054852320675	298651.5	15	1.2658227848101264	2593.5	0	0.0	1197.0	0	0.0	1197.0	0	0.0
home	15	0	747.5	13	1.0970464135021096	747.5	7	0.5907172995780591	3.5	166	14.0084388185654	3.0	1185	100.0	3.0	1185	100.0
home	15	1	2242.5	2	0.16877637130801687	2242.5	8	0.6751054852320675	10.5	25	2.109704641350211	9.0	0	0.0	9.0	0	0.0
home	15	2	3737.5	0	0.0	3737.5	0	0.0	17.5	11	0.9282700421940928	15.0	0	0.0	15.0	0	0.0
home	15	3	5232.5	15	1.2658227848101264	5232.5	15	1.2658227848101264	24.5	20	1.6877637130801686	21.0	0	0.0	21.0	0	0.0
home	15	4	6727.5	0	0.0	6727.5	0	0.0	31.5	12	1.0126582278481013	27.0	0	0.0	27.0	0	0.0
home	15	5	8222.5	12	1.0126582278481013	8222.5	3	0.25316455696202533	38.5	7	0.5907172995780591	33.0	0	0.0	33.0	0	0.0
home	15	6	9717.5	3	0.25316455696202533	9717.5	12	1.0126582278481013	45.5	1	0.08438818565400844	39.0	0	0.0	39.0	0	0.0
home	15	7	11212.5	0	0.0	11212.5	0	0.0	52.5	1	0.08438818565400844	45.0	0	0.0	45.0	0	0.0
home	15	8	12707.5	15	1.2658227848101264	12707.5	15	1.2658227848101264	59.5	2	0.16877637130801687	51.0	0	0.0	51.0	0	0.0
home	15	9	14202.5	0	0.0	14202.5	0	0.0	66.5	5	0.42194092827004215	57.0	0	0.0	57.0	0	0.0
home	15	10	15697.5	0	0.0	15697.5	0	0.0	73.5	30	2.531645569620253	63.0	0	0.0	63.0	0	0.0
home	15	11	17192.5	15	1.2658227848101264	17192.5	15	1.2658227848101264	80.5	10	0.8438818565400843	69.0	0	0.0	69.0	0	0.0
home	15	12	18687.5	0	0.0	18687.5	0	0.0	87.5	36	3.0379746835443036	75.0	0	0.0	75.0	0	0.0
home	15	13	20182.5	15	1.2658227848101264	20182.5	15	1.2658227848101264	94.5	76	6.413502109704641	81.0	0	0.0	81.0	0	0.0
home	15	14	21677.5	0	0.0	21677.5	0	0.0	101.5	59	4.9789029535864975	87.0	0	0.0	87.0	0	0.0
home	15	15	23172.5	0	0.0	23172.5	0	0.0	108.5	75	6.329113924050633	93.0	0	0.0	93.0	0	0.0
home	15	16	24667.5	15	1.2658227848101264	24667.5	15	1.2658227848101264	115.5	52	4.3881856540084385	99.0	0	0.0	99.0	0	0.0
home	15	17	26162.5	0	0.0	26162.5	0	0.0	122.5	48	4.050632911392405	105.0	0	0.0	105.0	0	0.0
home	15	18	27657.5	12	1.0126582278481013	27657.5	12	1.0126582278481013	129.5	22	1.8565400843881856	111.0	0	0.0	111.0	0	0.0
home	15	19	29152.5	3	0.25316455696202533	29152.5	3	0.25316455696202533	136.5	7	0.5907172995780591	117.0	0	0.0	117.0	0	0.0
home	15	20	30647.5	1	0.08438818565400844	30647.5	0	0.0	143.5	0	0.0	123.0	0	0.0	123.0	0	0.0
home	15	21	32142.5	14	1.1814345991561181	32142.5	15	1.2658227848101264	150.5	0	0.0	129.0	0	0.0	129.0	0	0.0
home	15	22	33637.5	0	0.0	33637.5	0	0.0	157.5	2	0.16877637130801687	135.0	0	0.0	135.0	0	0.0
home	15	23	35132.5	12	1.0126582278481013	35132.5	0	0.0	164.5	6	0.5063291139240507	141.0	0	0.0	141.0	0	0.0
home	15	24	36627.5	3	0.25316455696202533	36627.5	15	1.2658227848101264	171.5	18	1.5189873417721518	147.0	0	0.0	147.0	0	0.0
home	15	25	38122.5	0	0.0	38122.5	0	0.0	178.5	48	4.050632911392405	153.0	0	0.0	153.0	0	0.0
home	15	26	39617.5	15	1.2658227848101264	39617.5	15	1.2658227848101264	185.5	72	6.075949367088607	159.0	0	0.0	159.0	0	0.0
home	15	27	41112.5	0	0.0	41112.5	0	0.0	192.5	84	7.0886075949367084	165.0	0	0.0	165.0	0	0.0
home	15	28	42607.5	12	1.0126582278481013	42607.5	0	0.0	199.5	86	7.257383966244725	171.0	0	0.0	171.0	0	0.0
home	15	29	44102.5	3	0.25316455696202533	44102.5	15	1.2658227848101264	206.5	58	4.894514767932489	177.0	0	0.0	177.0	0	0.0
home	15	30	45597.5	0	0.0	45597.5	0	0.0	213.5	25	2.109704641350211	183.0	0	0.0	183.0	0	0.0
home	15	31	47092.5	15	1.2658227848101264	47092.5	15	1.2658227848101264	220.5	17	1.4345991561181435	189.0	0	0.0	189.0	0	0.0
home	15	32	48587.5	0	0.0	48587.5	0	0.0	227.5	1	0.08438818565400844	195.0	0	0.0	195.0	0	0.0
home	15	33	50082.5	12	1.0126582278481013	50082.5	7	0.5907172995780591	234.5	2	0.16877637130801687	201.0	0	0.0	201.0	0	0.0
home	15	34	51577.5	3	0.25316455696202533	51577.5	8	0.6751054852320675	241.5	0	0.0	207.0	0	0.0	207.0	0	0.0
home	15	35	53072.5	0	0.0	53072.5	0	0.0	248.5	0	0.0	213.0	0	0.0	213.0	0	0.0
home	15	36	54567.5	15	1.2658227848101264	54567.5	15	1.2658227848101264	255.5	0	0.0	219.0	0	0.0	219.0	0	0.0
home	15	37	56062.5	0	0.0	56062.5	0	0.0	262.5	4	0.33755274261603374	225.0	0	0.0	225.0	0	0.0
home	15	38	57557.5	12	1.0126582278481013	57557.5	4	0.33755274261603374	269.5	4	0.33755274261603374	231.0	0	0.0	231.0	0	0.0
home	15	39	59052.5	3	0.25316455696202533	59052.5	11	0.9282700421940928	276.5	14	1.1814345991561181	237.0	0	0.0	237.0	0	0.0
home	15	40	60547.5	2	0.16877637130801687	60547.5	0	0.0	283.5	21	1.7721518987341771	243.0	0	0.0	243.0	0	0.0
home	15	41	62042.5	13	1.0970464135021096	62042.5	15	1.2658227848101264	290.5	12	1.0126582278481013	249.0	0	0.0	249.0	0	0.0
home	15	42	63537.5	0	0.0	63537.5	0	0.0	297.5	11	0.9282700421940928	255.0	0	0.0	255.0	0	0.0
home	15	43	65032.5	12	1.0126582278481013	65032.5	12	1.0126582278481013	304.5	12	1.0126582278481013	261.0	0	0.0	261.0	0	0.0
home	15	44	66527.5	3	0.25316455696202533	66527.5	3	0.25316455696202533	311.5	3	0.25316455696202533	267.0	0	0.0	267.0	0	0.0
home	15	45	68022.5	0	0.0	68022.5	0	0.0	318.5	3	0.25316455696202533	273.0	0	0.0	273.0	0	0.0
home	15	46	69517.5	15	1.2658227848101264	69517.5	15	1.2658227848101264	325.5	0	0.0	279.0	0	0.0	279.0	0	0.0
home	15	47	71012.5	0	0.0	71012.5	0	0.0	332.5	0	0.0	285.0	0	0.0	285.0	0	0.0
home	15	48	72507.5	12	1.0126582278481013	72507.5	0	0.0	339.5	0	0.0	291.0	0	0.0	291.0	0	0.0
home	15	49	74002.5	3	0.25316455696202533	74002.5	15	1.2658227848101264	346.5	0	0.0	297.0	0	0.0	297.0	0	0.0
home	15	50	75497.5	0	0.0	75497.5	0	0.0	353.5	0	0.0	303.0	0	0.0	303.0	0	0.0
home	15	51	76992.5	15	1.2658227848101264	76992.5	15	1.2658227848101264	360.5	0	0.0	309.0	0	0.0	309.0	0	0.0
home	15	52	78487.5	0	0.0	78487.5	0	0.0	367.5	1	0.08438818565400844	315.0	0	0.0	315.0	0	0.0
home	15	53	79982.5	13	1.0970464135021096	79982.5	13	1.0970464135021096	374.5	1	0.08438818565400844	321.0	0	0.0	321.0	0	0.0
home	15	54	81477.5	2	0.16877637130801687	81477.5	2	0.16877637130801687	381.5	1	0.08438818565400844	327.0	0	0.0	327.0	0	0.0
home	15	55	82972.5	0	0.0	82972.5	0	0.0	388.5	2	0.16877637130801687	333.0	0	0.0	333.0	0	0.0
home	15	56	84467.5	15	1.2658227848101264	84467.5	15	1.2658227848101264	395.5	1	0.08438818565400844	339.0	0	0.0	339.0	0	0.0
home	15	57	85962.5	0	0.0	85962.5	0	0.0	402.5	2	0.16877637130801687	345.0	0	0.0	345.0	0	0.0
home	15	58	87457.5	15	1.2658227848101264	87457.5	15	1.2658227848101264	409.5	0	0.0	351.0	0	0.0	351.0	0	0.0
home	15	59	88952.5	0	0.0	88952.5	0	0.0	416.5	0	0.0	357.0	0	0.0	357.0	0	0.0
home	15	60	90447.5	0	0.0	90447.5	0	0.0	423.5	0	0.0	363.0	0	0.0	363.0	0	0.0
home	15	61	91942.5	15	1.2658227848101264	91942.5	15	1.2658227848101264	430.5	0	0.0	369.0	0	0.0	369.0	0	0.0
home	15	62	93437.5	0	0.0	93437.5	0	0.0	437.5	0	0.0	375.0	0	0.0	375.0	0	0.0
home	15	63	94932.5	13	1.0970464135021096	94932.5	13	1.0970464135021096	444.5	0	0.0	381.0	0	0.0	381.0	0	0.0
home	15	64	96427.5	2	0.16877637130801687	96427.5	2	0.16877637130801687	451.5	0	0.0	387.0	0	0.0	387.0	0	0.0
home	15	65	97922.5	0	0.0	97922.5	0	0.0	458.5	0	0.0	393.0	0	0.0	393.0	0	0.0
home	15	66	99417.5	15	1.2658227848101264	99417.5	15	1.2658227848101264	465.5	1	0.08438818565400844	399.0	0	0.0	399.0	0	0.0
home	15	67	100912.5	0	0.0	100912.5	0	0.0	472.5	0	0.0	405.0	0	0.0	405.0	0	0.0
home	15	68	102407.5	0	0.0	102407.5	0	0.0	479.5	0	0.0	411.0	0	0.0	411.0	0	0.0
home	15	69	103902.5	15	1.2658227848101264	103902.5	15	1.2658227848101264	486.5	0	0.0	417.0	0	0.0	417.0	0	0.0
home	15	70	105397.5	0	0.0	105397.5	0	0.0	493.5	1	0.08438818565400844	423.0	0	0.0	423.0	0	0.0
home	15	71	106892.5	12	1.0126582278481013	106892.5	12	1.0126582278481013	500.5	1	0.08438818565400844	429.0	0	0.0	429.0	0	0.0
home	15	72	108387.5	3	0.25316455696202533	108387.5	3	0.25316455696202533	507.5	0	0.0	435.0	0	0.0	435.0	0	0.0
home	15	73	109882.5	0	0.0	109882.5	0	0.0	514.5	0	0.0	441.0	0	0.0	441.0	0	0.0
home	15	74	111377.5	15	1.2658227848101264	111377.5	15	1.2658227848101264	521.5	0	0.0	447.0	0	0.0	447.0	0	0.0
home	15	75	112872.5	0	0.0	112872.5	0	0.0	528.5	0	0.0	453.0	0	0.0	453.0	0	0.0
home	15	76	114367.5	15	1.2658227848101264	114367.5	15	1.2658227848101264	535.5	0	0.0	459.0	0	0.0	459.0	0	0.0
home	15	77	115862.5	0	0.0	115862.5	0	0.0	542.5	0	0.0	465.0	0	0.0	465.0	0	0.0
home	15	78	117357.5	9	0.7594936708860759	117357.5	0	0.0	549.5	0	0.0	471.0	0	0.0	471.0	0	0.0
home	15	79	118852.5	6	0.5063291139240507	118852.5	15	1.2658227848101264	556.5	0	0.0	477.0	0	0.0	477.0	0	0.0
home	15	80	120347.5	0	0.0	120347.5	0	0.0	563.5	0	0.0	483.0	0	0.0	483.0	0	0.0
home	15	81	121842.5	15	1.2658227848101264	121842.5	15	1.2658227848101264	570.5	0	0.0	489.0	0	0.0	489.0	0	0.0
home	15	82	123337.5	0	0.0	123337.5	0	0.0	577.5	0	0.0	495.0	0	0.0	495.0	0	0.0
home	15	83	124832.5	12	1.0126582278481013	124832.5	1	0.08438818565400844	584.5	0	0.0	501.0	0	0.0	501.0	0	0.0
home	15	84	126327.5	3	0.25316455696202533	126327.5	14	1.1814345991561181	591.5	0	0.0	507.0	0	0.0	507.0	0	0.0
home	15	85	127822.5	0	0.0	127822.5	0	0.0	598.5	0	0.0	513.0	0	0.0	513.0	0	0.0
home	15	86	129317.5	15	1.2658227848101264	129317.5	15	1.2658227848101264	605.5	0	0.0	519.0	0	0.0	519.0	0	0.0
home	15	87	130812.5	0	0.0	130812.5	0	0.0	612.5	1	0.08438818565400844	525.0	0	0.0	525.0	0	0.0
home	15	88	132307.5	0	0.0	132307.5	0	0.0	619.5	1	0.08438818565400844	531.0	0	0.0	531.0	0	0.0
home	15	89	133802.5	15	1.2658227848101264	133802.5	15	1.2658227848101264	626.5	0	0.0	537.0	0	0.0	537.0	0	0.0
home	15	90	135297.5	0	0.0	135297.5	0	0.0	633.5	0	0.0	543.0	0	0.0	543.0	0	0.0
home	15	91	136792.5	14	1.1814345991561181	136792.5	14	1.1814345991561181	640.5	0	0.0	549.0	0	0.0	549.0	0	0.0
home	15	92	138287.5	1	0.08438818565400844	138287.5	1	0.08438818565400844	647.5	0	0.0	555.0	0	0.0	555.0	0	0.0
home	15	93	139782.5	3	0.25316455696202533	139782.5	0	0.0	654.5	0	0.0	561.0	0	0.0	561.0	0	0.0
home	15	94	141277.5	12	1.0126582278481013	141277.5	15	1.2658227848101264	661.5	0	0.0	567.0	0	0.0	567.0	0	0.0
home	15	95	142772.5	0	0.0	142772.5	0	0.0	668.5	0	0.0	573.0	0	0.0	573.0	0	0.0
home	15	96	144267.5	15	1.2658227848101264	144267.5	15	1.2658227848101264	675.5	0	0.0	579.0	0	0.0	579.0	0	0.0
home	15	97	145762.5	0	0.0	145762.5	0	0.0	682.5	0	0.0	585.0	0	0.0	585.0	0	0.0
home	15	98	147257.5	0	0.0	147257.5	0	0.0	689.5	0	0.0	591.0	0	0.0	591.0	0	0.0
home	15	99	148752.5	15	1.2658227848101264	148752.5	15	1.2658227848101264	696.5	1	0.08438818565400844	597.0	0	0.0	597.0	0	0.0
home	15	100	150247.5	0	0.0	150247.5	0	0.0	703.5	0	0.0	603.0	0	0.0	603.0	0	0.0
home	15	101	151742.5	12	1.0126582278481013	151742.5	0	0.0	710.5	0	0.0	609.0	0	0.0	609.0	0	0.0
home	15	102	153237.5	3	0.25316455696202533	153237.5	15	1.2658227848101264	717.5	0	0.0	615.0	0	0.0	615.0	0	0.0
home	15	103	154732.5	0	0.0	154732.5	0	0.0	724.5	2	0.16877637130801687	621.0	0	0.0	621.0	0	0.0
home	15	104	156227.5	15	1.2658227848101264	156227.5	15	1.2658227848101264	731.5	0	0.0	627.0	0	0.0	627.0	0	0.0
home	15	105	157722.5	0	0.0	157722.5	0	0.0	738.5	0	0.0	633.0	0	0.0	633.0	0	0.0
home	15	106	159217.5	12	1.0126582278481013	159217.5	12	1.0126582278481013	745.5	0	0.0	639.0	0	0.0	639.0	0	0.0
home	15	107	160712.5	3	0.25316455696202533	160712.5	3	0.25316455696202533	752.5	0	0.0	645.0	0	0.0	645.0	0	0.0
home	15	108	162207.5	0	0.0	162207.5	0	0.0	759.5	0	0.0	651.0	0	0.0	651.0	0	0.0
home	15	109	163702.5	15	1.2658227848101264	163702.5	15	1.2658227848101264	766.5	0	0.0	657.0	0	0.0	657.0	0	0.0
home	15	110	165197.5	0	0.0	165197.5	0	0.0	773.5	0	0.0	663.0	0	0.0	663.0	0	0.0
home	15	111	166692.5	0	0.0	166692.5	0	0.0	780.5	0	0.0	669.0	0	0.0	669.0	0	0.0
home	15	112	168187.5	15	1.2658227848101264	168187.5	15	1.2658227848101264	787.5	0	0.0	675.0	0	0.0	675.0	0	0.0
home	15	113	169682.5	0	0.0	169682.5	0	0.0	794.5	0	0.0	681.0	0	0.0	681.0	0	0.0
home	15	114	171177.5	15	1.2658227848101264	171177.5	15	1.2658227848101264	801.5	0	0.0	687.0	0	0.0	687.0	0	0.0
home	15	115	172672.5	0	0.0	172672.5	0	0.0	808.5	0	0.0	693.0	0	0.0	693.0	0	0.0
home	15	116	174167.5	1	0.08438818565400844	174167.5	0	0.0	815.5	0	0.0	699.0	0	0.0	699.0	0	0.0
home	15	117	175662.5	14	1.1814345991561181	175662.5	15	1.2658227848101264	822.5	0	0.0	705.0	0	0.0	705.0	0	0.0
home	15	118	177157.5	0	0.0	177157.5	0	0.0	829.5	0	0.0	711.0	0	0.0	711.0	0	0.0
home	15	119	178652.5	13	1.0970464135021096	178652.5	13	1.0970464135021096	836.5	0	0.0	717.0	0	0.0	717.0	0	0.0
home	15	120	180147.5	2	0.16877637130801687	180147.5	2	0.16877637130801687	843.5	0	0.0	723.0	0	0.0	723.0	0	0.0
home	15	121	181642.5	0	0.0	181642.5	0	0.0	850.5	0	0.0	729.0	0	0.0	729.0	0	0.0
home	15	122	183137.5	15	1.2658227848101264	183137.5	15	1.2658227848101264	857.5	0	0.0	735.0	0	0.0	735.0	0	0.0
home	15	123	184632.5	0	0.0	184632.5	0	0.0	864.5	0	0.0	741.0	0	0.0	741.0	0	0.0
home	15	124	186127.5	12	1.0126582278481013	186127.5	12	1.0126582278481013	871.5	0	0.0	747.0	0	0.0	747.0	0	0.0
home	15	125	187622.5	3	0.25316455696202533	187622.5	3	0.25316455696202533	878.5	0	0.0	753.0	0	0.0	753.0	0	0.0
home	15	126	189117.5	0	0.0	189117.5	0	0.0	885.5	0	0.0	759.0	0	0.0	759.0	0	0.0
home	15	127	190612.5	15	1.2658227848101264	190612.5	15	1.2658227848101264	892.5	0	0.0	765.0	0	0.0	765.0	0	0.0
home	15	128	192107.5	0	0.0	192107.5	0	0.0	899.5	0	0.0	771.0	0	0.0	771.0	0	0.0
home	15	129	193602.5	12	1.0126582278481013	193602.5	10	0.8438818565400843	906.5	0	0.0	777.0	0	0.0	777.0	0	0.0
home	15	130	195097.5	3	0.25316455696202533	195097.5	5	0.42194092827004215	913.5	0	0.0	783.0	0	0.0	783.0	0	0.0
home	15	131	196592.5	0	0.0	196592.5	0	0.0	920.5	0	0.0	789.0	0	0.0	789.0	0	0.0
home	15	132	198087.5	15	1.2658227848101264	198087.5	15	1.2658227848101264	927.5	0	0.0	795.0	0	0.0	795.0	0	0.0
home	15	133	199582.5	0	0.0	199582.5	0	0.0	934.5	0	0.0	801.0	0	0.0	801.0	0	0.0
home	15	134	201077.5	0	0.0	201077.5	0	0.0	941.5	0	0.0	807.0	0	0.0	807.0	0	0.0
home	15	135	202572.5	15	1.2658227848101264	202572.5	15	1.2658227848101264	948.5	0	0.0	813.0	0	0.0	813.0	0	0.0
home	15	136	204067.5	0	0.0	204067.5	0	0.0	955.5	0	0.0	819.0	0	0.0	819.0	0	0.0
home	15	137	205562.5	13	1.0970464135021096	205562.5	12	1.0126582278481013	962.5	0	0.0	825.0	0	0.0	825.0	0	0.0
home	15	138	207057.5	2	0.16877637130801687	207057.5	3	0.25316455696202533	969.5	0	0.0	831.0	0	0.0	831.0	0	0.0
home	15	139	208552.5	0	0.0	208552.5	0	0.0	976.5	0	0.0	837.0	0	0.0	837.0	0	0.0
home	15	140	210047.5	15	1.2658227848101264	210047.5	15	1.2658227848101264	983.5	0	0.0	843.0	0	0.0	843.0	0	0.0
home	15	141	211542.5	0	0.0	211542.5	0	0.0	990.5	0	0.0	849.0	0	0.0	849.0	0	0.0
home	15	142	213037.5	12	1.0126582278481013	213037.5	0	0.0	997.5	0	0.0	855.0	0	0.0	855.0	0	0.0
home	15	143	214532.5	3	0.25316455696202533	214532.5	15	1.2658227848101264	1004.5	0	0.0	861.0	0	0.0	861.0	0	0.0
home	15	144	216027.5	0	0.0	216027.5	0	0.0	1011.5	0	0.0	867.0	0	0.0	867.0	0	0.0
home	15	145	217522.5	13	1.0970464135021096	217522.5	12	1.0126582278481013	1018.5	0	0.0	873.0	0	0.0	873.0	0	0.0
home	15	146	219017.5	2	0.16877637130801687	219017.5	3	0.25316455696202533	1025.5	0	0.0	879.0	0	0.0	879.0	0	0.0
home	15	147	220512.5	9	0.7594936708860759	220512.5	0	0.0	1032.5	0	0.0	885.0	0	0.0	885.0	0	0.0
home	15	148	222007.5	6	0.5063291139240507	222007.5	15	1.2658227848101264	1039.5	0	0.0	891.0	0	0.0	891.0	0	0.0
home	15	149	223502.5	0	0.0	223502.5	0	0.0	1046.5	0	0.0	897.0	0	0.0	897.0	0	0.0
home	15	150	224997.5	15	1.2658227848101264	224997.5	15	1.2658227848101264	1053.5	0	0.0	903.0	0	0.0	903.0	0	0.0
home	15	151	226492.5	0	0.0	226492.5	0	0.0	1060.5	0	0.0	909.0	0	0.0	909.0	0	0.0
home	15	152	227987.5	0	0.0	227987.5	0	0.0	1067.5	0	0.0	915.0	0	0.0	915.0	0	0.0
home	15	153	229482.5	15	1.2658227848101264	229482.5	15	1.2658227848101264	1074.5	0	0.0	921.0	0	0.0	921.0	0	0.0
home	15	154	230977.5	0	0.0	230977.5	0	0.0	1081.5	0	0.0	927.0	0	0.0	927.0	0	0.0
home	15	155	232472.5	14	1.1814345991561181	232472.5	10	0.8438818565400843	1088.5	0	0.0	933.0	0	0.0	933.0	0	0.0
home	15	156	233967.5	1	0.08438818565400844	233967.5	5	0.42194092827004215	1095.5	0	0.0	939.0	0	0.0	939.0	0	0.0
home	15	157	235462.5	0	0.0	235462.5	0	0.0	1102.5	0	0.0	945.0	0	0.0	945.0	0	0.0
home	15	158	236957.5	15	1.2658227848101264	236957.5	15	1.2658227848101264	1109.5	0	0.0	951.0	0	0.0	951.0	0	0.0
home	15	159	238452.5	0	0.0	238452.5	0	0.0	1116.5	0	0.0	957.0	0	0.0	957.0	0	0.0
home	15	160	239947.5	1	0.08438818565400844	239947.5	0	0.0	1123.5	0	0.0	963.0	0	0.0	963.0	0	0.0
home	15	161	241442.5	14	1.1814345991561181	241442.5	15	1.2658227848101264	1130.5	0	0.0	969.0	0	0.0	969.0	0	0.0
home	15	162	242937.5	0	0.0	242937.5	0	0.0	1137.5	0	0.0	975.0	0	0.0	975.0	0	0.0
home	15	163	244432.5	12	1.0126582278481013	244432.5	12	1.0126582278481013	1144.5	0	0.0	981.0	0	0.0	981.0	0	0.0
home	15	164	245927.5	3	0.25316455696202533	245927.5	3	0.25316455696202533	1151.5	0	0.0	987.0	0	0.0	987.0	0	0.0
home	15	165	247422.5	0	0.0	247422.5	0	0.0	1158.5	0	0.0	993.0	0	0.0	993.0	0	0.0
home	15	166	248917.5	15	1.2658227848101264	248917.5	15	1.2658227848101264	1165.5	0	0.0	999.0	0	0.0	999.0	0	0.0
home	15	167	250412.5	0	0.0	250412.5	0	0.0	1172.5	0	0.0	1005.0	0	0.0	1005.0	0	0.0
home	15	168	251907.5	15	1.2658227848101264	251907.5	15	1.2658227848101264	1179.5	0	0.0	1011.0	0	0.0	1011.0	0	0.0
home	15	169	253402.5	0	0.0	253402.5	0	0.0	1186.5	0	0.0	1017.0	0	0.0	1017.0	0	0.0
home	15	170	254897.5	0	0.0	254897.5	0	0.0	1193.5	0	0.0	1023.0	0	0.0	1023.0	0	0.0
home	15	171	256392.5	15	1.2658227848101264	256392.5	15	1.2658227848101264	1200.5	0	0.0	1029.0	0	0.0	1029.0	0	0.0
home	15	172	257887.5	0	0.0	257887.5	0	0.0	1207.5	0	0.0	1035.0	0	0.0	1035.0	0	0.0
home	15	173	259382.5	13	1.0970464135021096	259382.5	7	0.5907172995780591	1214.5	0	0.0	1041.0	0	0.0	1041.0	0	0.0
home	15	174	260877.5	2	0.16877637130801687	260877.5	8	0.6751054852320675	1221.5	0	0.0	1047.0	0	0.0	1047.0	0	0.0
home	15	175	262372.5	0	0.0	262372.5	0	0.0	1228.5	0	0.0	1053.0	0	0.0	1053.0	0	0.0
home	15	176	263867.5	15	1.2658227848101264	263867.5	15	1.2658227848101264	1235.5	0	0.0	1059.0	0	0.0	1059.0	0	0.0
home	15	177	265362.5	0	0.0	265362.5	0	0.0	1242.5	0	0.0	1065.0	0	0.0	1065.0	0	0.0
home	15	178	266857.5	0	0.0	266857.5	0	0.0	1249.5	0	0.0	1071.0	0	0.0	1071.0	0	0.0
home	15	179	268352.5	15	1.2658227848101264	268352.5	15	1.2658227848101264	1256.5	0	0.0	1077.0	0	0.0	1077.0	0	0.0
home	15	180	269847.5	0	0.0	269847.5	0	0.0	1263.5	0	0.0	1083.0	0	0.0	1083.0	0	0.0
home	15	181	271342.5	15	1.2658227848101264	271342.5	15	1.2658227848101264	1270.5	0	0.0	1089.0	0	0.0	1089.0	0	0.0
home	15	182	272837.5	0	0.0	272837.5	0	0.0	1277.5	0	0.0	1095.0	0	0.0	1095.0	0	0.0
home	15	183	274332.5	0	0.0	274332.5	0	0.0	1284.5	0	0.0	1101.0	0	0.0	1101.0	0	0.0
home	15	184	275827.5	15	1.2658227848101264	275827.5	15	1.2658227848101264	1291.5	0	0.0	1107.0	0	0.0	1107.0	0	0.0
home	15	185	277322.5	0	0.0	277322.5	0	0.0	1298.5	0	0.0	1113.0	0	0.0	1113.0	0	0.0
home	15	186	278817.5	14	1.1814345991561181	278817.5	14	1.1814345991561181	1305.5	0	0.0	1119.0	0	0.0	1119.0	0	0.0
home	15	187	280312.5	1	0.08438818565400844	280312.5	1	0.08438818565400844	1312.5	0	0.0	1125.0	0	0.0	1125.0	0	0.0
home	15	188	281807.5	0	0.0	281807.5	0	0.0	1319.5	0	0.0	1131.0	0	0.0	1131.0	0	0.0
home	15	189	283302.5	15	1.2658227848101264	283302.5	15	1.2658227848101264	1326.5	0	0.0	1137.0	0	0.0	1137.0	0	0.0
home	15	190	284797.5	0	0.0	284797.5	0	0.0	1333.5	0	0.0	1143.0	0	0.0	1143.0	0	0.0
home	15	191	286292.5	12	1.0126582278481013	286292.5	0	0.0	1340.5	0	0.0	1149.0	0	0.0	1149.0	0	0.0
home	15	192	287787.5	3	0.25316455696202533	287787.5	15	1.2658227848101264	1347.5	0	0.0	1155.0	0	0.0	1155.0	0	0.0
home	15	193	289282.5	0	0.0	289282.5	0	0.0	1354.5	0	0.0	1161.0	0	0.0	1161.0	0	0.0
home	15	194	290777.5	15	1.2658227848101264	290777.5	15	1.2658227848101264	1361.5	0	0.0	1167.0	0	0.0	1167.0	0	0.0
home	15	195	292272.5	0	0.0	292272.5	0	0.0	1368.5	0	0.0	1173.0	0	0.0	1173.0	0	0.0
home	15	196	293767.5	11	0.9282700421940928	293767.5	0	0.0	1375.5	0	0.0	1179.0	0	0.0	1179.0	0	0.0
home	15	197	295262.5	4	0.33755274261603374	295262.5	15	1.2658227848101264	1382.5	0	0.0	1185.0	0	0.0	1185.0	0	0.0
home	15	198	296757.5	0	0.0	296757.5	0	0.0	1389.5	0	0.0	1191.0	0	0.0	1191.0	0	0.0
home	15	199	298252.5	15	1.2658227848101264	298252.5	15	1.2658227848101264	1396.5	1	0.08438818565400844	1197.0	0	0.0	1197.0	0	0.0
