'Request type'	'Load'	'Bucket'	'Start time'	'Absolute'	'Percent of requests'	'End time'	'Absolute'	'Percent of requests'	'Residence time'	'Absolute'	'Percent of requests'	'Theor. think time'	'Absolute'	'Percent of requests'	'Actual think time'	'Absolute'	'Percent of requests'
login	6	0	748.5	6	0.5519779208831647	748.5	5	0.45998160073597055	3.5	0	0.0	3.0	1087	100.0	3.0	1087	100.0
login	6	1	2245.5	6	0.5519779208831647	2245.5	1	0.09199632014719411	10.5	0	0.0	9.0	0	0.0	9.0	0	0.0
login	6	2	3742.5	4	0.36798528058877644	3742.5	7	0.6439742410303588	17.5	0	0.0	15.0	0	0.0	15.0	0	0.0
login	6	3	5239.5	5	0.45998160073597055	5239.5	6	0.5519779208831647	24.5	0	0.0	21.0	0	0.0	21.0	0	0.0
login	6	4	6736.5	4	0.36798528058877644	6736.5	6	0.5519779208831647	31.5	0	0.0	27.0	0	0.0	27.0	0	0.0
login	6	5	8233.5	6	0.5519779208831647	8233.5	3	0.27598896044158233	38.5	0	0.0	33.0	0	0.0	33.0	0	0.0
login	6	6	9730.5	7	0.6439742410303588	9730.5	5	0.45998160073597055	45.5	0	0.0	39.0	0	0.0	39.0	0	0.0
login	6	7	11227.5	0	0.0	11227.5	5	0.45998160073597055	52.5	0	0.0	45.0	0	0.0	45.0	0	0.0
login	6	8	12724.5	6	0.5519779208831647	12724.5	2	0.18399264029438822	59.5	0	0.0	51.0	0	0.0	51.0	0	0.0
login	6	9	14221.5	6	0.5519779208831647	14221.5	4	0.36798528058877644	66.5	0	0.0	57.0	0	0.0	57.0	0	0.0
login	6	10	15718.5	0	0.0	15718.5	6	0.5519779208831647	73.5	0	0.0	63.0	0	0.0	63.0	0	0.0
login	6	11	17215.5	6	0.5519779208831647	17215.5	2	0.18399264029438822	80.5	0	0.0	69.0	0	0.0	69.0	0	0.0
login	6	12	18712.5	6	0.5519779208831647	18712.5	4	0.36798528058877644	87.5	3	0.27598896044158233	75.0	0	0.0	75.0	0	0.0
login	6	13	20209.5	0	0.0	20209.5	6	0.5519779208831647	94.5	2	0.18399264029438822	81.0	0	0.0	81.0	0	0.0
login	6	14	21706.5	6	0.5519779208831647	21706.5	4	0.36798528058877644	101.5	6	0.5519779208831647	87.0	0	0.0	87.0	0	0.0
login	6	15	23203.5	6	0.5519779208831647	23203.5	2	0.18399264029438822	108.5	3	0.27598896044158233	93.0	0	0.0	93.0	0	0.0
login	6	16	24700.5	0	0.0	24700.5	6	0.5519779208831647	115.5	7	0.6439742410303588	99.0	0	0.0	99.0	0	0.0
login	6	17	26197.5	6	0.5519779208831647	26197.5	6	0.5519779208831647	122.5	15	1.3799448022079117	105.0	0	0.0	105.0	0	0.0
login	6	18	27694.5	6	0.5519779208831647	27694.5	2	0.18399264029438822	129.5	12	1.1039558417663293	111.0	0	0.0	111.0	0	0.0
login	6	19	29191.5	6	0.5519779208831647	29191.5	4	0.36798528058877644	136.5	14	1.2879484820607177	117.0	0	0.0	117.0	0	0.0
login	6	20	30688.5	0	0.0	30688.5	6	0.5519779208831647	143.5	15	1.3799448022079117	123.0	0	0.0	123.0	0	0.0
login	6	21	32185.5	6	0.5519779208831647	32185.5	2	0.18399264029438822	150.5	5	0.45998160073597055	129.0	0	0.0	129.0	0	0.0
login	6	22	33682.5	6	0.5519779208831647	33682.5	4	0.36798528058877644	157.5	8	0.7359705611775529	135.0	0	0.0	135.0	0	0.0
login	6	23	35179.5	4	0.36798528058877644	35179.5	6	0.5519779208831647	164.5	6	0.5519779208831647	141.0	0	0.0	141.0	0	0.0
login	6	24	36676.5	2	0.18399264029438822	36676.5	6	0.5519779208831647	171.5	10	0.9199632014719411	147.0	0	0.0	147.0	0	0.0
login	6	25	38173.5	6	0.5519779208831647	38173.5	3	0.27598896044158233	178.5	12	1.1039558417663293	153.0	0	0.0	153.0	0	0.0
login	6	26	39670.5	6	0.5519779208831647	39670.5	3	0.27598896044158233	185.5	15	1.3799448022079117	159.0	0	0.0	159.0	0	0.0
login	6	27	41167.5	4	0.36798528058877644	41167.5	6	0.5519779208831647	192.5	16	1.4719411223551058	165.0	0	0.0	165.0	0	0.0
login	6	28	42664.5	2	0.18399264029438822	42664.5	6	0.5519779208831647	199.5	21	1.9319227230910763	171.0	0	0.0	171.0	0	0.0
login	6	29	44161.5	6	0.5519779208831647	44161.5	6	0.5519779208831647	206.5	17	1.5639374425022998	177.0	0	0.0	177.0	0	0.0
login	6	30	45658.5	7	0.6439742410303588	45658.5	4	0.36798528058877644	213.5	11	1.0119595216191353	183.0	0	0.0	183.0	0	0.0
login	6	31	47155.5	6	0.5519779208831647	47155.5	4	0.36798528058877644	220.5	9	0.8279668813247469	189.0	0	0.0	189.0	0	0.0
login	6	32	48652.5	0	0.0	48652.5	5	0.45998160073597055	227.5	9	0.8279668813247469	195.0	0	0.0	195.0	0	0.0
login	6	33	50149.5	6	0.5519779208831647	50149.5	2	0.18399264029438822	234.5	8	0.7359705611775529	201.0	0	0.0	201.0	0	0.0
login	6	34	51646.5	6	0.5519779208831647	51646.5	4	0.36798528058877644	241.5	6	0.5519779208831647	207.0	0	0.0	207.0	0	0.0
login	6	35	53143.5	0	0.0	53143.5	6	0.5519779208831647	248.5	5	0.45998160073597055	213.0	0	0.0	213.0	0	0.0
login	6	36	54640.5	6	0.5519779208831647	54640.5	6	0.5519779208831647	255.5	5	0.45998160073597055	219.0	0	0.0	219.0	0	0.0
login	6	37	56137.5	6	0.5519779208831647	56137.5	1	0.09199632014719411	262.5	7	0.6439742410303588	225.0	0	0.0	225.0	0	0.0
login	6	38	57634.5	5	0.45998160073597055	57634.5	5	0.45998160073597055	269.5	4	0.36798528058877644	231.0	0	0.0	231.0	0	0.0
login	6	39	59131.5	1	0.09199632014719411	59131.5	6	0.5519779208831647	276.5	6	0.5519779208831647	237.0	0	0.0	237.0	0	0.0
login	6	40	60628.5	6	0.5519779208831647	60628.5	4	0.36798528058877644	283.5	9	0.8279668813247469	243.0	0	0.0	243.0	0	0.0
login	6	41	62125.5	6	0.5519779208831647	62125.5	4	0.36798528058877644	290.5	24	2.2079116835326587	249.0	0	0.0	249.0	0	0.0
login	6	42	63622.5	4	0.36798528058877644	63622.5	5	0.45998160073597055	297.5	21	1.9319227230910763	255.0	0	0.0	255.0	0	0.0
login	6	43	65119.5	6	0.5519779208831647	65119.5	6	0.5519779208831647	304.5	11	1.0119595216191353	261.0	0	0.0	261.0	0	0.0
login	6	44	66616.5	5	0.45998160073597055	66616.5	7	0.6439742410303588	311.5	17	1.5639374425022998	267.0	0	0.0	267.0	0	0.0
login	6	45	68113.5	7	0.6439742410303588	68113.5	7	0.6439742410303588	318.5	10	0.9199632014719411	273.0	0	0.0	273.0	0	0.0
login	6	46	69610.5	6	0.5519779208831647	69610.5	4	0.36798528058877644	325.5	5	0.45998160073597055	279.0	0	0.0	279.0	0	0.0
login	6	47	71107.5	6	0.5519779208831647	71107.5	7	0.6439742410303588	332.5	2	0.18399264029438822	285.0	0	0.0	285.0	0	0.0
login	6	48	72604.5	7	0.6439742410303588	72604.5	8	0.7359705611775529	339.5	4	0.36798528058877644	291.0	0	0.0	291.0	0	0.0
login	6	49	74101.5	7	0.6439742410303588	74101.5	7	0.6439742410303588	346.5	3	0.27598896044158233	297.0	0	0.0	297.0	0	0.0
login	6	50	75598.5	8	0.7359705611775529	75598.5	7	0.6439742410303588	353.5	5	0.45998160073597055	303.0	0	0.0	303.0	0	0.0
login	6	51	77095.5	6	0.5519779208831647	77095.5	7	0.6439742410303588	360.5	4	0.36798528058877644	309.0	0	0.0	309.0	0	0.0
login	6	52	78592.5	7	0.6439742410303588	78592.5	8	0.7359705611775529	367.5	7	0.6439742410303588	315.0	0	0.0	315.0	0	0.0
login	6	53	80089.5	8	0.7359705611775529	80089.5	7	0.6439742410303588	374.5	11	1.0119595216191353	321.0	0	0.0	321.0	0	0.0
login	6	54	81586.5	7	0.6439742410303588	81586.5	6	0.5519779208831647	381.5	17	1.5639374425022998	327.0	0	0.0	327.0	0	0.0
login	6	55	83083.5	6	0.5519779208831647	83083.5	7	0.6439742410303588	388.5	18	1.6559337626494939	333.0	0	0.0	333.0	0	0.0
login	6	56	84580.5	8	0.7359705611775529	84580.5	8	0.7359705611775529	395.5	20	1.8399264029438822	339.0	0	0.0	339.0	0	0.0
login	6	57	86077.5	7	0.6439742410303588	86077.5	6	0.5519779208831647	402.5	16	1.4719411223551058	345.0	0	0.0	345.0	0	0.0
login	6	58	87574.5	6	0.5519779208831647	87574.5	8	0.7359705611775529	409.5	19	1.7479300827966882	351.0	0	0.0	351.0	0	0.0
login	6	59	89071.5	8	0.7359705611775529	89071.5	7	0.6439742410303588	416.5	7	0.6439742410303588	357.0	0	0.0	357.0	0	0.0
login	6	60	90568.5	7	0.6439742410303588	90568.5	7	0.6439742410303588	423.5	4	0.36798528058877644	363.0	0	0.0	363.0	0	0.0
login	6	61	92065.5	7	0.6439742410303588	92065.5	7	0.6439742410303588	430.5	4	0.36798528058877644	369.0	0	0.0	369.0	0	0.0
login	6	62	93562.5	7	0.6439742410303588	93562.5	7	0.6439742410303588	437.5	1	0.09199632014719411	375.0	0	0.0	375.0	0	0.0
login	6	63	95059.5	8	0.7359705611775529	95059.5	8	0.7359705611775529	444.5	5	0.45998160073597055	381.0	0	0.0	381.0	0	0.0
login	6	64	96556.5	7	0.6439742410303588	96556.5	7	0.6439742410303588	451.5	6	0.5519779208831647	387.0	0	0.0	387.0	0	0.0
login	6	65	98053.5	7	0.6439742410303588	98053.5	8	0.7359705611775529	458.5	6	0.5519779208831647	393.0	0	0.0	393.0	0	0.0
login	6	66	99550.5	7	0.6439742410303588	99550.5	7	0.6439742410303588	465.5	9	0.8279668813247469	399.0	0	0.0	399.0	0	0.0
login	6	67	101047.5	7	0.6439742410303588	101047.5	3	0.27598896044158233	472.5	11	1.0119595216191353	405.0	0	0.0	405.0	0	0.0
login	6	68	102544.5	5	0.45998160073597055	102544.5	7	0.6439742410303588	479.5	9	0.8279668813247469	411.0	0	0.0	411.0	0	0.0
login	6	69	104041.5	6	0.5519779208831647	104041.5	7	0.6439742410303588	486.5	10	0.9199632014719411	417.0	0	0.0	417.0	0	0.0
login	6	70	105538.5	7	0.6439742410303588	105538.5	7	0.6439742410303588	493.5	17	1.5639374425022998	423.0	0	0.0	423.0	0	0.0
login	6	71	107035.5	7	0.6439742410303588	107035.5	6	0.5519779208831647	500.5	13	1.1959521619135234	429.0	0	0.0	429.0	0	0.0
login	6	72	108532.5	7	0.6439742410303588	108532.5	7	0.6439742410303588	507.5	10	0.9199632014719411	435.0	0	0.0	435.0	0	0.0
login	6	73	110029.5	6	0.5519779208831647	110029.5	7	0.6439742410303588	514.5	4	0.36798528058877644	441.0	0	0.0	441.0	0	0.0
login	6	74	111526.5	8	0.7359705611775529	111526.5	8	0.7359705611775529	521.5	11	1.0119595216191353	447.0	0	0.0	447.0	0	0.0
login	6	75	113023.5	7	0.6439742410303588	113023.5	7	0.6439742410303588	528.5	3	0.27598896044158233	453.0	0	0.0	453.0	0	0.0
login	6	76	114520.5	7	0.6439742410303588	114520.5	6	0.5519779208831647	535.5	1	0.09199632014719411	459.0	0	0.0	459.0	0	0.0
login	6	77	116017.5	5	0.45998160073597055	116017.5	7	0.6439742410303588	542.5	2	0.18399264029438822	465.0	0	0.0	465.0	0	0.0
login	6	78	117514.5	7	0.6439742410303588	117514.5	6	0.5519779208831647	549.5	1	0.09199632014719411	471.0	0	0.0	471.0	0	0.0
login	6	79	119011.5	6	0.5519779208831647	119011.5	6	0.5519779208831647	556.5	3	0.27598896044158233	477.0	0	0.0	477.0	0	0.0
login	6	80	120508.5	7	0.6439742410303588	120508.5	4	0.36798528058877644	563.5	7	0.6439742410303588	483.0	0	0.0	483.0	0	0.0
login	6	81	122005.5	6	0.5519779208831647	122005.5	7	0.6439742410303588	570.5	7	0.6439742410303588	489.0	0	0.0	489.0	0	0.0
login	6	82	123502.5	6	0.5519779208831647	123502.5	7	0.6439742410303588	577.5	6	0.5519779208831647	495.0	0	0.0	495.0	0	0.0
login	6	83	124999.5	6	0.5519779208831647	124999.5	6	0.5519779208831647	584.5	8	0.7359705611775529	501.0	0	0.0	501.0	0	0.0
login	6	84	126496.5	6	0.5519779208831647	126496.5	6	0.5519779208831647	591.5	8	0.7359705611775529	507.0	0	0.0	507.0	0	0.0
login	6	85	127993.5	7	0.6439742410303588	127993.5	8	0.7359705611775529	598.5	7	0.6439742410303588	513.0	0	0.0	513.0	0	0.0
login	6	86	129490.5	7	0.6439742410303588	129490.5	6	0.5519779208831647	605.5	8	0.7359705611775529	519.0	0	0.0	519.0	0	0.0
login	6	87	130987.5	7	0.6439742410303588	130987.5	8	0.7359705611775529	612.5	4	0.36798528058877644	525.0	0	0.0	525.0	0	0.0
login	6	88	132484.5	7	0.6439742410303588	132484.5	6	0.5519779208831647	619.5	4	0.36798528058877644	531.0	0	0.0	531.0	0	0.0
login	6	89	133981.5	7	0.6439742410303588	133981.5	6	0.5519779208831647	626.5	0	0.0	537.0	0	0.0	537.0	0	0.0
login	6	90	135478.5	6	0.5519779208831647	135478.5	6	0.5519779208831647	633.5	0	0.0	543.0	0	0.0	543.0	0	0.0
login	6	91	136975.5	6	0.5519779208831647	136975.5	6	0.5519779208831647	640.5	1	0.09199632014719411	549.0	0	0.0	549.0	0	0.0
login	6	92	138472.5	6	0.5519779208831647	138472.5	5	0.45998160073597055	647.5	1	0.09199632014719411	555.0	0	0.0	555.0	0	0.0
login	6	93	139969.5	4	0.36798528058877644	139969.5	6	0.5519779208831647	654.5	2	0.18399264029438822	561.0	0	0.0	561.0	0	0.0
login	6	94	141466.5	7	0.6439742410303588	141466.5	7	0.6439742410303588	661.5	1	0.09199632014719411	567.0	0	0.0	567.0	0	0.0
login	6	95	142963.5	7	0.6439742410303588	142963.5	6	0.5519779208831647	668.5	5	0.45998160073597055	573.0	0	0.0	573.0	0	0.0
login	6	96	144460.5	6	0.5519779208831647	144460.5	5	0.45998160073597055	675.5	12	1.1039558417663293	579.0	0	0.0	579.0	0	0.0
login	6	97	145957.5	4	0.36798528058877644	145957.5	8	0.7359705611775529	682.5	7	0.6439742410303588	585.0	0	0.0	585.0	0	0.0
login	6	98	147454.5	6	0.5519779208831647	147454.5	5	0.45998160073597055	689.5	5	0.45998160073597055	591.0	0	0.0	591.0	0	0.0
login	6	99	148951.5	7	0.6439742410303588	148951.5	5	0.45998160073597055	696.5	5	0.45998160073597055	597.0	0	0.0	597.0	0	0.0
login	6	100	150448.5	6	0.5519779208831647	150448.5	6	0.5519779208831647	703.5	5	0.45998160073597055	603.0	0	0.0	603.0	0	0.0
login	6	101	151945.5	4	0.36798528058877644	151945.5	7	0.6439742410303588	710.5	4	0.36798528058877644	609.0	0	0.0	609.0	0	0.0
login	6	102	153442.5	8	0.7359705611775529	153442.5	6	0.5519779208831647	717.5	2	0.18399264029438822	615.0	0	0.0	615.0	0	0.0
login	6	103	154939.5	6	0.5519779208831647	154939.5	7	0.6439742410303588	724.5	4	0.36798528058877644	621.0	0	0.0	621.0	0	0.0
login	6	104	156436.5	6	0.5519779208831647	156436.5	6	0.5519779208831647	731.5	1	0.09199632014719411	627.0	0	0.0	627.0	0	0.0
login	6	105	157933.5	7	0.6439742410303588	157933.5	7	0.6439742410303588	738.5	1	0.09199632014719411	633.0	0	0.0	633.0	0	0.0
login	6	106	159430.5	7	0.6439742410303588	159430.5	8	0.7359705611775529	745.5	0	0.0	639.0	0	0.0	639.0	0	0.0
login	6	107	160927.5	8	0.7359705611775529	160927.5	7	0.6439742410303588	752.5	0	0.0	645.0	0	0.0	645.0	0	0.0
login	6	108	162424.5	8	0.7359705611775529	162424.5	8	0.7359705611775529	759.5	1	0.09199632014719411	651.0	0	0.0	651.0	0	0.0
login	6	109	163921.5	7	0.6439742410303588	163921.5	7	0.6439742410303588	766.5	4	0.36798528058877644	657.0	0	0.0	657.0	0	0.0
login	6	110	165418.5	8	0.7359705611775529	165418.5	8	0.7359705611775529	773.5	5	0.45998160073597055	663.0	0	0.0	663.0	0	0.0
login	6	111	166915.5	6	0.5519779208831647	166915.5	7	0.6439742410303588	780.5	5	0.45998160073597055	669.0	0	0.0	669.0	0	0.0
login	6	112	168412.5	6	0.5519779208831647	168412.5	5	0.45998160073597055	787.5	8	0.7359705611775529	675.0	0	0.0	675.0	0	0.0
login	6	113	169909.5	7	0.6439742410303588	169909.5	7	0.6439742410303588	794.5	12	1.1039558417663293	681.0	0	0.0	681.0	0	0.0
login	6	114	171406.5	8	0.7359705611775529	171406.5	6	0.5519779208831647	801.5	9	0.8279668813247469	687.0	0	0.0	687.0	0	0.0
login	6	115	172903.5	4	0.36798528058877644	172903.5	7	0.6439742410303588	808.5	10	0.9199632014719411	693.0	0	0.0	693.0	0	0.0
login	6	116	174400.5	8	0.7359705611775529	174400.5	7	0.6439742410303588	815.5	8	0.7359705611775529	699.0	0	0.0	699.0	0	0.0
login	6	117	175897.5	6	0.5519779208831647	175897.5	7	0.6439742410303588	822.5	6	0.5519779208831647	705.0	0	0.0	705.0	0	0.0
login	6	118	177394.5	8	0.7359705611775529	177394.5	6	0.5519779208831647	829.5	1	0.09199632014719411	711.0	0	0.0	711.0	0	0.0
login	6	119	178891.5	6	0.5519779208831647	178891.5	6	0.5519779208831647	836.5	0	0.0	717.0	0	0.0	717.0	0	0.0
login	6	120	180388.5	7	0.6439742410303588	180388.5	7	0.6439742410303588	843.5	0	0.0	723.0	0	0.0	723.0	0	0.0
login	6	121	181885.5	6	0.5519779208831647	181885.5	7	0.6439742410303588	850.5	1	0.09199632014719411	729.0	0	0.0	729.0	0	0.0
login	6	122	183382.5	6	0.5519779208831647	183382.5	6	0.5519779208831647	857.5	1	0.09199632014719411	735.0	0	0.0	735.0	0	0.0
login	6	123	184879.5	8	0.7359705611775529	184879.5	7	0.6439742410303588	864.5	3	0.27598896044158233	741.0	0	0.0	741.0	0	0.0
login	6	124	186376.5	7	0.6439742410303588	186376.5	7	0.6439742410303588	871.5	3	0.27598896044158233	747.0	0	0.0	747.0	0	0.0
login	6	125	187873.5	6	0.5519779208831647	187873.5	6	0.5519779208831647	878.5	14	1.2879484820607177	753.0	0	0.0	753.0	0	0.0
login	6	126	189370.5	7	0.6439742410303588	189370.5	7	0.6439742410303588	885.5	7	0.6439742410303588	759.0	0	0.0	759.0	0	0.0
login	6	127	190867.5	6	0.5519779208831647	190867.5	6	0.5519779208831647	892.5	17	1.5639374425022998	765.0	0	0.0	765.0	0	0.0
login	6	128	192364.5	7	0.6439742410303588	192364.5	7	0.6439742410303588	899.5	12	1.1039558417663293	771.0	0	0.0	771.0	0	0.0
login	6	129	193861.5	6	0.5519779208831647	193861.5	7	0.6439742410303588	906.5	9	0.8279668813247469	777.0	0	0.0	777.0	0	0.0
login	6	130	195358.5	7	0.6439742410303588	195358.5	6	0.5519779208831647	913.5	8	0.7359705611775529	783.0	0	0.0	783.0	0	0.0
login	6	131	196855.5	7	0.6439742410303588	196855.5	8	0.7359705611775529	920.5	6	0.5519779208831647	789.0	0	0.0	789.0	0	0.0
login	6	132	198352.5	7	0.6439742410303588	198352.5	7	0.6439742410303588	927.5	3	0.27598896044158233	795.0	0	0.0	795.0	0	0.0
login	6	133	199849.5	7	0.6439742410303588	199849.5	7	0.6439742410303588	934.5	1	0.09199632014719411	801.0	0	0.0	801.0	0	0.0
login	6	134	201346.5	7	0.6439742410303588	201346.5	4	0.36798528058877644	941.5	0	0.0	807.0	0	0.0	807.0	0	0.0
login	6	135	202843.5	6	0.5519779208831647	202843.5	5	0.45998160073597055	948.5	0	0.0	813.0	0	0.0	813.0	0	0.0
login	6	136	204340.5	1	0.09199632014719411	204340.5	6	0.5519779208831647	955.5	2	0.18399264029438822	819.0	0	0.0	819.0	0	0.0
login	6	137	205837.5	6	0.5519779208831647	205837.5	6	0.5519779208831647	962.5	2	0.18399264029438822	825.0	0	0.0	825.0	0	0.0
login	6	138	207334.5	6	0.5519779208831647	207334.5	2	0.18399264029438822	969.5	7	0.6439742410303588	831.0	0	0.0	831.0	0	0.0
login	6	139	208831.5	6	0.5519779208831647	208831.5	4	0.36798528058877644	976.5	4	0.36798528058877644	837.0	0	0.0	837.0	0	0.0
login	6	140	210328.5	0	0.0	210328.5	6	0.5519779208831647	983.5	4	0.36798528058877644	843.0	0	0.0	843.0	0	0.0
login	6	141	211825.5	6	0.5519779208831647	211825.5	2	0.18399264029438822	990.5	3	0.27598896044158233	849.0	0	0.0	849.0	0	0.0
login	6	142	213322.5	6	0.5519779208831647	213322.5	4	0.36798528058877644	997.5	7	0.6439742410303588	855.0	0	0.0	855.0	0	0.0
login	6	143	214819.5	5	0.45998160073597055	214819.5	6	0.5519779208831647	1004.5	3	0.27598896044158233	861.0	0	0.0	861.0	0	0.0
login	6	144	216316.5	1	0.09199632014719411	216316.5	6	0.5519779208831647	1011.5	3	0.27598896044158233	867.0	0	0.0	867.0	0	0.0
login	6	145	217813.5	6	0.5519779208831647	217813.5	3	0.27598896044158233	1018.5	5	0.45998160073597055	873.0	0	0.0	873.0	0	0.0
login	6	146	219310.5	6	0.5519779208831647	219310.5	3	0.27598896044158233	1025.5	1	0.09199632014719411	879.0	0	0.0	879.0	0	0.0
login	6	147	220807.5	4	0.36798528058877644	220807.5	6	0.5519779208831647	1032.5	1	0.09199632014719411	885.0	0	0.0	885.0	0	0.0
login	6	148	222304.5	2	0.18399264029438822	222304.5	6	0.5519779208831647	1039.5	1	0.09199632014719411	891.0	0	0.0	891.0	0	0.0
login	6	149	223801.5	6	0.5519779208831647	223801.5	3	0.27598896044158233	1046.5	0	0.0	897.0	0	0.0	897.0	0	0.0
login	6	150	225298.5	6	0.5519779208831647	225298.5	3	0.27598896044158233	1053.5	2	0.18399264029438822	903.0	0	0.0	903.0	0	0.0
login	6	151	226795.5	4	0.36798528058877644	226795.5	6	0.5519779208831647	1060.5	1	0.09199632014719411	909.0	0	0.0	909.0	0	0.0
login	6	152	228292.5	2	0.18399264029438822	228292.5	6	0.5519779208831647	1067.5	5	0.45998160073597055	915.0	0	0.0	915.0	0	0.0
login	6	153	229789.5	6	0.5519779208831647	229789.5	2	0.18399264029438822	1074.5	1	0.09199632014719411	921.0	0	0.0	921.0	0	0.0
login	6	154	231286.5	6	0.5519779208831647	231286.5	4	0.36798528058877644	1081.5	6	0.5519779208831647	927.0	0	0.0	927.0	0	0.0
login	6	155	232783.5	0	0.0	232783.5	6	0.5519779208831647	1088.5	5	0.45998160073597055	933.0	0	0.0	933.0	0	0.0
login	6	156	234280.5	6	0.5519779208831647	234280.5	6	0.5519779208831647	1095.5	8	0.7359705611775529	939.0	0	0.0	939.0	0	0.0
login	6	157	235777.5	6	0.5519779208831647	235777.5	3	0.27598896044158233	1102.5	4	0.36798528058877644	945.0	0	0.0	945.0	0	0.0
login	6	158	237274.5	6	0.5519779208831647	237274.5	3	0.27598896044158233	1109.5	8	0.7359705611775529	951.0	0	0.0	951.0	0	0.0
login	6	159	238771.5	4	0.36798528058877644	238771.5	6	0.5519779208831647	1116.5	5	0.45998160073597055	957.0	0	0.0	957.0	0	0.0
login	6	160	240268.5	2	0.18399264029438822	240268.5	6	0.5519779208831647	1123.5	3	0.27598896044158233	963.0	0	0.0	963.0	0	0.0
login	6	161	241765.5	6	0.5519779208831647	241765.5	1	0.09199632014719411	1130.5	2	0.18399264029438822	969.0	0	0.0	969.0	0	0.0
login	6	162	243262.5	6	0.5519779208831647	243262.5	5	0.45998160073597055	1137.5	0	0.0	975.0	0	0.0	975.0	0	0.0
login	6	163	244759.5	0	0.0	244759.5	6	0.5519779208831647	1144.5	0	0.0	981.0	0	0.0	981.0	0	0.0
login	6	164	246256.5	6	0.5519779208831647	246256.5	4	0.36798528058877644	1151.5	3	0.27598896044158233	987.0	0	0.0	987.0	0	0.0
login	6	165	247753.5	6	0.5519779208831647	247753.5	3	0.27598896044158233	1158.5	0	0.0	993.0	0	0.0	993.0	0	0.0
login	6	166	249250.5	0	0.0	249250.5	5	0.45998160073597055	1165.5	1	0.09199632014719411	999.0	0	0.0	999.0	0	0.0
login	6	167	250747.5	6	0.5519779208831647	250747.5	6	0.5519779208831647	1172.5	3	0.27598896044158233	1005.0	0	0.0	1005.0	0	0.0
login	6	168	252244.5	6	0.5519779208831647	252244.5	4	0.36798528058877644	1179.5	3	0.27598896044158233	1011.0	0	0.0	1011.0	0	0.0
login	6	169	253741.5	6	0.5519779208831647	253741.5	2	0.18399264029438822	1186.5	8	0.7359705611775529	1017.0	0	0.0	1017.0	0	0.0
login	6	170	255238.5	4	0.36798528058877644	255238.5	6	0.5519779208831647	1193.5	7	0.6439742410303588	1023.0	0	0.0	1023.0	0	0.0
login	6	171	256735.5	2	0.18399264029438822	256735.5	6	0.5519779208831647	1200.5	8	0.7359705611775529	1029.0	0	0.0	1029.0	0	0.0
login	6	172	258232.5	6	0.5519779208831647	258232.5	1	0.09199632014719411	1207.5	9	0.8279668813247469	1035.0	0	0.0	1035.0	0	0.0
login	6	173	259729.5	0	0.0	259729.5	5	0.45998160073597055	1214.5	8	0.7359705611775529	1041.0	0	0.0	1041.0	0	0.0
login	6	174	261226.5	6	0.5519779208831647	261226.5	6	0.5519779208831647	1221.5	4	0.36798528058877644	1047.0	0	0.0	1047.0	0	0.0
login	6	175	262723.5	6	0.5519779208831647	262723.5	1	0.09199632014719411	1228.5	1	0.09199632014719411	1053.0	0	0.0	1053.0	0	0.0
login	6	176	264220.5	6	0.5519779208831647	264220.5	5	0.45998160073597055	1235.5	4	0.36798528058877644	1059.0	0	0.0	1059.0	0	0.0
login	6	177	265717.5	0	0.0	265717.5	6	0.5519779208831647	1242.5	0	0.0	1065.0	0	0.0	1065.0	0	0.0
login	6	178	267214.5	6	0.5519779208831647	267214.5	2	0.18399264029438822	1249.5	0	0.0	1071.0	0	0.0	1071.0	0	0.0
login	6	179	268711.5	6	0.5519779208831647	268711.5	4	0.36798528058877644	1256.5	0	0.0	1077.0	0	0.0	1077.0	0	0.0
login	6	180	270208.5	0	0.0	270208.5	6	0.5519779208831647	1263.5	0	0.0	1083.0	0	0.0	1083.0	0	0.0
login	6	181	271705.5	6	0.5519779208831647	271705.5	4	0.36798528058877644	1270.5	3	0.27598896044158233	1089.0	0	0.0	1089.0	0	0.0
login	6	182	273202.5	6	0.5519779208831647	273202.5	2	0.18399264029438822	1277.5	2	0.18399264029438822	1095.0	0	0.0	1095.0	0	0.0
login	6	183	274699.5	4	0.36798528058877644	274699.5	6	0.5519779208831647	1284.5	8	0.7359705611775529	1101.0	0	0.0	1101.0	0	0.0
login	6	184	276196.5	2	0.18399264029438822	276196.5	6	0.5519779208831647	1291.5	5	0.45998160073597055	1107.0	0	0.0	1107.0	0	0.0
login	6	185	277693.5	6	0.5519779208831647	277693.5	4	0.36798528058877644	1298.5	9	0.8279668813247469	1113.0	0	0.0	1113.0	0	0.0
login	6	186	279190.5	6	0.5519779208831647	279190.5	2	0.18399264029438822	1305.5	8	0.7359705611775529	1119.0	0	0.0	1119.0	0	0.0
login	6	187	280687.5	4	0.36798528058877644	280687.5	6	0.5519779208831647	1312.5	5	0.45998160073597055	1125.0	0	0.0	1125.0	0	0.0
login	6	188	282184.5	2	0.18399264029438822	282184.5	6	0.5519779208831647	1319.5	0	0.0	1131.0	0	0.0	1131.0	0	0.0
login	6	189	283681.5	6	0.5519779208831647	283681.5	1	0.09199632014719411	1326.5	0	0.0	1137.0	0	0.0	1137.0	0	0.0
login	6	190	285178.5	6	0.5519779208831647	285178.5	5	0.45998160073597055	1333.5	0	0.0	1143.0	0	0.0	1143.0	0	0.0
login	6	191	286675.5	0	0.0	286675.5	6	0.5519779208831647	1340.5	0	0.0	1149.0	0	0.0	1149.0	0	0.0
login	6	192	288172.5	6	0.5519779208831647	288172.5	4	0.36798528058877644	1347.5	0	0.0	1155.0	0	0.0	1155.0	0	0.0
login	6	193	289669.5	6	0.5519779208831647	289669.5	3	0.27598896044158233	1354.5	0	0.0	1161.0	0	0.0	1161.0	0	0.0
login	6	194	291166.5	3	0.27598896044158233	291166.5	5	0.45998160073597055	1361.5	0	0.0	1167.0	0	0.0	1167.0	0	0.0
login	6	195	292663.5	3	0.27598896044158233	292663.5	6	0.5519779208831647	1368.5	0	0.0	1173.0	0	0.0	1173.0	0	0.0
login	6	196	294160.5	6	0.5519779208831647	294160.5	4	0.36798528058877644	1375.5	3	0.27598896044158233	1179.0	0	0.0	1179.0	0	0.0
login	6	197	295657.5	6	0.5519779208831647	295657.5	4	0.36798528058877644	1382.5	2	0.18399264029438822	1185.0	0	0.0	1185.0	0	0.0
login	6	198	297154.5	3	0.27598896044158233	297154.5	5	0.45998160073597055	1389.5	2	0.18399264029438822	1191.0	0	0.0	1191.0	0	0.0
login	6	199	298651.5	4	0.36798528058877644	298651.5	6	0.5519779208831647	1396.5	2	0.18399264029438822	1197.0	0	0.0	1197.0	0	0.0
info	6	0	746.5	6	0.5519779208831647	746.5	6	0.5519779208831647	2.5	639	58.785648574057035	3.0	1087	100.0	3.0	1087	100.0
info	6	1	2239.5	6	0.5519779208831647	2239.5	6	0.5519779208831647	7.5	158	14.53541858325667	9.0	0	0.0	9.0	0	0.0
info	6	2	3732.5	6	0.5519779208831647	3732.5	6	0.5519779208831647	12.5	42	3.8638454461821525	15.0	0	0.0	15.0	0	0.0
info	6	3	5225.5	3	0.27598896044158233	5225.5	3	0.27598896044158233	17.5	12	1.1039558417663293	21.0	0	0.0	21.0	0	0.0
info	6	4	6718.5	5	0.45998160073597055	6718.5	5	0.45998160073597055	22.5	3	0.27598896044158233	27.0	0	0.0	27.0	0	0.0
info	6	5	8211.5	6	0.5519779208831647	8211.5	6	0.5519779208831647	27.5	9	0.8279668813247469	33.0	0	0.0	33.0	0	0.0
info	6	6	9704.5	2	0.18399264029438822	9704.5	0	0.0	32.5	12	1.1039558417663293	39.0	0	0.0	39.0	0	0.0
info	6	7	11197.5	5	0.45998160073597055	11197.5	6	0.5519779208831647	37.5	3	0.27598896044158233	45.0	0	0.0	45.0	0	0.0
info	6	8	12690.5	5	0.45998160073597055	12690.5	6	0.5519779208831647	42.5	1	0.09199632014719411	51.0	0	0.0	51.0	0	0.0
info	6	9	14183.5	3	0.27598896044158233	14183.5	3	0.27598896044158233	47.5	5	0.45998160073597055	57.0	0	0.0	57.0	0	0.0
info	6	10	15676.5	4	0.36798528058877644	15676.5	3	0.27598896044158233	52.5	2	0.18399264029438822	63.0	0	0.0	63.0	0	0.0
info	6	11	17169.5	5	0.45998160073597055	17169.5	6	0.5519779208831647	57.5	5	0.45998160073597055	69.0	0	0.0	69.0	0	0.0
info	6	12	18662.5	2	0.18399264029438822	18662.5	0	0.0	62.5	2	0.18399264029438822	75.0	0	0.0	75.0	0	0.0
info	6	13	20155.5	4	0.36798528058877644	20155.5	6	0.5519779208831647	67.5	24	2.2079116835326587	81.0	0	0.0	81.0	0	0.0
info	6	14	21648.5	6	0.5519779208831647	21648.5	6	0.5519779208831647	72.5	21	1.9319227230910763	87.0	0	0.0	87.0	0	0.0
info	6	15	23141.5	6	0.5519779208831647	23141.5	6	0.5519779208831647	77.5	12	1.1039558417663293	93.0	0	0.0	93.0	0	0.0
info	6	16	24634.5	0	0.0	24634.5	0	0.0	82.5	6	0.5519779208831647	99.0	0	0.0	99.0	0	0.0
info	6	17	26127.5	6	0.5519779208831647	26127.5	6	0.5519779208831647	87.5	5	0.45998160073597055	105.0	0	0.0	105.0	0	0.0
info	6	18	27620.5	6	0.5519779208831647	27620.5	6	0.5519779208831647	92.5	4	0.36798528058877644	111.0	0	0.0	111.0	0	0.0
info	6	19	29113.5	2	0.18399264029438822	29113.5	0	0.0	97.5	3	0.27598896044158233	117.0	0	0.0	117.0	0	0.0
info	6	20	30606.5	4	0.36798528058877644	30606.5	6	0.5519779208831647	102.5	2	0.18399264029438822	123.0	0	0.0	123.0	0	0.0
info	6	21	32099.5	6	0.5519779208831647	32099.5	6	0.5519779208831647	107.5	2	0.18399264029438822	129.0	0	0.0	129.0	0	0.0
info	6	22	33592.5	6	0.5519779208831647	33592.5	6	0.5519779208831647	112.5	2	0.18399264029438822	135.0	0	0.0	135.0	0	0.0
info	6	23	35085.5	2	0.18399264029438822	35085.5	0	0.0	117.5	3	0.27598896044158233	141.0	0	0.0	141.0	0	0.0
info	6	24	36578.5	4	0.36798528058877644	36578.5	6	0.5519779208831647	122.5	1	0.09199632014719411	147.0	0	0.0	147.0	0	0.0
info	6	25	38071.5	6	0.5519779208831647	38071.5	6	0.5519779208831647	127.5	1	0.09199632014719411	153.0	0	0.0	153.0	0	0.0
info	6	26	39564.5	5	0.45998160073597055	39564.5	5	0.45998160073597055	132.5	0	0.0	159.0	0	0.0	159.0	0	0.0
info	6	27	41057.5	4	0.36798528058877644	41057.5	4	0.36798528058877644	137.5	0	0.0	165.0	0	0.0	165.0	0	0.0
info	6	28	42550.5	4	0.36798528058877644	42550.5	4	0.36798528058877644	142.5	0	0.0	171.0	0	0.0	171.0	0	0.0
info	6	29	44043.5	6	0.5519779208831647	44043.5	6	0.5519779208831647	147.5	0	0.0	177.0	0	0.0	177.0	0	0.0
info	6	30	45536.5	6	0.5519779208831647	45536.5	6	0.5519779208831647	152.5	0	0.0	183.0	0	0.0	183.0	0	0.0
info	6	31	47029.5	3	0.27598896044158233	47029.5	3	0.27598896044158233	157.5	1	0.09199632014719411	189.0	0	0.0	189.0	0	0.0
info	6	32	48522.5	3	0.27598896044158233	48522.5	3	0.27598896044158233	162.5	0	0.0	195.0	0	0.0	195.0	0	0.0
info	6	33	50015.5	6	0.5519779208831647	50015.5	6	0.5519779208831647	167.5	2	0.18399264029438822	201.0	0	0.0	201.0	0	0.0
info	6	34	51508.5	2	0.18399264029438822	51508.5	0	0.0	172.5	1	0.09199632014719411	207.0	0	0.0	207.0	0	0.0
info	6	35	53001.5	4	0.36798528058877644	53001.5	6	0.5519779208831647	177.5	1	0.09199632014719411	213.0	0	0.0	213.0	0	0.0
info	6	36	54494.5	6	0.5519779208831647	54494.5	6	0.5519779208831647	182.5	2	0.18399264029438822	219.0	0	0.0	219.0	0	0.0
info	6	37	55987.5	6	0.5519779208831647	55987.5	6	0.5519779208831647	187.5	1	0.09199632014719411	225.0	0	0.0	225.0	0	0.0
info	6	38	57480.5	2	0.18399264029438822	57480.5	0	0.0	192.5	5	0.45998160073597055	231.0	0	0.0	231.0	0	0.0
info	6	39	58973.5	4	0.36798528058877644	58973.5	6	0.5519779208831647	197.5	3	0.27598896044158233	237.0	0	0.0	237.0	0	0.0
info	6	40	60466.5	6	0.5519779208831647	60466.5	6	0.5519779208831647	202.5	1	0.09199632014719411	243.0	0	0.0	243.0	0	0.0
info	6	41	61959.5	6	0.5519779208831647	61959.5	6	0.5519779208831647	207.5	6	0.5519779208831647	249.0	0	0.0	249.0	0	0.0
info	6	42	63452.5	4	0.36798528058877644	63452.5	4	0.36798528058877644	212.5	2	0.18399264029438822	255.0	0	0.0	255.0	0	0.0
info	6	43	64945.5	6	0.5519779208831647	64945.5	6	0.5519779208831647	217.5	1	0.09199632014719411	261.0	0	0.0	261.0	0	0.0
info	6	44	66438.5	6	0.5519779208831647	66438.5	6	0.5519779208831647	222.5	1	0.09199632014719411	267.0	0	0.0	267.0	0	0.0
info	6	45	67931.5	6	0.5519779208831647	67931.5	6	0.5519779208831647	227.5	1	0.09199632014719411	273.0	0	0.0	273.0	0	0.0
info	6	46	69424.5	6	0.5519779208831647	69424.5	6	0.5519779208831647	232.5	0	0.0	279.0	0	0.0	279.0	0	0.0
info	6	47	70917.5	7	0.6439742410303588	70917.5	7	0.6439742410303588	237.5	0	0.0	285.0	0	0.0	285.0	0	0.0
info	6	48	72410.5	8	0.7359705611775529	72410.5	8	0.7359705611775529	242.5	0	0.0	291.0	0	0.0	291.0	0	0.0
info	6	49	73903.5	7	0.6439742410303588	73903.5	7	0.6439742410303588	247.5	0	0.0	297.0	0	0.0	297.0	0	0.0
info	6	50	75396.5	7	0.6439742410303588	75396.5	7	0.6439742410303588	252.5	0	0.0	303.0	0	0.0	303.0	0	0.0
info	6	51	76889.5	7	0.6439742410303588	76889.5	7	0.6439742410303588	257.5	0	0.0	309.0	0	0.0	309.0	0	0.0
info	6	52	78382.5	8	0.7359705611775529	78382.5	8	0.7359705611775529	262.5	0	0.0	315.0	0	0.0	315.0	0	0.0
info	6	53	79875.5	7	0.6439742410303588	79875.5	7	0.6439742410303588	267.5	0	0.0	321.0	0	0.0	321.0	0	0.0
info	6	54	81368.5	6	0.5519779208831647	81368.5	6	0.5519779208831647	272.5	1	0.09199632014719411	327.0	0	0.0	327.0	0	0.0
info	6	55	82861.5	8	0.7359705611775529	82861.5	8	0.7359705611775529	277.5	1	0.09199632014719411	333.0	0	0.0	333.0	0	0.0
info	6	56	84354.5	6	0.5519779208831647	84354.5	6	0.5519779208831647	282.5	0	0.0	339.0	0	0.0	339.0	0	0.0
info	6	57	85847.5	7	0.6439742410303588	85847.5	7	0.6439742410303588	287.5	0	0.0	345.0	0	0.0	345.0	0	0.0
info	6	58	87340.5	8	0.7359705611775529	87340.5	8	0.7359705611775529	292.5	3	0.27598896044158233	351.0	0	0.0	351.0	0	0.0
info	6	59	88833.5	7	0.6439742410303588	88833.5	7	0.6439742410303588	297.5	3	0.27598896044158233	357.0	0	0.0	357.0	0	0.0
info	6	60	90326.5	7	0.6439742410303588	90326.5	6	0.5519779208831647	302.5	4	0.36798528058877644	363.0	0	0.0	363.0	0	0.0
info	6	61	91819.5	7	0.6439742410303588	91819.5	8	0.7359705611775529	307.5	0	0.0	369.0	0	0.0	369.0	0	0.0
info	6	62	93312.5	8	0.7359705611775529	93312.5	8	0.7359705611775529	312.5	3	0.27598896044158233	375.0	0	0.0	375.0	0	0.0
info	6	63	94805.5	7	0.6439742410303588	94805.5	7	0.6439742410303588	317.5	3	0.27598896044158233	381.0	0	0.0	381.0	0	0.0
info	6	64	96298.5	7	0.6439742410303588	96298.5	7	0.6439742410303588	322.5	0	0.0	387.0	0	0.0	387.0	0	0.0
info	6	65	97791.5	7	0.6439742410303588	97791.5	7	0.6439742410303588	327.5	0	0.0	393.0	0	0.0	393.0	0	0.0
info	6	66	99284.5	7	0.6439742410303588	99284.5	7	0.6439742410303588	332.5	0	0.0	399.0	0	0.0	399.0	0	0.0
info	6	67	100777.5	5	0.45998160073597055	100777.5	5	0.45998160073597055	337.5	1	0.09199632014719411	405.0	0	0.0	405.0	0	0.0
info	6	68	102270.5	5	0.45998160073597055	102270.5	5	0.45998160073597055	342.5	0	0.0	411.0	0	0.0	411.0	0	0.0
info	6	69	103763.5	7	0.6439742410303588	103763.5	7	0.6439742410303588	347.5	0	0.0	417.0	0	0.0	417.0	0	0.0
info	6	70	105256.5	7	0.6439742410303588	105256.5	7	0.6439742410303588	352.5	0	0.0	423.0	0	0.0	423.0	0	0.0
info	6	71	106749.5	7	0.6439742410303588	106749.5	7	0.6439742410303588	357.5	0	0.0	429.0	0	0.0	429.0	0	0.0
info	6	72	108242.5	6	0.5519779208831647	108242.5	6	0.5519779208831647	362.5	0	0.0	435.0	0	0.0	435.0	0	0.0
info	6	73	109735.5	8	0.7359705611775529	109735.5	8	0.7359705611775529	367.5	1	0.09199632014719411	441.0	0	0.0	441.0	0	0.0
info	6	74	111228.5	7	0.6439742410303588	111228.5	7	0.6439742410303588	372.5	1	0.09199632014719411	447.0	0	0.0	447.0	0	0.0
info	6	75	112721.5	7	0.6439742410303588	112721.5	7	0.6439742410303588	377.5	0	0.0	453.0	0	0.0	453.0	0	0.0
info	6	76	114214.5	7	0.6439742410303588	114214.5	7	0.6439742410303588	382.5	2	0.18399264029438822	459.0	0	0.0	459.0	0	0.0
info	6	77	115707.5	5	0.45998160073597055	115707.5	5	0.45998160073597055	387.5	0	0.0	465.0	0	0.0	465.0	0	0.0
info	6	78	117200.5	7	0.6439742410303588	117200.5	7	0.6439742410303588	392.5	2	0.18399264029438822	471.0	0	0.0	471.0	0	0.0
info	6	79	118693.5	6	0.5519779208831647	118693.5	6	0.5519779208831647	397.5	3	0.27598896044158233	477.0	0	0.0	477.0	0	0.0
info	6	80	120186.5	6	0.5519779208831647	120186.5	6	0.5519779208831647	402.5	1	0.09199632014719411	483.0	0	0.0	483.0	0	0.0
info	6	81	121679.5	6	0.5519779208831647	121679.5	6	0.5519779208831647	407.5	3	0.27598896044158233	489.0	0	0.0	489.0	0	0.0
info	6	82	123172.5	6	0.5519779208831647	123172.5	6	0.5519779208831647	412.5	3	0.27598896044158233	495.0	0	0.0	495.0	0	0.0
info	6	83	124665.5	6	0.5519779208831647	124665.5	6	0.5519779208831647	417.5	1	0.09199632014719411	501.0	0	0.0	501.0	0	0.0
info	6	84	126158.5	7	0.6439742410303588	126158.5	7	0.6439742410303588	422.5	1	0.09199632014719411	507.0	0	0.0	507.0	0	0.0
info	6	85	127651.5	7	0.6439742410303588	127651.5	7	0.6439742410303588	427.5	1	0.09199632014719411	513.0	0	0.0	513.0	0	0.0
info	6	86	129144.5	7	0.6439742410303588	129144.5	7	0.6439742410303588	432.5	0	0.0	519.0	0	0.0	519.0	0	0.0
info	6	87	130637.5	7	0.6439742410303588	130637.5	7	0.6439742410303588	437.5	0	0.0	525.0	0	0.0	525.0	0	0.0
info	6	88	132130.5	7	0.6439742410303588	132130.5	7	0.6439742410303588	442.5	0	0.0	531.0	0	0.0	531.0	0	0.0
info	6	89	133623.5	6	0.5519779208831647	133623.5	6	0.5519779208831647	447.5	0	0.0	537.0	0	0.0	537.0	0	0.0
info	6	90	135116.5	6	0.5519779208831647	135116.5	6	0.5519779208831647	452.5	0	0.0	543.0	0	0.0	543.0	0	0.0
info	6	91	136609.5	6	0.5519779208831647	136609.5	6	0.5519779208831647	457.5	0	0.0	549.0	0	0.0	549.0	0	0.0
info	6	92	138102.5	4	0.36798528058877644	138102.5	4	0.36798528058877644	462.5	0	0.0	555.0	0	0.0	555.0	0	0.0
info	6	93	139595.5	7	0.6439742410303588	139595.5	7	0.6439742410303588	467.5	0	0.0	561.0	0	0.0	561.0	0	0.0
info	6	94	141088.5	7	0.6439742410303588	141088.5	6	0.5519779208831647	472.5	0	0.0	567.0	0	0.0	567.0	0	0.0
info	6	95	142581.5	6	0.5519779208831647	142581.5	7	0.6439742410303588	477.5	1	0.09199632014719411	573.0	0	0.0	573.0	0	0.0
info	6	96	144074.5	4	0.36798528058877644	144074.5	4	0.36798528058877644	482.5	0	0.0	579.0	0	0.0	579.0	0	0.0
info	6	97	145567.5	6	0.5519779208831647	145567.5	6	0.5519779208831647	487.5	2	0.18399264029438822	585.0	0	0.0	585.0	0	0.0
info	6	98	147060.5	7	0.6439742410303588	147060.5	7	0.6439742410303588	492.5	1	0.09199632014719411	591.0	0	0.0	591.0	0	0.0
info	6	99	148553.5	6	0.5519779208831647	148553.5	6	0.5519779208831647	497.5	1	0.09199632014719411	597.0	0	0.0	597.0	0	0.0
info	6	100	150046.5	4	0.36798528058877644	150046.5	4	0.36798528058877644	502.5	0	0.0	603.0	0	0.0	603.0	0	0.0
info	6	101	151539.5	6	0.5519779208831647	151539.5	6	0.5519779208831647	507.5	0	0.0	609.0	0	0.0	609.0	0	0.0
info	6	102	153032.5	8	0.7359705611775529	153032.5	8	0.7359705611775529	512.5	2	0.18399264029438822	615.0	0	0.0	615.0	0	0.0
info	6	103	154525.5	6	0.5519779208831647	154525.5	6	0.5519779208831647	517.5	0	0.0	621.0	0	0.0	621.0	0	0.0
info	6	104	156018.5	7	0.6439742410303588	156018.5	7	0.6439742410303588	522.5	1	0.09199632014719411	627.0	0	0.0	627.0	0	0.0
info	6	105	157511.5	7	0.6439742410303588	157511.5	7	0.6439742410303588	527.5	0	0.0	633.0	0	0.0	633.0	0	0.0
info	6	106	159004.5	8	0.7359705611775529	159004.5	8	0.7359705611775529	532.5	0	0.0	639.0	0	0.0	639.0	0	0.0
info	6	107	160497.5	8	0.7359705611775529	160497.5	7	0.6439742410303588	537.5	0	0.0	645.0	0	0.0	645.0	0	0.0
info	6	108	161990.5	7	0.6439742410303588	161990.5	8	0.7359705611775529	542.5	0	0.0	651.0	0	0.0	651.0	0	0.0
info	6	109	163483.5	7	0.6439742410303588	163483.5	7	0.6439742410303588	547.5	0	0.0	657.0	0	0.0	657.0	0	0.0
info	6	110	164976.5	7	0.6439742410303588	164976.5	7	0.6439742410303588	552.5	0	0.0	663.0	0	0.0	663.0	0	0.0
info	6	111	166469.5	6	0.5519779208831647	166469.5	6	0.5519779208831647	557.5	0	0.0	669.0	0	0.0	669.0	0	0.0
info	6	112	167962.5	7	0.6439742410303588	167962.5	7	0.6439742410303588	562.5	0	0.0	675.0	0	0.0	675.0	0	0.0
info	6	113	169455.5	7	0.6439742410303588	169455.5	7	0.6439742410303588	567.5	0	0.0	681.0	0	0.0	681.0	0	0.0
info	6	114	170948.5	5	0.45998160073597055	170948.5	5	0.45998160073597055	572.5	0	0.0	687.0	0	0.0	687.0	0	0.0
info	6	115	172441.5	8	0.7359705611775529	172441.5	7	0.6439742410303588	577.5	0	0.0	693.0	0	0.0	693.0	0	0.0
info	6	116	173934.5	6	0.5519779208831647	173934.5	7	0.6439742410303588	582.5	1	0.09199632014719411	699.0	0	0.0	699.0	0	0.0
info	6	117	175427.5	7	0.6439742410303588	175427.5	7	0.6439742410303588	587.5	1	0.09199632014719411	705.0	0	0.0	705.0	0	0.0
info	6	118	176920.5	6	0.5519779208831647	176920.5	6	0.5519779208831647	592.5	0	0.0	711.0	0	0.0	711.0	0	0.0
info	6	119	178413.5	7	0.6439742410303588	178413.5	7	0.6439742410303588	597.5	2	0.18399264029438822	717.0	0	0.0	717.0	0	0.0
info	6	120	179906.5	6	0.5519779208831647	179906.5	6	0.5519779208831647	602.5	0	0.0	723.0	0	0.0	723.0	0	0.0
info	6	121	181399.5	7	0.6439742410303588	181399.5	7	0.6439742410303588	607.5	0	0.0	729.0	0	0.0	729.0	0	0.0
info	6	122	182892.5	8	0.7359705611775529	182892.5	8	0.7359705611775529	612.5	1	0.09199632014719411	735.0	0	0.0	735.0	0	0.0
info	6	123	184385.5	6	0.5519779208831647	184385.5	6	0.5519779208831647	617.5	1	0.09199632014719411	741.0	0	0.0	741.0	0	0.0
info	6	124	185878.5	7	0.6439742410303588	185878.5	7	0.6439742410303588	622.5	0	0.0	747.0	0	0.0	747.0	0	0.0
info	6	125	187371.5	6	0.5519779208831647	187371.5	6	0.5519779208831647	627.5	0	0.0	753.0	0	0.0	753.0	0	0.0
info	6	126	188864.5	6	0.5519779208831647	188864.5	6	0.5519779208831647	632.5	0	0.0	759.0	0	0.0	759.0	0	0.0
info	6	127	190357.5	7	0.6439742410303588	190357.5	7	0.6439742410303588	637.5	0	0.0	765.0	0	0.0	765.0	0	0.0
info	6	128	191850.5	6	0.5519779208831647	191850.5	6	0.5519779208831647	642.5	0	0.0	771.0	0	0.0	771.0	0	0.0
info	6	129	193343.5	8	0.7359705611775529	193343.5	8	0.7359705611775529	647.5	0	0.0	777.0	0	0.0	777.0	0	0.0
info	6	130	194836.5	6	0.5519779208831647	194836.5	6	0.5519779208831647	652.5	0	0.0	783.0	0	0.0	783.0	0	0.0
info	6	131	196329.5	7	0.6439742410303588	196329.5	7	0.6439742410303588	657.5	0	0.0	789.0	0	0.0	789.0	0	0.0
info	6	132	197822.5	7	0.6439742410303588	197822.5	7	0.6439742410303588	662.5	0	0.0	795.0	0	0.0	795.0	0	0.0
info	6	133	199315.5	8	0.7359705611775529	199315.5	8	0.7359705611775529	667.5	0	0.0	801.0	0	0.0	801.0	0	0.0
info	6	134	200808.5	4	0.36798528058877644	200808.5	4	0.36798528058877644	672.5	0	0.0	807.0	0	0.0	807.0	0	0.0
info	6	135	202301.5	4	0.36798528058877644	202301.5	3	0.27598896044158233	677.5	0	0.0	813.0	0	0.0	813.0	0	0.0
info	6	136	203794.5	5	0.45998160073597055	203794.5	6	0.5519779208831647	682.5	1	0.09199632014719411	819.0	0	0.0	819.0	0	0.0
info	6	137	205287.5	6	0.5519779208831647	205287.5	6	0.5519779208831647	687.5	1	0.09199632014719411	825.0	0	0.0	825.0	0	0.0
info	6	138	206780.5	6	0.5519779208831647	206780.5	6	0.5519779208831647	692.5	4	0.36798528058877644	831.0	0	0.0	831.0	0	0.0
info	6	139	208273.5	1	0.09199632014719411	208273.5	0	0.0	697.5	2	0.18399264029438822	837.0	0	0.0	837.0	0	0.0
info	6	140	209766.5	5	0.45998160073597055	209766.5	6	0.5519779208831647	702.5	1	0.09199632014719411	843.0	0	0.0	843.0	0	0.0
info	6	141	211259.5	6	0.5519779208831647	211259.5	6	0.5519779208831647	707.5	2	0.18399264029438822	849.0	0	0.0	849.0	0	0.0
info	6	142	212752.5	1	0.09199632014719411	212752.5	0	0.0	712.5	0	0.0	855.0	0	0.0	855.0	0	0.0
info	6	143	214245.5	5	0.45998160073597055	214245.5	6	0.5519779208831647	717.5	0	0.0	861.0	0	0.0	861.0	0	0.0
info	6	144	215738.5	6	0.5519779208831647	215738.5	6	0.5519779208831647	722.5	3	0.27598896044158233	867.0	0	0.0	867.0	0	0.0
info	6	145	217231.5	5	0.45998160073597055	217231.5	4	0.36798528058877644	727.5	0	0.0	873.0	0	0.0	873.0	0	0.0
info	6	146	218724.5	3	0.27598896044158233	218724.5	2	0.18399264029438822	732.5	0	0.0	879.0	0	0.0	879.0	0	0.0
info	6	147	220217.5	4	0.36798528058877644	220217.5	6	0.5519779208831647	737.5	0	0.0	885.0	0	0.0	885.0	0	0.0
info	6	148	221710.5	6	0.5519779208831647	221710.5	6	0.5519779208831647	742.5	0	0.0	891.0	0	0.0	891.0	0	0.0
info	6	149	223203.5	6	0.5519779208831647	223203.5	6	0.5519779208831647	747.5	0	0.0	897.0	0	0.0	897.0	0	0.0
info	6	150	224696.5	2	0.18399264029438822	224696.5	0	0.0	752.5	0	0.0	903.0	0	0.0	903.0	0	0.0
info	6	151	226189.5	4	0.36798528058877644	226189.5	6	0.5519779208831647	757.5	0	0.0	909.0	0	0.0	909.0	0	0.0
info	6	152	227682.5	6	0.5519779208831647	227682.5	6	0.5519779208831647	762.5	0	0.0	915.0	0	0.0	915.0	0	0.0
info	6	153	229175.5	6	0.5519779208831647	229175.5	6	0.5519779208831647	767.5	0	0.0	921.0	0	0.0	921.0	0	0.0
info	6	154	230668.5	1	0.09199632014719411	230668.5	0	0.0	772.5	1	0.09199632014719411	927.0	0	0.0	927.0	0	0.0
info	6	155	232161.5	5	0.45998160073597055	232161.5	6	0.5519779208831647	777.5	0	0.0	933.0	0	0.0	933.0	0	0.0
info	6	156	233654.5	6	0.5519779208831647	233654.5	6	0.5519779208831647	782.5	0	0.0	939.0	0	0.0	939.0	0	0.0
info	6	157	235147.5	6	0.5519779208831647	235147.5	6	0.5519779208831647	787.5	1	0.09199632014719411	945.0	0	0.0	945.0	0	0.0
info	6	158	236640.5	1	0.09199632014719411	236640.5	0	0.0	792.5	1	0.09199632014719411	951.0	0	0.0	951.0	0	0.0
info	6	159	238133.5	5	0.45998160073597055	238133.5	6	0.5519779208831647	797.5	4	0.36798528058877644	957.0	0	0.0	957.0	0	0.0
info	6	160	239626.5	6	0.5519779208831647	239626.5	6	0.5519779208831647	802.5	1	0.09199632014719411	963.0	0	0.0	963.0	0	0.0
info	6	161	241119.5	2	0.18399264029438822	241119.5	0	0.0	807.5	2	0.18399264029438822	969.0	0	0.0	969.0	0	0.0
info	6	162	242612.5	5	0.45998160073597055	242612.5	6	0.5519779208831647	812.5	0	0.0	975.0	0	0.0	975.0	0	0.0
info	6	163	244105.5	5	0.45998160073597055	244105.5	6	0.5519779208831647	817.5	1	0.09199632014719411	981.0	0	0.0	981.0	0	0.0
info	6	164	245598.5	6	0.5519779208831647	245598.5	6	0.5519779208831647	822.5	0	0.0	987.0	0	0.0	987.0	0	0.0
info	6	165	247091.5	2	0.18399264029438822	247091.5	0	0.0	827.5	0	0.0	993.0	0	0.0	993.0	0	0.0
info	6	166	248584.5	4	0.36798528058877644	248584.5	6	0.5519779208831647	832.5	0	0.0	999.0	0	0.0	999.0	0	0.0
info	6	167	250077.5	6	0.5519779208831647	250077.5	6	0.5519779208831647	837.5	0	0.0	1005.0	0	0.0	1005.0	0	0.0
info	6	168	251570.5	4	0.36798528058877644	251570.5	4	0.36798528058877644	842.5	0	0.0	1011.0	0	0.0	1011.0	0	0.0
info	6	169	253063.5	2	0.18399264029438822	253063.5	2	0.18399264029438822	847.5	0	0.0	1017.0	0	0.0	1017.0	0	0.0
info	6	170	254556.5	6	0.5519779208831647	254556.5	6	0.5519779208831647	852.5	0	0.0	1023.0	0	0.0	1023.0	0	0.0
info	6	171	256049.5	6	0.5519779208831647	256049.5	6	0.5519779208831647	857.5	0	0.0	1029.0	0	0.0	1029.0	0	0.0
info	6	172	257542.5	1	0.09199632014719411	257542.5	0	0.0	862.5	0	0.0	1035.0	0	0.0	1035.0	0	0.0
info	6	173	259035.5	5	0.45998160073597055	259035.5	6	0.5519779208831647	867.5	0	0.0	1041.0	0	0.0	1041.0	0	0.0
info	6	174	260528.5	6	0.5519779208831647	260528.5	6	0.5519779208831647	872.5	1	0.09199632014719411	1047.0	0	0.0	1047.0	0	0.0
info	6	175	262021.5	2	0.18399264029438822	262021.5	0	0.0	877.5	0	0.0	1053.0	0	0.0	1053.0	0	0.0
info	6	176	263514.5	4	0.36798528058877644	263514.5	6	0.5519779208831647	882.5	0	0.0	1059.0	0	0.0	1059.0	0	0.0
info	6	177	265007.5	6	0.5519779208831647	265007.5	6	0.5519779208831647	887.5	0	0.0	1065.0	0	0.0	1065.0	0	0.0
info	6	178	266500.5	5	0.45998160073597055	266500.5	5	0.45998160073597055	892.5	0	0.0	1071.0	0	0.0	1071.0	0	0.0
info	6	179	267993.5	2	0.18399264029438822	267993.5	1	0.09199632014719411	897.5	0	0.0	1077.0	0	0.0	1077.0	0	0.0
info	6	180	269486.5	5	0.45998160073597055	269486.5	6	0.5519779208831647	902.5	1	0.09199632014719411	1083.0	0	0.0	1083.0	0	0.0
info	6	181	270979.5	6	0.5519779208831647	270979.5	6	0.5519779208831647	907.5	0	0.0	1089.0	0	0.0	1089.0	0	0.0
info	6	182	272472.5	1	0.09199632014719411	272472.5	0	0.0	912.5	0	0.0	1095.0	0	0.0	1095.0	0	0.0
info	6	183	273965.5	5	0.45998160073597055	273965.5	6	0.5519779208831647	917.5	1	0.09199632014719411	1101.0	0	0.0	1101.0	0	0.0
info	6	184	275458.5	6	0.5519779208831647	275458.5	6	0.5519779208831647	922.5	0	0.0	1107.0	0	0.0	1107.0	0	0.0
info	6	185	276951.5	4	0.36798528058877644	276951.5	4	0.36798528058877644	927.5	0	0.0	1113.0	0	0.0	1113.0	0	0.0
info	6	186	278444.5	3	0.27598896044158233	278444.5	2	0.18399264029438822	932.5	0	0.0	1119.0	0	0.0	1119.0	0	0.0
info	6	187	279937.5	5	0.45998160073597055	279937.5	6	0.5519779208831647	937.5	0	0.0	1125.0	0	0.0	1125.0	0	0.0
info	6	188	281430.5	6	0.5519779208831647	281430.5	6	0.5519779208831647	942.5	0	0.0	1131.0	0	0.0	1131.0	0	0.0
info	6	189	282923.5	1	0.09199632014719411	282923.5	0	0.0	947.5	0	0.0	1137.0	0	0.0	1137.0	0	0.0
info	6	190	284416.5	5	0.45998160073597055	284416.5	6	0.5519779208831647	952.5	0	0.0	1143.0	0	0.0	1143.0	0	0.0
info	6	191	285909.5	6	0.5519779208831647	285909.5	6	0.5519779208831647	957.5	0	0.0	1149.0	0	0.0	1149.0	0	0.0
info	6	192	287402.5	6	0.5519779208831647	287402.5	6	0.5519779208831647	962.5	0	0.0	1155.0	0	0.0	1155.0	0	0.0
info	6	193	288895.5	1	0.09199632014719411	288895.5	0	0.0	967.5	0	0.0	1161.0	0	0.0	1161.0	0	0.0
info	6	194	290388.5	5	0.45998160073597055	290388.5	6	0.5519779208831647	972.5	0	0.0	1167.0	0	0.0	1167.0	0	0.0
info	6	195	291881.5	6	0.5519779208831647	291881.5	6	0.5519779208831647	977.5	0	0.0	1173.0	0	0.0	1173.0	0	0.0
info	6	196	293374.5	4	0.36798528058877644	293374.5	4	0.36798528058877644	982.5	0	0.0	1179.0	0	0.0	1179.0	0	0.0
info	6	197	294867.5	4	0.36798528058877644	294867.5	3	0.27598896044158233	987.5	0	0.0	1185.0	0	0.0	1185.0	0	0.0
info	6	198	296360.5	5	0.45998160073597055	296360.5	6	0.5519779208831647	992.5	0	0.0	1191.0	0	0.0	1191.0	0	0.0
info	6	199	297853.5	6	0.5519779208831647	297853.5	6	0.5519779208831647	997.5	0	0.0	1197.0	0	0.0	1197.0	0	0.0
home	6	0	745.5	6	0.5519779208831647	745.5	6	0.5519779208831647	0.5	0	0.0	3.0	1087	100.0	3.0	1087	100.0
home	6	1	2236.5	6	0.5519779208831647	2236.5	6	0.5519779208831647	1.5	0	0.0	9.0	0	0.0	9.0	0	0.0
home	6	2	3727.5	6	0.5519779208831647	3727.5	6	0.5519779208831647	2.5	0	0.0	15.0	0	0.0	15.0	0	0.0
home	6	3	5218.5	3	0.27598896044158233	5218.5	3	0.27598896044158233	3.5	9	0.8279668813247469	21.0	0	0.0	21.0	0	0.0
home	6	4	6709.5	5	0.45998160073597055	6709.5	5	0.45998160073597055	4.5	173	15.91536338546458	27.0	0	0.0	27.0	0	0.0
home	6	5	8200.5	6	0.5519779208831647	8200.5	6	0.5519779208831647	5.5	318	29.254829806807727	33.0	0	0.0	33.0	0	0.0
home	6	6	9691.5	6	0.5519779208831647	9691.5	6	0.5519779208831647	6.5	104	9.567617295308187	39.0	0	0.0	39.0	0	0.0
home	6	7	11182.5	0	0.0	11182.5	0	0.0	7.5	40	3.6798528058877644	45.0	0	0.0	45.0	0	0.0
home	6	8	12673.5	6	0.5519779208831647	12673.5	6	0.5519779208831647	8.5	30	2.7598896044158234	51.0	0	0.0	51.0	0	0.0
home	6	9	14164.5	6	0.5519779208831647	14164.5	6	0.5519779208831647	9.5	28	2.5758969641214353	57.0	0	0.0	57.0	0	0.0
home	6	10	15655.5	0	0.0	15655.5	0	0.0	10.5	18	1.6559337626494939	63.0	0	0.0	63.0	0	0.0
home	6	11	17146.5	6	0.5519779208831647	17146.5	6	0.5519779208831647	11.5	19	1.7479300827966882	69.0	0	0.0	69.0	0	0.0
home	6	12	18637.5	6	0.5519779208831647	18637.5	6	0.5519779208831647	12.5	24	2.2079116835326587	75.0	0	0.0	75.0	0	0.0
home	6	13	20128.5	0	0.0	20128.5	0	0.0	13.5	19	1.7479300827966882	81.0	0	0.0	81.0	0	0.0
home	6	14	21619.5	6	0.5519779208831647	21619.5	6	0.5519779208831647	14.5	22	2.0239190432382705	87.0	0	0.0	87.0	0	0.0
home	6	15	23110.5	6	0.5519779208831647	23110.5	6	0.5519779208831647	15.5	15	1.3799448022079117	93.0	0	0.0	93.0	0	0.0
home	6	16	24601.5	4	0.36798528058877644	24601.5	4	0.36798528058877644	16.5	20	1.8399264029438822	99.0	0	0.0	99.0	0	0.0
home	6	17	26092.5	2	0.18399264029438822	26092.5	2	0.18399264029438822	17.5	7	0.6439742410303588	105.0	0	0.0	105.0	0	0.0
home	6	18	27583.5	6	0.5519779208831647	27583.5	6	0.5519779208831647	18.5	3	0.27598896044158233	111.0	0	0.0	111.0	0	0.0
home	6	19	29074.5	3	0.27598896044158233	29074.5	3	0.27598896044158233	19.5	8	0.7359705611775529	117.0	0	0.0	117.0	0	0.0
home	6	20	30565.5	3	0.27598896044158233	30565.5	3	0.27598896044158233	20.5	6	0.5519779208831647	123.0	0	0.0	123.0	0	0.0
home	6	21	32056.5	6	0.5519779208831647	32056.5	6	0.5519779208831647	21.5	4	0.36798528058877644	129.0	0	0.0	129.0	0	0.0
home	6	22	33547.5	6	0.5519779208831647	33547.5	6	0.5519779208831647	22.5	6	0.5519779208831647	135.0	0	0.0	135.0	0	0.0
home	6	23	35038.5	0	0.0	35038.5	0	0.0	23.5	5	0.45998160073597055	141.0	0	0.0	141.0	0	0.0
home	6	24	36529.5	6	0.5519779208831647	36529.5	6	0.5519779208831647	24.5	3	0.27598896044158233	147.0	0	0.0	147.0	0	0.0
home	6	25	38020.5	6	0.5519779208831647	38020.5	6	0.5519779208831647	25.5	0	0.0	153.0	0	0.0	153.0	0	0.0
home	6	26	39511.5	6	0.5519779208831647	39511.5	6	0.5519779208831647	26.5	1	0.09199632014719411	159.0	0	0.0	159.0	0	0.0
home	6	27	41002.5	3	0.27598896044158233	41002.5	3	0.27598896044158233	27.5	3	0.27598896044158233	165.0	0	0.0	165.0	0	0.0
home	6	28	42493.5	4	0.36798528058877644	42493.5	4	0.36798528058877644	28.5	1	0.09199632014719411	171.0	0	0.0	171.0	0	0.0
home	6	29	43984.5	6	0.5519779208831647	43984.5	6	0.5519779208831647	29.5	2	0.18399264029438822	177.0	0	0.0	177.0	0	0.0
home	6	30	45475.5	6	0.5519779208831647	45475.5	6	0.5519779208831647	30.5	1	0.09199632014719411	183.0	0	0.0	183.0	0	0.0
home	6	31	46966.5	6	0.5519779208831647	46966.5	6	0.5519779208831647	31.5	1	0.09199632014719411	189.0	0	0.0	189.0	0	0.0
home	6	32	48457.5	0	0.0	48457.5	0	0.0	32.5	1	0.09199632014719411	195.0	0	0.0	195.0	0	0.0
home	6	33	49948.5	6	0.5519779208831647	49948.5	6	0.5519779208831647	33.5	0	0.0	201.0	0	0.0	201.0	0	0.0
home	6	34	51439.5	5	0.45998160073597055	51439.5	5	0.45998160073597055	34.5	3	0.27598896044158233	207.0	0	0.0	207.0	0	0.0
home	6	35	52930.5	1	0.09199632014719411	52930.5	1	0.09199632014719411	35.5	2	0.18399264029438822	213.0	0	0.0	213.0	0	0.0
home	6	36	54421.5	6	0.5519779208831647	54421.5	6	0.5519779208831647	36.5	0	0.0	219.0	0	0.0	219.0	0	0.0
home	6	37	55912.5	6	0.5519779208831647	55912.5	6	0.5519779208831647	37.5	1	0.09199632014719411	225.0	0	0.0	225.0	0	0.0
home	6	38	57403.5	4	0.36798528058877644	57403.5	3	0.27598896044158233	38.5	1	0.09199632014719411	231.0	0	0.0	231.0	0	0.0
home	6	39	58894.5	2	0.18399264029438822	58894.5	3	0.27598896044158233	39.5	0	0.0	237.0	0	0.0	237.0	0	0.0
home	6	40	60385.5	6	0.5519779208831647	60385.5	6	0.5519779208831647	40.5	1	0.09199632014719411	243.0	0	0.0	243.0	0	0.0
home	6	41	61876.5	7	0.6439742410303588	61876.5	7	0.6439742410303588	41.5	0	0.0	249.0	0	0.0	249.0	0	0.0
home	6	42	63367.5	6	0.5519779208831647	63367.5	6	0.5519779208831647	42.5	2	0.18399264029438822	255.0	0	0.0	255.0	0	0.0
home	6	43	64858.5	4	0.36798528058877644	64858.5	4	0.36798528058877644	43.5	0	0.0	261.0	0	0.0	261.0	0	0.0
home	6	44	66349.5	7	0.6439742410303588	66349.5	6	0.5519779208831647	44.5	0	0.0	267.0	0	0.0	267.0	0	0.0
home	6	45	67840.5	5	0.45998160073597055	67840.5	6	0.5519779208831647	45.5	0	0.0	273.0	0	0.0	273.0	0	0.0
home	6	46	69331.5	7	0.6439742410303588	69331.5	7	0.6439742410303588	46.5	0	0.0	279.0	0	0.0	279.0	0	0.0
home	6	47	70822.5	7	0.6439742410303588	70822.5	6	0.5519779208831647	47.5	0	0.0	285.0	0	0.0	285.0	0	0.0
home	6	48	72313.5	7	0.6439742410303588	72313.5	8	0.7359705611775529	48.5	2	0.18399264029438822	291.0	0	0.0	291.0	0	0.0
home	6	49	73804.5	7	0.6439742410303588	73804.5	7	0.6439742410303588	49.5	0	0.0	297.0	0	0.0	297.0	0	0.0
home	6	50	75295.5	7	0.6439742410303588	75295.5	7	0.6439742410303588	50.5	0	0.0	303.0	0	0.0	303.0	0	0.0
home	6	51	76786.5	8	0.7359705611775529	76786.5	8	0.7359705611775529	51.5	0	0.0	309.0	0	0.0	309.0	0	0.0
home	6	52	78277.5	7	0.6439742410303588	78277.5	7	0.6439742410303588	52.5	0	0.0	315.0	0	0.0	315.0	0	0.0
home	6	53	79768.5	7	0.6439742410303588	79768.5	7	0.6439742410303588	53.5	1	0.09199632014719411	321.0	0	0.0	321.0	0	0.0
home	6	54	81259.5	6	0.5519779208831647	81259.5	6	0.5519779208831647	54.5	1	0.09199632014719411	327.0	0	0.0	327.0	0	0.0
home	6	55	82750.5	8	0.7359705611775529	82750.5	8	0.7359705611775529	55.5	1	0.09199632014719411	333.0	0	0.0	333.0	0	0.0
home	6	56	84241.5	6	0.5519779208831647	84241.5	6	0.5519779208831647	56.5	2	0.18399264029438822	339.0	0	0.0	339.0	0	0.0
home	6	57	85732.5	7	0.6439742410303588	85732.5	7	0.6439742410303588	57.5	0	0.0	345.0	0	0.0	345.0	0	0.0
home	6	58	87223.5	8	0.7359705611775529	87223.5	8	0.7359705611775529	58.5	2	0.18399264029438822	351.0	0	0.0	351.0	0	0.0
home	6	59	88714.5	7	0.6439742410303588	88714.5	7	0.6439742410303588	59.5	1	0.09199632014719411	357.0	0	0.0	357.0	0	0.0
home	6	60	90205.5	6	0.5519779208831647	90205.5	6	0.5519779208831647	60.5	0	0.0	363.0	0	0.0	363.0	0	0.0
home	6	61	91696.5	8	0.7359705611775529	91696.5	8	0.7359705611775529	61.5	0	0.0	369.0	0	0.0	369.0	0	0.0
home	6	62	93187.5	8	0.7359705611775529	93187.5	7	0.6439742410303588	62.5	1	0.09199632014719411	375.0	0	0.0	375.0	0	0.0
home	6	63	94678.5	7	0.6439742410303588	94678.5	8	0.7359705611775529	63.5	2	0.18399264029438822	381.0	0	0.0	381.0	0	0.0
home	6	64	96169.5	6	0.5519779208831647	96169.5	6	0.5519779208831647	64.5	1	0.09199632014719411	387.0	0	0.0	387.0	0	0.0
home	6	65	97660.5	7	0.6439742410303588	97660.5	7	0.6439742410303588	65.5	1	0.09199632014719411	393.0	0	0.0	393.0	0	0.0
home	6	66	99151.5	7	0.6439742410303588	99151.5	7	0.6439742410303588	66.5	1	0.09199632014719411	399.0	0	0.0	399.0	0	0.0
home	6	67	100642.5	6	0.5519779208831647	100642.5	6	0.5519779208831647	67.5	2	0.18399264029438822	405.0	0	0.0	405.0	0	0.0
home	6	68	102133.5	5	0.45998160073597055	102133.5	5	0.45998160073597055	68.5	16	1.4719411223551058	411.0	0	0.0	411.0	0	0.0
home	6	69	103624.5	7	0.6439742410303588	103624.5	7	0.6439742410303588	69.5	9	0.8279668813247469	417.0	0	0.0	417.0	0	0.0
home	6	70	105115.5	7	0.6439742410303588	105115.5	7	0.6439742410303588	70.5	5	0.45998160073597055	423.0	0	0.0	423.0	0	0.0
home	6	71	106606.5	6	0.5519779208831647	106606.5	6	0.5519779208831647	71.5	12	1.1039558417663293	429.0	0	0.0	429.0	0	0.0
home	6	72	108097.5	8	0.7359705611775529	108097.5	8	0.7359705611775529	72.5	8	0.7359705611775529	435.0	0	0.0	435.0	0	0.0
home	6	73	109588.5	7	0.6439742410303588	109588.5	7	0.6439742410303588	73.5	7	0.6439742410303588	441.0	0	0.0	441.0	0	0.0
home	6	74	111079.5	7	0.6439742410303588	111079.5	7	0.6439742410303588	74.5	6	0.5519779208831647	447.0	0	0.0	447.0	0	0.0
home	6	75	112570.5	7	0.6439742410303588	112570.5	7	0.6439742410303588	75.5	8	0.7359705611775529	453.0	0	0.0	453.0	0	0.0
home	6	76	114061.5	7	0.6439742410303588	114061.5	7	0.6439742410303588	76.5	1	0.09199632014719411	459.0	0	0.0	459.0	0	0.0
home	6	77	115552.5	5	0.45998160073597055	115552.5	5	0.45998160073597055	77.5	7	0.6439742410303588	465.0	0	0.0	465.0	0	0.0
home	6	78	117043.5	6	0.5519779208831647	117043.5	6	0.5519779208831647	78.5	6	0.5519779208831647	471.0	0	0.0	471.0	0	0.0
home	6	79	118534.5	6	0.5519779208831647	118534.5	6	0.5519779208831647	79.5	1	0.09199632014719411	477.0	0	0.0	477.0	0	0.0
home	6	80	120025.5	6	0.5519779208831647	120025.5	6	0.5519779208831647	80.5	12	1.1039558417663293	483.0	0	0.0	483.0	0	0.0
home	6	81	121516.5	6	0.5519779208831647	121516.5	6	0.5519779208831647	81.5	8	0.7359705611775529	489.0	0	0.0	489.0	0	0.0
home	6	82	123007.5	6	0.5519779208831647	123007.5	6	0.5519779208831647	82.5	12	1.1039558417663293	495.0	0	0.0	495.0	0	0.0
home	6	83	124498.5	7	0.6439742410303588	124498.5	7	0.6439742410303588	83.5	9	0.8279668813247469	501.0	0	0.0	501.0	0	0.0
home	6	84	125989.5	7	0.6439742410303588	125989.5	7	0.6439742410303588	84.5	5	0.45998160073597055	507.0	0	0.0	507.0	0	0.0
home	6	85	127480.5	7	0.6439742410303588	127480.5	7	0.6439742410303588	85.5	7	0.6439742410303588	513.0	0	0.0	513.0	0	0.0
home	6	86	128971.5	7	0.6439742410303588	128971.5	6	0.5519779208831647	86.5	2	0.18399264029438822	519.0	0	0.0	519.0	0	0.0
home	6	87	130462.5	6	0.5519779208831647	130462.5	7	0.6439742410303588	87.5	6	0.5519779208831647	525.0	0	0.0	525.0	0	0.0
home	6	88	131953.5	7	0.6439742410303588	131953.5	7	0.6439742410303588	88.5	4	0.36798528058877644	531.0	0	0.0	531.0	0	0.0
home	6	89	133444.5	6	0.5519779208831647	133444.5	6	0.5519779208831647	89.5	0	0.0	537.0	0	0.0	537.0	0	0.0
home	6	90	134935.5	6	0.5519779208831647	134935.5	6	0.5519779208831647	90.5	4	0.36798528058877644	543.0	0	0.0	543.0	0	0.0
home	6	91	136426.5	6	0.5519779208831647	136426.5	6	0.5519779208831647	91.5	4	0.36798528058877644	549.0	0	0.0	549.0	0	0.0
home	6	92	137917.5	6	0.5519779208831647	137917.5	6	0.5519779208831647	92.5	1	0.09199632014719411	555.0	0	0.0	555.0	0	0.0
home	6	93	139408.5	6	0.5519779208831647	139408.5	6	0.5519779208831647	93.5	2	0.18399264029438822	561.0	0	0.0	561.0	0	0.0
home	6	94	140899.5	6	0.5519779208831647	140899.5	6	0.5519779208831647	94.5	0	0.0	567.0	0	0.0	567.0	0	0.0
home	6	95	142390.5	6	0.5519779208831647	142390.5	6	0.5519779208831647	95.5	0	0.0	573.0	0	0.0	573.0	0	0.0
home	6	96	143881.5	4	0.36798528058877644	143881.5	4	0.36798528058877644	96.5	1	0.09199632014719411	579.0	0	0.0	579.0	0	0.0
home	6	97	145372.5	6	0.5519779208831647	145372.5	6	0.5519779208831647	97.5	0	0.0	585.0	0	0.0	585.0	0	0.0
home	6	98	146863.5	7	0.6439742410303588	146863.5	7	0.6439742410303588	98.5	1	0.09199632014719411	591.0	0	0.0	591.0	0	0.0
home	6	99	148354.5	6	0.5519779208831647	148354.5	6	0.5519779208831647	99.5	0	0.0	597.0	0	0.0	597.0	0	0.0
home	6	100	149845.5	5	0.45998160073597055	149845.5	5	0.45998160073597055	100.5	1	0.09199632014719411	603.0	0	0.0	603.0	0	0.0
home	6	101	151336.5	7	0.6439742410303588	151336.5	7	0.6439742410303588	101.5	2	0.18399264029438822	609.0	0	0.0	609.0	0	0.0
home	6	102	152827.5	6	0.5519779208831647	152827.5	6	0.5519779208831647	102.5	0	0.0	615.0	0	0.0	615.0	0	0.0
home	6	103	154318.5	7	0.6439742410303588	154318.5	6	0.5519779208831647	103.5	0	0.0	621.0	0	0.0	621.0	0	0.0
home	6	104	155809.5	7	0.6439742410303588	155809.5	8	0.7359705611775529	104.5	0	0.0	627.0	0	0.0	627.0	0	0.0
home	6	105	157300.5	7	0.6439742410303588	157300.5	7	0.6439742410303588	105.5	0	0.0	633.0	0	0.0	633.0	0	0.0
home	6	106	158791.5	7	0.6439742410303588	158791.5	7	0.6439742410303588	106.5	0	0.0	639.0	0	0.0	639.0	0	0.0
home	6	107	160282.5	8	0.7359705611775529	160282.5	8	0.7359705611775529	107.5	0	0.0	645.0	0	0.0	645.0	0	0.0
home	6	108	161773.5	7	0.6439742410303588	161773.5	7	0.6439742410303588	108.5	0	0.0	651.0	0	0.0	651.0	0	0.0
home	6	109	163264.5	8	0.7359705611775529	163264.5	8	0.7359705611775529	109.5	0	0.0	657.0	0	0.0	657.0	0	0.0
home	6	110	164755.5	6	0.5519779208831647	164755.5	6	0.5519779208831647	110.5	0	0.0	663.0	0	0.0	663.0	0	0.0
home	6	111	166246.5	6	0.5519779208831647	166246.5	6	0.5519779208831647	111.5	0	0.0	669.0	0	0.0	669.0	0	0.0
home	6	112	167737.5	7	0.6439742410303588	167737.5	7	0.6439742410303588	112.5	0	0.0	675.0	0	0.0	675.0	0	0.0
home	6	113	169228.5	8	0.7359705611775529	169228.5	8	0.7359705611775529	113.5	0	0.0	681.0	0	0.0	681.0	0	0.0
home	6	114	170719.5	4	0.36798528058877644	170719.5	4	0.36798528058877644	114.5	0	0.0	687.0	0	0.0	687.0	0	0.0
home	6	115	172210.5	8	0.7359705611775529	172210.5	8	0.7359705611775529	115.5	0	0.0	693.0	0	0.0	693.0	0	0.0
home	6	116	173701.5	6	0.5519779208831647	173701.5	6	0.5519779208831647	116.5	0	0.0	699.0	0	0.0	699.0	0	0.0
home	6	117	175192.5	7	0.6439742410303588	175192.5	7	0.6439742410303588	117.5	0	0.0	705.0	0	0.0	705.0	0	0.0
home	6	118	176683.5	7	0.6439742410303588	176683.5	7	0.6439742410303588	118.5	0	0.0	711.0	0	0.0	711.0	0	0.0
home	6	119	178174.5	7	0.6439742410303588	178174.5	7	0.6439742410303588	119.5	0	0.0	717.0	0	0.0	717.0	0	0.0
home	6	120	179665.5	6	0.5519779208831647	179665.5	6	0.5519779208831647	120.5	0	0.0	723.0	0	0.0	723.0	0	0.0
home	6	121	181156.5	6	0.5519779208831647	181156.5	6	0.5519779208831647	121.5	0	0.0	729.0	0	0.0	729.0	0	0.0
home	6	122	182647.5	8	0.7359705611775529	182647.5	8	0.7359705611775529	122.5	0	0.0	735.0	0	0.0	735.0	0	0.0
home	6	123	184138.5	6	0.5519779208831647	184138.5	6	0.5519779208831647	123.5	0	0.0	741.0	0	0.0	741.0	0	0.0
home	6	124	185629.5	7	0.6439742410303588	185629.5	7	0.6439742410303588	124.5	0	0.0	747.0	0	0.0	747.0	0	0.0
home	6	125	187120.5	6	0.5519779208831647	187120.5	6	0.5519779208831647	125.5	0	0.0	753.0	0	0.0	753.0	0	0.0
home	6	126	188611.5	7	0.6439742410303588	188611.5	6	0.5519779208831647	126.5	0	0.0	759.0	0	0.0	759.0	0	0.0
home	6	127	190102.5	6	0.5519779208831647	190102.5	7	0.6439742410303588	127.5	0	0.0	765.0	0	0.0	765.0	0	0.0
home	6	128	191593.5	7	0.6439742410303588	191593.5	6	0.5519779208831647	128.5	0	0.0	771.0	0	0.0	771.0	0	0.0
home	6	129	193084.5	7	0.6439742410303588	193084.5	8	0.7359705611775529	129.5	1	0.09199632014719411	777.0	0	0.0	777.0	0	0.0
home	6	130	194575.5	7	0.6439742410303588	194575.5	7	0.6439742410303588	130.5	0	0.0	783.0	0	0.0	783.0	0	0.0
home	6	131	196066.5	6	0.5519779208831647	196066.5	6	0.5519779208831647	131.5	0	0.0	789.0	0	0.0	789.0	0	0.0
home	6	132	197557.5	7	0.6439742410303588	197557.5	7	0.6439742410303588	132.5	0	0.0	795.0	0	0.0	795.0	0	0.0
home	6	133	199048.5	8	0.7359705611775529	199048.5	8	0.7359705611775529	133.5	0	0.0	801.0	0	0.0	801.0	0	0.0
home	6	134	200539.5	4	0.36798528058877644	200539.5	4	0.36798528058877644	134.5	0	0.0	807.0	0	0.0	807.0	0	0.0
home	6	135	202030.5	3	0.27598896044158233	202030.5	3	0.27598896044158233	135.5	0	0.0	813.0	0	0.0	813.0	0	0.0
home	6	136	203521.5	6	0.5519779208831647	203521.5	6	0.5519779208831647	136.5	0	0.0	819.0	0	0.0	819.0	0	0.0
home	6	137	205012.5	6	0.5519779208831647	205012.5	6	0.5519779208831647	137.5	0	0.0	825.0	0	0.0	825.0	0	0.0
home	6	138	206503.5	6	0.5519779208831647	206503.5	6	0.5519779208831647	138.5	0	0.0	831.0	0	0.0	831.0	0	0.0
home	6	139	207994.5	0	0.0	207994.5	0	0.0	139.5	0	0.0	837.0	0	0.0	837.0	0	0.0
home	6	140	209485.5	6	0.5519779208831647	209485.5	6	0.5519779208831647	140.5	0	0.0	843.0	0	0.0	843.0	0	0.0
home	6	141	210976.5	6	0.5519779208831647	210976.5	6	0.5519779208831647	141.5	0	0.0	849.0	0	0.0	849.0	0	0.0
home	6	142	212467.5	0	0.0	212467.5	0	0.0	142.5	0	0.0	855.0	0	0.0	855.0	0	0.0
home	6	143	213958.5	6	0.5519779208831647	213958.5	6	0.5519779208831647	143.5	0	0.0	861.0	0	0.0	861.0	0	0.0
home	6	144	215449.5	6	0.5519779208831647	215449.5	6	0.5519779208831647	144.5	0	0.0	867.0	0	0.0	867.0	0	0.0
home	6	145	216940.5	5	0.45998160073597055	216940.5	5	0.45998160073597055	145.5	0	0.0	873.0	0	0.0	873.0	0	0.0
home	6	146	218431.5	1	0.09199632014719411	218431.5	1	0.09199632014719411	146.5	0	0.0	879.0	0	0.0	879.0	0	0.0
home	6	147	219922.5	6	0.5519779208831647	219922.5	6	0.5519779208831647	147.5	0	0.0	885.0	0	0.0	885.0	0	0.0
home	6	148	221413.5	6	0.5519779208831647	221413.5	6	0.5519779208831647	148.5	0	0.0	891.0	0	0.0	891.0	0	0.0
home	6	149	222904.5	6	0.5519779208831647	222904.5	6	0.5519779208831647	149.5	0	0.0	897.0	0	0.0	897.0	0	0.0
home	6	150	224395.5	0	0.0	224395.5	0	0.0	150.5	0	0.0	903.0	0	0.0	903.0	0	0.0
home	6	151	225886.5	6	0.5519779208831647	225886.5	6	0.5519779208831647	151.5	0	0.0	909.0	0	0.0	909.0	0	0.0
home	6	152	227377.5	6	0.5519779208831647	227377.5	6	0.5519779208831647	152.5	0	0.0	915.0	0	0.0	915.0	0	0.0
home	6	153	228868.5	6	0.5519779208831647	228868.5	6	0.5519779208831647	153.5	0	0.0	921.0	0	0.0	921.0	0	0.0
home	6	154	230359.5	0	0.0	230359.5	0	0.0	154.5	0	0.0	927.0	0	0.0	927.0	0	0.0
home	6	155	231850.5	6	0.5519779208831647	231850.5	6	0.5519779208831647	155.5	0	0.0	933.0	0	0.0	933.0	0	0.0
home	6	156	233341.5	6	0.5519779208831647	233341.5	6	0.5519779208831647	156.5	0	0.0	939.0	0	0.0	939.0	0	0.0
home	6	157	234832.5	6	0.5519779208831647	234832.5	6	0.5519779208831647	157.5	0	0.0	945.0	0	0.0	945.0	0	0.0
home	6	158	236323.5	0	0.0	236323.5	0	0.0	158.5	0	0.0	951.0	0	0.0	951.0	0	0.0
home	6	159	237814.5	6	0.5519779208831647	237814.5	6	0.5519779208831647	159.5	0	0.0	957.0	0	0.0	957.0	0	0.0
home	6	160	239305.5	6	0.5519779208831647	239305.5	6	0.5519779208831647	160.5	0	0.0	963.0	0	0.0	963.0	0	0.0
home	6	161	240796.5	0	0.0	240796.5	0	0.0	161.5	0	0.0	969.0	0	0.0	969.0	0	0.0
home	6	162	242287.5	6	0.5519779208831647	242287.5	6	0.5519779208831647	162.5	0	0.0	975.0	0	0.0	975.0	0	0.0
home	6	163	243778.5	6	0.5519779208831647	243778.5	6	0.5519779208831647	163.5	0	0.0	981.0	0	0.0	981.0	0	0.0
home	6	164	245269.5	6	0.5519779208831647	245269.5	6	0.5519779208831647	164.5	0	0.0	987.0	0	0.0	987.0	0	0.0
home	6	165	246760.5	0	0.0	246760.5	0	0.0	165.5	0	0.0	993.0	0	0.0	993.0	0	0.0
home	6	166	248251.5	6	0.5519779208831647	248251.5	6	0.5519779208831647	166.5	0	0.0	999.0	0	0.0	999.0	0	0.0
home	6	167	249742.5	6	0.5519779208831647	249742.5	6	0.5519779208831647	167.5	0	0.0	1005.0	0	0.0	1005.0	0	0.0
home	6	168	251233.5	4	0.36798528058877644	251233.5	4	0.36798528058877644	168.5	0	0.0	1011.0	0	0.0	1011.0	0	0.0
home	6	169	252724.5	2	0.18399264029438822	252724.5	2	0.18399264029438822	169.5	0	0.0	1017.0	0	0.0	1017.0	0	0.0
home	6	170	254215.5	6	0.5519779208831647	254215.5	6	0.5519779208831647	170.5	0	0.0	1023.0	0	0.0	1023.0	0	0.0
home	6	171	255706.5	6	0.5519779208831647	255706.5	6	0.5519779208831647	171.5	0	0.0	1029.0	0	0.0	1029.0	0	0.0
home	6	172	257197.5	0	0.0	257197.5	0	0.0	172.5	0	0.0	1035.0	0	0.0	1035.0	0	0.0
home	6	173	258688.5	6	0.5519779208831647	258688.5	6	0.5519779208831647	173.5	0	0.0	1041.0	0	0.0	1041.0	0	0.0
home	6	174	260179.5	6	0.5519779208831647	260179.5	6	0.5519779208831647	174.5	0	0.0	1047.0	0	0.0	1047.0	0	0.0
home	6	175	261670.5	0	0.0	261670.5	0	0.0	175.5	0	0.0	1053.0	0	0.0	1053.0	0	0.0
home	6	176	263161.5	6	0.5519779208831647	263161.5	6	0.5519779208831647	176.5	0	0.0	1059.0	0	0.0	1059.0	0	0.0
home	6	177	264652.5	6	0.5519779208831647	264652.5	6	0.5519779208831647	177.5	0	0.0	1065.0	0	0.0	1065.0	0	0.0
home	6	178	266143.5	2	0.18399264029438822	266143.5	0	0.0	178.5	0	0.0	1071.0	0	0.0	1071.0	0	0.0
home	6	179	267634.5	4	0.36798528058877644	267634.5	6	0.5519779208831647	179.5	0	0.0	1077.0	0	0.0	1077.0	0	0.0
home	6	180	269125.5	6	0.5519779208831647	269125.5	6	0.5519779208831647	180.5	0	0.0	1083.0	0	0.0	1083.0	0	0.0
home	6	181	270616.5	5	0.45998160073597055	270616.5	5	0.45998160073597055	181.5	0	0.0	1089.0	0	0.0	1089.0	0	0.0
home	6	182	272107.5	1	0.09199632014719411	272107.5	1	0.09199632014719411	182.5	0	0.0	1095.0	0	0.0	1095.0	0	0.0
home	6	183	273598.5	6	0.5519779208831647	273598.5	6	0.5519779208831647	183.5	0	0.0	1101.0	0	0.0	1101.0	0	0.0
home	6	184	275089.5	6	0.5519779208831647	275089.5	6	0.5519779208831647	184.5	0	0.0	1107.0	0	0.0	1107.0	0	0.0
home	6	185	276580.5	4	0.36798528058877644	276580.5	4	0.36798528058877644	185.5	0	0.0	1113.0	0	0.0	1113.0	0	0.0
home	6	186	278071.5	2	0.18399264029438822	278071.5	2	0.18399264029438822	186.5	0	0.0	1119.0	0	0.0	1119.0	0	0.0
home	6	187	279562.5	6	0.5519779208831647	279562.5	6	0.5519779208831647	187.5	0	0.0	1125.0	0	0.0	1125.0	0	0.0
home	6	188	281053.5	6	0.5519779208831647	281053.5	6	0.5519779208831647	188.5	0	0.0	1131.0	0	0.0	1131.0	0	0.0
home	6	189	282544.5	0	0.0	282544.5	0	0.0	189.5	0	0.0	1137.0	0	0.0	1137.0	0	0.0
home	6	190	284035.5	6	0.5519779208831647	284035.5	6	0.5519779208831647	190.5	0	0.0	1143.0	0	0.0	1143.0	0	0.0
home	6	191	285526.5	6	0.5519779208831647	285526.5	6	0.5519779208831647	191.5	0	0.0	1149.0	0	0.0	1149.0	0	0.0
home	6	192	287017.5	4	0.36798528058877644	287017.5	4	0.36798528058877644	192.5	0	0.0	1155.0	0	0.0	1155.0	0	0.0
home	6	193	288508.5	2	0.18399264029438822	288508.5	2	0.18399264029438822	193.5	0	0.0	1161.0	0	0.0	1161.0	0	0.0
home	6	194	289999.5	6	0.5519779208831647	289999.5	6	0.5519779208831647	194.5	0	0.0	1167.0	0	0.0	1167.0	0	0.0
home	6	195	291490.5	6	0.5519779208831647	291490.5	6	0.5519779208831647	195.5	0	0.0	1173.0	0	0.0	1173.0	0	0.0
home	6	196	292981.5	4	0.36798528058877644	292981.5	4	0.36798528058877644	196.5	0	0.0	1179.0	0	0.0	1179.0	0	0.0
home	6	197	294472.5	3	0.27598896044158233	294472.5	3	0.27598896044158233	197.5	0	0.0	1185.0	0	0.0	1185.0	0	0.0
home	6	198	295963.5	6	0.5519779208831647	295963.5	6	0.5519779208831647	198.5	0	0.0	1191.0	0	0.0	1191.0	0	0.0
home	6	199	297454.5	6	0.5519779208831647	297454.5	6	0.5519779208831647	199.5	0	0.0	1197.0	0	0.0	1197.0	0	0.0
