'Request type'	'Load'	'Bucket'	'Start time'	'Absolute'	'Percent of requests'	'End time'	'Absolute'	'Percent of requests'	'Residence time'	'Absolute'	'Percent of requests'	'Theor. think time'	'Absolute'	'Percent of requests'	'Actual think time'	'Absolute'	'Percent of requests'
login	8	0	751.5	8	0.819672131147541	751.5	6	0.6147540983606558	5.0	0	0.0	3.0	976	100.0	3.0	976	100.0
login	8	1	2254.5	8	0.819672131147541	2254.5	2	0.20491803278688525	15.0	0	0.0	9.0	0	0.0	9.0	0	0.0
login	8	2	3757.5	0	0.0	3757.5	8	0.819672131147541	25.0	0	0.0	15.0	0	0.0	15.0	0	0.0
login	8	3	5260.5	8	0.819672131147541	5260.5	1	0.10245901639344263	35.0	0	0.0	21.0	0	0.0	21.0	0	0.0
login	8	4	6763.5	0	0.0	6763.5	7	0.7172131147540983	45.0	0	0.0	27.0	0	0.0	27.0	0	0.0
login	8	5	8266.5	8	0.819672131147541	8266.5	4	0.4098360655737705	55.0	0	0.0	33.0	0	0.0	33.0	0	0.0
login	8	6	9769.5	8	0.819672131147541	9769.5	4	0.4098360655737705	65.0	0	0.0	39.0	0	0.0	39.0	0	0.0
login	8	7	11272.5	0	0.0	11272.5	8	0.819672131147541	75.0	0	0.0	45.0	0	0.0	45.0	0	0.0
login	8	8	12775.5	8	0.819672131147541	12775.5	3	0.3073770491803279	85.0	0	0.0	51.0	0	0.0	51.0	0	0.0
login	8	9	14278.5	0	0.0	14278.5	5	0.5122950819672132	95.0	0	0.0	57.0	0	0.0	57.0	0	0.0
login	8	10	15781.5	8	0.819672131147541	15781.5	2	0.20491803278688525	105.0	0	0.0	63.0	0	0.0	63.0	0	0.0
login	8	11	17284.5	6	0.6147540983606558	17284.5	6	0.6147540983606558	115.0	0	0.0	69.0	0	0.0	69.0	0	0.0
login	8	12	18787.5	2	0.20491803278688525	18787.5	4	0.4098360655737705	125.0	0	0.0	75.0	0	0.0	75.0	0	0.0
login	8	13	20290.5	8	0.819672131147541	20290.5	4	0.4098360655737705	135.0	0	0.0	81.0	0	0.0	81.0	0	0.0
login	8	14	21793.5	0	0.0	21793.5	8	0.819672131147541	145.0	0	0.0	87.0	0	0.0	87.0	0	0.0
login	8	15	23296.5	8	0.819672131147541	23296.5	1	0.10245901639344263	155.0	0	0.0	93.0	0	0.0	93.0	0	0.0
login	8	16	24799.5	0	0.0	24799.5	7	0.7172131147540983	165.0	0	0.0	99.0	0	0.0	99.0	0	0.0
login	8	17	26302.5	8	0.819672131147541	26302.5	4	0.4098360655737705	175.0	0	0.0	105.0	0	0.0	105.0	0	0.0
login	8	18	27805.5	0	0.0	27805.5	4	0.4098360655737705	185.0	1	0.10245901639344263	111.0	0	0.0	111.0	0	0.0
login	8	19	29308.5	8	0.819672131147541	29308.5	6	0.6147540983606558	195.0	0	0.0	117.0	0	0.0	117.0	0	0.0
login	8	20	30811.5	8	0.819672131147541	30811.5	2	0.20491803278688525	205.0	0	0.0	123.0	0	0.0	123.0	0	0.0
login	8	21	32314.5	0	0.0	32314.5	8	0.819672131147541	215.0	0	0.0	129.0	0	0.0	129.0	0	0.0
login	8	22	33817.5	8	0.819672131147541	33817.5	2	0.20491803278688525	225.0	0	0.0	135.0	0	0.0	135.0	0	0.0
login	8	23	35320.5	0	0.0	35320.5	6	0.6147540983606558	235.0	0	0.0	141.0	0	0.0	141.0	0	0.0
login	8	24	36823.5	8	0.819672131147541	36823.5	5	0.5122950819672132	245.0	0	0.0	147.0	0	0.0	147.0	0	0.0
login	8	25	38326.5	8	0.819672131147541	38326.5	3	0.3073770491803279	255.0	0	0.0	153.0	0	0.0	153.0	0	0.0
login	8	26	39829.5	0	0.0	39829.5	8	0.819672131147541	265.0	0	0.0	159.0	0	0.0	159.0	0	0.0
login	8	27	41332.5	8	0.819672131147541	41332.5	1	0.10245901639344263	275.0	1	0.10245901639344263	165.0	0	0.0	165.0	0	0.0
login	8	28	42835.5	0	0.0	42835.5	7	0.7172131147540983	285.0	0	0.0	171.0	0	0.0	171.0	0	0.0
login	8	29	44338.5	8	0.819672131147541	44338.5	4	0.4098360655737705	295.0	0	0.0	177.0	0	0.0	177.0	0	0.0
login	8	30	45841.5	8	0.819672131147541	45841.5	4	0.4098360655737705	305.0	1	0.10245901639344263	183.0	0	0.0	183.0	0	0.0
login	8	31	47344.5	0	0.0	47344.5	7	0.7172131147540983	315.0	1	0.10245901639344263	189.0	0	0.0	189.0	0	0.0
login	8	32	48847.5	8	0.819672131147541	48847.5	1	0.10245901639344263	325.0	0	0.0	195.0	0	0.0	195.0	0	0.0
login	8	33	50350.5	0	0.0	50350.5	8	0.819672131147541	335.0	0	0.0	201.0	0	0.0	201.0	0	0.0
login	8	34	51853.5	8	0.819672131147541	51853.5	5	0.5122950819672132	345.0	0	0.0	207.0	0	0.0	207.0	0	0.0
login	8	35	53356.5	5	0.5122950819672132	53356.5	3	0.3073770491803279	355.0	0	0.0	213.0	0	0.0	213.0	0	0.0
login	8	36	54859.5	3	0.3073770491803279	54859.5	8	0.819672131147541	365.0	0	0.0	219.0	0	0.0	219.0	0	0.0
login	8	37	56362.5	8	0.819672131147541	56362.5	1	0.10245901639344263	375.0	3	0.3073770491803279	225.0	0	0.0	225.0	0	0.0
login	8	38	57865.5	6	0.6147540983606558	57865.5	7	0.7172131147540983	385.0	5	0.5122950819672132	231.0	0	0.0	231.0	0	0.0
login	8	39	59368.5	2	0.20491803278688525	59368.5	6	0.6147540983606558	395.0	3	0.3073770491803279	237.0	0	0.0	237.0	0	0.0
login	8	40	60871.5	8	0.819672131147541	60871.5	3	0.3073770491803279	405.0	8	0.819672131147541	243.0	0	0.0	243.0	0	0.0
login	8	41	62374.5	0	0.0	62374.5	7	0.7172131147540983	415.0	3	0.3073770491803279	249.0	0	0.0	249.0	0	0.0
login	8	42	63877.5	8	0.819672131147541	63877.5	4	0.4098360655737705	425.0	2	0.20491803278688525	255.0	0	0.0	255.0	0	0.0
login	8	43	65380.5	8	0.819672131147541	65380.5	4	0.4098360655737705	435.0	1	0.10245901639344263	261.0	0	0.0	261.0	0	0.0
login	8	44	66883.5	0	0.0	66883.5	7	0.7172131147540983	445.0	0	0.0	267.0	0	0.0	267.0	0	0.0
login	8	45	68386.5	8	0.819672131147541	68386.5	2	0.20491803278688525	455.0	0	0.0	273.0	0	0.0	273.0	0	0.0
login	8	46	69889.5	0	0.0	69889.5	7	0.7172131147540983	465.0	1	0.10245901639344263	279.0	0	0.0	279.0	0	0.0
login	8	47	71392.5	8	0.819672131147541	71392.5	6	0.6147540983606558	475.0	7	0.7172131147540983	285.0	0	0.0	285.0	0	0.0
login	8	48	72895.5	8	0.819672131147541	72895.5	2	0.20491803278688525	485.0	9	0.9221311475409837	291.0	0	0.0	291.0	0	0.0
login	8	49	74398.5	0	0.0	74398.5	8	0.819672131147541	495.0	13	1.3319672131147542	297.0	0	0.0	297.0	0	0.0
login	8	50	75901.5	8	0.819672131147541	75901.5	3	0.3073770491803279	505.0	11	1.1270491803278688	303.0	0	0.0	303.0	0	0.0
login	8	51	77404.5	2	0.20491803278688525	77404.5	5	0.5122950819672132	515.0	3	0.3073770491803279	309.0	0	0.0	309.0	0	0.0
login	8	52	78907.5	6	0.6147540983606558	78907.5	6	0.6147540983606558	525.0	2	0.20491803278688525	315.0	0	0.0	315.0	0	0.0
login	8	53	80410.5	8	0.819672131147541	80410.5	4	0.4098360655737705	535.0	0	0.0	321.0	0	0.0	321.0	0	0.0
login	8	54	81913.5	5	0.5122950819672132	81913.5	6	0.6147540983606558	545.0	0	0.0	327.0	0	0.0	327.0	0	0.0
login	8	55	83416.5	3	0.3073770491803279	83416.5	6	0.6147540983606558	555.0	0	0.0	333.0	0	0.0	333.0	0	0.0
login	8	56	84919.5	8	0.819672131147541	84919.5	3	0.3073770491803279	565.0	1	0.10245901639344263	339.0	0	0.0	339.0	0	0.0
login	8	57	86422.5	0	0.0	86422.5	7	0.7172131147540983	575.0	1	0.10245901639344263	345.0	0	0.0	345.0	0	0.0
login	8	58	87925.5	8	0.819672131147541	87925.5	2	0.20491803278688525	585.0	3	0.3073770491803279	351.0	0	0.0	351.0	0	0.0
login	8	59	89428.5	6	0.6147540983606558	89428.5	6	0.6147540983606558	595.0	6	0.6147540983606558	357.0	0	0.0	357.0	0	0.0
login	8	60	90931.5	2	0.20491803278688525	90931.5	8	0.819672131147541	605.0	2	0.20491803278688525	363.0	0	0.0	363.0	0	0.0
login	8	61	92434.5	8	0.819672131147541	92434.5	1	0.10245901639344263	615.0	0	0.0	369.0	0	0.0	369.0	0	0.0
login	8	62	93937.5	0	0.0	93937.5	7	0.7172131147540983	625.0	3	0.3073770491803279	375.0	0	0.0	375.0	0	0.0
login	8	63	95440.5	8	0.819672131147541	95440.5	4	0.4098360655737705	635.0	0	0.0	381.0	0	0.0	381.0	0	0.0
login	8	64	96943.5	2	0.20491803278688525	96943.5	4	0.4098360655737705	645.0	0	0.0	387.0	0	0.0	387.0	0	0.0
login	8	65	98446.5	6	0.6147540983606558	98446.5	5	0.5122950819672132	655.0	0	0.0	393.0	0	0.0	393.0	0	0.0
login	8	66	99949.5	8	0.819672131147541	99949.5	4	0.4098360655737705	665.0	2	0.20491803278688525	399.0	0	0.0	399.0	0	0.0
login	8	67	101452.5	0	0.0	101452.5	7	0.7172131147540983	675.0	2	0.20491803278688525	405.0	0	0.0	405.0	0	0.0
login	8	68	102955.5	8	0.819672131147541	102955.5	4	0.4098360655737705	685.0	8	0.819672131147541	411.0	0	0.0	411.0	0	0.0
login	8	69	104458.5	6	0.6147540983606558	104458.5	4	0.4098360655737705	695.0	13	1.3319672131147542	417.0	0	0.0	417.0	0	0.0
login	8	70	105961.5	2	0.20491803278688525	105961.5	6	0.6147540983606558	705.0	3	0.3073770491803279	423.0	0	0.0	423.0	0	0.0
login	8	71	107464.5	8	0.819672131147541	107464.5	6	0.6147540983606558	715.0	7	0.7172131147540983	429.0	0	0.0	429.0	0	0.0
login	8	72	108967.5	0	0.0	108967.5	4	0.4098360655737705	725.0	7	0.7172131147540983	435.0	0	0.0	435.0	0	0.0
login	8	73	110470.5	8	0.819672131147541	110470.5	4	0.4098360655737705	735.0	1	0.10245901639344263	441.0	0	0.0	441.0	0	0.0
login	8	74	111973.5	8	0.819672131147541	111973.5	4	0.4098360655737705	745.0	3	0.3073770491803279	447.0	0	0.0	447.0	0	0.0
login	8	75	113476.5	0	0.0	113476.5	7	0.7172131147540983	755.0	1	0.10245901639344263	453.0	0	0.0	453.0	0	0.0
login	8	76	114979.5	8	0.819672131147541	114979.5	1	0.10245901639344263	765.0	3	0.3073770491803279	459.0	0	0.0	459.0	0	0.0
login	8	77	116482.5	0	0.0	116482.5	8	0.819672131147541	775.0	6	0.6147540983606558	465.0	0	0.0	465.0	0	0.0
login	8	78	117985.5	8	0.819672131147541	117985.5	2	0.20491803278688525	785.0	10	1.0245901639344264	471.0	0	0.0	471.0	0	0.0
login	8	79	119488.5	0	0.0	119488.5	6	0.6147540983606558	795.0	17	1.7418032786885247	477.0	0	0.0	477.0	0	0.0
login	8	80	120991.5	8	0.819672131147541	120991.5	6	0.6147540983606558	805.0	19	1.9467213114754098	483.0	0	0.0	483.0	0	0.0
login	8	81	122494.5	8	0.819672131147541	122494.5	3	0.3073770491803279	815.0	15	1.5368852459016393	489.0	0	0.0	489.0	0	0.0
login	8	82	123997.5	0	0.0	123997.5	7	0.7172131147540983	825.0	9	0.9221311475409837	495.0	0	0.0	495.0	0	0.0
login	8	83	125500.5	8	0.819672131147541	125500.5	4	0.4098360655737705	835.0	0	0.0	501.0	0	0.0	501.0	0	0.0
login	8	84	127003.5	8	0.819672131147541	127003.5	4	0.4098360655737705	845.0	0	0.0	507.0	0	0.0	507.0	0	0.0
login	8	85	128506.5	0	0.0	128506.5	4	0.4098360655737705	855.0	0	0.0	513.0	0	0.0	513.0	0	0.0
login	8	86	130009.5	8	0.819672131147541	130009.5	4	0.4098360655737705	865.0	6	0.6147540983606558	519.0	0	0.0	519.0	0	0.0
login	8	87	131512.5	0	0.0	131512.5	8	0.819672131147541	875.0	13	1.3319672131147542	525.0	0	0.0	525.0	0	0.0
login	8	88	133015.5	8	0.819672131147541	133015.5	1	0.10245901639344263	885.0	27	2.766393442622951	531.0	0	0.0	531.0	0	0.0
login	8	89	134518.5	1	0.10245901639344263	134518.5	7	0.7172131147540983	895.0	30	3.0737704918032787	537.0	0	0.0	537.0	0	0.0
login	8	90	136021.5	7	0.7172131147540983	136021.5	6	0.6147540983606558	905.0	32	3.278688524590164	543.0	0	0.0	543.0	0	0.0
login	8	91	137524.5	8	0.819672131147541	137524.5	2	0.20491803278688525	915.0	13	1.3319672131147542	549.0	0	0.0	549.0	0	0.0
login	8	92	139027.5	0	0.0	139027.5	8	0.819672131147541	925.0	3	0.3073770491803279	555.0	0	0.0	555.0	0	0.0
login	8	93	140530.5	8	0.819672131147541	140530.5	2	0.20491803278688525	935.0	0	0.0	561.0	0	0.0	561.0	0	0.0
login	8	94	142033.5	6	0.6147540983606558	142033.5	6	0.6147540983606558	945.0	2	0.20491803278688525	567.0	0	0.0	567.0	0	0.0
login	8	95	143536.5	2	0.20491803278688525	143536.5	6	0.6147540983606558	955.0	0	0.0	573.0	0	0.0	573.0	0	0.0
login	8	96	145039.5	8	0.819672131147541	145039.5	3	0.3073770491803279	965.0	1	0.10245901639344263	579.0	0	0.0	579.0	0	0.0
login	8	97	146542.5	0	0.0	146542.5	7	0.7172131147540983	975.0	13	1.3319672131147542	585.0	0	0.0	585.0	0	0.0
login	8	98	148045.5	8	0.819672131147541	148045.5	4	0.4098360655737705	985.0	20	2.0491803278688527	591.0	0	0.0	591.0	0	0.0
login	8	99	149548.5	8	0.819672131147541	149548.5	4	0.4098360655737705	995.0	16	1.639344262295082	597.0	0	0.0	597.0	0	0.0
login	8	100	151051.5	0	0.0	151051.5	8	0.819672131147541	1005.0	9	0.9221311475409837	603.0	0	0.0	603.0	0	0.0
login	8	101	152554.5	8	0.819672131147541	152554.5	2	0.20491803278688525	1015.0	7	0.7172131147540983	609.0	0	0.0	609.0	0	0.0
login	8	102	154057.5	6	0.6147540983606558	154057.5	6	0.6147540983606558	1025.0	3	0.3073770491803279	615.0	0	0.0	615.0	0	0.0
login	8	103	155560.5	2	0.20491803278688525	155560.5	6	0.6147540983606558	1035.0	1	0.10245901639344263	621.0	0	0.0	621.0	0	0.0
login	8	104	157063.5	8	0.819672131147541	157063.5	2	0.20491803278688525	1045.0	0	0.0	627.0	0	0.0	627.0	0	0.0
login	8	105	158566.5	0	0.0	158566.5	8	0.819672131147541	1055.0	0	0.0	633.0	0	0.0	633.0	0	0.0
login	8	106	160069.5	8	0.819672131147541	160069.5	4	0.4098360655737705	1065.0	2	0.20491803278688525	639.0	0	0.0	639.0	0	0.0
login	8	107	161572.5	8	0.819672131147541	161572.5	4	0.4098360655737705	1075.0	5	0.5122950819672132	645.0	0	0.0	645.0	0	0.0
login	8	108	163075.5	0	0.0	163075.5	6	0.6147540983606558	1085.0	10	1.0245901639344264	651.0	0	0.0	651.0	0	0.0
login	8	109	164578.5	8	0.819672131147541	164578.5	2	0.20491803278688525	1095.0	14	1.4344262295081966	657.0	0	0.0	657.0	0	0.0
login	8	110	166081.5	0	0.0	166081.5	8	0.819672131147541	1105.0	4	0.4098360655737705	663.0	0	0.0	663.0	0	0.0
login	8	111	167584.5	8	0.819672131147541	167584.5	2	0.20491803278688525	1115.0	15	1.5368852459016393	669.0	0	0.0	669.0	0	0.0
login	8	112	169087.5	1	0.10245901639344263	169087.5	6	0.6147540983606558	1125.0	5	0.5122950819672132	675.0	0	0.0	675.0	0	0.0
login	8	113	170590.5	7	0.7172131147540983	170590.5	8	0.819672131147541	1135.0	1	0.10245901639344263	681.0	0	0.0	681.0	0	0.0
login	8	114	172093.5	8	0.819672131147541	172093.5	1	0.10245901639344263	1145.0	1	0.10245901639344263	687.0	0	0.0	687.0	0	0.0
login	8	115	173596.5	6	0.6147540983606558	173596.5	7	0.7172131147540983	1155.0	3	0.3073770491803279	693.0	0	0.0	693.0	0	0.0
login	8	116	175099.5	2	0.20491803278688525	175099.5	6	0.6147540983606558	1165.0	3	0.3073770491803279	699.0	0	0.0	699.0	0	0.0
login	8	117	176602.5	8	0.819672131147541	176602.5	4	0.4098360655737705	1175.0	6	0.6147540983606558	705.0	0	0.0	705.0	0	0.0
login	8	118	178105.5	0	0.0	178105.5	6	0.6147540983606558	1185.0	9	0.9221311475409837	711.0	0	0.0	711.0	0	0.0
login	8	119	179608.5	8	0.819672131147541	179608.5	5	0.5122950819672132	1195.0	16	1.639344262295082	717.0	0	0.0	717.0	0	0.0
login	8	120	181111.5	8	0.819672131147541	181111.5	4	0.4098360655737705	1205.0	12	1.2295081967213115	723.0	0	0.0	723.0	0	0.0
login	8	121	182614.5	0	0.0	182614.5	7	0.7172131147540983	1215.0	17	1.7418032786885247	729.0	0	0.0	729.0	0	0.0
login	8	122	184117.5	8	0.819672131147541	184117.5	2	0.20491803278688525	1225.0	7	0.7172131147540983	735.0	0	0.0	735.0	0	0.0
login	8	123	185620.5	6	0.6147540983606558	185620.5	6	0.6147540983606558	1235.0	3	0.3073770491803279	741.0	0	0.0	741.0	0	0.0
login	8	124	187123.5	2	0.20491803278688525	187123.5	8	0.819672131147541	1245.0	2	0.20491803278688525	747.0	0	0.0	747.0	0	0.0
login	8	125	188626.5	8	0.819672131147541	188626.5	3	0.3073770491803279	1255.0	0	0.0	753.0	0	0.0	753.0	0	0.0
login	8	126	190129.5	0	0.0	190129.5	5	0.5122950819672132	1265.0	6	0.6147540983606558	759.0	0	0.0	759.0	0	0.0
login	8	127	191632.5	8	0.819672131147541	191632.5	4	0.4098360655737705	1275.0	15	1.5368852459016393	765.0	0	0.0	765.0	0	0.0
login	8	128	193135.5	8	0.819672131147541	193135.5	4	0.4098360655737705	1285.0	13	1.3319672131147542	771.0	0	0.0	771.0	0	0.0
login	8	129	194638.5	0	0.0	194638.5	4	0.4098360655737705	1295.0	35	3.586065573770492	777.0	0	0.0	777.0	0	0.0
login	8	130	196141.5	8	0.819672131147541	196141.5	4	0.4098360655737705	1305.0	30	3.0737704918032787	783.0	0	0.0	783.0	0	0.0
login	8	131	197644.5	0	0.0	197644.5	6	0.6147540983606558	1315.0	16	1.639344262295082	789.0	0	0.0	789.0	0	0.0
login	8	132	199147.5	8	0.819672131147541	199147.5	4	0.4098360655737705	1325.0	8	0.819672131147541	795.0	0	0.0	795.0	0	0.0
login	8	133	200650.5	0	0.0	200650.5	6	0.6147540983606558	1335.0	1	0.10245901639344263	801.0	0	0.0	801.0	0	0.0
login	8	134	202153.5	8	0.819672131147541	202153.5	4	0.4098360655737705	1345.0	1	0.10245901639344263	807.0	0	0.0	807.0	0	0.0
login	8	135	203656.5	8	0.819672131147541	203656.5	4	0.4098360655737705	1355.0	1	0.10245901639344263	813.0	0	0.0	813.0	0	0.0
login	8	136	205159.5	0	0.0	205159.5	6	0.6147540983606558	1365.0	5	0.5122950819672132	819.0	0	0.0	819.0	0	0.0
login	8	137	206662.5	8	0.819672131147541	206662.5	3	0.3073770491803279	1375.0	15	1.5368852459016393	825.0	0	0.0	825.0	0	0.0
login	8	138	208165.5	5	0.5122950819672132	208165.5	7	0.7172131147540983	1385.0	23	2.3565573770491803	831.0	0	0.0	831.0	0	0.0
login	8	139	209668.5	3	0.3073770491803279	209668.5	5	0.5122950819672132	1395.0	25	2.5614754098360657	837.0	0	0.0	837.0	0	0.0
login	8	140	211171.5	8	0.819672131147541	211171.5	4	0.4098360655737705	1405.0	14	1.4344262295081966	843.0	0	0.0	843.0	0	0.0
login	8	141	212674.5	0	0.0	212674.5	7	0.7172131147540983	1415.0	10	1.0245901639344264	849.0	0	0.0	849.0	0	0.0
login	8	142	214177.5	8	0.819672131147541	214177.5	1	0.10245901639344263	1425.0	5	0.5122950819672132	855.0	0	0.0	855.0	0	0.0
login	8	143	215680.5	5	0.5122950819672132	215680.5	7	0.7172131147540983	1435.0	5	0.5122950819672132	861.0	0	0.0	861.0	0	0.0
login	8	144	217183.5	3	0.3073770491803279	217183.5	4	0.4098360655737705	1445.0	1	0.10245901639344263	867.0	0	0.0	867.0	0	0.0
login	8	145	218686.5	8	0.819672131147541	218686.5	4	0.4098360655737705	1455.0	1	0.10245901639344263	873.0	0	0.0	873.0	0	0.0
login	8	146	220189.5	0	0.0	220189.5	8	0.819672131147541	1465.0	5	0.5122950819672132	879.0	0	0.0	879.0	0	0.0
login	8	147	221692.5	8	0.819672131147541	221692.5	2	0.20491803278688525	1475.0	10	1.0245901639344264	885.0	0	0.0	885.0	0	0.0
login	8	148	223195.5	5	0.5122950819672132	223195.5	6	0.6147540983606558	1485.0	12	1.2295081967213115	891.0	0	0.0	891.0	0	0.0
login	8	149	224698.5	3	0.3073770491803279	224698.5	8	0.819672131147541	1495.0	22	2.2540983606557377	897.0	0	0.0	897.0	0	0.0
login	8	150	226201.5	8	0.819672131147541	226201.5	1	0.10245901639344263	1505.0	11	1.1270491803278688	903.0	0	0.0	903.0	0	0.0
login	8	151	227704.5	0	0.0	227704.5	7	0.7172131147540983	1515.0	7	0.7172131147540983	909.0	0	0.0	909.0	0	0.0
login	8	152	229207.5	8	0.819672131147541	229207.5	4	0.4098360655737705	1525.0	8	0.819672131147541	915.0	0	0.0	915.0	0	0.0
login	8	153	230710.5	0	0.0	230710.5	4	0.4098360655737705	1535.0	6	0.6147540983606558	921.0	0	0.0	921.0	0	0.0
login	8	154	232213.5	8	0.819672131147541	232213.5	6	0.6147540983606558	1545.0	0	0.0	927.0	0	0.0	927.0	0	0.0
login	8	155	233716.5	8	0.819672131147541	233716.5	3	0.3073770491803279	1555.0	1	0.10245901639344263	933.0	0	0.0	933.0	0	0.0
login	8	156	235219.5	0	0.0	235219.5	7	0.7172131147540983	1565.0	2	0.20491803278688525	939.0	0	0.0	939.0	0	0.0
login	8	157	236722.5	8	0.819672131147541	236722.5	2	0.20491803278688525	1575.0	4	0.4098360655737705	945.0	0	0.0	945.0	0	0.0
login	8	158	238225.5	6	0.6147540983606558	238225.5	6	0.6147540983606558	1585.0	7	0.7172131147540983	951.0	0	0.0	951.0	0	0.0
login	8	159	239728.5	2	0.20491803278688525	239728.5	8	0.819672131147541	1595.0	13	1.3319672131147542	957.0	0	0.0	957.0	0	0.0
login	8	160	241231.5	8	0.819672131147541	241231.5	4	0.4098360655737705	1605.0	8	0.819672131147541	963.0	0	0.0	963.0	0	0.0
login	8	161	242734.5	0	0.0	242734.5	4	0.4098360655737705	1615.0	7	0.7172131147540983	969.0	0	0.0	969.0	0	0.0
login	8	162	244237.5	8	0.819672131147541	244237.5	2	0.20491803278688525	1625.0	3	0.3073770491803279	975.0	0	0.0	975.0	0	0.0
login	8	163	245740.5	6	0.6147540983606558	245740.5	6	0.6147540983606558	1635.0	0	0.0	981.0	0	0.0	981.0	0	0.0
login	8	164	247243.5	2	0.20491803278688525	247243.5	8	0.819672131147541	1645.0	0	0.0	987.0	0	0.0	987.0	0	0.0
login	8	165	248746.5	8	0.819672131147541	248746.5	1	0.10245901639344263	1655.0	0	0.0	993.0	0	0.0	993.0	0	0.0
login	8	166	250249.5	0	0.0	250249.5	7	0.7172131147540983	1665.0	2	0.20491803278688525	999.0	0	0.0	999.0	0	0.0
login	8	167	251752.5	8	0.819672131147541	251752.5	4	0.4098360655737705	1675.0	11	1.1270491803278688	1005.0	0	0.0	1005.0	0	0.0
login	8	168	253255.5	0	0.0	253255.5	4	0.4098360655737705	1685.0	5	0.5122950819672132	1011.0	0	0.0	1011.0	0	0.0
login	8	169	254758.5	8	0.819672131147541	254758.5	6	0.6147540983606558	1695.0	10	1.0245901639344264	1017.0	0	0.0	1017.0	0	0.0
login	8	170	256261.5	8	0.819672131147541	256261.5	2	0.20491803278688525	1705.0	3	0.3073770491803279	1023.0	0	0.0	1023.0	0	0.0
login	8	171	257764.5	0	0.0	257764.5	8	0.819672131147541	1715.0	11	1.1270491803278688	1029.0	0	0.0	1029.0	0	0.0
login	8	172	259267.5	8	0.819672131147541	259267.5	4	0.4098360655737705	1725.0	2	0.20491803278688525	1035.0	0	0.0	1035.0	0	0.0
login	8	173	260770.5	0	0.0	260770.5	4	0.4098360655737705	1735.0	1	0.10245901639344263	1041.0	0	0.0	1041.0	0	0.0
login	8	174	262273.5	8	0.819672131147541	262273.5	6	0.6147540983606558	1745.0	0	0.0	1047.0	0	0.0	1047.0	0	0.0
login	8	175	263776.5	8	0.819672131147541	263776.5	2	0.20491803278688525	1755.0	0	0.0	1053.0	0	0.0	1053.0	0	0.0
login	8	176	265279.5	0	0.0	265279.5	8	0.819672131147541	1765.0	1	0.10245901639344263	1059.0	0	0.0	1059.0	0	0.0
login	8	177	266782.5	8	0.819672131147541	266782.5	2	0.20491803278688525	1775.0	6	0.6147540983606558	1065.0	0	0.0	1065.0	0	0.0
login	8	178	268285.5	6	0.6147540983606558	268285.5	6	0.6147540983606558	1785.0	5	0.5122950819672132	1071.0	0	0.0	1071.0	0	0.0
login	8	179	269788.5	2	0.20491803278688525	269788.5	7	0.7172131147540983	1795.0	4	0.4098360655737705	1077.0	0	0.0	1077.0	0	0.0
login	8	180	271291.5	8	0.819672131147541	271291.5	1	0.10245901639344263	1805.0	1	0.10245901639344263	1083.0	0	0.0	1083.0	0	0.0
login	8	181	272794.5	0	0.0	272794.5	8	0.819672131147541	1815.0	0	0.0	1089.0	0	0.0	1089.0	0	0.0
login	8	182	274297.5	8	0.819672131147541	274297.5	5	0.5122950819672132	1825.0	0	0.0	1095.0	0	0.0	1095.0	0	0.0
login	8	183	275800.5	7	0.7172131147540983	275800.5	3	0.3073770491803279	1835.0	0	0.0	1101.0	0	0.0	1101.0	0	0.0
login	8	184	277303.5	1	0.10245901639344263	277303.5	8	0.819672131147541	1845.0	0	0.0	1107.0	0	0.0	1107.0	0	0.0
login	8	185	278806.5	8	0.819672131147541	278806.5	5	0.5122950819672132	1855.0	2	0.20491803278688525	1113.0	0	0.0	1113.0	0	0.0
login	8	186	280309.5	8	0.819672131147541	280309.5	5	0.5122950819672132	1865.0	2	0.20491803278688525	1119.0	0	0.0	1119.0	0	0.0
login	8	187	281812.5	0	0.0	281812.5	6	0.6147540983606558	1875.0	2	0.20491803278688525	1125.0	0	0.0	1125.0	0	0.0
login	8	188	283315.5	8	0.819672131147541	283315.5	5	0.5122950819672132	1885.0	1	0.10245901639344263	1131.0	0	0.0	1131.0	0	0.0
login	8	189	284818.5	8	0.819672131147541	284818.5	4	0.4098360655737705	1895.0	2	0.20491803278688525	1137.0	0	0.0	1137.0	0	0.0
login	8	190	286321.5	0	0.0	286321.5	7	0.7172131147540983	1905.0	0	0.0	1143.0	0	0.0	1143.0	0	0.0
login	8	191	287824.5	8	0.819672131147541	287824.5	4	0.4098360655737705	1915.0	1	0.10245901639344263	1149.0	0	0.0	1149.0	0	0.0
login	8	192	289327.5	8	0.819672131147541	289327.5	4	0.4098360655737705	1925.0	0	0.0	1155.0	0	0.0	1155.0	0	0.0
login	8	193	290830.5	0	0.0	290830.5	8	0.819672131147541	1935.0	0	0.0	1161.0	0	0.0	1161.0	0	0.0
login	8	194	292333.5	8	0.819672131147541	292333.5	5	0.5122950819672132	1945.0	0	0.0	1167.0	0	0.0	1167.0	0	0.0
login	8	195	293836.5	8	0.819672131147541	293836.5	3	0.3073770491803279	1955.0	0	0.0	1173.0	0	0.0	1173.0	0	0.0
login	8	196	295339.5	0	0.0	295339.5	8	0.819672131147541	1965.0	0	0.0	1179.0	0	0.0	1179.0	0	0.0
login	8	197	296842.5	8	0.819672131147541	296842.5	2	0.20491803278688525	1975.0	0	0.0	1185.0	0	0.0	1185.0	0	0.0
login	8	198	298345.5	7	0.7172131147540983	298345.5	6	0.6147540983606558	1985.0	0	0.0	1191.0	0	0.0	1191.0	0	0.0
login	8	199	299848.5	1	0.10245901639344263	299848.5	8	0.819672131147541	1995.0	0	0.0	1197.0	0	0.0	1197.0	0	0.0
info	8	0	749.5	8	0.823045267489712	749.5	8	0.823045267489712	3.0	169	17.386831275720166	3.0	972	100.0	3.0	972	100.0
info	8	1	2248.5	2	0.205761316872428	2248.5	0	0.0	9.0	74	7.613168724279836	9.0	0	0.0	9.0	0	0.0
info	8	2	3747.5	6	0.617283950617284	3747.5	8	0.823045267489712	15.0	62	6.378600823045268	15.0	0	0.0	15.0	0	0.0
info	8	3	5246.5	6	0.617283950617284	5246.5	6	0.617283950617284	21.0	33	3.3950617283950617	21.0	0	0.0	21.0	0	0.0
info	8	4	6745.5	2	0.205761316872428	6745.5	2	0.205761316872428	27.0	17	1.748971193415638	27.0	0	0.0	27.0	0	0.0
info	8	5	8244.5	8	0.823045267489712	8244.5	8	0.823045267489712	33.0	0	0.0	33.0	0	0.0	33.0	0	0.0
info	8	6	9743.5	3	0.308641975308642	9743.5	0	0.0	39.0	2	0.205761316872428	39.0	0	0.0	39.0	0	0.0
info	8	7	11242.5	5	0.51440329218107	11242.5	8	0.823045267489712	45.0	1	0.102880658436214	45.0	0	0.0	45.0	0	0.0
info	8	8	12741.5	5	0.51440329218107	12741.5	4	0.411522633744856	51.0	1	0.102880658436214	51.0	0	0.0	51.0	0	0.0
info	8	9	14240.5	3	0.308641975308642	14240.5	4	0.411522633744856	57.0	1	0.102880658436214	57.0	0	0.0	57.0	0	0.0
info	8	10	15739.5	8	0.823045267489712	15739.5	8	0.823045267489712	63.0	6	0.617283950617284	63.0	0	0.0	63.0	0	0.0
info	8	11	17238.5	1	0.102880658436214	17238.5	0	0.0	69.0	16	1.646090534979424	69.0	0	0.0	69.0	0	0.0
info	8	12	18737.5	7	0.720164609053498	18737.5	8	0.823045267489712	75.0	23	2.366255144032922	75.0	0	0.0	75.0	0	0.0
info	8	13	20236.5	4	0.411522633744856	20236.5	0	0.0	81.0	41	4.2181069958847734	81.0	0	0.0	81.0	0	0.0
info	8	14	21735.5	4	0.411522633744856	21735.5	8	0.823045267489712	87.0	48	4.938271604938272	87.0	0	0.0	87.0	0	0.0
info	8	15	23234.5	5	0.51440329218107	23234.5	0	0.0	93.0	40	4.11522633744856	93.0	0	0.0	93.0	0	0.0
info	8	16	24733.5	3	0.308641975308642	24733.5	8	0.823045267489712	99.0	26	2.674897119341564	99.0	0	0.0	99.0	0	0.0
info	8	17	26232.5	8	0.823045267489712	26232.5	8	0.823045267489712	105.0	16	1.646090534979424	105.0	0	0.0	105.0	0	0.0
info	8	18	27731.5	1	0.102880658436214	27731.5	0	0.0	111.0	7	0.720164609053498	111.0	0	0.0	111.0	0	0.0
info	8	19	29230.5	7	0.720164609053498	29230.5	8	0.823045267489712	117.0	5	0.51440329218107	117.0	0	0.0	117.0	0	0.0
info	8	20	30729.5	4	0.411522633744856	30729.5	0	0.0	123.0	1	0.102880658436214	123.0	0	0.0	123.0	0	0.0
info	8	21	32228.5	4	0.411522633744856	32228.5	8	0.823045267489712	129.0	0	0.0	129.0	0	0.0	129.0	0	0.0
info	8	22	33727.5	6	0.617283950617284	33727.5	6	0.617283950617284	135.0	0	0.0	135.0	0	0.0	135.0	0	0.0
info	8	23	35226.5	3	0.308641975308642	35226.5	2	0.205761316872428	141.0	0	0.0	141.0	0	0.0	141.0	0	0.0
info	8	24	36725.5	7	0.720164609053498	36725.5	8	0.823045267489712	147.0	0	0.0	147.0	0	0.0	147.0	0	0.0
info	8	25	38224.5	4	0.411522633744856	38224.5	0	0.0	153.0	0	0.0	153.0	0	0.0	153.0	0	0.0
info	8	26	39723.5	4	0.411522633744856	39723.5	8	0.823045267489712	159.0	0	0.0	159.0	0	0.0	159.0	0	0.0
info	8	27	41222.5	6	0.617283950617284	41222.5	6	0.617283950617284	165.0	0	0.0	165.0	0	0.0	165.0	0	0.0
info	8	28	42721.5	2	0.205761316872428	42721.5	2	0.205761316872428	171.0	2	0.205761316872428	171.0	0	0.0	171.0	0	0.0
info	8	29	44220.5	8	0.823045267489712	44220.5	8	0.823045267489712	177.0	0	0.0	177.0	0	0.0	177.0	0	0.0
info	8	30	45719.5	2	0.205761316872428	45719.5	0	0.0	183.0	6	0.617283950617284	183.0	0	0.0	183.0	0	0.0
info	8	31	47218.5	6	0.617283950617284	47218.5	8	0.823045267489712	189.0	6	0.617283950617284	189.0	0	0.0	189.0	0	0.0
info	8	32	48717.5	4	0.411522633744856	48717.5	0	0.0	195.0	2	0.205761316872428	195.0	0	0.0	195.0	0	0.0
info	8	33	50216.5	4	0.411522633744856	50216.5	8	0.823045267489712	201.0	11	1.131687242798354	201.0	0	0.0	201.0	0	0.0
info	8	34	51715.5	8	0.823045267489712	51715.5	8	0.823045267489712	207.0	3	0.308641975308642	207.0	0	0.0	207.0	0	0.0
info	8	35	53214.5	2	0.205761316872428	53214.5	1	0.102880658436214	213.0	3	0.308641975308642	213.0	0	0.0	213.0	0	0.0
info	8	36	54713.5	6	0.617283950617284	54713.5	7	0.720164609053498	219.0	0	0.0	219.0	0	0.0	219.0	0	0.0
info	8	37	56212.5	6	0.617283950617284	56212.5	6	0.617283950617284	225.0	2	0.205761316872428	225.0	0	0.0	225.0	0	0.0
info	8	38	57711.5	3	0.308641975308642	57711.5	2	0.205761316872428	231.0	0	0.0	231.0	0	0.0	231.0	0	0.0
info	8	39	59210.5	7	0.720164609053498	59210.5	8	0.823045267489712	237.0	0	0.0	237.0	0	0.0	237.0	0	0.0
info	8	40	60709.5	5	0.51440329218107	60709.5	5	0.51440329218107	243.0	0	0.0	243.0	0	0.0	243.0	0	0.0
info	8	41	62208.5	3	0.308641975308642	62208.5	3	0.308641975308642	249.0	0	0.0	249.0	0	0.0	249.0	0	0.0
info	8	42	63707.5	8	0.823045267489712	63707.5	8	0.823045267489712	255.0	0	0.0	255.0	0	0.0	255.0	0	0.0
info	8	43	65206.5	1	0.102880658436214	65206.5	0	0.0	261.0	0	0.0	261.0	0	0.0	261.0	0	0.0
info	8	44	66705.5	7	0.720164609053498	66705.5	8	0.823045267489712	267.0	0	0.0	267.0	0	0.0	267.0	0	0.0
info	8	45	68204.5	6	0.617283950617284	68204.5	3	0.308641975308642	273.0	2	0.205761316872428	273.0	0	0.0	273.0	0	0.0
info	8	46	69703.5	2	0.205761316872428	69703.5	5	0.51440329218107	279.0	2	0.205761316872428	279.0	0	0.0	279.0	0	0.0
info	8	47	71202.5	8	0.823045267489712	71202.5	8	0.823045267489712	285.0	3	0.308641975308642	285.0	0	0.0	285.0	0	0.0
info	8	48	72701.5	2	0.205761316872428	72701.5	0	0.0	291.0	4	0.411522633744856	291.0	0	0.0	291.0	0	0.0
info	8	49	74200.5	7	0.720164609053498	74200.5	8	0.823045267489712	297.0	0	0.0	297.0	0	0.0	297.0	0	0.0
info	8	50	75699.5	6	0.617283950617284	75699.5	7	0.720164609053498	303.0	7	0.720164609053498	303.0	0	0.0	303.0	0	0.0
info	8	51	77198.5	2	0.205761316872428	77198.5	1	0.102880658436214	309.0	2	0.205761316872428	309.0	0	0.0	309.0	0	0.0
info	8	52	78697.5	7	0.720164609053498	78697.5	8	0.823045267489712	315.0	2	0.205761316872428	315.0	0	0.0	315.0	0	0.0
info	8	53	80196.5	5	0.51440329218107	80196.5	5	0.51440329218107	321.0	6	0.617283950617284	321.0	0	0.0	321.0	0	0.0
info	8	54	81695.5	4	0.411522633744856	81695.5	3	0.308641975308642	327.0	0	0.0	327.0	0	0.0	327.0	0	0.0
info	8	55	83194.5	7	0.720164609053498	83194.5	8	0.823045267489712	333.0	0	0.0	333.0	0	0.0	333.0	0	0.0
info	8	56	84693.5	4	0.411522633744856	84693.5	0	0.0	339.0	0	0.0	339.0	0	0.0	339.0	0	0.0
info	8	57	86192.5	4	0.411522633744856	86192.5	8	0.823045267489712	345.0	1	0.102880658436214	345.0	0	0.0	345.0	0	0.0
info	8	58	87691.5	6	0.617283950617284	87691.5	6	0.617283950617284	351.0	0	0.0	351.0	0	0.0	351.0	0	0.0
info	8	59	89190.5	6	0.617283950617284	89190.5	2	0.205761316872428	357.0	0	0.0	357.0	0	0.0	357.0	0	0.0
info	8	60	90689.5	4	0.411522633744856	90689.5	8	0.823045267489712	363.0	0	0.0	363.0	0	0.0	363.0	0	0.0
info	8	61	92188.5	5	0.51440329218107	92188.5	5	0.51440329218107	369.0	1	0.102880658436214	369.0	0	0.0	369.0	0	0.0
info	8	62	93687.5	3	0.308641975308642	93687.5	3	0.308641975308642	375.0	1	0.102880658436214	375.0	0	0.0	375.0	0	0.0
info	8	63	95186.5	8	0.823045267489712	95186.5	8	0.823045267489712	381.0	1	0.102880658436214	381.0	0	0.0	381.0	0	0.0
info	8	64	96685.5	1	0.102880658436214	96685.5	0	0.0	387.0	0	0.0	387.0	0	0.0	387.0	0	0.0
info	8	65	98184.5	7	0.720164609053498	98184.5	8	0.823045267489712	393.0	5	0.51440329218107	393.0	0	0.0	393.0	0	0.0
info	8	66	99683.5	4	0.411522633744856	99683.5	0	0.0	399.0	5	0.51440329218107	399.0	0	0.0	399.0	0	0.0
info	8	67	101182.5	4	0.411522633744856	101182.5	8	0.823045267489712	405.0	3	0.308641975308642	405.0	0	0.0	405.0	0	0.0
info	8	68	102681.5	7	0.720164609053498	102681.5	7	0.720164609053498	411.0	7	0.720164609053498	411.0	0	0.0	411.0	0	0.0
info	8	69	104180.5	2	0.205761316872428	104180.5	1	0.102880658436214	417.0	1	0.102880658436214	417.0	0	0.0	417.0	0	0.0
info	8	70	105679.5	7	0.720164609053498	105679.5	8	0.823045267489712	423.0	2	0.205761316872428	423.0	0	0.0	423.0	0	0.0
info	8	71	107178.5	4	0.411522633744856	107178.5	0	0.0	429.0	0	0.0	429.0	0	0.0	429.0	0	0.0
info	8	72	108677.5	4	0.411522633744856	108677.5	8	0.823045267489712	435.0	0	0.0	435.0	0	0.0	435.0	0	0.0
info	8	73	110176.5	8	0.823045267489712	110176.5	8	0.823045267489712	441.0	0	0.0	441.0	0	0.0	441.0	0	0.0
info	8	74	111675.5	1	0.102880658436214	111675.5	0	0.0	447.0	0	0.0	447.0	0	0.0	447.0	0	0.0
info	8	75	113174.5	7	0.720164609053498	113174.5	8	0.823045267489712	453.0	0	0.0	453.0	0	0.0	453.0	0	0.0
info	8	76	114673.5	4	0.411522633744856	114673.5	0	0.0	459.0	0	0.0	459.0	0	0.0	459.0	0	0.0
info	8	77	116172.5	4	0.411522633744856	116172.5	8	0.823045267489712	465.0	0	0.0	465.0	0	0.0	465.0	0	0.0
info	8	78	117671.5	6	0.617283950617284	117671.5	0	0.0	471.0	0	0.0	471.0	0	0.0	471.0	0	0.0
info	8	79	119170.5	2	0.205761316872428	119170.5	8	0.823045267489712	477.0	0	0.0	477.0	0	0.0	477.0	0	0.0
info	8	80	120669.5	8	0.823045267489712	120669.5	8	0.823045267489712	483.0	4	0.411522633744856	483.0	0	0.0	483.0	0	0.0
info	8	81	122168.5	3	0.308641975308642	122168.5	0	0.0	489.0	3	0.308641975308642	489.0	0	0.0	489.0	0	0.0
info	8	82	123667.5	5	0.51440329218107	123667.5	8	0.823045267489712	495.0	6	0.617283950617284	495.0	0	0.0	495.0	0	0.0
info	8	83	125166.5	8	0.823045267489712	125166.5	8	0.823045267489712	501.0	8	0.823045267489712	501.0	0	0.0	501.0	0	0.0
info	8	84	126665.5	0	0.0	126665.5	0	0.0	507.0	4	0.411522633744856	507.0	0	0.0	507.0	0	0.0
info	8	85	128164.5	8	0.823045267489712	128164.5	8	0.823045267489712	513.0	12	1.234567901234568	513.0	0	0.0	513.0	0	0.0
info	8	86	129663.5	4	0.411522633744856	129663.5	0	0.0	519.0	3	0.308641975308642	519.0	0	0.0	519.0	0	0.0
info	8	87	131162.5	4	0.411522633744856	131162.5	8	0.823045267489712	525.0	0	0.0	525.0	0	0.0	525.0	0	0.0
info	8	88	132661.5	5	0.51440329218107	132661.5	2	0.205761316872428	531.0	1	0.102880658436214	531.0	0	0.0	531.0	0	0.0
info	8	89	134160.5	4	0.411522633744856	134160.5	6	0.617283950617284	537.0	0	0.0	537.0	0	0.0	537.0	0	0.0
info	8	90	135659.5	7	0.720164609053498	135659.5	8	0.823045267489712	543.0	0	0.0	543.0	0	0.0	543.0	0	0.0
info	8	91	137158.5	2	0.205761316872428	137158.5	0	0.0	549.0	0	0.0	549.0	0	0.0	549.0	0	0.0
info	8	92	138657.5	6	0.617283950617284	138657.5	8	0.823045267489712	555.0	0	0.0	555.0	0	0.0	555.0	0	0.0
info	8	93	140156.5	6	0.617283950617284	140156.5	6	0.617283950617284	561.0	0	0.0	561.0	0	0.0	561.0	0	0.0
info	8	94	141655.5	3	0.308641975308642	141655.5	2	0.205761316872428	567.0	0	0.0	567.0	0	0.0	567.0	0	0.0
info	8	95	143154.5	7	0.720164609053498	143154.5	8	0.823045267489712	573.0	4	0.411522633744856	573.0	0	0.0	573.0	0	0.0
info	8	96	144653.5	4	0.411522633744856	144653.5	0	0.0	579.0	1	0.102880658436214	579.0	0	0.0	579.0	0	0.0
info	8	97	146152.5	4	0.411522633744856	146152.5	8	0.823045267489712	585.0	2	0.205761316872428	585.0	0	0.0	585.0	0	0.0
info	8	98	147651.5	6	0.617283950617284	147651.5	6	0.617283950617284	591.0	4	0.411522633744856	591.0	0	0.0	591.0	0	0.0
info	8	99	149150.5	3	0.308641975308642	149150.5	2	0.205761316872428	597.0	6	0.617283950617284	597.0	0	0.0	597.0	0	0.0
info	8	100	150649.5	7	0.720164609053498	150649.5	8	0.823045267489712	603.0	3	0.308641975308642	603.0	0	0.0	603.0	0	0.0
info	8	101	152148.5	6	0.617283950617284	152148.5	6	0.617283950617284	609.0	2	0.205761316872428	609.0	0	0.0	609.0	0	0.0
info	8	102	153647.5	2	0.205761316872428	153647.5	2	0.205761316872428	615.0	7	0.720164609053498	615.0	0	0.0	615.0	0	0.0
info	8	103	155146.5	8	0.823045267489712	155146.5	8	0.823045267489712	621.0	4	0.411522633744856	621.0	0	0.0	621.0	0	0.0
info	8	104	156645.5	1	0.102880658436214	156645.5	0	0.0	627.0	1	0.102880658436214	627.0	0	0.0	627.0	0	0.0
info	8	105	158144.5	7	0.720164609053498	158144.5	8	0.823045267489712	633.0	1	0.102880658436214	633.0	0	0.0	633.0	0	0.0
info	8	106	159643.5	8	0.823045267489712	159643.5	8	0.823045267489712	639.0	1	0.102880658436214	639.0	0	0.0	639.0	0	0.0
info	8	107	161142.5	1	0.102880658436214	161142.5	0	0.0	645.0	0	0.0	645.0	0	0.0	645.0	0	0.0
info	8	108	162641.5	7	0.720164609053498	162641.5	8	0.823045267489712	651.0	1	0.102880658436214	651.0	0	0.0	651.0	0	0.0
info	8	109	164140.5	4	0.411522633744856	164140.5	0	0.0	657.0	1	0.102880658436214	657.0	0	0.0	657.0	0	0.0
info	8	110	165639.5	4	0.411522633744856	165639.5	8	0.823045267489712	663.0	1	0.102880658436214	663.0	0	0.0	663.0	0	0.0
info	8	111	167138.5	4	0.411522633744856	167138.5	0	0.0	669.0	0	0.0	669.0	0	0.0	669.0	0	0.0
info	8	112	168637.5	4	0.411522633744856	168637.5	8	0.823045267489712	675.0	2	0.205761316872428	675.0	0	0.0	675.0	0	0.0
info	8	113	170136.5	8	0.823045267489712	170136.5	8	0.823045267489712	681.0	9	0.9259259259259259	681.0	0	0.0	681.0	0	0.0
info	8	114	171635.5	5	0.51440329218107	171635.5	5	0.51440329218107	687.0	6	0.617283950617284	687.0	0	0.0	687.0	0	0.0
info	8	115	173134.5	4	0.411522633744856	173134.5	3	0.308641975308642	693.0	5	0.51440329218107	693.0	0	0.0	693.0	0	0.0
info	8	116	174633.5	7	0.720164609053498	174633.5	8	0.823045267489712	699.0	9	0.9259259259259259	699.0	0	0.0	699.0	0	0.0
info	8	117	176132.5	3	0.308641975308642	176132.5	1	0.102880658436214	705.0	6	0.617283950617284	705.0	0	0.0	705.0	0	0.0
info	8	118	177631.5	5	0.51440329218107	177631.5	7	0.720164609053498	711.0	5	0.51440329218107	711.0	0	0.0	711.0	0	0.0
info	8	119	179130.5	8	0.823045267489712	179130.5	8	0.823045267489712	717.0	12	1.234567901234568	717.0	0	0.0	717.0	0	0.0
info	8	120	180629.5	1	0.102880658436214	180629.5	0	0.0	723.0	10	1.02880658436214	723.0	0	0.0	723.0	0	0.0
info	8	121	182128.5	7	0.720164609053498	182128.5	8	0.823045267489712	729.0	5	0.51440329218107	729.0	0	0.0	729.0	0	0.0
info	8	122	183627.5	6	0.617283950617284	183627.5	6	0.617283950617284	735.0	1	0.102880658436214	735.0	0	0.0	735.0	0	0.0
info	8	123	185126.5	2	0.205761316872428	185126.5	2	0.205761316872428	741.0	5	0.51440329218107	741.0	0	0.0	741.0	0	0.0
info	8	124	186625.5	8	0.823045267489712	186625.5	8	0.823045267489712	747.0	0	0.0	747.0	0	0.0	747.0	0	0.0
info	8	125	188124.5	4	0.411522633744856	188124.5	0	0.0	753.0	0	0.0	753.0	0	0.0	753.0	0	0.0
info	8	126	189623.5	4	0.411522633744856	189623.5	8	0.823045267489712	759.0	0	0.0	759.0	0	0.0	759.0	0	0.0
info	8	127	191122.5	4	0.411522633744856	191122.5	0	0.0	765.0	2	0.205761316872428	765.0	0	0.0	765.0	0	0.0
info	8	128	192621.5	4	0.411522633744856	192621.5	8	0.823045267489712	771.0	1	0.102880658436214	771.0	0	0.0	771.0	0	0.0
info	8	129	194120.5	8	0.823045267489712	194120.5	8	0.823045267489712	777.0	5	0.51440329218107	777.0	0	0.0	777.0	0	0.0
info	8	130	195619.5	0	0.0	195619.5	0	0.0	783.0	8	0.823045267489712	783.0	0	0.0	783.0	0	0.0
info	8	131	197118.5	8	0.823045267489712	197118.5	8	0.823045267489712	789.0	8	0.823045267489712	789.0	0	0.0	789.0	0	0.0
info	8	132	198617.5	4	0.411522633744856	198617.5	0	0.0	795.0	10	1.02880658436214	795.0	0	0.0	795.0	0	0.0
info	8	133	200116.5	4	0.411522633744856	200116.5	8	0.823045267489712	801.0	14	1.440329218106996	801.0	0	0.0	801.0	0	0.0
info	8	134	201615.5	5	0.51440329218107	201615.5	5	0.51440329218107	807.0	8	0.823045267489712	807.0	0	0.0	807.0	0	0.0
info	8	135	203114.5	3	0.308641975308642	203114.5	3	0.308641975308642	813.0	18	1.8518518518518519	813.0	0	0.0	813.0	0	0.0
info	8	136	204613.5	8	0.823045267489712	204613.5	8	0.823045267489712	819.0	6	0.617283950617284	819.0	0	0.0	819.0	0	0.0
info	8	137	206112.5	5	0.51440329218107	206112.5	4	0.411522633744856	825.0	2	0.205761316872428	825.0	0	0.0	825.0	0	0.0
info	8	138	207611.5	3	0.308641975308642	207611.5	4	0.411522633744856	831.0	4	0.411522633744856	831.0	0	0.0	831.0	0	0.0
info	8	139	209110.5	8	0.823045267489712	209110.5	8	0.823045267489712	837.0	1	0.102880658436214	837.0	0	0.0	837.0	0	0.0
info	8	140	210609.5	1	0.102880658436214	210609.5	0	0.0	843.0	0	0.0	843.0	0	0.0	843.0	0	0.0
info	8	141	212108.5	7	0.720164609053498	212108.5	8	0.823045267489712	849.0	0	0.0	849.0	0	0.0	849.0	0	0.0
info	8	142	213607.5	3	0.308641975308642	213607.5	0	0.0	855.0	0	0.0	855.0	0	0.0	855.0	0	0.0
info	8	143	215106.5	5	0.51440329218107	215106.5	8	0.823045267489712	861.0	0	0.0	861.0	0	0.0	861.0	0	0.0
info	8	144	216605.5	7	0.720164609053498	216605.5	7	0.720164609053498	867.0	2	0.205761316872428	867.0	0	0.0	867.0	0	0.0
info	8	145	218104.5	2	0.205761316872428	218104.5	1	0.102880658436214	873.0	1	0.102880658436214	873.0	0	0.0	873.0	0	0.0
info	8	146	219603.5	7	0.720164609053498	219603.5	8	0.823045267489712	879.0	4	0.411522633744856	879.0	0	0.0	879.0	0	0.0
info	8	147	221102.5	5	0.51440329218107	221102.5	5	0.51440329218107	885.0	4	0.411522633744856	885.0	0	0.0	885.0	0	0.0
info	8	148	222601.5	3	0.308641975308642	222601.5	3	0.308641975308642	891.0	12	1.234567901234568	891.0	0	0.0	891.0	0	0.0
info	8	149	224100.5	8	0.823045267489712	224100.5	8	0.823045267489712	897.0	8	0.823045267489712	897.0	0	0.0	897.0	0	0.0
info	8	150	225599.5	1	0.102880658436214	225599.5	0	0.0	903.0	6	0.617283950617284	903.0	0	0.0	903.0	0	0.0
info	8	151	227098.5	7	0.720164609053498	227098.5	8	0.823045267489712	909.0	2	0.205761316872428	909.0	0	0.0	909.0	0	0.0
info	8	152	228597.5	4	0.411522633744856	228597.5	0	0.0	915.0	1	0.102880658436214	915.0	0	0.0	915.0	0	0.0
info	8	153	230096.5	4	0.411522633744856	230096.5	8	0.823045267489712	921.0	1	0.102880658436214	921.0	0	0.0	921.0	0	0.0
info	8	154	231595.5	8	0.823045267489712	231595.5	8	0.823045267489712	927.0	1	0.102880658436214	927.0	0	0.0	927.0	0	0.0
info	8	155	233094.5	1	0.102880658436214	233094.5	0	0.0	933.0	0	0.0	933.0	0	0.0	933.0	0	0.0
info	8	156	234593.5	7	0.720164609053498	234593.5	8	0.823045267489712	939.0	0	0.0	939.0	0	0.0	939.0	0	0.0
info	8	157	236092.5	4	0.411522633744856	236092.5	0	0.0	945.0	0	0.0	945.0	0	0.0	945.0	0	0.0
info	8	158	237591.5	5	0.51440329218107	237591.5	8	0.823045267489712	951.0	0	0.0	951.0	0	0.0	951.0	0	0.0
info	8	159	239090.5	7	0.720164609053498	239090.5	8	0.823045267489712	957.0	0	0.0	957.0	0	0.0	957.0	0	0.0
info	8	160	240589.5	4	0.411522633744856	240589.5	0	0.0	963.0	1	0.102880658436214	963.0	0	0.0	963.0	0	0.0
info	8	161	242088.5	4	0.411522633744856	242088.5	8	0.823045267489712	969.0	2	0.205761316872428	969.0	0	0.0	969.0	0	0.0
info	8	162	243587.5	6	0.617283950617284	243587.5	6	0.617283950617284	975.0	1	0.102880658436214	975.0	0	0.0	975.0	0	0.0
info	8	163	245086.5	2	0.205761316872428	245086.5	2	0.205761316872428	981.0	1	0.102880658436214	981.0	0	0.0	981.0	0	0.0
info	8	164	246585.5	8	0.823045267489712	246585.5	8	0.823045267489712	987.0	2	0.205761316872428	987.0	0	0.0	987.0	0	0.0
info	8	165	248084.5	4	0.411522633744856	248084.5	0	0.0	993.0	1	0.102880658436214	993.0	0	0.0	993.0	0	0.0
info	8	166	249583.5	4	0.411522633744856	249583.5	8	0.823045267489712	999.0	0	0.0	999.0	0	0.0	999.0	0	0.0
info	8	167	251082.5	4	0.411522633744856	251082.5	0	0.0	1005.0	0	0.0	1005.0	0	0.0	1005.0	0	0.0
info	8	168	252581.5	4	0.411522633744856	252581.5	8	0.823045267489712	1011.0	0	0.0	1011.0	0	0.0	1011.0	0	0.0
info	8	169	254080.5	6	0.617283950617284	254080.5	6	0.617283950617284	1017.0	0	0.0	1017.0	0	0.0	1017.0	0	0.0
info	8	170	255579.5	3	0.308641975308642	255579.5	2	0.205761316872428	1023.0	0	0.0	1023.0	0	0.0	1023.0	0	0.0
info	8	171	257078.5	7	0.720164609053498	257078.5	8	0.823045267489712	1029.0	0	0.0	1029.0	0	0.0	1029.0	0	0.0
info	8	172	258577.5	4	0.411522633744856	258577.5	0	0.0	1035.0	0	0.0	1035.0	0	0.0	1035.0	0	0.0
info	8	173	260076.5	4	0.411522633744856	260076.5	8	0.823045267489712	1041.0	0	0.0	1041.0	0	0.0	1041.0	0	0.0
info	8	174	261575.5	6	0.617283950617284	261575.5	6	0.617283950617284	1047.0	0	0.0	1047.0	0	0.0	1047.0	0	0.0
info	8	175	263074.5	3	0.308641975308642	263074.5	2	0.205761316872428	1053.0	0	0.0	1053.0	0	0.0	1053.0	0	0.0
info	8	176	264573.5	7	0.720164609053498	264573.5	8	0.823045267489712	1059.0	0	0.0	1059.0	0	0.0	1059.0	0	0.0
info	8	177	266072.5	2	0.205761316872428	266072.5	0	0.0	1065.0	0	0.0	1065.0	0	0.0	1065.0	0	0.0
info	8	178	267571.5	6	0.617283950617284	267571.5	8	0.823045267489712	1071.0	0	0.0	1071.0	0	0.0	1071.0	0	0.0
info	8	179	269070.5	8	0.823045267489712	269070.5	8	0.823045267489712	1077.0	0	0.0	1077.0	0	0.0	1077.0	0	0.0
info	8	180	270569.5	2	0.205761316872428	270569.5	0	0.0	1083.0	0	0.0	1083.0	0	0.0	1083.0	0	0.0
info	8	181	272068.5	6	0.617283950617284	272068.5	8	0.823045267489712	1089.0	0	0.0	1089.0	0	0.0	1089.0	0	0.0
info	8	182	273567.5	5	0.51440329218107	273567.5	5	0.51440329218107	1095.0	0	0.0	1095.0	0	0.0	1095.0	0	0.0
info	8	183	275066.5	4	0.411522633744856	275066.5	3	0.308641975308642	1101.0	1	0.102880658436214	1101.0	0	0.0	1101.0	0	0.0
info	8	184	276565.5	7	0.720164609053498	276565.5	8	0.823045267489712	1107.0	0	0.0	1107.0	0	0.0	1107.0	0	0.0
info	8	185	278064.5	6	0.617283950617284	278064.5	6	0.617283950617284	1113.0	0	0.0	1113.0	0	0.0	1113.0	0	0.0
info	8	186	279563.5	4	0.411522633744856	279563.5	2	0.205761316872428	1119.0	0	0.0	1119.0	0	0.0	1119.0	0	0.0
info	8	187	281062.5	6	0.617283950617284	281062.5	8	0.823045267489712	1125.0	0	0.0	1125.0	0	0.0	1125.0	0	0.0
info	8	188	282561.5	5	0.51440329218107	282561.5	5	0.51440329218107	1131.0	0	0.0	1131.0	0	0.0	1131.0	0	0.0
info	8	189	284060.5	4	0.411522633744856	284060.5	3	0.308641975308642	1137.0	0	0.0	1137.0	0	0.0	1137.0	0	0.0
info	8	190	285559.5	7	0.720164609053498	285559.5	8	0.823045267489712	1143.0	0	0.0	1143.0	0	0.0	1143.0	0	0.0
info	8	191	287058.5	4	0.411522633744856	287058.5	0	0.0	1149.0	0	0.0	1149.0	0	0.0	1149.0	0	0.0
info	8	192	288557.5	4	0.411522633744856	288557.5	8	0.823045267489712	1155.0	0	0.0	1155.0	0	0.0	1155.0	0	0.0
info	8	193	290056.5	8	0.823045267489712	290056.5	8	0.823045267489712	1161.0	0	0.0	1161.0	0	0.0	1161.0	0	0.0
info	8	194	291555.5	5	0.51440329218107	291555.5	5	0.51440329218107	1167.0	0	0.0	1167.0	0	0.0	1167.0	0	0.0
info	8	195	293054.5	3	0.308641975308642	293054.5	3	0.308641975308642	1173.0	0	0.0	1173.0	0	0.0	1173.0	0	0.0
info	8	196	294553.5	8	0.823045267489712	294553.5	8	0.823045267489712	1179.0	0	0.0	1179.0	0	0.0	1179.0	0	0.0
info	8	197	296052.5	2	0.205761316872428	296052.5	0	0.0	1185.0	0	0.0	1185.0	0	0.0	1185.0	0	0.0
info	8	198	297551.5	6	0.617283950617284	297551.5	8	0.823045267489712	1191.0	0	0.0	1191.0	0	0.0	1191.0	0	0.0
info	8	199	299050.5	4	0.411522633744856	299050.5	4	0.411522633744856	1197.0	0	0.0	1197.0	0	0.0	1197.0	0	0.0
home	8	0	742.0	8	0.8264462809917356	742.0	8	0.8264462809917356	1.5	0	0.0	3.0	968	100.0	3.0	968	100.0
home	8	1	2226.0	6	0.6198347107438017	2226.0	6	0.6198347107438017	4.5	113	11.673553719008265	9.0	0	0.0	9.0	0	0.0
home	8	2	3710.0	2	0.2066115702479339	3710.0	2	0.2066115702479339	7.5	93	9.607438016528926	15.0	0	0.0	15.0	0	0.0
home	8	3	5194.0	8	0.8264462809917356	5194.0	8	0.8264462809917356	10.5	46	4.75206611570248	21.0	0	0.0	21.0	0	0.0
home	8	4	6678.0	0	0.0	6678.0	0	0.0	13.5	21	2.169421487603306	27.0	0	0.0	27.0	0	0.0
home	8	5	8162.0	8	0.8264462809917356	8162.0	8	0.8264462809917356	16.5	26	2.6859504132231407	33.0	0	0.0	33.0	0	0.0
home	8	6	9646.0	6	0.6198347107438017	9646.0	6	0.6198347107438017	19.5	35	3.615702479338843	39.0	0	0.0	39.0	0	0.0
home	8	7	11130.0	2	0.2066115702479339	11130.0	2	0.2066115702479339	22.5	25	2.5826446280991737	45.0	0	0.0	45.0	0	0.0
home	8	8	12614.0	8	0.8264462809917356	12614.0	8	0.8264462809917356	25.5	14	1.4462809917355373	51.0	0	0.0	51.0	0	0.0
home	8	9	14098.0	0	0.0	14098.0	0	0.0	28.5	16	1.6528925619834711	57.0	0	0.0	57.0	0	0.0
home	8	10	15582.0	8	0.8264462809917356	15582.0	8	0.8264462809917356	31.5	10	1.0330578512396695	63.0	0	0.0	63.0	0	0.0
home	8	11	17066.0	0	0.0	17066.0	0	0.0	34.5	9	0.9297520661157025	69.0	0	0.0	69.0	0	0.0
home	8	12	18550.0	8	0.8264462809917356	18550.0	8	0.8264462809917356	37.5	7	0.7231404958677686	75.0	0	0.0	75.0	0	0.0
home	8	13	20034.0	0	0.0	20034.0	0	0.0	40.5	2	0.2066115702479339	81.0	0	0.0	81.0	0	0.0
home	8	14	21518.0	8	0.8264462809917356	21518.0	8	0.8264462809917356	43.5	0	0.0	87.0	0	0.0	87.0	0	0.0
home	8	15	23002.0	6	0.6198347107438017	23002.0	6	0.6198347107438017	46.5	1	0.10330578512396695	93.0	0	0.0	93.0	0	0.0
home	8	16	24486.0	2	0.2066115702479339	24486.0	2	0.2066115702479339	49.5	1	0.10330578512396695	99.0	0	0.0	99.0	0	0.0
home	8	17	25970.0	8	0.8264462809917356	25970.0	8	0.8264462809917356	52.5	0	0.0	105.0	0	0.0	105.0	0	0.0
home	8	18	27454.0	0	0.0	27454.0	0	0.0	55.5	1	0.10330578512396695	111.0	0	0.0	111.0	0	0.0
home	8	19	28938.0	8	0.8264462809917356	28938.0	8	0.8264462809917356	58.5	1	0.10330578512396695	117.0	0	0.0	117.0	0	0.0
home	8	20	30422.0	1	0.10330578512396695	30422.0	0	0.0	61.5	4	0.4132231404958678	123.0	0	0.0	123.0	0	0.0
home	8	21	31906.0	7	0.7231404958677686	31906.0	8	0.8264462809917356	64.5	0	0.0	129.0	0	0.0	129.0	0	0.0
home	8	22	33390.0	8	0.8264462809917356	33390.0	8	0.8264462809917356	67.5	7	0.7231404958677686	135.0	0	0.0	135.0	0	0.0
home	8	23	34874.0	0	0.0	34874.0	0	0.0	70.5	15	1.5495867768595042	141.0	0	0.0	141.0	0	0.0
home	8	24	36358.0	8	0.8264462809917356	36358.0	8	0.8264462809917356	73.5	12	1.2396694214876034	147.0	0	0.0	147.0	0	0.0
home	8	25	37842.0	0	0.0	37842.0	0	0.0	76.5	12	1.2396694214876034	153.0	0	0.0	153.0	0	0.0
home	8	26	39326.0	8	0.8264462809917356	39326.0	8	0.8264462809917356	79.5	26	2.6859504132231407	159.0	0	0.0	159.0	0	0.0
home	8	27	40810.0	6	0.6198347107438017	40810.0	6	0.6198347107438017	82.5	27	2.7892561983471076	165.0	0	0.0	165.0	0	0.0
home	8	28	42294.0	2	0.2066115702479339	42294.0	2	0.2066115702479339	85.5	27	2.7892561983471076	171.0	0	0.0	171.0	0	0.0
home	8	29	43778.0	8	0.8264462809917356	43778.0	8	0.8264462809917356	88.5	30	3.0991735537190084	177.0	0	0.0	177.0	0	0.0
home	8	30	45262.0	0	0.0	45262.0	0	0.0	91.5	43	4.4421487603305785	183.0	0	0.0	183.0	0	0.0
home	8	31	46746.0	8	0.8264462809917356	46746.0	8	0.8264462809917356	94.5	54	5.578512396694215	189.0	0	0.0	189.0	0	0.0
home	8	32	48230.0	0	0.0	48230.0	0	0.0	97.5	61	6.301652892561983	195.0	0	0.0	195.0	0	0.0
home	8	33	49714.0	8	0.8264462809917356	49714.0	8	0.8264462809917356	100.5	50	5.1652892561983474	201.0	0	0.0	201.0	0	0.0
home	8	34	51198.0	8	0.8264462809917356	51198.0	8	0.8264462809917356	103.5	28	2.8925619834710745	207.0	0	0.0	207.0	0	0.0
home	8	35	52682.0	1	0.10330578512396695	52682.0	0	0.0	106.5	36	3.71900826446281	213.0	0	0.0	213.0	0	0.0
home	8	36	54166.0	7	0.7231404958677686	54166.0	8	0.8264462809917356	109.5	27	2.7892561983471076	219.0	0	0.0	219.0	0	0.0
home	8	37	55650.0	7	0.7231404958677686	55650.0	7	0.7231404958677686	112.5	15	1.5495867768595042	225.0	0	0.0	225.0	0	0.0
home	8	38	57134.0	1	0.10330578512396695	57134.0	1	0.10330578512396695	115.5	9	0.9297520661157025	231.0	0	0.0	231.0	0	0.0
home	8	39	58618.0	8	0.8264462809917356	58618.0	8	0.8264462809917356	118.5	7	0.7231404958677686	237.0	0	0.0	237.0	0	0.0
home	8	40	60102.0	5	0.5165289256198348	60102.0	3	0.30991735537190085	121.5	3	0.30991735537190085	243.0	0	0.0	243.0	0	0.0
home	8	41	61586.0	3	0.30991735537190085	61586.0	5	0.5165289256198348	124.5	0	0.0	249.0	0	0.0	249.0	0	0.0
home	8	42	63070.0	8	0.8264462809917356	63070.0	8	0.8264462809917356	127.5	0	0.0	255.0	0	0.0	255.0	0	0.0
home	8	43	64554.0	0	0.0	64554.0	0	0.0	130.5	0	0.0	261.0	0	0.0	261.0	0	0.0
home	8	44	66038.0	8	0.8264462809917356	66038.0	8	0.8264462809917356	133.5	0	0.0	267.0	0	0.0	267.0	0	0.0
home	8	45	67522.0	0	0.0	67522.0	0	0.0	136.5	0	0.0	273.0	0	0.0	273.0	0	0.0
home	8	46	69006.0	8	0.8264462809917356	69006.0	8	0.8264462809917356	139.5	1	0.10330578512396695	279.0	0	0.0	279.0	0	0.0
home	8	47	70490.0	8	0.8264462809917356	70490.0	8	0.8264462809917356	142.5	1	0.10330578512396695	285.0	0	0.0	285.0	0	0.0
home	8	48	71974.0	0	0.0	71974.0	0	0.0	145.5	1	0.10330578512396695	291.0	0	0.0	291.0	0	0.0
home	8	49	73458.0	8	0.8264462809917356	73458.0	8	0.8264462809917356	148.5	1	0.10330578512396695	297.0	0	0.0	297.0	0	0.0
home	8	50	74942.0	5	0.5165289256198348	74942.0	3	0.30991735537190085	151.5	0	0.0	303.0	0	0.0	303.0	0	0.0
home	8	51	76426.0	3	0.30991735537190085	76426.0	5	0.5165289256198348	154.5	0	0.0	309.0	0	0.0	309.0	0	0.0
home	8	52	77910.0	8	0.8264462809917356	77910.0	8	0.8264462809917356	157.5	2	0.2066115702479339	315.0	0	0.0	315.0	0	0.0
home	8	53	79394.0	5	0.5165289256198348	79394.0	1	0.10330578512396695	160.5	0	0.0	321.0	0	0.0	321.0	0	0.0
home	8	54	80878.0	3	0.30991735537190085	80878.0	7	0.7231404958677686	163.5	1	0.10330578512396695	327.0	0	0.0	327.0	0	0.0
home	8	55	82362.0	8	0.8264462809917356	82362.0	8	0.8264462809917356	166.5	0	0.0	333.0	0	0.0	333.0	0	0.0
home	8	56	83846.0	0	0.0	83846.0	0	0.0	169.5	5	0.5165289256198348	339.0	0	0.0	339.0	0	0.0
home	8	57	85330.0	8	0.8264462809917356	85330.0	8	0.8264462809917356	172.5	3	0.30991735537190085	345.0	0	0.0	345.0	0	0.0
home	8	58	86814.0	0	0.0	86814.0	0	0.0	175.5	10	1.0330578512396695	351.0	0	0.0	351.0	0	0.0
home	8	59	88298.0	8	0.8264462809917356	88298.0	8	0.8264462809917356	178.5	4	0.4132231404958678	357.0	0	0.0	357.0	0	0.0
home	8	60	89782.0	8	0.8264462809917356	89782.0	8	0.8264462809917356	181.5	3	0.30991735537190085	363.0	0	0.0	363.0	0	0.0
home	8	61	91266.0	0	0.0	91266.0	0	0.0	184.5	5	0.5165289256198348	369.0	0	0.0	369.0	0	0.0
home	8	62	92750.0	8	0.8264462809917356	92750.0	8	0.8264462809917356	187.5	5	0.5165289256198348	375.0	0	0.0	375.0	0	0.0
home	8	63	94234.0	0	0.0	94234.0	0	0.0	190.5	1	0.10330578512396695	381.0	0	0.0	381.0	0	0.0
home	8	64	95718.0	8	0.8264462809917356	95718.0	8	0.8264462809917356	193.5	2	0.2066115702479339	387.0	0	0.0	387.0	0	0.0
home	8	65	97202.0	8	0.8264462809917356	97202.0	8	0.8264462809917356	196.5	1	0.10330578512396695	393.0	0	0.0	393.0	0	0.0
home	8	66	98686.0	0	0.0	98686.0	0	0.0	199.5	0	0.0	399.0	0	0.0	399.0	0	0.0
home	8	67	100170.0	8	0.8264462809917356	100170.0	8	0.8264462809917356	202.5	0	0.0	405.0	0	0.0	405.0	0	0.0
home	8	68	101654.0	0	0.0	101654.0	0	0.0	205.5	1	0.10330578512396695	411.0	0	0.0	411.0	0	0.0
home	8	69	103138.0	8	0.8264462809917356	103138.0	8	0.8264462809917356	208.5	1	0.10330578512396695	417.0	0	0.0	417.0	0	0.0
home	8	70	104622.0	7	0.7231404958677686	104622.0	7	0.7231404958677686	211.5	0	0.0	423.0	0	0.0	423.0	0	0.0
home	8	71	106106.0	1	0.10330578512396695	106106.0	1	0.10330578512396695	214.5	0	0.0	429.0	0	0.0	429.0	0	0.0
home	8	72	107590.0	8	0.8264462809917356	107590.0	8	0.8264462809917356	217.5	1	0.10330578512396695	435.0	0	0.0	435.0	0	0.0
home	8	73	109074.0	0	0.0	109074.0	0	0.0	220.5	0	0.0	441.0	0	0.0	441.0	0	0.0
home	8	74	110558.0	8	0.8264462809917356	110558.0	8	0.8264462809917356	223.5	0	0.0	447.0	0	0.0	447.0	0	0.0
home	8	75	112042.0	7	0.7231404958677686	112042.0	7	0.7231404958677686	226.5	0	0.0	453.0	0	0.0	453.0	0	0.0
home	8	76	113526.0	1	0.10330578512396695	113526.0	1	0.10330578512396695	229.5	0	0.0	459.0	0	0.0	459.0	0	0.0
home	8	77	115010.0	8	0.8264462809917356	115010.0	8	0.8264462809917356	232.5	0	0.0	465.0	0	0.0	465.0	0	0.0
home	8	78	116494.0	0	0.0	116494.0	0	0.0	235.5	0	0.0	471.0	0	0.0	471.0	0	0.0
home	8	79	117978.0	8	0.8264462809917356	117978.0	8	0.8264462809917356	238.5	0	0.0	477.0	0	0.0	477.0	0	0.0
home	8	80	119462.0	6	0.6198347107438017	119462.0	6	0.6198347107438017	241.5	0	0.0	483.0	0	0.0	483.0	0	0.0
home	8	81	120946.0	2	0.2066115702479339	120946.0	2	0.2066115702479339	244.5	0	0.0	489.0	0	0.0	489.0	0	0.0
home	8	82	122430.0	8	0.8264462809917356	122430.0	8	0.8264462809917356	247.5	0	0.0	495.0	0	0.0	495.0	0	0.0
home	8	83	123914.0	0	0.0	123914.0	0	0.0	250.5	0	0.0	501.0	0	0.0	501.0	0	0.0
home	8	84	125398.0	8	0.8264462809917356	125398.0	8	0.8264462809917356	253.5	0	0.0	507.0	0	0.0	507.0	0	0.0
home	8	85	126882.0	0	0.0	126882.0	0	0.0	256.5	0	0.0	513.0	0	0.0	513.0	0	0.0
home	8	86	128366.0	8	0.8264462809917356	128366.0	8	0.8264462809917356	259.5	0	0.0	519.0	0	0.0	519.0	0	0.0
home	8	87	129850.0	8	0.8264462809917356	129850.0	8	0.8264462809917356	262.5	0	0.0	525.0	0	0.0	525.0	0	0.0
home	8	88	131334.0	0	0.0	131334.0	0	0.0	265.5	0	0.0	531.0	0	0.0	531.0	0	0.0
home	8	89	132818.0	8	0.8264462809917356	132818.0	8	0.8264462809917356	268.5	0	0.0	537.0	0	0.0	537.0	0	0.0
home	8	90	134302.0	1	0.10330578512396695	134302.0	0	0.0	271.5	0	0.0	543.0	0	0.0	543.0	0	0.0
home	8	91	135786.0	7	0.7231404958677686	135786.0	8	0.8264462809917356	274.5	0	0.0	549.0	0	0.0	549.0	0	0.0
home	8	92	137270.0	6	0.6198347107438017	137270.0	6	0.6198347107438017	277.5	0	0.0	555.0	0	0.0	555.0	0	0.0
home	8	93	138754.0	2	0.2066115702479339	138754.0	2	0.2066115702479339	280.5	0	0.0	561.0	0	0.0	561.0	0	0.0
home	8	94	140238.0	8	0.8264462809917356	140238.0	8	0.8264462809917356	283.5	0	0.0	567.0	0	0.0	567.0	0	0.0
home	8	95	141722.0	1	0.10330578512396695	141722.0	0	0.0	286.5	0	0.0	573.0	0	0.0	573.0	0	0.0
home	8	96	143206.0	7	0.7231404958677686	143206.0	8	0.8264462809917356	289.5	1	0.10330578512396695	579.0	0	0.0	579.0	0	0.0
home	8	97	144690.0	8	0.8264462809917356	144690.0	8	0.8264462809917356	292.5	1	0.10330578512396695	585.0	0	0.0	585.0	0	0.0
home	8	98	146174.0	0	0.0	146174.0	0	0.0	295.5	0	0.0	591.0	0	0.0	591.0	0	0.0
home	8	99	147658.0	8	0.8264462809917356	147658.0	8	0.8264462809917356	298.5	0	0.0	597.0	0	0.0	597.0	0	0.0
home	8	100	149142.0	5	0.5165289256198348	149142.0	5	0.5165289256198348	301.5	0	0.0	603.0	0	0.0	603.0	0	0.0
home	8	101	150626.0	3	0.30991735537190085	150626.0	3	0.30991735537190085	304.5	0	0.0	609.0	0	0.0	609.0	0	0.0
home	8	102	152110.0	8	0.8264462809917356	152110.0	8	0.8264462809917356	307.5	0	0.0	615.0	0	0.0	615.0	0	0.0
home	8	103	153594.0	0	0.0	153594.0	0	0.0	310.5	0	0.0	621.0	0	0.0	621.0	0	0.0
home	8	104	155078.0	8	0.8264462809917356	155078.0	8	0.8264462809917356	313.5	0	0.0	627.0	0	0.0	627.0	0	0.0
home	8	105	156562.0	6	0.6198347107438017	156562.0	6	0.6198347107438017	316.5	0	0.0	633.0	0	0.0	633.0	0	0.0
home	8	106	158046.0	2	0.2066115702479339	158046.0	2	0.2066115702479339	319.5	0	0.0	639.0	0	0.0	639.0	0	0.0
home	8	107	159530.0	8	0.8264462809917356	159530.0	8	0.8264462809917356	322.5	0	0.0	645.0	0	0.0	645.0	0	0.0
home	8	108	161014.0	0	0.0	161014.0	0	0.0	325.5	0	0.0	651.0	0	0.0	651.0	0	0.0
home	8	109	162498.0	8	0.8264462809917356	162498.0	8	0.8264462809917356	328.5	0	0.0	657.0	0	0.0	657.0	0	0.0
home	8	110	163982.0	0	0.0	163982.0	0	0.0	331.5	0	0.0	663.0	0	0.0	663.0	0	0.0
home	8	111	165466.0	8	0.8264462809917356	165466.0	8	0.8264462809917356	334.5	0	0.0	669.0	0	0.0	669.0	0	0.0
home	8	112	166950.0	8	0.8264462809917356	166950.0	8	0.8264462809917356	337.5	0	0.0	675.0	0	0.0	675.0	0	0.0
home	8	113	168434.0	0	0.0	168434.0	0	0.0	340.5	0	0.0	681.0	0	0.0	681.0	0	0.0
home	8	114	169918.0	8	0.8264462809917356	169918.0	8	0.8264462809917356	343.5	0	0.0	687.0	0	0.0	687.0	0	0.0
home	8	115	171402.0	8	0.8264462809917356	171402.0	8	0.8264462809917356	346.5	0	0.0	693.0	0	0.0	693.0	0	0.0
home	8	116	172886.0	0	0.0	172886.0	0	0.0	349.5	0	0.0	699.0	0	0.0	699.0	0	0.0
home	8	117	174370.0	8	0.8264462809917356	174370.0	8	0.8264462809917356	352.5	0	0.0	705.0	0	0.0	705.0	0	0.0
home	8	118	175854.0	6	0.6198347107438017	175854.0	6	0.6198347107438017	355.5	0	0.0	711.0	0	0.0	711.0	0	0.0
home	8	119	177338.0	2	0.2066115702479339	177338.0	2	0.2066115702479339	358.5	0	0.0	717.0	0	0.0	717.0	0	0.0
home	8	120	178822.0	8	0.8264462809917356	178822.0	8	0.8264462809917356	361.5	0	0.0	723.0	0	0.0	723.0	0	0.0
home	8	121	180306.0	0	0.0	180306.0	0	0.0	364.5	0	0.0	729.0	0	0.0	729.0	0	0.0
home	8	122	181790.0	8	0.8264462809917356	181790.0	8	0.8264462809917356	367.5	0	0.0	735.0	0	0.0	735.0	0	0.0
home	8	123	183274.0	7	0.7231404958677686	183274.0	7	0.7231404958677686	370.5	0	0.0	741.0	0	0.0	741.0	0	0.0
home	8	124	184758.0	1	0.10330578512396695	184758.0	1	0.10330578512396695	373.5	0	0.0	747.0	0	0.0	747.0	0	0.0
home	8	125	186242.0	8	0.8264462809917356	186242.0	8	0.8264462809917356	376.5	0	0.0	753.0	0	0.0	753.0	0	0.0
home	8	126	187726.0	0	0.0	187726.0	0	0.0	379.5	0	0.0	759.0	0	0.0	759.0	0	0.0
home	8	127	189210.0	8	0.8264462809917356	189210.0	8	0.8264462809917356	382.5	0	0.0	765.0	0	0.0	765.0	0	0.0
home	8	128	190694.0	8	0.8264462809917356	190694.0	8	0.8264462809917356	385.5	0	0.0	771.0	0	0.0	771.0	0	0.0
home	8	129	192178.0	0	0.0	192178.0	0	0.0	388.5	0	0.0	777.0	0	0.0	777.0	0	0.0
home	8	130	193662.0	8	0.8264462809917356	193662.0	8	0.8264462809917356	391.5	0	0.0	783.0	0	0.0	783.0	0	0.0
home	8	131	195146.0	0	0.0	195146.0	0	0.0	394.5	0	0.0	789.0	0	0.0	789.0	0	0.0
home	8	132	196630.0	8	0.8264462809917356	196630.0	8	0.8264462809917356	397.5	0	0.0	795.0	0	0.0	795.0	0	0.0
home	8	133	198114.0	0	0.0	198114.0	0	0.0	400.5	0	0.0	801.0	0	0.0	801.0	0	0.0
home	8	134	199598.0	8	0.8264462809917356	199598.0	8	0.8264462809917356	403.5	0	0.0	807.0	0	0.0	807.0	0	0.0
home	8	135	201082.0	8	0.8264462809917356	201082.0	8	0.8264462809917356	406.5	0	0.0	813.0	0	0.0	813.0	0	0.0
home	8	136	202566.0	0	0.0	202566.0	0	0.0	409.5	0	0.0	819.0	0	0.0	819.0	0	0.0
home	8	137	204050.0	8	0.8264462809917356	204050.0	8	0.8264462809917356	412.5	0	0.0	825.0	0	0.0	825.0	0	0.0
home	8	138	205534.0	5	0.5165289256198348	205534.0	0	0.0	415.5	0	0.0	831.0	0	0.0	831.0	0	0.0
home	8	139	207018.0	3	0.30991735537190085	207018.0	8	0.8264462809917356	418.5	0	0.0	837.0	0	0.0	837.0	0	0.0
home	8	140	208502.0	8	0.8264462809917356	208502.0	8	0.8264462809917356	421.5	0	0.0	843.0	0	0.0	843.0	0	0.0
home	8	141	209986.0	0	0.0	209986.0	0	0.0	424.5	0	0.0	849.0	0	0.0	849.0	0	0.0
home	8	142	211470.0	8	0.8264462809917356	211470.0	8	0.8264462809917356	427.5	0	0.0	855.0	0	0.0	855.0	0	0.0
home	8	143	212954.0	0	0.0	212954.0	0	0.0	430.5	0	0.0	861.0	0	0.0	861.0	0	0.0
home	8	144	214438.0	8	0.8264462809917356	214438.0	8	0.8264462809917356	433.5	0	0.0	867.0	0	0.0	867.0	0	0.0
home	8	145	215922.0	0	0.0	215922.0	0	0.0	436.5	0	0.0	873.0	0	0.0	873.0	0	0.0
home	8	146	217406.0	8	0.8264462809917356	217406.0	8	0.8264462809917356	439.5	0	0.0	879.0	0	0.0	879.0	0	0.0
home	8	147	218890.0	8	0.8264462809917356	218890.0	8	0.8264462809917356	442.5	0	0.0	885.0	0	0.0	885.0	0	0.0
home	8	148	220374.0	0	0.0	220374.0	0	0.0	445.5	0	0.0	891.0	0	0.0	891.0	0	0.0
home	8	149	221858.0	8	0.8264462809917356	221858.0	8	0.8264462809917356	448.5	0	0.0	897.0	0	0.0	897.0	0	0.0
home	8	150	223342.0	8	0.8264462809917356	223342.0	8	0.8264462809917356	451.5	0	0.0	903.0	0	0.0	903.0	0	0.0
home	8	151	224826.0	0	0.0	224826.0	0	0.0	454.5	0	0.0	909.0	0	0.0	909.0	0	0.0
home	8	152	226310.0	8	0.8264462809917356	226310.0	8	0.8264462809917356	457.5	0	0.0	915.0	0	0.0	915.0	0	0.0
home	8	153	227794.0	0	0.0	227794.0	0	0.0	460.5	0	0.0	921.0	0	0.0	921.0	0	0.0
home	8	154	229278.0	8	0.8264462809917356	229278.0	8	0.8264462809917356	463.5	0	0.0	927.0	0	0.0	927.0	0	0.0
home	8	155	230762.0	6	0.6198347107438017	230762.0	6	0.6198347107438017	466.5	0	0.0	933.0	0	0.0	933.0	0	0.0
home	8	156	232246.0	2	0.2066115702479339	232246.0	2	0.2066115702479339	469.5	0	0.0	939.0	0	0.0	939.0	0	0.0
home	8	157	233730.0	8	0.8264462809917356	233730.0	8	0.8264462809917356	472.5	0	0.0	945.0	0	0.0	945.0	0	0.0
home	8	158	235214.0	0	0.0	235214.0	0	0.0	475.5	0	0.0	951.0	0	0.0	951.0	0	0.0
home	8	159	236698.0	8	0.8264462809917356	236698.0	8	0.8264462809917356	478.5	0	0.0	957.0	0	0.0	957.0	0	0.0
home	8	160	238182.0	6	0.6198347107438017	238182.0	6	0.6198347107438017	481.5	0	0.0	963.0	0	0.0	963.0	0	0.0
home	8	161	239666.0	2	0.2066115702479339	239666.0	2	0.2066115702479339	484.5	0	0.0	969.0	0	0.0	969.0	0	0.0
home	8	162	241150.0	8	0.8264462809917356	241150.0	8	0.8264462809917356	487.5	0	0.0	975.0	0	0.0	975.0	0	0.0
home	8	163	242634.0	0	0.0	242634.0	0	0.0	490.5	0	0.0	981.0	0	0.0	981.0	0	0.0
home	8	164	244118.0	8	0.8264462809917356	244118.0	8	0.8264462809917356	493.5	0	0.0	987.0	0	0.0	987.0	0	0.0
home	8	165	245602.0	7	0.7231404958677686	245602.0	6	0.6198347107438017	496.5	0	0.0	993.0	0	0.0	993.0	0	0.0
home	8	166	247086.0	1	0.10330578512396695	247086.0	2	0.2066115702479339	499.5	0	0.0	999.0	0	0.0	999.0	0	0.0
home	8	167	248570.0	8	0.8264462809917356	248570.0	8	0.8264462809917356	502.5	1	0.10330578512396695	1005.0	0	0.0	1005.0	0	0.0
home	8	168	250054.0	0	0.0	250054.0	0	0.0	505.5	0	0.0	1011.0	0	0.0	1011.0	0	0.0
home	8	169	251538.0	8	0.8264462809917356	251538.0	8	0.8264462809917356	508.5	0	0.0	1017.0	0	0.0	1017.0	0	0.0
home	8	170	253022.0	0	0.0	253022.0	0	0.0	511.5	0	0.0	1023.0	0	0.0	1023.0	0	0.0
home	8	171	254506.0	8	0.8264462809917356	254506.0	8	0.8264462809917356	514.5	0	0.0	1029.0	0	0.0	1029.0	0	0.0
home	8	172	255990.0	6	0.6198347107438017	255990.0	6	0.6198347107438017	517.5	0	0.0	1035.0	0	0.0	1035.0	0	0.0
home	8	173	257474.0	2	0.2066115702479339	257474.0	2	0.2066115702479339	520.5	0	0.0	1041.0	0	0.0	1041.0	0	0.0
home	8	174	258958.0	8	0.8264462809917356	258958.0	8	0.8264462809917356	523.5	0	0.0	1047.0	0	0.0	1047.0	0	0.0
home	8	175	260442.0	0	0.0	260442.0	0	0.0	526.5	0	0.0	1053.0	0	0.0	1053.0	0	0.0
home	8	176	261926.0	8	0.8264462809917356	261926.0	8	0.8264462809917356	529.5	1	0.10330578512396695	1059.0	0	0.0	1059.0	0	0.0
home	8	177	263410.0	8	0.8264462809917356	263410.0	8	0.8264462809917356	532.5	0	0.0	1065.0	0	0.0	1065.0	0	0.0
home	8	178	264894.0	0	0.0	264894.0	0	0.0	535.5	0	0.0	1071.0	0	0.0	1071.0	0	0.0
home	8	179	266378.0	8	0.8264462809917356	266378.0	8	0.8264462809917356	538.5	0	0.0	1077.0	0	0.0	1077.0	0	0.0
home	8	180	267862.0	0	0.0	267862.0	0	0.0	541.5	0	0.0	1083.0	0	0.0	1083.0	0	0.0
home	8	181	269346.0	8	0.8264462809917356	269346.0	8	0.8264462809917356	544.5	0	0.0	1089.0	0	0.0	1089.0	0	0.0
home	8	182	270830.0	8	0.8264462809917356	270830.0	8	0.8264462809917356	547.5	0	0.0	1095.0	0	0.0	1095.0	0	0.0
home	8	183	272314.0	0	0.0	272314.0	0	0.0	550.5	0	0.0	1101.0	0	0.0	1101.0	0	0.0
home	8	184	273798.0	8	0.8264462809917356	273798.0	8	0.8264462809917356	553.5	0	0.0	1107.0	0	0.0	1107.0	0	0.0
home	8	185	275282.0	7	0.7231404958677686	275282.0	7	0.7231404958677686	556.5	0	0.0	1113.0	0	0.0	1113.0	0	0.0
home	8	186	276766.0	2	0.2066115702479339	276766.0	1	0.10330578512396695	559.5	0	0.0	1119.0	0	0.0	1119.0	0	0.0
home	8	187	278250.0	7	0.7231404958677686	278250.0	8	0.8264462809917356	562.5	0	0.0	1125.0	0	0.0	1125.0	0	0.0
home	8	188	279734.0	8	0.8264462809917356	279734.0	8	0.8264462809917356	565.5	0	0.0	1131.0	0	0.0	1131.0	0	0.0
home	8	189	281218.0	0	0.0	281218.0	0	0.0	568.5	0	0.0	1137.0	0	0.0	1137.0	0	0.0
home	8	190	282702.0	8	0.8264462809917356	282702.0	8	0.8264462809917356	571.5	0	0.0	1143.0	0	0.0	1143.0	0	0.0
home	8	191	284186.0	5	0.5165289256198348	284186.0	1	0.10330578512396695	574.5	0	0.0	1149.0	0	0.0	1149.0	0	0.0
home	8	192	285670.0	3	0.30991735537190085	285670.0	7	0.7231404958677686	577.5	0	0.0	1155.0	0	0.0	1155.0	0	0.0
home	8	193	287154.0	8	0.8264462809917356	287154.0	8	0.8264462809917356	580.5	0	0.0	1161.0	0	0.0	1161.0	0	0.0
home	8	194	288638.0	5	0.5165289256198348	288638.0	3	0.30991735537190085	583.5	0	0.0	1167.0	0	0.0	1167.0	0	0.0
home	8	195	290122.0	3	0.30991735537190085	290122.0	5	0.5165289256198348	586.5	0	0.0	1173.0	0	0.0	1173.0	0	0.0
home	8	196	291606.0	8	0.8264462809917356	291606.0	8	0.8264462809917356	589.5	0	0.0	1179.0	0	0.0	1179.0	0	0.0
home	8	197	293090.0	0	0.0	293090.0	0	0.0	592.5	0	0.0	1185.0	0	0.0	1185.0	0	0.0
home	8	198	294574.0	8	0.8264462809917356	294574.0	8	0.8264462809917356	595.5	1	0.10330578512396695	1191.0	0	0.0	1191.0	0	0.0
home	8	199	296058.0	8	0.8264462809917356	296058.0	8	0.8264462809917356	598.5	0	0.0	1197.0	0	0.0	1197.0	0	0.0
