'Request type'	'Load'	'Bucket'	'Start time'	'Absolute'	'Percent of requests'	'End time'	'Absolute'	'Percent of requests'	'Residence time'	'Absolute'	'Percent of requests'	'Theor. think time'	'Absolute'	'Percent of requests'	'Actual think time'	'Absolute'	'Percent of requests'
login	5	0	750.5	5	0.44404973357015987	750.5	5	0.44404973357015987	3.0	0	0.0	3.0	1126	100.0	3.0	1126	100.0
login	5	1	2251.5	5	0.44404973357015987	2251.5	5	0.44404973357015987	9.0	0	0.0	9.0	0	0.0	9.0	0	0.0
login	5	2	3752.5	6	0.5328596802841918	3752.5	5	0.44404973357015987	15.0	0	0.0	15.0	0	0.0	15.0	0	0.0
login	5	3	5253.5	6	0.5328596802841918	5253.5	4	0.3552397868561279	21.0	0	0.0	21.0	0	0.0	21.0	0	0.0
login	5	4	6754.5	5	0.44404973357015987	6754.5	5	0.44404973357015987	27.0	0	0.0	27.0	0	0.0	27.0	0	0.0
login	5	5	8255.5	5	0.44404973357015987	8255.5	6	0.5328596802841918	33.0	0	0.0	33.0	0	0.0	33.0	0	0.0
login	5	6	9756.5	5	0.44404973357015987	9756.5	5	0.44404973357015987	39.0	0	0.0	39.0	0	0.0	39.0	0	0.0
login	5	7	11257.5	5	0.44404973357015987	11257.5	6	0.5328596802841918	45.0	0	0.0	45.0	0	0.0	45.0	0	0.0
login	5	8	12758.5	5	0.44404973357015987	12758.5	6	0.5328596802841918	51.0	0	0.0	51.0	0	0.0	51.0	0	0.0
login	5	9	14259.5	5	0.44404973357015987	14259.5	5	0.44404973357015987	57.0	0	0.0	57.0	0	0.0	57.0	0	0.0
login	5	10	15760.5	5	0.44404973357015987	15760.5	5	0.44404973357015987	63.0	0	0.0	63.0	0	0.0	63.0	0	0.0
login	5	11	17261.5	7	0.6216696269982238	17261.5	5	0.44404973357015987	69.0	0	0.0	69.0	0	0.0	69.0	0	0.0
login	5	12	18762.5	4	0.3552397868561279	18762.5	6	0.5328596802841918	75.0	0	0.0	75.0	0	0.0	75.0	0	0.0
login	5	13	20263.5	6	0.5328596802841918	20263.5	5	0.44404973357015987	81.0	8	0.7104795737122558	81.0	0	0.0	81.0	0	0.0
login	5	14	21764.5	6	0.5328596802841918	21764.5	7	0.6216696269982238	87.0	4	0.3552397868561279	87.0	0	0.0	87.0	0	0.0
login	5	15	23265.5	5	0.44404973357015987	23265.5	5	0.44404973357015987	93.0	7	0.6216696269982238	93.0	0	0.0	93.0	0	0.0
login	5	16	24766.5	5	0.44404973357015987	24766.5	5	0.44404973357015987	99.0	6	0.5328596802841918	99.0	0	0.0	99.0	0	0.0
login	5	17	26267.5	7	0.6216696269982238	26267.5	6	0.5328596802841918	105.0	10	0.8880994671403197	105.0	0	0.0	105.0	0	0.0
login	5	18	27768.5	6	0.5328596802841918	27768.5	5	0.44404973357015987	111.0	12	1.0657193605683837	111.0	0	0.0	111.0	0	0.0
login	5	19	29269.5	6	0.5328596802841918	29269.5	5	0.44404973357015987	117.0	8	0.7104795737122558	117.0	0	0.0	117.0	0	0.0
login	5	20	30770.5	5	0.44404973357015987	30770.5	6	0.5328596802841918	123.0	14	1.2433392539964476	123.0	0	0.0	123.0	0	0.0
login	5	21	32271.5	5	0.44404973357015987	32271.5	6	0.5328596802841918	129.0	34	3.019538188277087	129.0	0	0.0	129.0	0	0.0
login	5	22	33772.5	5	0.44404973357015987	33772.5	5	0.44404973357015987	135.0	23	2.0426287744227354	135.0	0	0.0	135.0	0	0.0
login	5	23	35273.5	7	0.6216696269982238	35273.5	7	0.6216696269982238	141.0	22	1.9538188277087034	141.0	0	0.0	141.0	0	0.0
login	5	24	36774.5	6	0.5328596802841918	36774.5	7	0.6216696269982238	147.0	14	1.2433392539964476	147.0	0	0.0	147.0	0	0.0
login	5	25	38275.5	7	0.6216696269982238	38275.5	6	0.5328596802841918	153.0	16	1.4209591474245116	153.0	0	0.0	153.0	0	0.0
login	5	26	39776.5	6	0.5328596802841918	39776.5	6	0.5328596802841918	159.0	25	2.2202486678507993	159.0	0	0.0	159.0	0	0.0
login	5	27	41277.5	6	0.5328596802841918	41277.5	5	0.44404973357015987	165.0	19	1.6873889875666075	165.0	0	0.0	165.0	0	0.0
login	5	28	42778.5	6	0.5328596802841918	42778.5	7	0.6216696269982238	171.0	13	1.1545293072824157	171.0	0	0.0	171.0	0	0.0
login	5	29	44279.5	5	0.44404973357015987	44279.5	6	0.5328596802841918	177.0	21	1.8650088809946714	177.0	0	0.0	177.0	0	0.0
login	5	30	45780.5	7	0.6216696269982238	45780.5	6	0.5328596802841918	183.0	20	1.7761989342806395	183.0	0	0.0	183.0	0	0.0
login	5	31	47281.5	6	0.5328596802841918	47281.5	6	0.5328596802841918	189.0	19	1.6873889875666075	189.0	0	0.0	189.0	0	0.0
login	5	32	48782.5	7	0.6216696269982238	48782.5	7	0.6216696269982238	195.0	23	2.0426287744227354	195.0	0	0.0	195.0	0	0.0
login	5	33	50283.5	6	0.5328596802841918	50283.5	6	0.5328596802841918	201.0	27	2.3978685612788633	201.0	0	0.0	201.0	0	0.0
login	5	34	51784.5	6	0.5328596802841918	51784.5	6	0.5328596802841918	207.0	27	2.3978685612788633	207.0	0	0.0	207.0	0	0.0
login	5	35	53285.5	6	0.5328596802841918	53285.5	7	0.6216696269982238	213.0	18	1.5985790408525755	213.0	0	0.0	213.0	0	0.0
login	5	36	54786.5	5	0.44404973357015987	54786.5	5	0.44404973357015987	219.0	23	2.0426287744227354	219.0	0	0.0	219.0	0	0.0
login	5	37	56287.5	6	0.5328596802841918	56287.5	5	0.44404973357015987	225.0	20	1.7761989342806395	225.0	0	0.0	225.0	0	0.0
login	5	38	57788.5	6	0.5328596802841918	57788.5	5	0.44404973357015987	231.0	14	1.2433392539964476	231.0	0	0.0	231.0	0	0.0
login	5	39	59289.5	6	0.5328596802841918	59289.5	7	0.6216696269982238	237.0	13	1.1545293072824157	237.0	0	0.0	237.0	0	0.0
login	5	40	60790.5	5	0.44404973357015987	60790.5	6	0.5328596802841918	243.0	12	1.0657193605683837	243.0	0	0.0	243.0	0	0.0
login	5	41	62291.5	5	0.44404973357015987	62291.5	5	0.44404973357015987	249.0	1	0.08880994671403197	249.0	0	0.0	249.0	0	0.0
login	5	42	63792.5	6	0.5328596802841918	63792.5	5	0.44404973357015987	255.0	10	0.8880994671403197	255.0	0	0.0	255.0	0	0.0
login	5	43	65293.5	6	0.5328596802841918	65293.5	6	0.5328596802841918	261.0	8	0.7104795737122558	261.0	0	0.0	261.0	0	0.0
login	5	44	66794.5	6	0.5328596802841918	66794.5	6	0.5328596802841918	267.0	10	0.8880994671403197	267.0	0	0.0	267.0	0	0.0
login	5	45	68295.5	7	0.6216696269982238	68295.5	6	0.5328596802841918	273.0	12	1.0657193605683837	273.0	0	0.0	273.0	0	0.0
login	5	46	69796.5	6	0.5328596802841918	69796.5	5	0.44404973357015987	279.0	15	1.3321492007104796	279.0	0	0.0	279.0	0	0.0
login	5	47	71297.5	5	0.44404973357015987	71297.5	5	0.44404973357015987	285.0	17	1.5097690941385435	285.0	0	0.0	285.0	0	0.0
login	5	48	72798.5	5	0.44404973357015987	72798.5	5	0.44404973357015987	291.0	21	1.8650088809946714	291.0	0	0.0	291.0	0	0.0
login	5	49	74299.5	3	0.2664298401420959	74299.5	5	0.44404973357015987	297.0	28	2.4866785079928952	297.0	0	0.0	297.0	0	0.0
login	5	50	75800.5	6	0.5328596802841918	75800.5	7	0.6216696269982238	303.0	17	1.5097690941385435	303.0	0	0.0	303.0	0	0.0
login	5	51	77301.5	7	0.6216696269982238	77301.5	6	0.5328596802841918	309.0	27	2.3978685612788633	309.0	0	0.0	309.0	0	0.0
login	5	52	78802.5	6	0.5328596802841918	78802.5	6	0.5328596802841918	315.0	19	1.6873889875666075	315.0	0	0.0	315.0	0	0.0
login	5	53	80303.5	5	0.44404973357015987	80303.5	6	0.5328596802841918	321.0	25	2.2202486678507993	321.0	0	0.0	321.0	0	0.0
login	5	54	81804.5	6	0.5328596802841918	81804.5	5	0.44404973357015987	327.0	11	0.9769094138543517	327.0	0	0.0	327.0	0	0.0
login	5	55	83305.5	7	0.6216696269982238	83305.5	6	0.5328596802841918	333.0	4	0.3552397868561279	333.0	0	0.0	333.0	0	0.0
login	5	56	84806.5	5	0.44404973357015987	84806.5	6	0.5328596802841918	339.0	6	0.5328596802841918	339.0	0	0.0	339.0	0	0.0
login	5	57	86307.5	5	0.44404973357015987	86307.5	6	0.5328596802841918	345.0	3	0.2664298401420959	345.0	0	0.0	345.0	0	0.0
login	5	58	87808.5	6	0.5328596802841918	87808.5	6	0.5328596802841918	351.0	5	0.44404973357015987	351.0	0	0.0	351.0	0	0.0
login	5	59	89309.5	7	0.6216696269982238	89309.5	6	0.5328596802841918	357.0	5	0.44404973357015987	357.0	0	0.0	357.0	0	0.0
login	5	60	90810.5	5	0.44404973357015987	90810.5	3	0.2664298401420959	363.0	10	0.8880994671403197	363.0	0	0.0	363.0	0	0.0
login	5	61	92311.5	5	0.44404973357015987	92311.5	5	0.44404973357015987	369.0	16	1.4209591474245116	369.0	0	0.0	369.0	0	0.0
login	5	62	93812.5	5	0.44404973357015987	93812.5	5	0.44404973357015987	375.0	18	1.5985790408525755	375.0	0	0.0	375.0	0	0.0
login	5	63	95313.5	3	0.2664298401420959	95313.5	6	0.5328596802841918	381.0	21	1.8650088809946714	381.0	0	0.0	381.0	0	0.0
login	5	64	96814.5	6	0.5328596802841918	96814.5	6	0.5328596802841918	387.0	14	1.2433392539964476	387.0	0	0.0	387.0	0	0.0
login	5	65	98315.5	5	0.44404973357015987	98315.5	5	0.44404973357015987	393.0	20	1.7761989342806395	393.0	0	0.0	393.0	0	0.0
login	5	66	99816.5	6	0.5328596802841918	99816.5	5	0.44404973357015987	399.0	28	2.4866785079928952	399.0	0	0.0	399.0	0	0.0
login	5	67	101317.5	7	0.6216696269982238	101317.5	6	0.5328596802841918	405.0	19	1.6873889875666075	405.0	0	0.0	405.0	0	0.0
login	5	68	102818.5	4	0.3552397868561279	102818.5	6	0.5328596802841918	411.0	12	1.0657193605683837	411.0	0	0.0	411.0	0	0.0
login	5	69	104319.5	6	0.5328596802841918	104319.5	5	0.44404973357015987	417.0	19	1.6873889875666075	417.0	0	0.0	417.0	0	0.0
login	5	70	105820.5	5	0.44404973357015987	105820.5	6	0.5328596802841918	423.0	10	0.8880994671403197	423.0	0	0.0	423.0	0	0.0
login	5	71	107321.5	7	0.6216696269982238	107321.5	6	0.5328596802841918	429.0	6	0.5328596802841918	429.0	0	0.0	429.0	0	0.0
login	5	72	108822.5	6	0.5328596802841918	108822.5	6	0.5328596802841918	435.0	4	0.3552397868561279	435.0	0	0.0	435.0	0	0.0
login	5	73	110323.5	6	0.5328596802841918	110323.5	6	0.5328596802841918	441.0	2	0.17761989342806395	441.0	0	0.0	441.0	0	0.0
login	5	74	111824.5	6	0.5328596802841918	111824.5	5	0.44404973357015987	447.0	3	0.2664298401420959	447.0	0	0.0	447.0	0	0.0
login	5	75	113325.5	6	0.5328596802841918	113325.5	5	0.44404973357015987	453.0	8	0.7104795737122558	453.0	0	0.0	453.0	0	0.0
login	5	76	114826.5	4	0.3552397868561279	114826.5	6	0.5328596802841918	459.0	10	0.8880994671403197	459.0	0	0.0	459.0	0	0.0
login	5	77	116327.5	6	0.5328596802841918	116327.5	5	0.44404973357015987	465.0	11	0.9769094138543517	465.0	0	0.0	465.0	0	0.0
login	5	78	117828.5	5	0.44404973357015987	117828.5	5	0.44404973357015987	471.0	11	0.9769094138543517	471.0	0	0.0	471.0	0	0.0
login	5	79	119329.5	6	0.5328596802841918	119329.5	6	0.5328596802841918	477.0	7	0.6216696269982238	477.0	0	0.0	477.0	0	0.0
login	5	80	120830.5	5	0.44404973357015987	120830.5	7	0.6216696269982238	483.0	8	0.7104795737122558	483.0	0	0.0	483.0	0	0.0
login	5	81	122331.5	7	0.6216696269982238	122331.5	6	0.5328596802841918	489.0	9	0.7992895204262878	489.0	0	0.0	489.0	0	0.0
login	5	82	123832.5	6	0.5328596802841918	123832.5	7	0.6216696269982238	495.0	16	1.4209591474245116	495.0	0	0.0	495.0	0	0.0
login	5	83	125333.5	7	0.6216696269982238	125333.5	6	0.5328596802841918	501.0	18	1.5985790408525755	501.0	0	0.0	501.0	0	0.0
login	5	84	126834.5	6	0.5328596802841918	126834.5	6	0.5328596802841918	507.0	12	1.0657193605683837	507.0	0	0.0	507.0	0	0.0
login	5	85	128335.5	7	0.6216696269982238	128335.5	6	0.5328596802841918	513.0	4	0.3552397868561279	513.0	0	0.0	513.0	0	0.0
login	5	86	129836.5	5	0.44404973357015987	129836.5	6	0.5328596802841918	519.0	4	0.3552397868561279	519.0	0	0.0	519.0	0	0.0
login	5	87	131337.5	6	0.5328596802841918	131337.5	7	0.6216696269982238	525.0	4	0.3552397868561279	525.0	0	0.0	525.0	0	0.0
login	5	88	132838.5	6	0.5328596802841918	132838.5	6	0.5328596802841918	531.0	3	0.2664298401420959	531.0	0	0.0	531.0	0	0.0
login	5	89	134339.5	8	0.7104795737122558	134339.5	6	0.5328596802841918	537.0	1	0.08880994671403197	537.0	0	0.0	537.0	0	0.0
login	5	90	135840.5	5	0.44404973357015987	135840.5	6	0.5328596802841918	543.0	3	0.2664298401420959	543.0	0	0.0	543.0	0	0.0
login	5	91	137341.5	6	0.5328596802841918	137341.5	6	0.5328596802841918	549.0	1	0.08880994671403197	549.0	0	0.0	549.0	0	0.0
login	5	92	138842.5	6	0.5328596802841918	138842.5	6	0.5328596802841918	555.0	1	0.08880994671403197	555.0	0	0.0	555.0	0	0.0
login	5	93	140343.5	6	0.5328596802841918	140343.5	5	0.44404973357015987	561.0	3	0.2664298401420959	561.0	0	0.0	561.0	0	0.0
login	5	94	141844.5	5	0.44404973357015987	141844.5	7	0.6216696269982238	567.0	4	0.3552397868561279	567.0	0	0.0	567.0	0	0.0
login	5	95	143345.5	5	0.44404973357015987	143345.5	5	0.44404973357015987	573.0	3	0.2664298401420959	573.0	0	0.0	573.0	0	0.0
login	5	96	144846.5	5	0.44404973357015987	144846.5	5	0.44404973357015987	579.0	4	0.3552397868561279	579.0	0	0.0	579.0	0	0.0
login	5	97	146347.5	5	0.44404973357015987	146347.5	5	0.44404973357015987	585.0	5	0.44404973357015987	585.0	0	0.0	585.0	0	0.0
login	5	98	147848.5	6	0.5328596802841918	147848.5	5	0.44404973357015987	591.0	8	0.7104795737122558	591.0	0	0.0	591.0	0	0.0
login	5	99	149349.5	6	0.5328596802841918	149349.5	6	0.5328596802841918	597.0	3	0.2664298401420959	597.0	0	0.0	597.0	0	0.0
login	5	100	150850.5	6	0.5328596802841918	150850.5	6	0.5328596802841918	603.0	2	0.17761989342806395	603.0	0	0.0	603.0	0	0.0
login	5	101	152351.5	5	0.44404973357015987	152351.5	6	0.5328596802841918	609.0	4	0.3552397868561279	609.0	0	0.0	609.0	0	0.0
login	5	102	153852.5	6	0.5328596802841918	153852.5	5	0.44404973357015987	615.0	5	0.44404973357015987	615.0	0	0.0	615.0	0	0.0
login	5	103	155353.5	6	0.5328596802841918	155353.5	7	0.6216696269982238	621.0	1	0.08880994671403197	621.0	0	0.0	621.0	0	0.0
login	5	104	156854.5	6	0.5328596802841918	156854.5	5	0.44404973357015987	627.0	1	0.08880994671403197	627.0	0	0.0	627.0	0	0.0
login	5	105	158355.5	7	0.6216696269982238	158355.5	6	0.5328596802841918	633.0	1	0.08880994671403197	633.0	0	0.0	633.0	0	0.0
login	5	106	159856.5	5	0.44404973357015987	159856.5	6	0.5328596802841918	639.0	0	0.0	639.0	0	0.0	639.0	0	0.0
login	5	107	161357.5	6	0.5328596802841918	161357.5	7	0.6216696269982238	645.0	1	0.08880994671403197	645.0	0	0.0	645.0	0	0.0
login	5	108	162858.5	6	0.5328596802841918	162858.5	5	0.44404973357015987	651.0	2	0.17761989342806395	651.0	0	0.0	651.0	0	0.0
login	5	109	164359.5	6	0.5328596802841918	164359.5	4	0.3552397868561279	657.0	0	0.0	657.0	0	0.0	657.0	0	0.0
login	5	110	165860.5	4	0.3552397868561279	165860.5	5	0.44404973357015987	663.0	1	0.08880994671403197	663.0	0	0.0	663.0	0	0.0
login	5	111	167361.5	6	0.5328596802841918	167361.5	6	0.5328596802841918	669.0	1	0.08880994671403197	669.0	0	0.0	669.0	0	0.0
login	5	112	168862.5	6	0.5328596802841918	168862.5	6	0.5328596802841918	675.0	3	0.2664298401420959	675.0	0	0.0	675.0	0	0.0
login	5	113	170363.5	5	0.44404973357015987	170363.5	5	0.44404973357015987	681.0	1	0.08880994671403197	681.0	0	0.0	681.0	0	0.0
login	5	114	171864.5	5	0.44404973357015987	171864.5	5	0.44404973357015987	687.0	3	0.2664298401420959	687.0	0	0.0	687.0	0	0.0
login	5	115	173365.5	5	0.44404973357015987	173365.5	5	0.44404973357015987	693.0	2	0.17761989342806395	693.0	0	0.0	693.0	0	0.0
login	5	116	174866.5	5	0.44404973357015987	174866.5	5	0.44404973357015987	699.0	1	0.08880994671403197	699.0	0	0.0	699.0	0	0.0
login	5	117	176367.5	5	0.44404973357015987	176367.5	7	0.6216696269982238	705.0	2	0.17761989342806395	705.0	0	0.0	705.0	0	0.0
login	5	118	177868.5	5	0.44404973357015987	177868.5	3	0.2664298401420959	711.0	2	0.17761989342806395	711.0	0	0.0	711.0	0	0.0
login	5	119	179369.5	5	0.44404973357015987	179369.5	7	0.6216696269982238	717.0	0	0.0	717.0	0	0.0	717.0	0	0.0
login	5	120	180870.5	6	0.5328596802841918	180870.5	4	0.3552397868561279	723.0	1	0.08880994671403197	723.0	0	0.0	723.0	0	0.0
login	5	121	182371.5	5	0.44404973357015987	182371.5	5	0.44404973357015987	729.0	0	0.0	729.0	0	0.0	729.0	0	0.0
login	5	122	183872.5	6	0.5328596802841918	183872.5	7	0.6216696269982238	735.0	0	0.0	735.0	0	0.0	735.0	0	0.0
login	5	123	185373.5	6	0.5328596802841918	185373.5	6	0.5328596802841918	741.0	0	0.0	741.0	0	0.0	741.0	0	0.0
login	5	124	186874.5	6	0.5328596802841918	186874.5	6	0.5328596802841918	747.0	0	0.0	747.0	0	0.0	747.0	0	0.0
login	5	125	188375.5	6	0.5328596802841918	188375.5	5	0.44404973357015987	753.0	0	0.0	753.0	0	0.0	753.0	0	0.0
login	5	126	189876.5	6	0.5328596802841918	189876.5	6	0.5328596802841918	759.0	2	0.17761989342806395	759.0	0	0.0	759.0	0	0.0
login	5	127	191377.5	5	0.44404973357015987	191377.5	5	0.44404973357015987	765.0	0	0.0	765.0	0	0.0	765.0	0	0.0
login	5	128	192878.5	5	0.44404973357015987	192878.5	6	0.5328596802841918	771.0	0	0.0	771.0	0	0.0	771.0	0	0.0
login	5	129	194379.5	5	0.44404973357015987	194379.5	6	0.5328596802841918	777.0	0	0.0	777.0	0	0.0	777.0	0	0.0
login	5	130	195880.5	6	0.5328596802841918	195880.5	5	0.44404973357015987	783.0	3	0.2664298401420959	783.0	0	0.0	783.0	0	0.0
login	5	131	197381.5	6	0.5328596802841918	197381.5	7	0.6216696269982238	789.0	0	0.0	789.0	0	0.0	789.0	0	0.0
login	5	132	198882.5	5	0.44404973357015987	198882.5	4	0.3552397868561279	795.0	0	0.0	795.0	0	0.0	795.0	0	0.0
login	5	133	200383.5	5	0.44404973357015987	200383.5	4	0.3552397868561279	801.0	0	0.0	801.0	0	0.0	801.0	0	0.0
login	5	134	201884.5	6	0.5328596802841918	201884.5	5	0.44404973357015987	807.0	1	0.08880994671403197	807.0	0	0.0	807.0	0	0.0
login	5	135	203385.5	5	0.44404973357015987	203385.5	6	0.5328596802841918	813.0	0	0.0	813.0	0	0.0	813.0	0	0.0
login	5	136	204886.5	5	0.44404973357015987	204886.5	6	0.5328596802841918	819.0	0	0.0	819.0	0	0.0	819.0	0	0.0
login	5	137	206387.5	6	0.5328596802841918	206387.5	7	0.6216696269982238	825.0	0	0.0	825.0	0	0.0	825.0	0	0.0
login	5	138	207888.5	6	0.5328596802841918	207888.5	5	0.44404973357015987	831.0	0	0.0	831.0	0	0.0	831.0	0	0.0
login	5	139	209389.5	6	0.5328596802841918	209389.5	6	0.5328596802841918	837.0	0	0.0	837.0	0	0.0	837.0	0	0.0
login	5	140	210890.5	5	0.44404973357015987	210890.5	6	0.5328596802841918	843.0	0	0.0	843.0	0	0.0	843.0	0	0.0
login	5	141	212391.5	6	0.5328596802841918	212391.5	5	0.44404973357015987	849.0	0	0.0	849.0	0	0.0	849.0	0	0.0
login	5	142	213892.5	5	0.44404973357015987	213892.5	5	0.44404973357015987	855.0	0	0.0	855.0	0	0.0	855.0	0	0.0
login	5	143	215393.5	6	0.5328596802841918	215393.5	6	0.5328596802841918	861.0	0	0.0	861.0	0	0.0	861.0	0	0.0
login	5	144	216894.5	6	0.5328596802841918	216894.5	6	0.5328596802841918	867.0	0	0.0	867.0	0	0.0	867.0	0	0.0
login	5	145	218395.5	6	0.5328596802841918	218395.5	5	0.44404973357015987	873.0	2	0.17761989342806395	873.0	0	0.0	873.0	0	0.0
login	5	146	219896.5	5	0.44404973357015987	219896.5	6	0.5328596802841918	879.0	1	0.08880994671403197	879.0	0	0.0	879.0	0	0.0
login	5	147	221397.5	6	0.5328596802841918	221397.5	6	0.5328596802841918	885.0	1	0.08880994671403197	885.0	0	0.0	885.0	0	0.0
login	5	148	222898.5	5	0.44404973357015987	222898.5	6	0.5328596802841918	891.0	0	0.0	891.0	0	0.0	891.0	0	0.0
login	5	149	224399.5	5	0.44404973357015987	224399.5	5	0.44404973357015987	897.0	0	0.0	897.0	0	0.0	897.0	0	0.0
login	5	150	225900.5	5	0.44404973357015987	225900.5	5	0.44404973357015987	903.0	1	0.08880994671403197	903.0	0	0.0	903.0	0	0.0
login	5	151	227401.5	5	0.44404973357015987	227401.5	5	0.44404973357015987	909.0	0	0.0	909.0	0	0.0	909.0	0	0.0
login	5	152	228902.5	5	0.44404973357015987	228902.5	5	0.44404973357015987	915.0	0	0.0	915.0	0	0.0	915.0	0	0.0
login	5	153	230403.5	5	0.44404973357015987	230403.5	5	0.44404973357015987	921.0	0	0.0	921.0	0	0.0	921.0	0	0.0
login	5	154	231904.5	5	0.44404973357015987	231904.5	5	0.44404973357015987	927.0	0	0.0	927.0	0	0.0	927.0	0	0.0
login	5	155	233405.5	5	0.44404973357015987	233405.5	5	0.44404973357015987	933.0	0	0.0	933.0	0	0.0	933.0	0	0.0
login	5	156	234906.5	6	0.5328596802841918	234906.5	5	0.44404973357015987	939.0	1	0.08880994671403197	939.0	0	0.0	939.0	0	0.0
login	5	157	236407.5	6	0.5328596802841918	236407.5	6	0.5328596802841918	945.0	0	0.0	945.0	0	0.0	945.0	0	0.0
login	5	158	237908.5	5	0.44404973357015987	237908.5	4	0.3552397868561279	951.0	0	0.0	951.0	0	0.0	951.0	0	0.0
login	5	159	239409.5	5	0.44404973357015987	239409.5	4	0.3552397868561279	957.0	0	0.0	957.0	0	0.0	957.0	0	0.0
login	5	160	240910.5	5	0.44404973357015987	240910.5	5	0.44404973357015987	963.0	0	0.0	963.0	0	0.0	963.0	0	0.0
login	5	161	242411.5	4	0.3552397868561279	242411.5	5	0.44404973357015987	969.0	0	0.0	969.0	0	0.0	969.0	0	0.0
login	5	162	243912.5	5	0.44404973357015987	243912.5	5	0.44404973357015987	975.0	0	0.0	975.0	0	0.0	975.0	0	0.0
login	5	163	245413.5	5	0.44404973357015987	245413.5	6	0.5328596802841918	981.0	0	0.0	981.0	0	0.0	981.0	0	0.0
login	5	164	246914.5	6	0.5328596802841918	246914.5	6	0.5328596802841918	987.0	0	0.0	987.0	0	0.0	987.0	0	0.0
login	5	165	248415.5	6	0.5328596802841918	248415.5	6	0.5328596802841918	993.0	0	0.0	993.0	0	0.0	993.0	0	0.0
login	5	166	249916.5	6	0.5328596802841918	249916.5	6	0.5328596802841918	999.0	0	0.0	999.0	0	0.0	999.0	0	0.0
login	5	167	251417.5	6	0.5328596802841918	251417.5	7	0.6216696269982238	1005.0	0	0.0	1005.0	0	0.0	1005.0	0	0.0
login	5	168	252918.5	6	0.5328596802841918	252918.5	5	0.44404973357015987	1011.0	0	0.0	1011.0	0	0.0	1011.0	0	0.0
login	5	169	254419.5	6	0.5328596802841918	254419.5	6	0.5328596802841918	1017.0	0	0.0	1017.0	0	0.0	1017.0	0	0.0
login	5	170	255920.5	6	0.5328596802841918	255920.5	7	0.6216696269982238	1023.0	0	0.0	1023.0	0	0.0	1023.0	0	0.0
login	5	171	257421.5	7	0.6216696269982238	257421.5	6	0.5328596802841918	1029.0	0	0.0	1029.0	0	0.0	1029.0	0	0.0
login	5	172	258922.5	6	0.5328596802841918	258922.5	6	0.5328596802841918	1035.0	1	0.08880994671403197	1035.0	0	0.0	1035.0	0	0.0
login	5	173	260423.5	6	0.5328596802841918	260423.5	6	0.5328596802841918	1041.0	0	0.0	1041.0	0	0.0	1041.0	0	0.0
login	5	174	261924.5	6	0.5328596802841918	261924.5	7	0.6216696269982238	1047.0	0	0.0	1047.0	0	0.0	1047.0	0	0.0
login	5	175	263425.5	7	0.6216696269982238	263425.5	7	0.6216696269982238	1053.0	0	0.0	1053.0	0	0.0	1053.0	0	0.0
login	5	176	264926.5	6	0.5328596802841918	264926.5	6	0.5328596802841918	1059.0	0	0.0	1059.0	0	0.0	1059.0	0	0.0
login	5	177	266427.5	5	0.44404973357015987	266427.5	5	0.44404973357015987	1065.0	0	0.0	1065.0	0	0.0	1065.0	0	0.0
login	5	178	267928.5	5	0.44404973357015987	267928.5	5	0.44404973357015987	1071.0	0	0.0	1071.0	0	0.0	1071.0	0	0.0
login	5	179	269429.5	6	0.5328596802841918	269429.5	5	0.44404973357015987	1077.0	0	0.0	1077.0	0	0.0	1077.0	0	0.0
login	5	180	270930.5	6	0.5328596802841918	270930.5	5	0.44404973357015987	1083.0	0	0.0	1083.0	0	0.0	1083.0	0	0.0
login	5	181	272431.5	5	0.44404973357015987	272431.5	5	0.44404973357015987	1089.0	0	0.0	1089.0	0	0.0	1089.0	0	0.0
login	5	182	273932.5	5	0.44404973357015987	273932.5	5	0.44404973357015987	1095.0	0	0.0	1095.0	0	0.0	1095.0	0	0.0
login	5	183	275433.5	6	0.5328596802841918	275433.5	6	0.5328596802841918	1101.0	0	0.0	1101.0	0	0.0	1101.0	0	0.0
login	5	184	276934.5	6	0.5328596802841918	276934.5	5	0.44404973357015987	1107.0	0	0.0	1107.0	0	0.0	1107.0	0	0.0
login	5	185	278435.5	5	0.44404973357015987	278435.5	7	0.6216696269982238	1113.0	0	0.0	1113.0	0	0.0	1113.0	0	0.0
login	5	186	279936.5	6	0.5328596802841918	279936.5	5	0.44404973357015987	1119.0	0	0.0	1119.0	0	0.0	1119.0	0	0.0
login	5	187	281437.5	5	0.44404973357015987	281437.5	6	0.5328596802841918	1125.0	0	0.0	1125.0	0	0.0	1125.0	0	0.0
login	5	188	282938.5	6	0.5328596802841918	282938.5	6	0.5328596802841918	1131.0	0	0.0	1131.0	0	0.0	1131.0	0	0.0
login	5	189	284439.5	6	0.5328596802841918	284439.5	6	0.5328596802841918	1137.0	0	0.0	1137.0	0	0.0	1137.0	0	0.0
login	5	190	285940.5	6	0.5328596802841918	285940.5	7	0.6216696269982238	1143.0	0	0.0	1143.0	0	0.0	1143.0	0	0.0
login	5	191	287441.5	6	0.5328596802841918	287441.5	5	0.44404973357015987	1149.0	0	0.0	1149.0	0	0.0	1149.0	0	0.0
login	5	192	288942.5	6	0.5328596802841918	288942.5	6	0.5328596802841918	1155.0	0	0.0	1155.0	0	0.0	1155.0	0	0.0
login	5	193	290443.5	6	0.5328596802841918	290443.5	5	0.44404973357015987	1161.0	0	0.0	1161.0	0	0.0	1161.0	0	0.0
login	5	194	291944.5	5	0.44404973357015987	291944.5	7	0.6216696269982238	1167.0	0	0.0	1167.0	0	0.0	1167.0	0	0.0
login	5	195	293445.5	7	0.6216696269982238	293445.5	5	0.44404973357015987	1173.0	0	0.0	1173.0	0	0.0	1173.0	0	0.0
login	5	196	294946.5	5	0.44404973357015987	294946.5	5	0.44404973357015987	1179.0	0	0.0	1179.0	0	0.0	1179.0	0	0.0
login	5	197	296447.5	5	0.44404973357015987	296447.5	6	0.5328596802841918	1185.0	0	0.0	1185.0	0	0.0	1185.0	0	0.0
login	5	198	297948.5	6	0.5328596802841918	297948.5	7	0.6216696269982238	1191.0	0	0.0	1191.0	0	0.0	1191.0	0	0.0
login	5	199	299449.5	5	0.44404973357015987	299449.5	5	0.44404973357015987	1197.0	0	0.0	1197.0	0	0.0	1197.0	0	0.0
info	5	0	748.0	6	0.5342831700801425	748.0	6	0.5342831700801425	0.5	0	0.0	3.0	1123	100.0	3.0	1123	100.0
info	5	1	2244.0	6	0.5342831700801425	2244.0	6	0.5342831700801425	1.5	0	0.0	9.0	0	0.0	9.0	0	0.0
info	5	2	3740.0	5	0.44523597506678536	3740.0	5	0.44523597506678536	2.5	32	2.8495102404274264	15.0	0	0.0	15.0	0	0.0
info	5	3	5236.0	5	0.44523597506678536	5236.0	5	0.44523597506678536	3.5	410	36.5093499554764	21.0	0	0.0	21.0	0	0.0
info	5	4	6732.0	6	0.5342831700801425	6732.0	6	0.5342831700801425	4.5	379	33.74888691006233	27.0	0	0.0	27.0	0	0.0
info	5	5	8228.0	4	0.3561887800534283	8228.0	4	0.3561887800534283	5.5	83	7.390917186108637	33.0	0	0.0	33.0	0	0.0
info	5	6	9724.0	7	0.6233303650934995	9724.0	7	0.6233303650934995	6.5	35	3.1166518254674975	39.0	0	0.0	39.0	0	0.0
info	5	7	11220.0	5	0.44523597506678536	11220.0	5	0.44523597506678536	7.5	19	1.6918967052537843	45.0	0	0.0	45.0	0	0.0
info	5	8	12716.0	5	0.44523597506678536	12716.0	4	0.3561887800534283	8.5	14	1.246660730186999	51.0	0	0.0	51.0	0	0.0
info	5	9	14212.0	4	0.3561887800534283	14212.0	5	0.44523597506678536	9.5	4	0.3561887800534283	57.0	0	0.0	57.0	0	0.0
info	5	10	15708.0	7	0.6233303650934995	15708.0	7	0.6233303650934995	10.5	5	0.44523597506678536	63.0	0	0.0	63.0	0	0.0
info	5	11	17204.0	5	0.44523597506678536	17204.0	5	0.44523597506678536	11.5	5	0.44523597506678536	69.0	0	0.0	69.0	0	0.0
info	5	12	18700.0	5	0.44523597506678536	18700.0	5	0.44523597506678536	12.5	9	0.8014247551202137	75.0	0	0.0	75.0	0	0.0
info	5	13	20196.0	5	0.44523597506678536	20196.0	5	0.44523597506678536	13.5	1	0.08904719501335707	81.0	0	0.0	81.0	0	0.0
info	5	14	21692.0	5	0.44523597506678536	21692.0	5	0.44523597506678536	14.5	4	0.3561887800534283	87.0	0	0.0	87.0	0	0.0
info	5	15	23188.0	6	0.5342831700801425	23188.0	6	0.5342831700801425	15.5	0	0.0	93.0	0	0.0	93.0	0	0.0
info	5	16	24684.0	6	0.5342831700801425	24684.0	6	0.5342831700801425	16.5	5	0.44523597506678536	99.0	0	0.0	99.0	0	0.0
info	5	17	26180.0	7	0.6233303650934995	26180.0	6	0.5342831700801425	17.5	1	0.08904719501335707	105.0	0	0.0	105.0	0	0.0
info	5	18	27676.0	6	0.5342831700801425	27676.0	7	0.6233303650934995	18.5	1	0.08904719501335707	111.0	0	0.0	111.0	0	0.0
info	5	19	29172.0	4	0.3561887800534283	29172.0	4	0.3561887800534283	19.5	0	0.0	117.0	0	0.0	117.0	0	0.0
info	5	20	30668.0	6	0.5342831700801425	30668.0	6	0.5342831700801425	20.5	0	0.0	123.0	0	0.0	123.0	0	0.0
info	5	21	32164.0	5	0.44523597506678536	32164.0	5	0.44523597506678536	21.5	1	0.08904719501335707	129.0	0	0.0	129.0	0	0.0
info	5	22	33660.0	6	0.5342831700801425	33660.0	6	0.5342831700801425	22.5	1	0.08904719501335707	135.0	0	0.0	135.0	0	0.0
info	5	23	35156.0	6	0.5342831700801425	35156.0	6	0.5342831700801425	23.5	0	0.0	141.0	0	0.0	141.0	0	0.0
info	5	24	36652.0	7	0.6233303650934995	36652.0	7	0.6233303650934995	24.5	0	0.0	147.0	0	0.0	147.0	0	0.0
info	5	25	38148.0	6	0.5342831700801425	38148.0	6	0.5342831700801425	25.5	1	0.08904719501335707	153.0	0	0.0	153.0	0	0.0
info	5	26	39644.0	6	0.5342831700801425	39644.0	6	0.5342831700801425	26.5	0	0.0	159.0	0	0.0	159.0	0	0.0
info	5	27	41140.0	6	0.5342831700801425	41140.0	6	0.5342831700801425	27.5	0	0.0	165.0	0	0.0	165.0	0	0.0
info	5	28	42636.0	6	0.5342831700801425	42636.0	5	0.44523597506678536	28.5	0	0.0	171.0	0	0.0	171.0	0	0.0
info	5	29	44132.0	6	0.5342831700801425	44132.0	7	0.6233303650934995	29.5	0	0.0	177.0	0	0.0	177.0	0	0.0
info	5	30	45628.0	6	0.5342831700801425	45628.0	6	0.5342831700801425	30.5	5	0.44523597506678536	183.0	0	0.0	183.0	0	0.0
info	5	31	47124.0	7	0.6233303650934995	47124.0	7	0.6233303650934995	31.5	4	0.3561887800534283	189.0	0	0.0	189.0	0	0.0
info	5	32	48620.0	6	0.5342831700801425	48620.0	6	0.5342831700801425	32.5	5	0.44523597506678536	195.0	0	0.0	195.0	0	0.0
info	5	33	50116.0	6	0.5342831700801425	50116.0	6	0.5342831700801425	33.5	9	0.8014247551202137	201.0	0	0.0	201.0	0	0.0
info	5	34	51612.0	6	0.5342831700801425	51612.0	6	0.5342831700801425	34.5	3	0.26714158504007124	207.0	0	0.0	207.0	0	0.0
info	5	35	53108.0	5	0.44523597506678536	53108.0	5	0.44523597506678536	35.5	4	0.3561887800534283	213.0	0	0.0	213.0	0	0.0
info	5	36	54604.0	6	0.5342831700801425	54604.0	6	0.5342831700801425	36.5	3	0.26714158504007124	219.0	0	0.0	219.0	0	0.0
info	5	37	56100.0	6	0.5342831700801425	56100.0	5	0.44523597506678536	37.5	0	0.0	225.0	0	0.0	225.0	0	0.0
info	5	38	57596.0	6	0.5342831700801425	57596.0	7	0.6233303650934995	38.5	2	0.17809439002671415	231.0	0	0.0	231.0	0	0.0
info	5	39	59092.0	5	0.44523597506678536	59092.0	5	0.44523597506678536	39.5	0	0.0	237.0	0	0.0	237.0	0	0.0
info	5	40	60588.0	5	0.44523597506678536	60588.0	5	0.44523597506678536	40.5	1	0.08904719501335707	243.0	0	0.0	243.0	0	0.0
info	5	41	62084.0	5	0.44523597506678536	62084.0	5	0.44523597506678536	41.5	0	0.0	249.0	0	0.0	249.0	0	0.0
info	5	42	63580.0	7	0.6233303650934995	63580.0	7	0.6233303650934995	42.5	1	0.08904719501335707	255.0	0	0.0	255.0	0	0.0
info	5	43	65076.0	6	0.5342831700801425	65076.0	6	0.5342831700801425	43.5	1	0.08904719501335707	261.0	0	0.0	261.0	0	0.0
info	5	44	66572.0	7	0.6233303650934995	66572.0	7	0.6233303650934995	44.5	2	0.17809439002671415	267.0	0	0.0	267.0	0	0.0
info	5	45	68068.0	5	0.44523597506678536	68068.0	5	0.44523597506678536	45.5	1	0.08904719501335707	273.0	0	0.0	273.0	0	0.0
info	5	46	69564.0	6	0.5342831700801425	69564.0	5	0.44523597506678536	46.5	0	0.0	279.0	0	0.0	279.0	0	0.0
info	5	47	71060.0	4	0.3561887800534283	71060.0	5	0.44523597506678536	47.5	1	0.08904719501335707	285.0	0	0.0	285.0	0	0.0
info	5	48	72556.0	4	0.3561887800534283	72556.0	4	0.3561887800534283	48.5	0	0.0	291.0	0	0.0	291.0	0	0.0
info	5	49	74052.0	6	0.5342831700801425	74052.0	6	0.5342831700801425	49.5	0	0.0	297.0	0	0.0	297.0	0	0.0
info	5	50	75548.0	6	0.5342831700801425	75548.0	6	0.5342831700801425	50.5	2	0.17809439002671415	303.0	0	0.0	303.0	0	0.0
info	5	51	77044.0	7	0.6233303650934995	77044.0	7	0.6233303650934995	51.5	1	0.08904719501335707	309.0	0	0.0	309.0	0	0.0
info	5	52	78540.0	5	0.44523597506678536	78540.0	5	0.44523597506678536	52.5	0	0.0	315.0	0	0.0	315.0	0	0.0
info	5	53	80036.0	6	0.5342831700801425	80036.0	6	0.5342831700801425	53.5	1	0.08904719501335707	321.0	0	0.0	321.0	0	0.0
info	5	54	81532.0	5	0.44523597506678536	81532.0	5	0.44523597506678536	54.5	2	0.17809439002671415	327.0	0	0.0	327.0	0	0.0
info	5	55	83028.0	6	0.5342831700801425	83028.0	6	0.5342831700801425	55.5	1	0.08904719501335707	333.0	0	0.0	333.0	0	0.0
info	5	56	84524.0	6	0.5342831700801425	84524.0	6	0.5342831700801425	56.5	1	0.08904719501335707	339.0	0	0.0	339.0	0	0.0
info	5	57	86020.0	6	0.5342831700801425	86020.0	6	0.5342831700801425	57.5	1	0.08904719501335707	345.0	0	0.0	345.0	0	0.0
info	5	58	87516.0	6	0.5342831700801425	87516.0	6	0.5342831700801425	58.5	0	0.0	351.0	0	0.0	351.0	0	0.0
info	5	59	89012.0	6	0.5342831700801425	89012.0	6	0.5342831700801425	59.5	0	0.0	357.0	0	0.0	357.0	0	0.0
info	5	60	90508.0	4	0.3561887800534283	90508.0	4	0.3561887800534283	60.5	0	0.0	363.0	0	0.0	363.0	0	0.0
info	5	61	92004.0	5	0.44523597506678536	92004.0	5	0.44523597506678536	61.5	1	0.08904719501335707	369.0	0	0.0	369.0	0	0.0
info	5	62	93500.0	4	0.3561887800534283	93500.0	4	0.3561887800534283	62.5	3	0.26714158504007124	375.0	0	0.0	375.0	0	0.0
info	5	63	94996.0	6	0.5342831700801425	94996.0	6	0.5342831700801425	63.5	0	0.0	381.0	0	0.0	381.0	0	0.0
info	5	64	96492.0	5	0.44523597506678536	96492.0	5	0.44523597506678536	64.5	0	0.0	387.0	0	0.0	387.0	0	0.0
info	5	65	97988.0	5	0.44523597506678536	97988.0	5	0.44523597506678536	65.5	4	0.3561887800534283	393.0	0	0.0	393.0	0	0.0
info	5	66	99484.0	7	0.6233303650934995	99484.0	7	0.6233303650934995	66.5	1	0.08904719501335707	399.0	0	0.0	399.0	0	0.0
info	5	67	100980.0	5	0.44523597506678536	100980.0	5	0.44523597506678536	67.5	3	0.26714158504007124	405.0	0	0.0	405.0	0	0.0
info	5	68	102476.0	5	0.44523597506678536	102476.0	5	0.44523597506678536	68.5	8	0.7123775601068566	411.0	0	0.0	411.0	0	0.0
info	5	69	103972.0	6	0.5342831700801425	103972.0	6	0.5342831700801425	69.5	14	1.246660730186999	417.0	0	0.0	417.0	0	0.0
info	5	70	105468.0	6	0.5342831700801425	105468.0	6	0.5342831700801425	70.5	8	0.7123775601068566	423.0	0	0.0	423.0	0	0.0
info	5	71	106964.0	6	0.5342831700801425	106964.0	6	0.5342831700801425	71.5	8	0.7123775601068566	429.0	0	0.0	429.0	0	0.0
info	5	72	108460.0	6	0.5342831700801425	108460.0	6	0.5342831700801425	72.5	3	0.26714158504007124	435.0	0	0.0	435.0	0	0.0
info	5	73	109956.0	6	0.5342831700801425	109956.0	6	0.5342831700801425	73.5	2	0.17809439002671415	441.0	0	0.0	441.0	0	0.0
info	5	74	111452.0	6	0.5342831700801425	111452.0	6	0.5342831700801425	74.5	1	0.08904719501335707	447.0	0	0.0	447.0	0	0.0
info	5	75	112948.0	4	0.3561887800534283	112948.0	4	0.3561887800534283	75.5	0	0.0	453.0	0	0.0	453.0	0	0.0
info	5	76	114444.0	5	0.44523597506678536	114444.0	5	0.44523597506678536	76.5	3	0.26714158504007124	459.0	0	0.0	459.0	0	0.0
info	5	77	115940.0	7	0.6233303650934995	115940.0	7	0.6233303650934995	77.5	0	0.0	465.0	0	0.0	465.0	0	0.0
info	5	78	117436.0	5	0.44523597506678536	117436.0	5	0.44523597506678536	78.5	1	0.08904719501335707	471.0	0	0.0	471.0	0	0.0
info	5	79	118932.0	6	0.5342831700801425	118932.0	6	0.5342831700801425	79.5	0	0.0	477.0	0	0.0	477.0	0	0.0
info	5	80	120428.0	6	0.5342831700801425	120428.0	6	0.5342831700801425	80.5	0	0.0	483.0	0	0.0	483.0	0	0.0
info	5	81	121924.0	6	0.5342831700801425	121924.0	6	0.5342831700801425	81.5	0	0.0	489.0	0	0.0	489.0	0	0.0
info	5	82	123420.0	6	0.5342831700801425	123420.0	6	0.5342831700801425	82.5	0	0.0	495.0	0	0.0	495.0	0	0.0
info	5	83	124916.0	7	0.6233303650934995	124916.0	7	0.6233303650934995	83.5	0	0.0	501.0	0	0.0	501.0	0	0.0
info	5	84	126412.0	7	0.6233303650934995	126412.0	7	0.6233303650934995	84.5	0	0.0	507.0	0	0.0	507.0	0	0.0
info	5	85	127908.0	5	0.44523597506678536	127908.0	5	0.44523597506678536	85.5	0	0.0	513.0	0	0.0	513.0	0	0.0
info	5	86	129404.0	6	0.5342831700801425	129404.0	6	0.5342831700801425	86.5	1	0.08904719501335707	519.0	0	0.0	519.0	0	0.0
info	5	87	130900.0	7	0.6233303650934995	130900.0	7	0.6233303650934995	87.5	0	0.0	525.0	0	0.0	525.0	0	0.0
info	5	88	132396.0	6	0.5342831700801425	132396.0	6	0.5342831700801425	88.5	0	0.0	531.0	0	0.0	531.0	0	0.0
info	5	89	133892.0	5	0.44523597506678536	133892.0	5	0.44523597506678536	89.5	0	0.0	537.0	0	0.0	537.0	0	0.0
info	5	90	135388.0	7	0.6233303650934995	135388.0	7	0.6233303650934995	90.5	0	0.0	543.0	0	0.0	543.0	0	0.0
info	5	91	136884.0	6	0.5342831700801425	136884.0	6	0.5342831700801425	91.5	0	0.0	549.0	0	0.0	549.0	0	0.0
info	5	92	138380.0	6	0.5342831700801425	138380.0	6	0.5342831700801425	92.5	0	0.0	555.0	0	0.0	555.0	0	0.0
info	5	93	139876.0	6	0.5342831700801425	139876.0	6	0.5342831700801425	93.5	0	0.0	561.0	0	0.0	561.0	0	0.0
info	5	94	141372.0	5	0.44523597506678536	141372.0	5	0.44523597506678536	94.5	0	0.0	567.0	0	0.0	567.0	0	0.0
info	5	95	142868.0	5	0.44523597506678536	142868.0	5	0.44523597506678536	95.5	0	0.0	573.0	0	0.0	573.0	0	0.0
info	5	96	144364.0	5	0.44523597506678536	144364.0	5	0.44523597506678536	96.5	0	0.0	579.0	0	0.0	579.0	0	0.0
info	5	97	145860.0	5	0.44523597506678536	145860.0	5	0.44523597506678536	97.5	0	0.0	585.0	0	0.0	585.0	0	0.0
info	5	98	147356.0	6	0.5342831700801425	147356.0	6	0.5342831700801425	98.5	0	0.0	591.0	0	0.0	591.0	0	0.0
info	5	99	148852.0	6	0.5342831700801425	148852.0	6	0.5342831700801425	99.5	0	0.0	597.0	0	0.0	597.0	0	0.0
info	5	100	150348.0	6	0.5342831700801425	150348.0	6	0.5342831700801425	100.5	0	0.0	603.0	0	0.0	603.0	0	0.0
info	5	101	151844.0	5	0.44523597506678536	151844.0	5	0.44523597506678536	101.5	0	0.0	609.0	0	0.0	609.0	0	0.0
info	5	102	153340.0	6	0.5342831700801425	153340.0	6	0.5342831700801425	102.5	0	0.0	615.0	0	0.0	615.0	0	0.0
info	5	103	154836.0	6	0.5342831700801425	154836.0	6	0.5342831700801425	103.5	0	0.0	621.0	0	0.0	621.0	0	0.0
info	5	104	156332.0	6	0.5342831700801425	156332.0	6	0.5342831700801425	104.5	0	0.0	627.0	0	0.0	627.0	0	0.0
info	5	105	157828.0	6	0.5342831700801425	157828.0	6	0.5342831700801425	105.5	0	0.0	633.0	0	0.0	633.0	0	0.0
info	5	106	159324.0	5	0.44523597506678536	159324.0	5	0.44523597506678536	106.5	0	0.0	639.0	0	0.0	639.0	0	0.0
info	5	107	160820.0	7	0.6233303650934995	160820.0	7	0.6233303650934995	107.5	0	0.0	645.0	0	0.0	645.0	0	0.0
info	5	108	162316.0	5	0.44523597506678536	162316.0	5	0.44523597506678536	108.5	0	0.0	651.0	0	0.0	651.0	0	0.0
info	5	109	163812.0	4	0.3561887800534283	163812.0	4	0.3561887800534283	109.5	0	0.0	657.0	0	0.0	657.0	0	0.0
info	5	110	165308.0	6	0.5342831700801425	165308.0	6	0.5342831700801425	110.5	0	0.0	663.0	0	0.0	663.0	0	0.0
info	5	111	166804.0	5	0.44523597506678536	166804.0	5	0.44523597506678536	111.5	0	0.0	669.0	0	0.0	669.0	0	0.0
info	5	112	168300.0	6	0.5342831700801425	168300.0	6	0.5342831700801425	112.5	0	0.0	675.0	0	0.0	675.0	0	0.0
info	5	113	169796.0	5	0.44523597506678536	169796.0	5	0.44523597506678536	113.5	0	0.0	681.0	0	0.0	681.0	0	0.0
info	5	114	171292.0	5	0.44523597506678536	171292.0	5	0.44523597506678536	114.5	0	0.0	687.0	0	0.0	687.0	0	0.0
info	5	115	172788.0	5	0.44523597506678536	172788.0	5	0.44523597506678536	115.5	0	0.0	693.0	0	0.0	693.0	0	0.0
info	5	116	174284.0	5	0.44523597506678536	174284.0	5	0.44523597506678536	116.5	1	0.08904719501335707	699.0	0	0.0	699.0	0	0.0
info	5	117	175780.0	7	0.6233303650934995	175780.0	7	0.6233303650934995	117.5	0	0.0	705.0	0	0.0	705.0	0	0.0
info	5	118	177276.0	4	0.3561887800534283	177276.0	4	0.3561887800534283	118.5	0	0.0	711.0	0	0.0	711.0	0	0.0
info	5	119	178772.0	6	0.5342831700801425	178772.0	6	0.5342831700801425	119.5	0	0.0	717.0	0	0.0	717.0	0	0.0
info	5	120	180268.0	5	0.44523597506678536	180268.0	5	0.44523597506678536	120.5	0	0.0	723.0	0	0.0	723.0	0	0.0
info	5	121	181764.0	5	0.44523597506678536	181764.0	5	0.44523597506678536	121.5	0	0.0	729.0	0	0.0	729.0	0	0.0
info	5	122	183260.0	6	0.5342831700801425	183260.0	6	0.5342831700801425	122.5	0	0.0	735.0	0	0.0	735.0	0	0.0
info	5	123	184756.0	7	0.6233303650934995	184756.0	7	0.6233303650934995	123.5	0	0.0	741.0	0	0.0	741.0	0	0.0
info	5	124	186252.0	5	0.44523597506678536	186252.0	5	0.44523597506678536	124.5	0	0.0	747.0	0	0.0	747.0	0	0.0
info	5	125	187748.0	5	0.44523597506678536	187748.0	5	0.44523597506678536	125.5	0	0.0	753.0	0	0.0	753.0	0	0.0
info	5	126	189244.0	6	0.5342831700801425	189244.0	6	0.5342831700801425	126.5	0	0.0	759.0	0	0.0	759.0	0	0.0
info	5	127	190740.0	5	0.44523597506678536	190740.0	5	0.44523597506678536	127.5	0	0.0	765.0	0	0.0	765.0	0	0.0
info	5	128	192236.0	6	0.5342831700801425	192236.0	6	0.5342831700801425	128.5	0	0.0	771.0	0	0.0	771.0	0	0.0
info	5	129	193732.0	6	0.5342831700801425	193732.0	6	0.5342831700801425	129.5	0	0.0	777.0	0	0.0	777.0	0	0.0
info	5	130	195228.0	5	0.44523597506678536	195228.0	5	0.44523597506678536	130.5	0	0.0	783.0	0	0.0	783.0	0	0.0
info	5	131	196724.0	7	0.6233303650934995	196724.0	7	0.6233303650934995	131.5	0	0.0	789.0	0	0.0	789.0	0	0.0
info	5	132	198220.0	3	0.26714158504007124	198220.0	3	0.26714158504007124	132.5	0	0.0	795.0	0	0.0	795.0	0	0.0
info	5	133	199716.0	5	0.44523597506678536	199716.0	5	0.44523597506678536	133.5	0	0.0	801.0	0	0.0	801.0	0	0.0
info	5	134	201212.0	5	0.44523597506678536	201212.0	5	0.44523597506678536	134.5	0	0.0	807.0	0	0.0	807.0	0	0.0
info	5	135	202708.0	6	0.5342831700801425	202708.0	6	0.5342831700801425	135.5	0	0.0	813.0	0	0.0	813.0	0	0.0
info	5	136	204204.0	6	0.5342831700801425	204204.0	6	0.5342831700801425	136.5	0	0.0	819.0	0	0.0	819.0	0	0.0
info	5	137	205700.0	6	0.5342831700801425	205700.0	6	0.5342831700801425	137.5	0	0.0	825.0	0	0.0	825.0	0	0.0
info	5	138	207196.0	6	0.5342831700801425	207196.0	6	0.5342831700801425	138.5	0	0.0	831.0	0	0.0	831.0	0	0.0
info	5	139	208692.0	6	0.5342831700801425	208692.0	6	0.5342831700801425	139.5	0	0.0	837.0	0	0.0	837.0	0	0.0
info	5	140	210188.0	6	0.5342831700801425	210188.0	5	0.44523597506678536	140.5	0	0.0	843.0	0	0.0	843.0	0	0.0
info	5	141	211684.0	3	0.26714158504007124	211684.0	4	0.3561887800534283	141.5	0	0.0	849.0	0	0.0	849.0	0	0.0
info	5	142	213180.0	7	0.6233303650934995	213180.0	7	0.6233303650934995	142.5	0	0.0	855.0	0	0.0	855.0	0	0.0
info	5	143	214676.0	6	0.5342831700801425	214676.0	6	0.5342831700801425	143.5	0	0.0	861.0	0	0.0	861.0	0	0.0
info	5	144	216172.0	6	0.5342831700801425	216172.0	6	0.5342831700801425	144.5	0	0.0	867.0	0	0.0	867.0	0	0.0
info	5	145	217668.0	5	0.44523597506678536	217668.0	5	0.44523597506678536	145.5	0	0.0	873.0	0	0.0	873.0	0	0.0
info	5	146	219164.0	6	0.5342831700801425	219164.0	6	0.5342831700801425	146.5	0	0.0	879.0	0	0.0	879.0	0	0.0
info	5	147	220660.0	5	0.44523597506678536	220660.0	5	0.44523597506678536	147.5	0	0.0	885.0	0	0.0	885.0	0	0.0
info	5	148	222156.0	6	0.5342831700801425	222156.0	6	0.5342831700801425	148.5	0	0.0	891.0	0	0.0	891.0	0	0.0
info	5	149	223652.0	5	0.44523597506678536	223652.0	5	0.44523597506678536	149.5	0	0.0	897.0	0	0.0	897.0	0	0.0
info	5	150	225148.0	4	0.3561887800534283	225148.0	4	0.3561887800534283	150.5	0	0.0	903.0	0	0.0	903.0	0	0.0
info	5	151	226644.0	7	0.6233303650934995	226644.0	7	0.6233303650934995	151.5	0	0.0	909.0	0	0.0	909.0	0	0.0
info	5	152	228140.0	5	0.44523597506678536	228140.0	5	0.44523597506678536	152.5	0	0.0	915.0	0	0.0	915.0	0	0.0
info	5	153	229636.0	5	0.44523597506678536	229636.0	5	0.44523597506678536	153.5	0	0.0	921.0	0	0.0	921.0	0	0.0
info	5	154	231132.0	5	0.44523597506678536	231132.0	5	0.44523597506678536	154.5	0	0.0	927.0	0	0.0	927.0	0	0.0
info	5	155	232628.0	4	0.3561887800534283	232628.0	4	0.3561887800534283	155.5	0	0.0	933.0	0	0.0	933.0	0	0.0
info	5	156	234124.0	4	0.3561887800534283	234124.0	4	0.3561887800534283	156.5	0	0.0	939.0	0	0.0	939.0	0	0.0
info	5	157	235620.0	7	0.6233303650934995	235620.0	7	0.6233303650934995	157.5	0	0.0	945.0	0	0.0	945.0	0	0.0
info	5	158	237116.0	4	0.3561887800534283	237116.0	4	0.3561887800534283	158.5	0	0.0	951.0	0	0.0	951.0	0	0.0
info	5	159	238612.0	4	0.3561887800534283	238612.0	3	0.26714158504007124	159.5	0	0.0	957.0	0	0.0	957.0	0	0.0
info	5	160	240108.0	5	0.44523597506678536	240108.0	6	0.5342831700801425	160.5	0	0.0	963.0	0	0.0	963.0	0	0.0
info	5	161	241604.0	6	0.5342831700801425	241604.0	6	0.5342831700801425	161.5	0	0.0	969.0	0	0.0	969.0	0	0.0
info	5	162	243100.0	5	0.44523597506678536	243100.0	5	0.44523597506678536	162.5	0	0.0	975.0	0	0.0	975.0	0	0.0
info	5	163	244596.0	5	0.44523597506678536	244596.0	5	0.44523597506678536	163.5	0	0.0	981.0	0	0.0	981.0	0	0.0
info	5	164	246092.0	6	0.5342831700801425	246092.0	6	0.5342831700801425	164.5	0	0.0	987.0	0	0.0	987.0	0	0.0
info	5	165	247588.0	6	0.5342831700801425	247588.0	6	0.5342831700801425	165.5	0	0.0	993.0	0	0.0	993.0	0	0.0
info	5	166	249084.0	6	0.5342831700801425	249084.0	6	0.5342831700801425	166.5	0	0.0	999.0	0	0.0	999.0	0	0.0
info	5	167	250580.0	7	0.6233303650934995	250580.0	7	0.6233303650934995	167.5	0	0.0	1005.0	0	0.0	1005.0	0	0.0
info	5	168	252076.0	6	0.5342831700801425	252076.0	6	0.5342831700801425	168.5	0	0.0	1011.0	0	0.0	1011.0	0	0.0
info	5	169	253572.0	5	0.44523597506678536	253572.0	5	0.44523597506678536	169.5	0	0.0	1017.0	0	0.0	1017.0	0	0.0
info	5	170	255068.0	6	0.5342831700801425	255068.0	6	0.5342831700801425	170.5	0	0.0	1023.0	0	0.0	1023.0	0	0.0
info	5	171	256564.0	7	0.6233303650934995	256564.0	7	0.6233303650934995	171.5	0	0.0	1029.0	0	0.0	1029.0	0	0.0
info	5	172	258060.0	6	0.5342831700801425	258060.0	6	0.5342831700801425	172.5	0	0.0	1035.0	0	0.0	1035.0	0	0.0
info	5	173	259556.0	7	0.6233303650934995	259556.0	7	0.6233303650934995	173.5	0	0.0	1041.0	0	0.0	1041.0	0	0.0
info	5	174	261052.0	6	0.5342831700801425	261052.0	6	0.5342831700801425	174.5	0	0.0	1047.0	0	0.0	1047.0	0	0.0
info	5	175	262548.0	6	0.5342831700801425	262548.0	6	0.5342831700801425	175.5	0	0.0	1053.0	0	0.0	1053.0	0	0.0
info	5	176	264044.0	6	0.5342831700801425	264044.0	6	0.5342831700801425	176.5	0	0.0	1059.0	0	0.0	1059.0	0	0.0
info	5	177	265540.0	4	0.3561887800534283	265540.0	4	0.3561887800534283	177.5	0	0.0	1065.0	0	0.0	1065.0	0	0.0
info	5	178	267036.0	7	0.6233303650934995	267036.0	7	0.6233303650934995	178.5	0	0.0	1071.0	0	0.0	1071.0	0	0.0
info	5	179	268532.0	6	0.5342831700801425	268532.0	6	0.5342831700801425	179.5	0	0.0	1077.0	0	0.0	1077.0	0	0.0
info	5	180	270028.0	5	0.44523597506678536	270028.0	5	0.44523597506678536	180.5	0	0.0	1083.0	0	0.0	1083.0	0	0.0
info	5	181	271524.0	5	0.44523597506678536	271524.0	5	0.44523597506678536	181.5	0	0.0	1089.0	0	0.0	1089.0	0	0.0
info	5	182	273020.0	5	0.44523597506678536	273020.0	5	0.44523597506678536	182.5	0	0.0	1095.0	0	0.0	1095.0	0	0.0
info	5	183	274516.0	5	0.44523597506678536	274516.0	5	0.44523597506678536	183.5	0	0.0	1101.0	0	0.0	1101.0	0	0.0
info	5	184	276012.0	5	0.44523597506678536	276012.0	5	0.44523597506678536	184.5	0	0.0	1107.0	0	0.0	1107.0	0	0.0
info	5	185	277508.0	7	0.6233303650934995	277508.0	7	0.6233303650934995	185.5	0	0.0	1113.0	0	0.0	1113.0	0	0.0
info	5	186	279004.0	6	0.5342831700801425	279004.0	6	0.5342831700801425	186.5	0	0.0	1119.0	0	0.0	1119.0	0	0.0
info	5	187	280500.0	5	0.44523597506678536	280500.0	5	0.44523597506678536	187.5	0	0.0	1125.0	0	0.0	1125.0	0	0.0
info	5	188	281996.0	5	0.44523597506678536	281996.0	5	0.44523597506678536	188.5	0	0.0	1131.0	0	0.0	1131.0	0	0.0
info	5	189	283492.0	7	0.6233303650934995	283492.0	7	0.6233303650934995	189.5	0	0.0	1137.0	0	0.0	1137.0	0	0.0
info	5	190	284988.0	6	0.5342831700801425	284988.0	6	0.5342831700801425	190.5	0	0.0	1143.0	0	0.0	1143.0	0	0.0
info	5	191	286484.0	7	0.6233303650934995	286484.0	7	0.6233303650934995	191.5	0	0.0	1149.0	0	0.0	1149.0	0	0.0
info	5	192	287980.0	5	0.44523597506678536	287980.0	5	0.44523597506678536	192.5	0	0.0	1155.0	0	0.0	1155.0	0	0.0
info	5	193	289476.0	5	0.44523597506678536	289476.0	5	0.44523597506678536	193.5	0	0.0	1161.0	0	0.0	1161.0	0	0.0
info	5	194	290972.0	6	0.5342831700801425	290972.0	6	0.5342831700801425	194.5	0	0.0	1167.0	0	0.0	1167.0	0	0.0
info	5	195	292468.0	5	0.44523597506678536	292468.0	5	0.44523597506678536	195.5	0	0.0	1173.0	0	0.0	1173.0	0	0.0
info	5	196	293964.0	5	0.44523597506678536	293964.0	5	0.44523597506678536	196.5	0	0.0	1179.0	0	0.0	1179.0	0	0.0
info	5	197	295460.0	6	0.5342831700801425	295460.0	6	0.5342831700801425	197.5	0	0.0	1185.0	0	0.0	1185.0	0	0.0
info	5	198	296956.0	7	0.6233303650934995	296956.0	7	0.6233303650934995	198.5	0	0.0	1191.0	0	0.0	1191.0	0	0.0
info	5	199	298452.0	4	0.3561887800534283	298452.0	4	0.3561887800534283	199.5	0	0.0	1197.0	0	0.0	1197.0	0	0.0
home	5	0	748.0	6	0.5342831700801425	748.0	6	0.5342831700801425	0.5	0	0.0	3.0	1123	100.0	3.0	1123	100.0
home	5	1	2244.0	6	0.5342831700801425	2244.0	6	0.5342831700801425	1.5	0	0.0	9.0	0	0.0	9.0	0	0.0
home	5	2	3740.0	5	0.44523597506678536	3740.0	5	0.44523597506678536	2.5	0	0.0	15.0	0	0.0	15.0	0	0.0
home	5	3	5236.0	5	0.44523597506678536	5236.0	5	0.44523597506678536	3.5	6	0.5342831700801425	21.0	0	0.0	21.0	0	0.0
home	5	4	6732.0	6	0.5342831700801425	6732.0	6	0.5342831700801425	4.5	133	11.84327693677649	27.0	0	0.0	27.0	0	0.0
home	5	5	8228.0	4	0.3561887800534283	8228.0	4	0.3561887800534283	5.5	397	35.35173642030276	33.0	0	0.0	33.0	0	0.0
home	5	6	9724.0	7	0.6233303650934995	9724.0	7	0.6233303650934995	6.5	224	19.946571682991983	39.0	0	0.0	39.0	0	0.0
home	5	7	11220.0	6	0.5342831700801425	11220.0	6	0.5342831700801425	7.5	68	6.055209260908281	45.0	0	0.0	45.0	0	0.0
home	5	8	12716.0	4	0.3561887800534283	12716.0	4	0.3561887800534283	8.5	37	3.2947462154942118	51.0	0	0.0	51.0	0	0.0
home	5	9	14212.0	5	0.44523597506678536	14212.0	5	0.44523597506678536	9.5	22	1.9590382902938557	57.0	0	0.0	57.0	0	0.0
home	5	10	15708.0	6	0.5342831700801425	15708.0	6	0.5342831700801425	10.5	11	0.9795191451469278	63.0	0	0.0	63.0	0	0.0
home	5	11	17204.0	5	0.44523597506678536	17204.0	5	0.44523597506678536	11.5	16	1.4247551202137132	69.0	0	0.0	69.0	0	0.0
home	5	12	18700.0	5	0.44523597506678536	18700.0	5	0.44523597506678536	12.5	17	1.5138023152270703	75.0	0	0.0	75.0	0	0.0
home	5	13	20196.0	6	0.5342831700801425	20196.0	6	0.5342831700801425	13.5	13	1.157613535173642	81.0	0	0.0	81.0	0	0.0
home	5	14	21692.0	4	0.3561887800534283	21692.0	4	0.3561887800534283	14.5	7	0.6233303650934995	87.0	0	0.0	87.0	0	0.0
home	5	15	23188.0	7	0.6233303650934995	23188.0	7	0.6233303650934995	15.5	5	0.44523597506678536	93.0	0	0.0	93.0	0	0.0
home	5	16	24684.0	6	0.5342831700801425	24684.0	5	0.44523597506678536	16.5	3	0.26714158504007124	99.0	0	0.0	99.0	0	0.0
home	5	17	26180.0	6	0.5342831700801425	26180.0	7	0.6233303650934995	17.5	7	0.6233303650934995	105.0	0	0.0	105.0	0	0.0
home	5	18	27676.0	6	0.5342831700801425	27676.0	6	0.5342831700801425	18.5	4	0.3561887800534283	111.0	0	0.0	111.0	0	0.0
home	5	19	29172.0	5	0.44523597506678536	29172.0	5	0.44523597506678536	19.5	2	0.17809439002671415	117.0	0	0.0	117.0	0	0.0
home	5	20	30668.0	5	0.44523597506678536	30668.0	5	0.44523597506678536	20.5	2	0.17809439002671415	123.0	0	0.0	123.0	0	0.0
home	5	21	32164.0	5	0.44523597506678536	32164.0	5	0.44523597506678536	21.5	3	0.26714158504007124	129.0	0	0.0	129.0	0	0.0
home	5	22	33660.0	7	0.6233303650934995	33660.0	7	0.6233303650934995	22.5	1	0.08904719501335707	135.0	0	0.0	135.0	0	0.0
home	5	23	35156.0	5	0.44523597506678536	35156.0	5	0.44523597506678536	23.5	0	0.0	141.0	0	0.0	141.0	0	0.0
home	5	24	36652.0	7	0.6233303650934995	36652.0	7	0.6233303650934995	24.5	1	0.08904719501335707	147.0	0	0.0	147.0	0	0.0
home	5	25	38148.0	7	0.6233303650934995	38148.0	7	0.6233303650934995	25.5	0	0.0	153.0	0	0.0	153.0	0	0.0
home	5	26	39644.0	5	0.44523597506678536	39644.0	5	0.44523597506678536	26.5	2	0.17809439002671415	159.0	0	0.0	159.0	0	0.0
home	5	27	41140.0	6	0.5342831700801425	41140.0	6	0.5342831700801425	27.5	1	0.08904719501335707	165.0	0	0.0	165.0	0	0.0
home	5	28	42636.0	6	0.5342831700801425	42636.0	6	0.5342831700801425	28.5	1	0.08904719501335707	171.0	0	0.0	171.0	0	0.0
home	5	29	44132.0	6	0.5342831700801425	44132.0	6	0.5342831700801425	29.5	3	0.26714158504007124	177.0	0	0.0	177.0	0	0.0
home	5	30	45628.0	6	0.5342831700801425	45628.0	6	0.5342831700801425	30.5	1	0.08904719501335707	183.0	0	0.0	183.0	0	0.0
home	5	31	47124.0	7	0.6233303650934995	47124.0	7	0.6233303650934995	31.5	4	0.3561887800534283	189.0	0	0.0	189.0	0	0.0
home	5	32	48620.0	7	0.6233303650934995	48620.0	7	0.6233303650934995	32.5	3	0.26714158504007124	195.0	0	0.0	195.0	0	0.0
home	5	33	50116.0	5	0.44523597506678536	50116.0	5	0.44523597506678536	33.5	4	0.3561887800534283	201.0	0	0.0	201.0	0	0.0
home	5	34	51612.0	6	0.5342831700801425	51612.0	6	0.5342831700801425	34.5	5	0.44523597506678536	207.0	0	0.0	207.0	0	0.0
home	5	35	53108.0	5	0.44523597506678536	53108.0	5	0.44523597506678536	35.5	4	0.3561887800534283	213.0	0	0.0	213.0	0	0.0
home	5	36	54604.0	6	0.5342831700801425	54604.0	6	0.5342831700801425	36.5	2	0.17809439002671415	219.0	0	0.0	219.0	0	0.0
home	5	37	56100.0	6	0.5342831700801425	56100.0	6	0.5342831700801425	37.5	0	0.0	225.0	0	0.0	225.0	0	0.0
home	5	38	57596.0	6	0.5342831700801425	57596.0	6	0.5342831700801425	38.5	3	0.26714158504007124	231.0	0	0.0	231.0	0	0.0
home	5	39	59092.0	5	0.44523597506678536	59092.0	5	0.44523597506678536	39.5	0	0.0	237.0	0	0.0	237.0	0	0.0
home	5	40	60588.0	6	0.5342831700801425	60588.0	5	0.44523597506678536	40.5	0	0.0	243.0	0	0.0	243.0	0	0.0
home	5	41	62084.0	5	0.44523597506678536	62084.0	6	0.5342831700801425	41.5	3	0.26714158504007124	249.0	0	0.0	249.0	0	0.0
home	5	42	63580.0	6	0.5342831700801425	63580.0	6	0.5342831700801425	42.5	1	0.08904719501335707	255.0	0	0.0	255.0	0	0.0
home	5	43	65076.0	6	0.5342831700801425	65076.0	6	0.5342831700801425	43.5	2	0.17809439002671415	261.0	0	0.0	261.0	0	0.0
home	5	44	66572.0	7	0.6233303650934995	66572.0	7	0.6233303650934995	44.5	1	0.08904719501335707	267.0	0	0.0	267.0	0	0.0
home	5	45	68068.0	6	0.5342831700801425	68068.0	6	0.5342831700801425	45.5	2	0.17809439002671415	273.0	0	0.0	273.0	0	0.0
home	5	46	69564.0	5	0.44523597506678536	69564.0	5	0.44523597506678536	46.5	0	0.0	279.0	0	0.0	279.0	0	0.0
home	5	47	71060.0	5	0.44523597506678536	71060.0	4	0.3561887800534283	47.5	1	0.08904719501335707	285.0	0	0.0	285.0	0	0.0
home	5	48	72556.0	3	0.26714158504007124	72556.0	4	0.3561887800534283	48.5	1	0.08904719501335707	291.0	0	0.0	291.0	0	0.0
home	5	49	74052.0	6	0.5342831700801425	74052.0	6	0.5342831700801425	49.5	0	0.0	297.0	0	0.0	297.0	0	0.0
home	5	50	75548.0	6	0.5342831700801425	75548.0	6	0.5342831700801425	50.5	3	0.26714158504007124	303.0	0	0.0	303.0	0	0.0
home	5	51	77044.0	7	0.6233303650934995	77044.0	7	0.6233303650934995	51.5	1	0.08904719501335707	309.0	0	0.0	309.0	0	0.0
home	5	52	78540.0	5	0.44523597506678536	78540.0	5	0.44523597506678536	52.5	1	0.08904719501335707	315.0	0	0.0	315.0	0	0.0
home	5	53	80036.0	6	0.5342831700801425	80036.0	6	0.5342831700801425	53.5	1	0.08904719501335707	321.0	0	0.0	321.0	0	0.0
home	5	54	81532.0	6	0.5342831700801425	81532.0	6	0.5342831700801425	54.5	1	0.08904719501335707	327.0	0	0.0	327.0	0	0.0
home	5	55	83028.0	6	0.5342831700801425	83028.0	6	0.5342831700801425	55.5	0	0.0	333.0	0	0.0	333.0	0	0.0
home	5	56	84524.0	5	0.44523597506678536	84524.0	5	0.44523597506678536	56.5	1	0.08904719501335707	339.0	0	0.0	339.0	0	0.0
home	5	57	86020.0	6	0.5342831700801425	86020.0	6	0.5342831700801425	57.5	2	0.17809439002671415	345.0	0	0.0	345.0	0	0.0
home	5	58	87516.0	6	0.5342831700801425	87516.0	6	0.5342831700801425	58.5	1	0.08904719501335707	351.0	0	0.0	351.0	0	0.0
home	5	59	89012.0	6	0.5342831700801425	89012.0	6	0.5342831700801425	59.5	1	0.08904719501335707	357.0	0	0.0	357.0	0	0.0
home	5	60	90508.0	5	0.44523597506678536	90508.0	4	0.3561887800534283	60.5	2	0.17809439002671415	363.0	0	0.0	363.0	0	0.0
home	5	61	92004.0	5	0.44523597506678536	92004.0	6	0.5342831700801425	61.5	3	0.26714158504007124	369.0	0	0.0	369.0	0	0.0
home	5	62	93500.0	3	0.26714158504007124	93500.0	3	0.26714158504007124	62.5	2	0.17809439002671415	375.0	0	0.0	375.0	0	0.0
home	5	63	94996.0	6	0.5342831700801425	94996.0	6	0.5342831700801425	63.5	2	0.17809439002671415	381.0	0	0.0	381.0	0	0.0
home	5	64	96492.0	5	0.44523597506678536	96492.0	5	0.44523597506678536	64.5	0	0.0	387.0	0	0.0	387.0	0	0.0
home	5	65	97988.0	6	0.5342831700801425	97988.0	6	0.5342831700801425	65.5	0	0.0	393.0	0	0.0	393.0	0	0.0
home	5	66	99484.0	6	0.5342831700801425	99484.0	6	0.5342831700801425	66.5	3	0.26714158504007124	399.0	0	0.0	399.0	0	0.0
home	5	67	100980.0	5	0.44523597506678536	100980.0	5	0.44523597506678536	67.5	5	0.44523597506678536	405.0	0	0.0	405.0	0	0.0
home	5	68	102476.0	6	0.5342831700801425	102476.0	5	0.44523597506678536	68.5	4	0.3561887800534283	411.0	0	0.0	411.0	0	0.0
home	5	69	103972.0	5	0.44523597506678536	103972.0	6	0.5342831700801425	69.5	6	0.5342831700801425	417.0	0	0.0	417.0	0	0.0
home	5	70	105468.0	6	0.5342831700801425	105468.0	6	0.5342831700801425	70.5	12	1.068566340160285	423.0	0	0.0	423.0	0	0.0
home	5	71	106964.0	6	0.5342831700801425	106964.0	6	0.5342831700801425	71.5	10	0.8904719501335707	429.0	0	0.0	429.0	0	0.0
home	5	72	108460.0	6	0.5342831700801425	108460.0	6	0.5342831700801425	72.5	9	0.8014247551202137	435.0	0	0.0	435.0	0	0.0
home	5	73	109956.0	6	0.5342831700801425	109956.0	6	0.5342831700801425	73.5	5	0.44523597506678536	441.0	0	0.0	441.0	0	0.0
home	5	74	111452.0	6	0.5342831700801425	111452.0	6	0.5342831700801425	74.5	5	0.44523597506678536	447.0	0	0.0	447.0	0	0.0
home	5	75	112948.0	4	0.3561887800534283	112948.0	4	0.3561887800534283	75.5	3	0.26714158504007124	453.0	0	0.0	453.0	0	0.0
home	5	76	114444.0	5	0.44523597506678536	114444.0	5	0.44523597506678536	76.5	1	0.08904719501335707	459.0	0	0.0	459.0	0	0.0
home	5	77	115940.0	7	0.6233303650934995	115940.0	7	0.6233303650934995	77.5	1	0.08904719501335707	465.0	0	0.0	465.0	0	0.0
home	5	78	117436.0	5	0.44523597506678536	117436.0	5	0.44523597506678536	78.5	4	0.3561887800534283	471.0	0	0.0	471.0	0	0.0
home	5	79	118932.0	6	0.5342831700801425	118932.0	6	0.5342831700801425	79.5	0	0.0	477.0	0	0.0	477.0	0	0.0
home	5	80	120428.0	6	0.5342831700801425	120428.0	6	0.5342831700801425	80.5	1	0.08904719501335707	483.0	0	0.0	483.0	0	0.0
home	5	81	121924.0	6	0.5342831700801425	121924.0	6	0.5342831700801425	81.5	3	0.26714158504007124	489.0	0	0.0	489.0	0	0.0
home	5	82	123420.0	7	0.6233303650934995	123420.0	7	0.6233303650934995	82.5	0	0.0	495.0	0	0.0	495.0	0	0.0
home	5	83	124916.0	6	0.5342831700801425	124916.0	6	0.5342831700801425	83.5	3	0.26714158504007124	501.0	0	0.0	501.0	0	0.0
home	5	84	126412.0	7	0.6233303650934995	126412.0	7	0.6233303650934995	84.5	0	0.0	507.0	0	0.0	507.0	0	0.0
home	5	85	127908.0	6	0.5342831700801425	127908.0	6	0.5342831700801425	85.5	0	0.0	513.0	0	0.0	513.0	0	0.0
home	5	86	129404.0	5	0.44523597506678536	129404.0	5	0.44523597506678536	86.5	2	0.17809439002671415	519.0	0	0.0	519.0	0	0.0
home	5	87	130900.0	7	0.6233303650934995	130900.0	7	0.6233303650934995	87.5	0	0.0	525.0	0	0.0	525.0	0	0.0
home	5	88	132396.0	6	0.5342831700801425	132396.0	6	0.5342831700801425	88.5	0	0.0	531.0	0	0.0	531.0	0	0.0
home	5	89	133892.0	6	0.5342831700801425	133892.0	6	0.5342831700801425	89.5	0	0.0	537.0	0	0.0	537.0	0	0.0
home	5	90	135388.0	6	0.5342831700801425	135388.0	6	0.5342831700801425	90.5	0	0.0	543.0	0	0.0	543.0	0	0.0
home	5	91	136884.0	6	0.5342831700801425	136884.0	6	0.5342831700801425	91.5	0	0.0	549.0	0	0.0	549.0	0	0.0
home	5	92	138380.0	6	0.5342831700801425	138380.0	6	0.5342831700801425	92.5	1	0.08904719501335707	555.0	0	0.0	555.0	0	0.0
home	5	93	139876.0	6	0.5342831700801425	139876.0	6	0.5342831700801425	93.5	0	0.0	561.0	0	0.0	561.0	0	0.0
home	5	94	141372.0	5	0.44523597506678536	141372.0	5	0.44523597506678536	94.5	0	0.0	567.0	0	0.0	567.0	0	0.0
home	5	95	142868.0	5	0.44523597506678536	142868.0	5	0.44523597506678536	95.5	1	0.08904719501335707	573.0	0	0.0	573.0	0	0.0
home	5	96	144364.0	5	0.44523597506678536	144364.0	5	0.44523597506678536	96.5	0	0.0	579.0	0	0.0	579.0	0	0.0
home	5	97	145860.0	5	0.44523597506678536	145860.0	5	0.44523597506678536	97.5	0	0.0	585.0	0	0.0	585.0	0	0.0
home	5	98	147356.0	6	0.5342831700801425	147356.0	6	0.5342831700801425	98.5	0	0.0	591.0	0	0.0	591.0	0	0.0
home	5	99	148852.0	6	0.5342831700801425	148852.0	6	0.5342831700801425	99.5	0	0.0	597.0	0	0.0	597.0	0	0.0
home	5	100	150348.0	6	0.5342831700801425	150348.0	6	0.5342831700801425	100.5	0	0.0	603.0	0	0.0	603.0	0	0.0
home	5	101	151844.0	5	0.44523597506678536	151844.0	5	0.44523597506678536	101.5	0	0.0	609.0	0	0.0	609.0	0	0.0
home	5	102	153340.0	6	0.5342831700801425	153340.0	6	0.5342831700801425	102.5	0	0.0	615.0	0	0.0	615.0	0	0.0
home	5	103	154836.0	6	0.5342831700801425	154836.0	6	0.5342831700801425	103.5	0	0.0	621.0	0	0.0	621.0	0	0.0
home	5	104	156332.0	6	0.5342831700801425	156332.0	6	0.5342831700801425	104.5	0	0.0	627.0	0	0.0	627.0	0	0.0
home	5	105	157828.0	6	0.5342831700801425	157828.0	6	0.5342831700801425	105.5	0	0.0	633.0	0	0.0	633.0	0	0.0
home	5	106	159324.0	6	0.5342831700801425	159324.0	6	0.5342831700801425	106.5	0	0.0	639.0	0	0.0	639.0	0	0.0
home	5	107	160820.0	7	0.6233303650934995	160820.0	7	0.6233303650934995	107.5	0	0.0	645.0	0	0.0	645.0	0	0.0
home	5	108	162316.0	5	0.44523597506678536	162316.0	5	0.44523597506678536	108.5	0	0.0	651.0	0	0.0	651.0	0	0.0
home	5	109	163812.0	3	0.26714158504007124	163812.0	3	0.26714158504007124	109.5	0	0.0	657.0	0	0.0	657.0	0	0.0
home	5	110	165308.0	6	0.5342831700801425	165308.0	6	0.5342831700801425	110.5	0	0.0	663.0	0	0.0	663.0	0	0.0
home	5	111	166804.0	6	0.5342831700801425	166804.0	6	0.5342831700801425	111.5	0	0.0	669.0	0	0.0	669.0	0	0.0
home	5	112	168300.0	5	0.44523597506678536	168300.0	5	0.44523597506678536	112.5	0	0.0	675.0	0	0.0	675.0	0	0.0
home	5	113	169796.0	6	0.5342831700801425	169796.0	6	0.5342831700801425	113.5	0	0.0	681.0	0	0.0	681.0	0	0.0
home	5	114	171292.0	4	0.3561887800534283	171292.0	4	0.3561887800534283	114.5	0	0.0	687.0	0	0.0	687.0	0	0.0
home	5	115	172788.0	5	0.44523597506678536	172788.0	5	0.44523597506678536	115.5	0	0.0	693.0	0	0.0	693.0	0	0.0
home	5	116	174284.0	6	0.5342831700801425	174284.0	6	0.5342831700801425	116.5	0	0.0	699.0	0	0.0	699.0	0	0.0
home	5	117	175780.0	6	0.5342831700801425	175780.0	6	0.5342831700801425	117.5	0	0.0	705.0	0	0.0	705.0	0	0.0
home	5	118	177276.0	5	0.44523597506678536	177276.0	5	0.44523597506678536	118.5	0	0.0	711.0	0	0.0	711.0	0	0.0
home	5	119	178772.0	5	0.44523597506678536	178772.0	5	0.44523597506678536	119.5	0	0.0	717.0	0	0.0	717.0	0	0.0
home	5	120	180268.0	5	0.44523597506678536	180268.0	5	0.44523597506678536	120.5	0	0.0	723.0	0	0.0	723.0	0	0.0
home	5	121	181764.0	5	0.44523597506678536	181764.0	5	0.44523597506678536	121.5	0	0.0	729.0	0	0.0	729.0	0	0.0
home	5	122	183260.0	6	0.5342831700801425	183260.0	6	0.5342831700801425	122.5	0	0.0	735.0	0	0.0	735.0	0	0.0
home	5	123	184756.0	7	0.6233303650934995	184756.0	7	0.6233303650934995	123.5	0	0.0	741.0	0	0.0	741.0	0	0.0
home	5	124	186252.0	5	0.44523597506678536	186252.0	5	0.44523597506678536	124.5	0	0.0	747.0	0	0.0	747.0	0	0.0
home	5	125	187748.0	5	0.44523597506678536	187748.0	5	0.44523597506678536	125.5	0	0.0	753.0	0	0.0	753.0	0	0.0
home	5	126	189244.0	6	0.5342831700801425	189244.0	6	0.5342831700801425	126.5	0	0.0	759.0	0	0.0	759.0	0	0.0
home	5	127	190740.0	6	0.5342831700801425	190740.0	6	0.5342831700801425	127.5	0	0.0	765.0	0	0.0	765.0	0	0.0
home	5	128	192236.0	6	0.5342831700801425	192236.0	6	0.5342831700801425	128.5	0	0.0	771.0	0	0.0	771.0	0	0.0
home	5	129	193732.0	5	0.44523597506678536	193732.0	5	0.44523597506678536	129.5	0	0.0	777.0	0	0.0	777.0	0	0.0
home	5	130	195228.0	5	0.44523597506678536	195228.0	5	0.44523597506678536	130.5	0	0.0	783.0	0	0.0	783.0	0	0.0
home	5	131	196724.0	7	0.6233303650934995	196724.0	7	0.6233303650934995	131.5	0	0.0	789.0	0	0.0	789.0	0	0.0
home	5	132	198220.0	4	0.3561887800534283	198220.0	4	0.3561887800534283	132.5	0	0.0	795.0	0	0.0	795.0	0	0.0
home	5	133	199716.0	5	0.44523597506678536	199716.0	4	0.3561887800534283	133.5	0	0.0	801.0	0	0.0	801.0	0	0.0
home	5	134	201212.0	4	0.3561887800534283	201212.0	5	0.44523597506678536	134.5	0	0.0	807.0	0	0.0	807.0	0	0.0
home	5	135	202708.0	6	0.5342831700801425	202708.0	6	0.5342831700801425	135.5	0	0.0	813.0	0	0.0	813.0	0	0.0
home	5	136	204204.0	6	0.5342831700801425	204204.0	6	0.5342831700801425	136.5	0	0.0	819.0	0	0.0	819.0	0	0.0
home	5	137	205700.0	7	0.6233303650934995	205700.0	7	0.6233303650934995	137.5	0	0.0	825.0	0	0.0	825.0	0	0.0
home	5	138	207196.0	5	0.44523597506678536	207196.0	5	0.44523597506678536	138.5	0	0.0	831.0	0	0.0	831.0	0	0.0
home	5	139	208692.0	6	0.5342831700801425	208692.0	6	0.5342831700801425	139.5	0	0.0	837.0	0	0.0	837.0	0	0.0
home	5	140	210188.0	6	0.5342831700801425	210188.0	6	0.5342831700801425	140.5	0	0.0	843.0	0	0.0	843.0	0	0.0
home	5	141	211684.0	5	0.44523597506678536	211684.0	4	0.3561887800534283	141.5	0	0.0	849.0	0	0.0	849.0	0	0.0
home	5	142	213180.0	5	0.44523597506678536	213180.0	6	0.5342831700801425	142.5	0	0.0	855.0	0	0.0	855.0	0	0.0
home	5	143	214676.0	6	0.5342831700801425	214676.0	6	0.5342831700801425	143.5	0	0.0	861.0	0	0.0	861.0	0	0.0
home	5	144	216172.0	6	0.5342831700801425	216172.0	6	0.5342831700801425	144.5	0	0.0	867.0	0	0.0	867.0	0	0.0
home	5	145	217668.0	5	0.44523597506678536	217668.0	5	0.44523597506678536	145.5	0	0.0	873.0	0	0.0	873.0	0	0.0
home	5	146	219164.0	6	0.5342831700801425	219164.0	6	0.5342831700801425	146.5	0	0.0	879.0	0	0.0	879.0	0	0.0
home	5	147	220660.0	5	0.44523597506678536	220660.0	5	0.44523597506678536	147.5	0	0.0	885.0	0	0.0	885.0	0	0.0
home	5	148	222156.0	6	0.5342831700801425	222156.0	6	0.5342831700801425	148.5	0	0.0	891.0	0	0.0	891.0	0	0.0
home	5	149	223652.0	5	0.44523597506678536	223652.0	5	0.44523597506678536	149.5	0	0.0	897.0	0	0.0	897.0	0	0.0
home	5	150	225148.0	4	0.3561887800534283	225148.0	4	0.3561887800534283	150.5	0	0.0	903.0	0	0.0	903.0	0	0.0
home	5	151	226644.0	7	0.6233303650934995	226644.0	7	0.6233303650934995	151.5	0	0.0	909.0	0	0.0	909.0	0	0.0
home	5	152	228140.0	5	0.44523597506678536	228140.0	5	0.44523597506678536	152.5	0	0.0	915.0	0	0.0	915.0	0	0.0
home	5	153	229636.0	5	0.44523597506678536	229636.0	5	0.44523597506678536	153.5	0	0.0	921.0	0	0.0	921.0	0	0.0
home	5	154	231132.0	5	0.44523597506678536	231132.0	5	0.44523597506678536	154.5	0	0.0	927.0	0	0.0	927.0	0	0.0
home	5	155	232628.0	5	0.44523597506678536	232628.0	5	0.44523597506678536	155.5	0	0.0	933.0	0	0.0	933.0	0	0.0
home	5	156	234124.0	4	0.3561887800534283	234124.0	4	0.3561887800534283	156.5	0	0.0	939.0	0	0.0	939.0	0	0.0
home	5	157	235620.0	7	0.6233303650934995	235620.0	6	0.5342831700801425	157.5	0	0.0	945.0	0	0.0	945.0	0	0.0
home	5	158	237116.0	3	0.26714158504007124	237116.0	4	0.3561887800534283	158.5	0	0.0	951.0	0	0.0	951.0	0	0.0
home	5	159	238612.0	5	0.44523597506678536	238612.0	4	0.3561887800534283	159.5	0	0.0	957.0	0	0.0	957.0	0	0.0
home	5	160	240108.0	4	0.3561887800534283	240108.0	5	0.44523597506678536	160.5	0	0.0	963.0	0	0.0	963.0	0	0.0
home	5	161	241604.0	6	0.5342831700801425	241604.0	6	0.5342831700801425	161.5	0	0.0	969.0	0	0.0	969.0	0	0.0
home	5	162	243100.0	5	0.44523597506678536	243100.0	5	0.44523597506678536	162.5	0	0.0	975.0	0	0.0	975.0	0	0.0
home	5	163	244596.0	5	0.44523597506678536	244596.0	5	0.44523597506678536	163.5	0	0.0	981.0	0	0.0	981.0	0	0.0
home	5	164	246092.0	6	0.5342831700801425	246092.0	6	0.5342831700801425	164.5	0	0.0	987.0	0	0.0	987.0	0	0.0
home	5	165	247588.0	7	0.6233303650934995	247588.0	7	0.6233303650934995	165.5	0	0.0	993.0	0	0.0	993.0	0	0.0
home	5	166	249084.0	6	0.5342831700801425	249084.0	6	0.5342831700801425	166.5	0	0.0	999.0	0	0.0	999.0	0	0.0
home	5	167	250580.0	6	0.5342831700801425	250580.0	6	0.5342831700801425	167.5	0	0.0	1005.0	0	0.0	1005.0	0	0.0
home	5	168	252076.0	6	0.5342831700801425	252076.0	6	0.5342831700801425	168.5	0	0.0	1011.0	0	0.0	1011.0	0	0.0
home	5	169	253572.0	5	0.44523597506678536	253572.0	5	0.44523597506678536	169.5	0	0.0	1017.0	0	0.0	1017.0	0	0.0
home	5	170	255068.0	7	0.6233303650934995	255068.0	7	0.6233303650934995	170.5	0	0.0	1023.0	0	0.0	1023.0	0	0.0
home	5	171	256564.0	6	0.5342831700801425	256564.0	6	0.5342831700801425	171.5	0	0.0	1029.0	0	0.0	1029.0	0	0.0
home	5	172	258060.0	6	0.5342831700801425	258060.0	6	0.5342831700801425	172.5	0	0.0	1035.0	0	0.0	1035.0	0	0.0
home	5	173	259556.0	7	0.6233303650934995	259556.0	7	0.6233303650934995	173.5	0	0.0	1041.0	0	0.0	1041.0	0	0.0
home	5	174	261052.0	6	0.5342831700801425	261052.0	6	0.5342831700801425	174.5	0	0.0	1047.0	0	0.0	1047.0	0	0.0
home	5	175	262548.0	7	0.6233303650934995	262548.0	7	0.6233303650934995	175.5	0	0.0	1053.0	0	0.0	1053.0	0	0.0
home	5	176	264044.0	5	0.44523597506678536	264044.0	5	0.44523597506678536	176.5	0	0.0	1059.0	0	0.0	1059.0	0	0.0
home	5	177	265540.0	5	0.44523597506678536	265540.0	5	0.44523597506678536	177.5	0	0.0	1065.0	0	0.0	1065.0	0	0.0
home	5	178	267036.0	7	0.6233303650934995	267036.0	7	0.6233303650934995	178.5	0	0.0	1071.0	0	0.0	1071.0	0	0.0
home	5	179	268532.0	5	0.44523597506678536	268532.0	5	0.44523597506678536	179.5	0	0.0	1077.0	0	0.0	1077.0	0	0.0
home	5	180	270028.0	5	0.44523597506678536	270028.0	5	0.44523597506678536	180.5	0	0.0	1083.0	0	0.0	1083.0	0	0.0
home	5	181	271524.0	5	0.44523597506678536	271524.0	5	0.44523597506678536	181.5	0	0.0	1089.0	0	0.0	1089.0	0	0.0
home	5	182	273020.0	5	0.44523597506678536	273020.0	5	0.44523597506678536	182.5	0	0.0	1095.0	0	0.0	1095.0	0	0.0
home	5	183	274516.0	5	0.44523597506678536	274516.0	5	0.44523597506678536	183.5	0	0.0	1101.0	0	0.0	1101.0	0	0.0
home	5	184	276012.0	6	0.5342831700801425	276012.0	6	0.5342831700801425	184.5	0	0.0	1107.0	0	0.0	1107.0	0	0.0
home	5	185	277508.0	6	0.5342831700801425	277508.0	6	0.5342831700801425	185.5	0	0.0	1113.0	0	0.0	1113.0	0	0.0
home	5	186	279004.0	6	0.5342831700801425	279004.0	6	0.5342831700801425	186.5	0	0.0	1119.0	0	0.0	1119.0	0	0.0
home	5	187	280500.0	5	0.44523597506678536	280500.0	5	0.44523597506678536	187.5	0	0.0	1125.0	0	0.0	1125.0	0	0.0
home	5	188	281996.0	6	0.5342831700801425	281996.0	6	0.5342831700801425	188.5	0	0.0	1131.0	0	0.0	1131.0	0	0.0
home	5	189	283492.0	6	0.5342831700801425	283492.0	6	0.5342831700801425	189.5	0	0.0	1137.0	0	0.0	1137.0	0	0.0
home	5	190	284988.0	6	0.5342831700801425	284988.0	6	0.5342831700801425	190.5	0	0.0	1143.0	0	0.0	1143.0	0	0.0
home	5	191	286484.0	7	0.6233303650934995	286484.0	7	0.6233303650934995	191.5	0	0.0	1149.0	0	0.0	1149.0	0	0.0
home	5	192	287980.0	5	0.44523597506678536	287980.0	5	0.44523597506678536	192.5	0	0.0	1155.0	0	0.0	1155.0	0	0.0
home	5	193	289476.0	5	0.44523597506678536	289476.0	5	0.44523597506678536	193.5	0	0.0	1161.0	0	0.0	1161.0	0	0.0
home	5	194	290972.0	6	0.5342831700801425	290972.0	6	0.5342831700801425	194.5	0	0.0	1167.0	0	0.0	1167.0	0	0.0
home	5	195	292468.0	5	0.44523597506678536	292468.0	5	0.44523597506678536	195.5	0	0.0	1173.0	0	0.0	1173.0	0	0.0
home	5	196	293964.0	5	0.44523597506678536	293964.0	5	0.44523597506678536	196.5	0	0.0	1179.0	0	0.0	1179.0	0	0.0
home	5	197	295460.0	6	0.5342831700801425	295460.0	6	0.5342831700801425	197.5	0	0.0	1185.0	0	0.0	1185.0	0	0.0
home	5	198	296956.0	7	0.6233303650934995	296956.0	7	0.6233303650934995	198.5	0	0.0	1191.0	0	0.0	1191.0	0	0.0
home	5	199	298452.0	4	0.3561887800534283	298452.0	4	0.3561887800534283	199.5	0	0.0	1197.0	0	0.0	1197.0	0	0.0
