'Request type'	'Load'	'Bucket'	'Start time'	'Absolute'	'Percent of requests'	'End time'	'Absolute'	'Percent of requests'	'Residence time'	'Absolute'	'Percent of requests'	'Theor. think time'	'Absolute'	'Percent of requests'	'Actual think time'	'Absolute'	'Percent of requests'
login	7	0	750.0	7	0.6862745098039216	750.0	4	0.39215686274509803	4.0	0	0.0	3.0	1020	100.0	3.0	1020	100.0
login	7	1	2250.0	8	0.7843137254901961	2250.0	7	0.6862745098039216	12.0	0	0.0	9.0	0	0.0	9.0	0	0.0
login	7	2	3750.0	6	0.5882352941176471	3750.0	7	0.6862745098039216	20.0	0	0.0	15.0	0	0.0	15.0	0	0.0
login	7	3	5250.0	4	0.39215686274509803	5250.0	7	0.6862745098039216	28.0	0	0.0	21.0	0	0.0	21.0	0	0.0
login	7	4	6750.0	7	0.6862745098039216	6750.0	4	0.39215686274509803	36.0	0	0.0	27.0	0	0.0	27.0	0	0.0
login	7	5	8250.0	6	0.5882352941176471	8250.0	3	0.29411764705882354	44.0	0	0.0	33.0	0	0.0	33.0	0	0.0
login	7	6	9750.0	5	0.49019607843137253	9750.0	7	0.6862745098039216	52.0	0	0.0	39.0	0	0.0	39.0	0	0.0
login	7	7	11250.0	4	0.39215686274509803	11250.0	7	0.6862745098039216	60.0	0	0.0	45.0	0	0.0	45.0	0	0.0
login	7	8	12750.0	7	0.6862745098039216	12750.0	2	0.19607843137254902	68.0	0	0.0	51.0	0	0.0	51.0	0	0.0
login	7	9	14250.0	0	0.0	14250.0	6	0.5882352941176471	76.0	0	0.0	57.0	0	0.0	57.0	0	0.0
login	7	10	15750.0	7	0.6862745098039216	15750.0	5	0.49019607843137253	84.0	1	0.09803921568627451	63.0	0	0.0	63.0	0	0.0
login	7	11	17250.0	7	0.6862745098039216	17250.0	5	0.49019607843137253	92.0	0	0.0	69.0	0	0.0	69.0	0	0.0
login	7	12	18750.0	7	0.6862745098039216	18750.0	6	0.5882352941176471	100.0	0	0.0	75.0	0	0.0	75.0	0	0.0
login	7	13	20250.0	2	0.19607843137254902	20250.0	7	0.6862745098039216	108.0	1	0.09803921568627451	81.0	0	0.0	81.0	0	0.0
login	7	14	21750.0	7	0.6862745098039216	21750.0	5	0.49019607843137253	116.0	0	0.0	87.0	0	0.0	87.0	0	0.0
login	7	15	23250.0	7	0.6862745098039216	23250.0	2	0.19607843137254902	124.0	1	0.09803921568627451	93.0	0	0.0	93.0	0	0.0
login	7	16	24750.0	4	0.39215686274509803	24750.0	7	0.6862745098039216	132.0	4	0.39215686274509803	99.0	0	0.0	99.0	0	0.0
login	7	17	26250.0	4	0.39215686274509803	26250.0	7	0.6862745098039216	140.0	0	0.0	105.0	0	0.0	105.0	0	0.0
login	7	18	27750.0	7	0.6862745098039216	27750.0	2	0.19607843137254902	148.0	0	0.0	111.0	0	0.0	111.0	0	0.0
login	7	19	29250.0	4	0.39215686274509803	29250.0	6	0.5882352941176471	156.0	0	0.0	117.0	0	0.0	117.0	0	0.0
login	7	20	30750.0	4	0.39215686274509803	30750.0	7	0.6862745098039216	164.0	0	0.0	123.0	0	0.0	123.0	0	0.0
login	7	21	32250.0	7	0.6862745098039216	32250.0	6	0.5882352941176471	172.0	1	0.09803921568627451	129.0	0	0.0	129.0	0	0.0
login	7	22	33750.0	7	0.6862745098039216	33750.0	2	0.19607843137254902	180.0	0	0.0	135.0	0	0.0	135.0	0	0.0
login	7	23	35250.0	5	0.49019607843137253	35250.0	7	0.6862745098039216	188.0	1	0.09803921568627451	141.0	0	0.0	141.0	0	0.0
login	7	24	36750.0	2	0.19607843137254902	36750.0	7	0.6862745098039216	196.0	1	0.09803921568627451	147.0	0	0.0	147.0	0	0.0
login	7	25	38250.0	7	0.6862745098039216	38250.0	2	0.19607843137254902	204.0	0	0.0	153.0	0	0.0	153.0	0	0.0
login	7	26	39750.0	7	0.6862745098039216	39750.0	5	0.49019607843137253	212.0	0	0.0	159.0	0	0.0	159.0	0	0.0
login	7	27	41250.0	0	0.0	41250.0	7	0.6862745098039216	220.0	2	0.19607843137254902	165.0	0	0.0	165.0	0	0.0
login	7	28	42750.0	7	0.6862745098039216	42750.0	2	0.19607843137254902	228.0	3	0.29411764705882354	171.0	0	0.0	171.0	0	0.0
login	7	29	44250.0	6	0.5882352941176471	44250.0	5	0.49019607843137253	236.0	0	0.0	177.0	0	0.0	177.0	0	0.0
login	7	30	45750.0	1	0.09803921568627451	45750.0	7	0.6862745098039216	244.0	1	0.09803921568627451	183.0	0	0.0	183.0	0	0.0
login	7	31	47250.0	7	0.6862745098039216	47250.0	3	0.29411764705882354	252.0	0	0.0	189.0	0	0.0	189.0	0	0.0
login	7	32	48750.0	5	0.49019607843137253	48750.0	4	0.39215686274509803	260.0	1	0.09803921568627451	195.0	0	0.0	195.0	0	0.0
login	7	33	50250.0	2	0.19607843137254902	50250.0	7	0.6862745098039216	268.0	1	0.09803921568627451	201.0	0	0.0	201.0	0	0.0
login	7	34	51750.0	7	0.6862745098039216	51750.0	4	0.39215686274509803	276.0	1	0.09803921568627451	207.0	0	0.0	207.0	0	0.0
login	7	35	53250.0	7	0.6862745098039216	53250.0	5	0.49019607843137253	284.0	6	0.5882352941176471	213.0	0	0.0	213.0	0	0.0
login	7	36	54750.0	1	0.09803921568627451	54750.0	6	0.5882352941176471	292.0	4	0.39215686274509803	219.0	0	0.0	219.0	0	0.0
login	7	37	56250.0	7	0.6862745098039216	56250.0	5	0.49019607843137253	300.0	3	0.29411764705882354	225.0	0	0.0	225.0	0	0.0
login	7	38	57750.0	7	0.6862745098039216	57750.0	4	0.39215686274509803	308.0	5	0.49019607843137253	231.0	0	0.0	231.0	0	0.0
login	7	39	59250.0	6	0.5882352941176471	59250.0	5	0.49019607843137253	316.0	2	0.19607843137254902	237.0	0	0.0	237.0	0	0.0
login	7	40	60750.0	1	0.09803921568627451	60750.0	7	0.6862745098039216	324.0	1	0.09803921568627451	243.0	0	0.0	243.0	0	0.0
login	7	41	62250.0	7	0.6862745098039216	62250.0	3	0.29411764705882354	332.0	0	0.0	249.0	0	0.0	249.0	0	0.0
login	7	42	63750.0	7	0.6862745098039216	63750.0	4	0.39215686274509803	340.0	0	0.0	255.0	0	0.0	255.0	0	0.0
login	7	43	65250.0	0	0.0	65250.0	7	0.6862745098039216	348.0	0	0.0	261.0	0	0.0	261.0	0	0.0
login	7	44	66750.0	8	0.7843137254901961	66750.0	6	0.5882352941176471	356.0	0	0.0	267.0	0	0.0	267.0	0	0.0
login	7	45	68250.0	8	0.7843137254901961	68250.0	6	0.5882352941176471	364.0	0	0.0	273.0	0	0.0	273.0	0	0.0
login	7	46	69750.0	5	0.49019607843137253	69750.0	8	0.7843137254901961	372.0	3	0.29411764705882354	279.0	0	0.0	279.0	0	0.0
login	7	47	71250.0	7	0.6862745098039216	71250.0	5	0.49019607843137253	380.0	3	0.29411764705882354	285.0	0	0.0	285.0	0	0.0
login	7	48	72750.0	7	0.6862745098039216	72750.0	8	0.7843137254901961	388.0	9	0.8823529411764706	291.0	0	0.0	291.0	0	0.0
login	7	49	74250.0	7	0.6862745098039216	74250.0	8	0.7843137254901961	396.0	13	1.2745098039215685	297.0	0	0.0	297.0	0	0.0
login	7	50	75750.0	7	0.6862745098039216	75750.0	4	0.39215686274509803	404.0	6	0.5882352941176471	303.0	0	0.0	303.0	0	0.0
login	7	51	77250.0	7	0.6862745098039216	77250.0	4	0.39215686274509803	412.0	9	0.8823529411764706	309.0	0	0.0	309.0	0	0.0
login	7	52	78750.0	0	0.0	78750.0	7	0.6862745098039216	420.0	4	0.39215686274509803	315.0	0	0.0	315.0	0	0.0
login	7	53	80250.0	7	0.6862745098039216	80250.0	3	0.29411764705882354	428.0	4	0.39215686274509803	321.0	0	0.0	321.0	0	0.0
login	7	54	81750.0	7	0.6862745098039216	81750.0	4	0.39215686274509803	436.0	3	0.29411764705882354	327.0	0	0.0	327.0	0	0.0
login	7	55	83250.0	4	0.39215686274509803	83250.0	7	0.6862745098039216	444.0	0	0.0	333.0	0	0.0	333.0	0	0.0
login	7	56	84750.0	3	0.29411764705882354	84750.0	7	0.6862745098039216	452.0	0	0.0	339.0	0	0.0	339.0	0	0.0
login	7	57	86250.0	7	0.6862745098039216	86250.0	2	0.19607843137254902	460.0	0	0.0	345.0	0	0.0	345.0	0	0.0
login	7	58	87750.0	6	0.5882352941176471	87750.0	5	0.49019607843137253	468.0	3	0.29411764705882354	351.0	0	0.0	351.0	0	0.0
login	7	59	89250.0	1	0.09803921568627451	89250.0	6	0.5882352941176471	476.0	11	1.0784313725490196	357.0	0	0.0	357.0	0	0.0
login	7	60	90750.0	7	0.6862745098039216	90750.0	2	0.19607843137254902	484.0	8	0.7843137254901961	363.0	0	0.0	363.0	0	0.0
login	7	61	92250.0	0	0.0	92250.0	6	0.5882352941176471	492.0	13	1.2745098039215685	369.0	0	0.0	369.0	0	0.0
login	7	62	93750.0	7	0.6862745098039216	93750.0	5	0.49019607843137253	500.0	9	0.8823529411764706	375.0	0	0.0	375.0	0	0.0
login	7	63	95250.0	7	0.6862745098039216	95250.0	4	0.39215686274509803	508.0	9	0.8823529411764706	381.0	0	0.0	381.0	0	0.0
login	7	64	96750.0	5	0.49019607843137253	96750.0	6	0.5882352941176471	516.0	3	0.29411764705882354	387.0	0	0.0	387.0	0	0.0
login	7	65	98250.0	3	0.29411764705882354	98250.0	7	0.6862745098039216	524.0	3	0.29411764705882354	393.0	0	0.0	393.0	0	0.0
login	7	66	99750.0	7	0.6862745098039216	99750.0	0	0.0	532.0	0	0.0	399.0	0	0.0	399.0	0	0.0
login	7	67	101250.0	4	0.39215686274509803	101250.0	7	0.6862745098039216	540.0	0	0.0	405.0	0	0.0	405.0	0	0.0
login	7	68	102750.0	4	0.39215686274509803	102750.0	8	0.7843137254901961	548.0	2	0.19607843137254902	411.0	0	0.0	411.0	0	0.0
login	7	69	104250.0	7	0.6862745098039216	104250.0	2	0.19607843137254902	556.0	2	0.19607843137254902	417.0	0	0.0	417.0	0	0.0
login	7	70	105750.0	6	0.5882352941176471	105750.0	5	0.49019607843137253	564.0	1	0.09803921568627451	423.0	0	0.0	423.0	0	0.0
login	7	71	107250.0	1	0.09803921568627451	107250.0	7	0.6862745098039216	572.0	4	0.39215686274509803	429.0	0	0.0	429.0	0	0.0
login	7	72	108750.0	7	0.6862745098039216	108750.0	2	0.19607843137254902	580.0	12	1.1764705882352942	435.0	0	0.0	435.0	0	0.0
login	7	73	110250.0	6	0.5882352941176471	110250.0	5	0.49019607843137253	588.0	7	0.6862745098039216	441.0	0	0.0	441.0	0	0.0
login	7	74	111750.0	1	0.09803921568627451	111750.0	7	0.6862745098039216	596.0	13	1.2745098039215685	447.0	0	0.0	447.0	0	0.0
login	7	75	113250.0	7	0.6862745098039216	113250.0	4	0.39215686274509803	604.0	15	1.4705882352941175	453.0	0	0.0	453.0	0	0.0
login	7	76	114750.0	7	0.6862745098039216	114750.0	4	0.39215686274509803	612.0	3	0.29411764705882354	459.0	0	0.0	459.0	0	0.0
login	7	77	116250.0	0	0.0	116250.0	6	0.5882352941176471	620.0	10	0.9803921568627451	465.0	0	0.0	465.0	0	0.0
login	7	78	117750.0	7	0.6862745098039216	117750.0	5	0.49019607843137253	628.0	2	0.19607843137254902	471.0	0	0.0	471.0	0	0.0
login	7	79	119250.0	7	0.6862745098039216	119250.0	4	0.39215686274509803	636.0	0	0.0	477.0	0	0.0	477.0	0	0.0
login	7	80	120750.0	6	0.5882352941176471	120750.0	5	0.49019607843137253	644.0	2	0.19607843137254902	483.0	0	0.0	483.0	0	0.0
login	7	81	122250.0	1	0.09803921568627451	122250.0	7	0.6862745098039216	652.0	0	0.0	489.0	0	0.0	489.0	0	0.0
login	7	82	123750.0	7	0.6862745098039216	123750.0	1	0.09803921568627451	660.0	2	0.19607843137254902	495.0	0	0.0	495.0	0	0.0
login	7	83	125250.0	6	0.5882352941176471	125250.0	6	0.5882352941176471	668.0	4	0.39215686274509803	501.0	0	0.0	501.0	0	0.0
login	7	84	126750.0	1	0.09803921568627451	126750.0	7	0.6862745098039216	676.0	7	0.6862745098039216	507.0	0	0.0	507.0	0	0.0
login	7	85	128250.0	7	0.6862745098039216	128250.0	2	0.19607843137254902	684.0	11	1.0784313725490196	513.0	0	0.0	513.0	0	0.0
login	7	86	129750.0	7	0.6862745098039216	129750.0	6	0.5882352941176471	692.0	11	1.0784313725490196	519.0	0	0.0	519.0	0	0.0
login	7	87	131250.0	1	0.09803921568627451	131250.0	7	0.6862745098039216	700.0	19	1.8627450980392157	525.0	0	0.0	525.0	0	0.0
login	7	88	132750.0	7	0.6862745098039216	132750.0	7	0.6862745098039216	708.0	11	1.0784313725490196	531.0	0	0.0	531.0	0	0.0
login	7	89	134250.0	7	0.6862745098039216	134250.0	5	0.49019607843137253	716.0	12	1.1764705882352942	537.0	0	0.0	537.0	0	0.0
login	7	90	135750.0	8	0.7843137254901961	135750.0	4	0.39215686274509803	724.0	4	0.39215686274509803	543.0	0	0.0	543.0	0	0.0
login	7	91	137250.0	5	0.49019607843137253	137250.0	6	0.5882352941176471	732.0	2	0.19607843137254902	549.0	0	0.0	549.0	0	0.0
login	7	92	138750.0	2	0.19607843137254902	138750.0	7	0.6862745098039216	740.0	0	0.0	555.0	0	0.0	555.0	0	0.0
login	7	93	140250.0	7	0.6862745098039216	140250.0	7	0.6862745098039216	748.0	0	0.0	561.0	0	0.0	561.0	0	0.0
login	7	94	141750.0	7	0.6862745098039216	141750.0	2	0.19607843137254902	756.0	1	0.09803921568627451	567.0	0	0.0	567.0	0	0.0
login	7	95	143250.0	6	0.5882352941176471	143250.0	5	0.49019607843137253	764.0	6	0.5882352941176471	573.0	0	0.0	573.0	0	0.0
login	7	96	144750.0	1	0.09803921568627451	144750.0	7	0.6862745098039216	772.0	7	0.6862745098039216	579.0	0	0.0	579.0	0	0.0
login	7	97	146250.0	7	0.6862745098039216	146250.0	5	0.49019607843137253	780.0	12	1.1764705882352942	585.0	0	0.0	585.0	0	0.0
login	7	98	147750.0	7	0.6862745098039216	147750.0	4	0.39215686274509803	788.0	15	1.4705882352941175	591.0	0	0.0	591.0	0	0.0
login	7	99	149250.0	6	0.5882352941176471	149250.0	5	0.49019607843137253	796.0	25	2.450980392156863	597.0	0	0.0	597.0	0	0.0
login	7	100	150750.0	1	0.09803921568627451	150750.0	7	0.6862745098039216	804.0	12	1.1764705882352942	603.0	0	0.0	603.0	0	0.0
login	7	101	152250.0	7	0.6862745098039216	152250.0	6	0.5882352941176471	812.0	9	0.8823529411764706	609.0	0	0.0	609.0	0	0.0
login	7	102	153750.0	7	0.6862745098039216	153750.0	1	0.09803921568627451	820.0	10	0.9803921568627451	615.0	0	0.0	615.0	0	0.0
login	7	103	155250.0	4	0.39215686274509803	155250.0	7	0.6862745098039216	828.0	7	0.6862745098039216	621.0	0	0.0	621.0	0	0.0
login	7	104	156750.0	3	0.29411764705882354	156750.0	7	0.6862745098039216	836.0	0	0.0	627.0	0	0.0	627.0	0	0.0
login	7	105	158250.0	7	0.6862745098039216	158250.0	6	0.5882352941176471	844.0	0	0.0	633.0	0	0.0	633.0	0	0.0
login	7	106	159750.0	7	0.6862745098039216	159750.0	2	0.19607843137254902	852.0	2	0.19607843137254902	639.0	0	0.0	639.0	0	0.0
login	7	107	161250.0	0	0.0	161250.0	6	0.5882352941176471	860.0	0	0.0	645.0	0	0.0	645.0	0	0.0
login	7	108	162750.0	7	0.6862745098039216	162750.0	5	0.49019607843137253	868.0	10	0.9803921568627451	651.0	0	0.0	651.0	0	0.0
login	7	109	164250.0	7	0.6862745098039216	164250.0	4	0.39215686274509803	876.0	16	1.5686274509803921	657.0	0	0.0	657.0	0	0.0
login	7	110	165750.0	7	0.6862745098039216	165750.0	6	0.5882352941176471	884.0	19	1.8627450980392157	663.0	0	0.0	663.0	0	0.0
login	7	111	167250.0	1	0.09803921568627451	167250.0	7	0.6862745098039216	892.0	35	3.4313725490196076	669.0	0	0.0	669.0	0	0.0
login	7	112	168750.0	7	0.6862745098039216	168750.0	4	0.39215686274509803	900.0	31	3.0392156862745097	675.0	0	0.0	675.0	0	0.0
login	7	113	170250.0	7	0.6862745098039216	170250.0	3	0.29411764705882354	908.0	29	2.843137254901961	681.0	0	0.0	681.0	0	0.0
login	7	114	171750.0	4	0.39215686274509803	171750.0	7	0.6862745098039216	916.0	12	1.1764705882352942	687.0	0	0.0	687.0	0	0.0
login	7	115	173250.0	3	0.29411764705882354	173250.0	7	0.6862745098039216	924.0	10	0.9803921568627451	693.0	0	0.0	693.0	0	0.0
login	7	116	174750.0	7	0.6862745098039216	174750.0	6	0.5882352941176471	932.0	1	0.09803921568627451	699.0	0	0.0	699.0	0	0.0
login	7	117	176250.0	8	0.7843137254901961	176250.0	3	0.29411764705882354	940.0	0	0.0	705.0	0	0.0	705.0	0	0.0
login	7	118	177750.0	0	0.0	177750.0	6	0.5882352941176471	948.0	2	0.19607843137254902	711.0	0	0.0	711.0	0	0.0
login	7	119	179250.0	7	0.6862745098039216	179250.0	5	0.49019607843137253	956.0	2	0.19607843137254902	717.0	0	0.0	717.0	0	0.0
login	7	120	180750.0	7	0.6862745098039216	180750.0	3	0.29411764705882354	964.0	5	0.49019607843137253	723.0	0	0.0	723.0	0	0.0
login	7	121	182250.0	0	0.0	182250.0	6	0.5882352941176471	972.0	8	0.7843137254901961	729.0	0	0.0	729.0	0	0.0
login	7	122	183750.0	7	0.6862745098039216	183750.0	7	0.6862745098039216	980.0	9	0.8823529411764706	735.0	0	0.0	735.0	0	0.0
login	7	123	185250.0	7	0.6862745098039216	185250.0	2	0.19607843137254902	988.0	14	1.3725490196078431	741.0	0	0.0	741.0	0	0.0
login	7	124	186750.0	4	0.39215686274509803	186750.0	5	0.49019607843137253	996.0	14	1.3725490196078431	747.0	0	0.0	747.0	0	0.0
login	7	125	188250.0	3	0.29411764705882354	188250.0	6	0.5882352941176471	1004.0	13	1.2745098039215685	753.0	0	0.0	753.0	0	0.0
login	7	126	189750.0	7	0.6862745098039216	189750.0	2	0.19607843137254902	1012.0	6	0.5882352941176471	759.0	0	0.0	759.0	0	0.0
login	7	127	191250.0	0	0.0	191250.0	6	0.5882352941176471	1020.0	5	0.49019607843137253	765.0	0	0.0	765.0	0	0.0
login	7	128	192750.0	7	0.6862745098039216	192750.0	6	0.5882352941176471	1028.0	4	0.39215686274509803	771.0	0	0.0	771.0	0	0.0
login	7	129	194250.0	7	0.6862745098039216	194250.0	2	0.19607843137254902	1036.0	3	0.29411764705882354	777.0	0	0.0	777.0	0	0.0
login	7	130	195750.0	5	0.49019607843137253	195750.0	7	0.6862745098039216	1044.0	2	0.19607843137254902	783.0	0	0.0	783.0	0	0.0
login	7	131	197250.0	2	0.19607843137254902	197250.0	6	0.5882352941176471	1052.0	2	0.19607843137254902	789.0	0	0.0	789.0	0	0.0
login	7	132	198750.0	7	0.6862745098039216	198750.0	3	0.29411764705882354	1060.0	3	0.29411764705882354	795.0	0	0.0	795.0	0	0.0
login	7	133	200250.0	4	0.39215686274509803	200250.0	4	0.39215686274509803	1068.0	4	0.39215686274509803	801.0	0	0.0	801.0	0	0.0
login	7	134	201750.0	3	0.29411764705882354	201750.0	7	0.6862745098039216	1076.0	4	0.39215686274509803	807.0	0	0.0	807.0	0	0.0
login	7	135	203250.0	7	0.6862745098039216	203250.0	3	0.29411764705882354	1084.0	6	0.5882352941176471	813.0	0	0.0	813.0	0	0.0
login	7	136	204750.0	7	0.6862745098039216	204750.0	4	0.39215686274509803	1092.0	12	1.1764705882352942	819.0	0	0.0	819.0	0	0.0
login	7	137	206250.0	0	0.0	206250.0	7	0.6862745098039216	1100.0	20	1.9607843137254901	825.0	0	0.0	825.0	0	0.0
login	7	138	207750.0	7	0.6862745098039216	207750.0	7	0.6862745098039216	1108.0	10	0.9803921568627451	831.0	0	0.0	831.0	0	0.0
login	7	139	209250.0	7	0.6862745098039216	209250.0	3	0.29411764705882354	1116.0	7	0.6862745098039216	837.0	0	0.0	837.0	0	0.0
login	7	140	210750.0	7	0.6862745098039216	210750.0	5	0.49019607843137253	1124.0	7	0.6862745098039216	843.0	0	0.0	843.0	0	0.0
login	7	141	212250.0	3	0.29411764705882354	212250.0	7	0.6862745098039216	1132.0	2	0.19607843137254902	849.0	0	0.0	849.0	0	0.0
login	7	142	213750.0	5	0.49019607843137253	213750.0	7	0.6862745098039216	1140.0	2	0.19607843137254902	855.0	0	0.0	855.0	0	0.0
login	7	143	215250.0	7	0.6862745098039216	215250.0	1	0.09803921568627451	1148.0	1	0.09803921568627451	861.0	0	0.0	861.0	0	0.0
login	7	144	216750.0	5	0.49019607843137253	216750.0	6	0.5882352941176471	1156.0	0	0.0	867.0	0	0.0	867.0	0	0.0
login	7	145	218250.0	2	0.19607843137254902	218250.0	7	0.6862745098039216	1164.0	7	0.6862745098039216	873.0	0	0.0	873.0	0	0.0
login	7	146	219750.0	7	0.6862745098039216	219750.0	1	0.09803921568627451	1172.0	5	0.49019607843137253	879.0	0	0.0	879.0	0	0.0
login	7	147	221250.0	0	0.0	221250.0	6	0.5882352941176471	1180.0	13	1.2745098039215685	885.0	0	0.0	885.0	0	0.0
login	7	148	222750.0	7	0.6862745098039216	222750.0	7	0.6862745098039216	1188.0	15	1.4705882352941175	891.0	0	0.0	891.0	0	0.0
login	7	149	224250.0	7	0.6862745098039216	224250.0	2	0.19607843137254902	1196.0	21	2.0588235294117645	897.0	0	0.0	897.0	0	0.0
login	7	150	225750.0	7	0.6862745098039216	225750.0	5	0.49019607843137253	1204.0	26	2.549019607843137	903.0	0	0.0	903.0	0	0.0
login	7	151	227250.0	0	0.0	227250.0	7	0.6862745098039216	1212.0	16	1.5686274509803921	909.0	0	0.0	909.0	0	0.0
login	7	152	228750.0	7	0.6862745098039216	228750.0	6	0.5882352941176471	1220.0	8	0.7843137254901961	915.0	0	0.0	915.0	0	0.0
login	7	153	230250.0	7	0.6862745098039216	230250.0	2	0.19607843137254902	1228.0	2	0.19607843137254902	921.0	0	0.0	921.0	0	0.0
login	7	154	231750.0	0	0.0	231750.0	6	0.5882352941176471	1236.0	1	0.09803921568627451	927.0	0	0.0	927.0	0	0.0
login	7	155	233250.0	7	0.6862745098039216	233250.0	6	0.5882352941176471	1244.0	0	0.0	933.0	0	0.0	933.0	0	0.0
login	7	156	234750.0	7	0.6862745098039216	234750.0	2	0.19607843137254902	1252.0	2	0.19607843137254902	939.0	0	0.0	939.0	0	0.0
login	7	157	236250.0	0	0.0	236250.0	6	0.5882352941176471	1260.0	4	0.39215686274509803	945.0	0	0.0	945.0	0	0.0
login	7	158	237750.0	7	0.6862745098039216	237750.0	6	0.5882352941176471	1268.0	4	0.39215686274509803	951.0	0	0.0	951.0	0	0.0
login	7	159	239250.0	7	0.6862745098039216	239250.0	2	0.19607843137254902	1276.0	8	0.7843137254901961	957.0	0	0.0	957.0	0	0.0
login	7	160	240750.0	4	0.39215686274509803	240750.0	6	0.5882352941176471	1284.0	13	1.2745098039215685	963.0	0	0.0	963.0	0	0.0
login	7	161	242250.0	3	0.29411764705882354	242250.0	7	0.6862745098039216	1292.0	21	2.0588235294117645	969.0	0	0.0	969.0	0	0.0
login	7	162	243750.0	7	0.6862745098039216	243750.0	4	0.39215686274509803	1300.0	28	2.7450980392156863	975.0	0	0.0	975.0	0	0.0
login	7	163	245250.0	7	0.6862745098039216	245250.0	7	0.6862745098039216	1308.0	10	0.9803921568627451	981.0	0	0.0	981.0	0	0.0
login	7	164	246750.0	5	0.49019607843137253	246750.0	4	0.39215686274509803	1316.0	3	0.29411764705882354	987.0	0	0.0	987.0	0	0.0
login	7	165	248250.0	6	0.5882352941176471	248250.0	7	0.6862745098039216	1324.0	5	0.49019607843137253	993.0	0	0.0	993.0	0	0.0
login	7	166	249750.0	4	0.39215686274509803	249750.0	7	0.6862745098039216	1332.0	1	0.09803921568627451	999.0	0	0.0	999.0	0	0.0
login	7	167	251250.0	7	0.6862745098039216	251250.0	4	0.39215686274509803	1340.0	0	0.0	1005.0	0	0.0	1005.0	0	0.0
login	7	168	252750.0	5	0.49019607843137253	252750.0	3	0.29411764705882354	1348.0	0	0.0	1011.0	0	0.0	1011.0	0	0.0
login	7	169	254250.0	2	0.19607843137254902	254250.0	7	0.6862745098039216	1356.0	3	0.29411764705882354	1017.0	0	0.0	1017.0	0	0.0
login	7	170	255750.0	7	0.6862745098039216	255750.0	5	0.49019607843137253	1364.0	2	0.19607843137254902	1023.0	0	0.0	1023.0	0	0.0
login	7	171	257250.0	7	0.6862745098039216	257250.0	6	0.5882352941176471	1372.0	6	0.5882352941176471	1029.0	0	0.0	1029.0	0	0.0
login	7	172	258750.0	6	0.5882352941176471	258750.0	4	0.39215686274509803	1380.0	3	0.29411764705882354	1035.0	0	0.0	1035.0	0	0.0
login	7	173	260250.0	1	0.09803921568627451	260250.0	6	0.5882352941176471	1388.0	8	0.7843137254901961	1041.0	0	0.0	1041.0	0	0.0
login	7	174	261750.0	7	0.6862745098039216	261750.0	5	0.49019607843137253	1396.0	5	0.49019607843137253	1047.0	0	0.0	1047.0	0	0.0
login	7	175	263250.0	7	0.6862745098039216	263250.0	2	0.19607843137254902	1404.0	8	0.7843137254901961	1053.0	0	0.0	1053.0	0	0.0
login	7	176	264750.0	0	0.0	264750.0	7	0.6862745098039216	1412.0	5	0.49019607843137253	1059.0	0	0.0	1059.0	0	0.0
login	7	177	266250.0	7	0.6862745098039216	266250.0	5	0.49019607843137253	1420.0	3	0.29411764705882354	1065.0	0	0.0	1065.0	0	0.0
login	7	178	267750.0	7	0.6862745098039216	267750.0	2	0.19607843137254902	1428.0	2	0.19607843137254902	1071.0	0	0.0	1071.0	0	0.0
login	7	179	269250.0	1	0.09803921568627451	269250.0	7	0.6862745098039216	1436.0	2	0.19607843137254902	1077.0	0	0.0	1077.0	0	0.0
login	7	180	270750.0	6	0.5882352941176471	270750.0	6	0.5882352941176471	1444.0	0	0.0	1083.0	0	0.0	1083.0	0	0.0
login	7	181	272250.0	7	0.6862745098039216	272250.0	2	0.19607843137254902	1452.0	0	0.0	1089.0	0	0.0	1089.0	0	0.0
login	7	182	273750.0	0	0.0	273750.0	6	0.5882352941176471	1460.0	0	0.0	1095.0	0	0.0	1095.0	0	0.0
login	7	183	275250.0	7	0.6862745098039216	275250.0	7	0.6862745098039216	1468.0	0	0.0	1101.0	0	0.0	1101.0	0	0.0
login	7	184	276750.0	7	0.6862745098039216	276750.0	4	0.39215686274509803	1476.0	3	0.29411764705882354	1107.0	0	0.0	1107.0	0	0.0
login	7	185	278250.0	7	0.6862745098039216	278250.0	4	0.39215686274509803	1484.0	2	0.19607843137254902	1113.0	0	0.0	1113.0	0	0.0
login	7	186	279750.0	0	0.0	279750.0	6	0.5882352941176471	1492.0	2	0.19607843137254902	1119.0	0	0.0	1119.0	0	0.0
login	7	187	281250.0	7	0.6862745098039216	281250.0	6	0.5882352941176471	1500.0	1	0.09803921568627451	1125.0	0	0.0	1125.0	0	0.0
login	7	188	282750.0	7	0.6862745098039216	282750.0	1	0.09803921568627451	1508.0	2	0.19607843137254902	1131.0	0	0.0	1131.0	0	0.0
login	7	189	284250.0	4	0.39215686274509803	284250.0	7	0.6862745098039216	1516.0	1	0.09803921568627451	1137.0	0	0.0	1137.0	0	0.0
login	7	190	285750.0	3	0.29411764705882354	285750.0	7	0.6862745098039216	1524.0	1	0.09803921568627451	1143.0	0	0.0	1143.0	0	0.0
login	7	191	287250.0	7	0.6862745098039216	287250.0	1	0.09803921568627451	1532.0	0	0.0	1149.0	0	0.0	1149.0	0	0.0
login	7	192	288750.0	4	0.39215686274509803	288750.0	6	0.5882352941176471	1540.0	0	0.0	1155.0	0	0.0	1155.0	0	0.0
login	7	193	290250.0	3	0.29411764705882354	290250.0	6	0.5882352941176471	1548.0	0	0.0	1161.0	0	0.0	1161.0	0	0.0
login	7	194	291750.0	7	0.6862745098039216	291750.0	2	0.19607843137254902	1556.0	0	0.0	1167.0	0	0.0	1167.0	0	0.0
login	7	195	293250.0	4	0.39215686274509803	293250.0	6	0.5882352941176471	1564.0	0	0.0	1173.0	0	0.0	1173.0	0	0.0
login	7	196	294750.0	3	0.29411764705882354	294750.0	7	0.6862745098039216	1572.0	1	0.09803921568627451	1179.0	0	0.0	1179.0	0	0.0
login	7	197	296250.0	7	0.6862745098039216	296250.0	3	0.29411764705882354	1580.0	0	0.0	1185.0	0	0.0	1185.0	0	0.0
login	7	198	297750.0	7	0.6862745098039216	297750.0	5	0.49019607843137253	1588.0	2	0.19607843137254902	1191.0	0	0.0	1191.0	0	0.0
login	7	199	299250.0	1	0.09803921568627451	299250.0	7	0.6862745098039216	1596.0	0	0.0	1197.0	0	0.0	1197.0	0	0.0
info	7	0	748.5	9	0.8823529411764706	748.5	9	0.8823529411764706	3.0	370	36.27450980392157	3.0	1020	100.0	3.0	1020	100.0
info	7	1	2245.5	6	0.5882352941176471	2245.5	6	0.5882352941176471	9.0	113	11.07843137254902	9.0	0	0.0	9.0	0	0.0
info	7	2	3742.5	4	0.39215686274509803	3742.5	3	0.29411764705882354	15.0	56	5.490196078431373	15.0	0	0.0	15.0	0	0.0
info	7	3	5239.5	6	0.5882352941176471	5239.5	7	0.6862745098039216	21.0	30	2.941176470588235	21.0	0	0.0	21.0	0	0.0
info	7	4	6736.5	7	0.6862745098039216	6736.5	7	0.6862745098039216	27.0	4	0.39215686274509803	27.0	0	0.0	27.0	0	0.0
info	7	5	8233.5	4	0.39215686274509803	8233.5	4	0.39215686274509803	33.0	6	0.5882352941176471	33.0	0	0.0	33.0	0	0.0
info	7	6	9730.5	4	0.39215686274509803	9730.5	4	0.39215686274509803	39.0	3	0.29411764705882354	39.0	0	0.0	39.0	0	0.0
info	7	7	11227.5	7	0.6862745098039216	11227.5	7	0.6862745098039216	45.0	2	0.19607843137254902	45.0	0	0.0	45.0	0	0.0
info	7	8	12724.5	6	0.5882352941176471	12724.5	6	0.5882352941176471	51.0	1	0.09803921568627451	51.0	0	0.0	51.0	0	0.0
info	7	9	14221.5	1	0.09803921568627451	14221.5	1	0.09803921568627451	57.0	2	0.19607843137254902	57.0	0	0.0	57.0	0	0.0
info	7	10	15718.5	7	0.6862745098039216	15718.5	7	0.6862745098039216	63.0	9	0.8823529411764706	63.0	0	0.0	63.0	0	0.0
info	7	11	17215.5	7	0.6862745098039216	17215.5	7	0.6862745098039216	69.0	23	2.2549019607843137	69.0	0	0.0	69.0	0	0.0
info	7	12	18712.5	3	0.29411764705882354	18712.5	2	0.19607843137254902	75.0	48	4.705882352941177	75.0	0	0.0	75.0	0	0.0
info	7	13	20209.5	6	0.5882352941176471	20209.5	7	0.6862745098039216	81.0	36	3.5294117647058822	81.0	0	0.0	81.0	0	0.0
info	7	14	21706.5	7	0.6862745098039216	21706.5	7	0.6862745098039216	87.0	27	2.6470588235294117	87.0	0	0.0	87.0	0	0.0
info	7	15	23203.5	4	0.39215686274509803	23203.5	4	0.39215686274509803	93.0	25	2.450980392156863	93.0	0	0.0	93.0	0	0.0
info	7	16	24700.5	5	0.49019607843137253	24700.5	4	0.39215686274509803	99.0	16	1.5686274509803921	99.0	0	0.0	99.0	0	0.0
info	7	17	26197.5	6	0.5882352941176471	26197.5	7	0.6862745098039216	105.0	16	1.5686274509803921	105.0	0	0.0	105.0	0	0.0
info	7	18	27694.5	5	0.49019607843137253	27694.5	5	0.49019607843137253	111.0	8	0.7843137254901961	111.0	0	0.0	111.0	0	0.0
info	7	19	29191.5	4	0.39215686274509803	29191.5	3	0.29411764705882354	117.0	6	0.5882352941176471	117.0	0	0.0	117.0	0	0.0
info	7	20	30688.5	6	0.5882352941176471	30688.5	7	0.6862745098039216	123.0	3	0.29411764705882354	123.0	0	0.0	123.0	0	0.0
info	7	21	32185.5	7	0.6862745098039216	32185.5	7	0.6862745098039216	129.0	2	0.19607843137254902	129.0	0	0.0	129.0	0	0.0
info	7	22	33682.5	5	0.49019607843137253	33682.5	5	0.49019607843137253	135.0	1	0.09803921568627451	135.0	0	0.0	135.0	0	0.0
info	7	23	35179.5	4	0.39215686274509803	35179.5	3	0.29411764705882354	141.0	0	0.0	141.0	0	0.0	141.0	0	0.0
info	7	24	36676.5	5	0.49019607843137253	36676.5	6	0.5882352941176471	147.0	0	0.0	147.0	0	0.0	147.0	0	0.0
info	7	25	38173.5	7	0.6862745098039216	38173.5	7	0.6862745098039216	153.0	1	0.09803921568627451	153.0	0	0.0	153.0	0	0.0
info	7	26	39670.5	2	0.19607843137254902	39670.5	0	0.0	159.0	0	0.0	159.0	0	0.0	159.0	0	0.0
info	7	27	41167.5	5	0.49019607843137253	41167.5	7	0.6862745098039216	165.0	1	0.09803921568627451	165.0	0	0.0	165.0	0	0.0
info	7	28	42664.5	7	0.6862745098039216	42664.5	7	0.6862745098039216	171.0	0	0.0	171.0	0	0.0	171.0	0	0.0
info	7	29	44161.5	1	0.09803921568627451	44161.5	0	0.0	177.0	2	0.19607843137254902	177.0	0	0.0	177.0	0	0.0
info	7	30	45658.5	6	0.5882352941176471	45658.5	7	0.6862745098039216	183.0	10	0.9803921568627451	183.0	0	0.0	183.0	0	0.0
info	7	31	47155.5	5	0.49019607843137253	47155.5	5	0.49019607843137253	189.0	3	0.29411764705882354	189.0	0	0.0	189.0	0	0.0
info	7	32	48652.5	3	0.29411764705882354	48652.5	2	0.19607843137254902	195.0	13	1.2745098039215685	195.0	0	0.0	195.0	0	0.0
info	7	33	50149.5	6	0.5882352941176471	50149.5	7	0.6862745098039216	201.0	7	0.6862745098039216	201.0	0	0.0	201.0	0	0.0
info	7	34	51646.5	7	0.6862745098039216	51646.5	7	0.6862745098039216	207.0	7	0.6862745098039216	207.0	0	0.0	207.0	0	0.0
info	7	35	53143.5	3	0.29411764705882354	53143.5	1	0.09803921568627451	213.0	6	0.5882352941176471	213.0	0	0.0	213.0	0	0.0
info	7	36	54640.5	5	0.49019607843137253	54640.5	7	0.6862745098039216	219.0	1	0.09803921568627451	219.0	0	0.0	219.0	0	0.0
info	7	37	56137.5	7	0.6862745098039216	56137.5	7	0.6862745098039216	225.0	1	0.09803921568627451	225.0	0	0.0	225.0	0	0.0
info	7	38	57634.5	6	0.5882352941176471	57634.5	6	0.5882352941176471	231.0	2	0.19607843137254902	231.0	0	0.0	231.0	0	0.0
info	7	39	59131.5	2	0.19607843137254902	59131.5	1	0.09803921568627451	237.0	2	0.19607843137254902	237.0	0	0.0	237.0	0	0.0
info	7	40	60628.5	6	0.5882352941176471	60628.5	7	0.6862745098039216	243.0	0	0.0	243.0	0	0.0	243.0	0	0.0
info	7	41	62125.5	7	0.6862745098039216	62125.5	7	0.6862745098039216	249.0	0	0.0	249.0	0	0.0	249.0	0	0.0
info	7	42	63622.5	1	0.09803921568627451	63622.5	0	0.0	255.0	0	0.0	255.0	0	0.0	255.0	0	0.0
info	7	43	65119.5	7	0.6862745098039216	65119.5	8	0.7843137254901961	261.0	0	0.0	261.0	0	0.0	261.0	0	0.0
info	7	44	66616.5	8	0.7843137254901961	66616.5	8	0.7843137254901961	267.0	1	0.09803921568627451	267.0	0	0.0	267.0	0	0.0
info	7	45	68113.5	6	0.5882352941176471	68113.5	5	0.49019607843137253	273.0	0	0.0	273.0	0	0.0	273.0	0	0.0
info	7	46	69610.5	7	0.6862745098039216	69610.5	7	0.6862745098039216	279.0	2	0.19607843137254902	279.0	0	0.0	279.0	0	0.0
info	7	47	71107.5	6	0.5882352941176471	71107.5	7	0.6862745098039216	285.0	6	0.5882352941176471	285.0	0	0.0	285.0	0	0.0
info	7	48	72604.5	7	0.6862745098039216	72604.5	7	0.6862745098039216	291.0	4	0.39215686274509803	291.0	0	0.0	291.0	0	0.0
info	7	49	74101.5	7	0.6862745098039216	74101.5	7	0.6862745098039216	297.0	1	0.09803921568627451	297.0	0	0.0	297.0	0	0.0
info	7	50	75598.5	7	0.6862745098039216	75598.5	7	0.6862745098039216	303.0	2	0.19607843137254902	303.0	0	0.0	303.0	0	0.0
info	7	51	77095.5	1	0.09803921568627451	77095.5	0	0.0	309.0	4	0.39215686274509803	309.0	0	0.0	309.0	0	0.0
info	7	52	78592.5	6	0.5882352941176471	78592.5	7	0.6862745098039216	315.0	2	0.19607843137254902	315.0	0	0.0	315.0	0	0.0
info	7	53	80089.5	7	0.6862745098039216	80089.5	7	0.6862745098039216	321.0	5	0.49019607843137253	321.0	0	0.0	321.0	0	0.0
info	7	54	81586.5	4	0.39215686274509803	81586.5	4	0.39215686274509803	327.0	0	0.0	327.0	0	0.0	327.0	0	0.0
info	7	55	83083.5	4	0.39215686274509803	83083.5	3	0.29411764705882354	333.0	2	0.19607843137254902	333.0	0	0.0	333.0	0	0.0
info	7	56	84580.5	6	0.5882352941176471	84580.5	7	0.6862745098039216	339.0	0	0.0	339.0	0	0.0	339.0	0	0.0
info	7	57	86077.5	6	0.5882352941176471	86077.5	6	0.5882352941176471	345.0	0	0.0	345.0	0	0.0	345.0	0	0.0
info	7	58	87574.5	2	0.19607843137254902	87574.5	1	0.09803921568627451	351.0	0	0.0	351.0	0	0.0	351.0	0	0.0
info	7	59	89071.5	6	0.5882352941176471	89071.5	7	0.6862745098039216	357.0	0	0.0	357.0	0	0.0	357.0	0	0.0
info	7	60	90568.5	2	0.19607843137254902	90568.5	0	0.0	363.0	0	0.0	363.0	0	0.0	363.0	0	0.0
info	7	61	92065.5	5	0.49019607843137253	92065.5	7	0.6862745098039216	369.0	1	0.09803921568627451	369.0	0	0.0	369.0	0	0.0
info	7	62	93562.5	7	0.6862745098039216	93562.5	7	0.6862745098039216	375.0	5	0.49019607843137253	375.0	0	0.0	375.0	0	0.0
info	7	63	95059.5	5	0.49019607843137253	95059.5	5	0.49019607843137253	381.0	2	0.19607843137254902	381.0	0	0.0	381.0	0	0.0
info	7	64	96556.5	4	0.39215686274509803	96556.5	3	0.29411764705882354	387.0	5	0.49019607843137253	387.0	0	0.0	387.0	0	0.0
info	7	65	98053.5	6	0.5882352941176471	98053.5	7	0.6862745098039216	393.0	6	0.5882352941176471	393.0	0	0.0	393.0	0	0.0
info	7	66	99550.5	4	0.39215686274509803	99550.5	4	0.39215686274509803	399.0	11	1.0784313725490196	399.0	0	0.0	399.0	0	0.0
info	7	67	101047.5	4	0.39215686274509803	101047.5	4	0.39215686274509803	405.0	8	0.7843137254901961	405.0	0	0.0	405.0	0	0.0
info	7	68	102544.5	7	0.6862745098039216	102544.5	7	0.6862745098039216	411.0	6	0.5882352941176471	411.0	0	0.0	411.0	0	0.0
info	7	69	104041.5	6	0.5882352941176471	104041.5	6	0.5882352941176471	417.0	4	0.39215686274509803	417.0	0	0.0	417.0	0	0.0
info	7	70	105538.5	2	0.19607843137254902	105538.5	1	0.09803921568627451	423.0	3	0.29411764705882354	423.0	0	0.0	423.0	0	0.0
info	7	71	107035.5	6	0.5882352941176471	107035.5	7	0.6862745098039216	429.0	1	0.09803921568627451	429.0	0	0.0	429.0	0	0.0
info	7	72	108532.5	6	0.5882352941176471	108532.5	6	0.5882352941176471	435.0	1	0.09803921568627451	435.0	0	0.0	435.0	0	0.0
info	7	73	110029.5	1	0.09803921568627451	110029.5	1	0.09803921568627451	441.0	0	0.0	441.0	0	0.0	441.0	0	0.0
info	7	74	111526.5	7	0.6862745098039216	111526.5	7	0.6862745098039216	447.0	0	0.0	447.0	0	0.0	447.0	0	0.0
info	7	75	113023.5	7	0.6862745098039216	113023.5	7	0.6862745098039216	453.0	0	0.0	453.0	0	0.0	453.0	0	0.0
info	7	76	114520.5	2	0.19607843137254902	114520.5	1	0.09803921568627451	459.0	0	0.0	459.0	0	0.0	459.0	0	0.0
info	7	77	116017.5	5	0.49019607843137253	116017.5	6	0.5882352941176471	465.0	1	0.09803921568627451	465.0	0	0.0	465.0	0	0.0
info	7	78	117514.5	7	0.6862745098039216	117514.5	7	0.6862745098039216	471.0	3	0.29411764705882354	471.0	0	0.0	471.0	0	0.0
info	7	79	119011.5	6	0.5882352941176471	119011.5	5	0.49019607843137253	477.0	2	0.19607843137254902	477.0	0	0.0	477.0	0	0.0
info	7	80	120508.5	2	0.19607843137254902	120508.5	2	0.19607843137254902	483.0	5	0.49019607843137253	483.0	0	0.0	483.0	0	0.0
info	7	81	122005.5	6	0.5882352941176471	122005.5	7	0.6862745098039216	489.0	1	0.09803921568627451	489.0	0	0.0	489.0	0	0.0
info	7	82	123502.5	5	0.49019607843137253	123502.5	5	0.49019607843137253	495.0	3	0.29411764705882354	495.0	0	0.0	495.0	0	0.0
info	7	83	124999.5	2	0.19607843137254902	124999.5	2	0.19607843137254902	501.0	5	0.49019607843137253	501.0	0	0.0	501.0	0	0.0
info	7	84	126496.5	7	0.6862745098039216	126496.5	7	0.6862745098039216	507.0	3	0.29411764705882354	507.0	0	0.0	507.0	0	0.0
info	7	85	127993.5	6	0.5882352941176471	127993.5	6	0.5882352941176471	513.0	0	0.0	513.0	0	0.0	513.0	0	0.0
info	7	86	129490.5	3	0.29411764705882354	129490.5	2	0.19607843137254902	519.0	3	0.29411764705882354	519.0	0	0.0	519.0	0	0.0
info	7	87	130987.5	6	0.5882352941176471	130987.5	7	0.6862745098039216	525.0	1	0.09803921568627451	525.0	0	0.0	525.0	0	0.0
info	7	88	132484.5	7	0.6862745098039216	132484.5	7	0.6862745098039216	531.0	0	0.0	531.0	0	0.0	531.0	0	0.0
info	7	89	133981.5	7	0.6862745098039216	133981.5	7	0.6862745098039216	537.0	0	0.0	537.0	0	0.0	537.0	0	0.0
info	7	90	135478.5	5	0.49019607843137253	135478.5	5	0.49019607843137253	543.0	0	0.0	543.0	0	0.0	543.0	0	0.0
info	7	91	136975.5	3	0.29411764705882354	136975.5	3	0.29411764705882354	549.0	0	0.0	549.0	0	0.0	549.0	0	0.0
info	7	92	138472.5	7	0.6862745098039216	138472.5	7	0.6862745098039216	555.0	0	0.0	555.0	0	0.0	555.0	0	0.0
info	7	93	139969.5	7	0.6862745098039216	139969.5	7	0.6862745098039216	561.0	0	0.0	561.0	0	0.0	561.0	0	0.0
info	7	94	141466.5	4	0.39215686274509803	141466.5	4	0.39215686274509803	567.0	0	0.0	567.0	0	0.0	567.0	0	0.0
info	7	95	142963.5	3	0.29411764705882354	142963.5	3	0.29411764705882354	573.0	0	0.0	573.0	0	0.0	573.0	0	0.0
info	7	96	144460.5	7	0.6862745098039216	144460.5	7	0.6862745098039216	579.0	1	0.09803921568627451	579.0	0	0.0	579.0	0	0.0
info	7	97	145957.5	7	0.6862745098039216	145957.5	7	0.6862745098039216	585.0	2	0.19607843137254902	585.0	0	0.0	585.0	0	0.0
info	7	98	147454.5	2	0.19607843137254902	147454.5	1	0.09803921568627451	591.0	0	0.0	591.0	0	0.0	591.0	0	0.0
info	7	99	148951.5	5	0.49019607843137253	148951.5	6	0.5882352941176471	597.0	2	0.19607843137254902	597.0	0	0.0	597.0	0	0.0
info	7	100	150448.5	7	0.6862745098039216	150448.5	7	0.6862745098039216	603.0	1	0.09803921568627451	603.0	0	0.0	603.0	0	0.0
info	7	101	151945.5	7	0.6862745098039216	151945.5	7	0.6862745098039216	609.0	1	0.09803921568627451	609.0	0	0.0	609.0	0	0.0
info	7	102	153442.5	4	0.39215686274509803	153442.5	4	0.39215686274509803	615.0	0	0.0	615.0	0	0.0	615.0	0	0.0
info	7	103	154939.5	3	0.29411764705882354	154939.5	3	0.29411764705882354	621.0	0	0.0	621.0	0	0.0	621.0	0	0.0
info	7	104	156436.5	7	0.6862745098039216	156436.5	7	0.6862745098039216	627.0	1	0.09803921568627451	627.0	0	0.0	627.0	0	0.0
info	7	105	157933.5	7	0.6862745098039216	157933.5	7	0.6862745098039216	633.0	0	0.0	633.0	0	0.0	633.0	0	0.0
info	7	106	159430.5	1	0.09803921568627451	159430.5	0	0.0	639.0	0	0.0	639.0	0	0.0	639.0	0	0.0
info	7	107	160927.5	6	0.5882352941176471	160927.5	7	0.6862745098039216	645.0	0	0.0	645.0	0	0.0	645.0	0	0.0
info	7	108	162424.5	7	0.6862745098039216	162424.5	7	0.6862745098039216	651.0	0	0.0	651.0	0	0.0	651.0	0	0.0
info	7	109	163921.5	6	0.5882352941176471	163921.5	6	0.5882352941176471	657.0	0	0.0	657.0	0	0.0	657.0	0	0.0
info	7	110	165418.5	3	0.29411764705882354	165418.5	2	0.19607843137254902	663.0	0	0.0	663.0	0	0.0	663.0	0	0.0
info	7	111	166915.5	6	0.5882352941176471	166915.5	7	0.6862745098039216	669.0	1	0.09803921568627451	669.0	0	0.0	669.0	0	0.0
info	7	112	168412.5	7	0.6862745098039216	168412.5	7	0.6862745098039216	675.0	2	0.19607843137254902	675.0	0	0.0	675.0	0	0.0
info	7	113	169909.5	4	0.39215686274509803	169909.5	4	0.39215686274509803	681.0	2	0.19607843137254902	681.0	0	0.0	681.0	0	0.0
info	7	114	171406.5	4	0.39215686274509803	171406.5	3	0.29411764705882354	687.0	1	0.09803921568627451	687.0	0	0.0	687.0	0	0.0
info	7	115	172903.5	6	0.5882352941176471	172903.5	7	0.6862745098039216	693.0	1	0.09803921568627451	693.0	0	0.0	693.0	0	0.0
info	7	116	174400.5	7	0.6862745098039216	174400.5	7	0.6862745098039216	699.0	2	0.19607843137254902	699.0	0	0.0	699.0	0	0.0
info	7	117	175897.5	3	0.29411764705882354	175897.5	1	0.09803921568627451	705.0	1	0.09803921568627451	705.0	0	0.0	705.0	0	0.0
info	7	118	177394.5	5	0.49019607843137253	177394.5	7	0.6862745098039216	711.0	1	0.09803921568627451	711.0	0	0.0	711.0	0	0.0
info	7	119	178891.5	7	0.6862745098039216	178891.5	7	0.6862745098039216	717.0	2	0.19607843137254902	717.0	0	0.0	717.0	0	0.0
info	7	120	180388.5	3	0.29411764705882354	180388.5	1	0.09803921568627451	723.0	2	0.19607843137254902	723.0	0	0.0	723.0	0	0.0
info	7	121	181885.5	4	0.39215686274509803	181885.5	6	0.5882352941176471	729.0	1	0.09803921568627451	729.0	0	0.0	729.0	0	0.0
info	7	122	183382.5	7	0.6862745098039216	183382.5	7	0.6862745098039216	735.0	0	0.0	735.0	0	0.0	735.0	0	0.0
info	7	123	184879.5	2	0.19607843137254902	184879.5	0	0.0	741.0	0	0.0	741.0	0	0.0	741.0	0	0.0
info	7	124	186376.5	6	0.5882352941176471	186376.5	7	0.6862745098039216	747.0	0	0.0	747.0	0	0.0	747.0	0	0.0
info	7	125	187873.5	6	0.5882352941176471	187873.5	7	0.6862745098039216	753.0	0	0.0	753.0	0	0.0	753.0	0	0.0
info	7	126	189370.5	1	0.09803921568627451	189370.5	0	0.0	759.0	0	0.0	759.0	0	0.0	759.0	0	0.0
info	7	127	190867.5	6	0.5882352941176471	190867.5	7	0.6862745098039216	765.0	0	0.0	765.0	0	0.0	765.0	0	0.0
info	7	128	192364.5	7	0.6862745098039216	192364.5	7	0.6862745098039216	771.0	0	0.0	771.0	0	0.0	771.0	0	0.0
info	7	129	193861.5	4	0.39215686274509803	193861.5	4	0.39215686274509803	777.0	1	0.09803921568627451	777.0	0	0.0	777.0	0	0.0
info	7	130	195358.5	4	0.39215686274509803	195358.5	3	0.29411764705882354	783.0	2	0.19607843137254902	783.0	0	0.0	783.0	0	0.0
info	7	131	196855.5	6	0.5882352941176471	196855.5	7	0.6862745098039216	789.0	3	0.29411764705882354	789.0	0	0.0	789.0	0	0.0
info	7	132	198352.5	4	0.39215686274509803	198352.5	4	0.39215686274509803	795.0	0	0.0	795.0	0	0.0	795.0	0	0.0
info	7	133	199849.5	4	0.39215686274509803	199849.5	3	0.29411764705882354	801.0	2	0.19607843137254902	801.0	0	0.0	801.0	0	0.0
info	7	134	201346.5	6	0.5882352941176471	201346.5	7	0.6862745098039216	807.0	0	0.0	807.0	0	0.0	807.0	0	0.0
info	7	135	202843.5	7	0.6862745098039216	202843.5	7	0.6862745098039216	813.0	5	0.49019607843137253	813.0	0	0.0	813.0	0	0.0
info	7	136	204340.5	1	0.09803921568627451	204340.5	0	0.0	819.0	0	0.0	819.0	0	0.0	819.0	0	0.0
info	7	137	205837.5	6	0.5882352941176471	205837.5	7	0.6862745098039216	825.0	0	0.0	825.0	0	0.0	825.0	0	0.0
info	7	138	207334.5	7	0.6862745098039216	207334.5	7	0.6862745098039216	831.0	0	0.0	831.0	0	0.0	831.0	0	0.0
info	7	139	208831.5	5	0.49019607843137253	208831.5	5	0.49019607843137253	837.0	0	0.0	837.0	0	0.0	837.0	0	0.0
info	7	140	210328.5	3	0.29411764705882354	210328.5	3	0.29411764705882354	843.0	0	0.0	843.0	0	0.0	843.0	0	0.0
info	7	141	211825.5	7	0.6862745098039216	211825.5	7	0.6862745098039216	849.0	0	0.0	849.0	0	0.0	849.0	0	0.0
info	7	142	213322.5	7	0.6862745098039216	213322.5	7	0.6862745098039216	855.0	0	0.0	855.0	0	0.0	855.0	0	0.0
info	7	143	214819.5	2	0.19607843137254902	214819.5	0	0.0	861.0	0	0.0	861.0	0	0.0	861.0	0	0.0
info	7	144	216316.5	5	0.49019607843137253	216316.5	7	0.6862745098039216	867.0	0	0.0	867.0	0	0.0	867.0	0	0.0
info	7	145	217813.5	7	0.6862745098039216	217813.5	7	0.6862745098039216	873.0	1	0.09803921568627451	873.0	0	0.0	873.0	0	0.0
info	7	146	219310.5	2	0.19607843137254902	219310.5	0	0.0	879.0	1	0.09803921568627451	879.0	0	0.0	879.0	0	0.0
info	7	147	220807.5	5	0.49019607843137253	220807.5	7	0.6862745098039216	885.0	0	0.0	885.0	0	0.0	885.0	0	0.0
info	7	148	222304.5	7	0.6862745098039216	222304.5	7	0.6862745098039216	891.0	4	0.39215686274509803	891.0	0	0.0	891.0	0	0.0
info	7	149	223801.5	6	0.5882352941176471	223801.5	6	0.5882352941176471	897.0	1	0.09803921568627451	897.0	0	0.0	897.0	0	0.0
info	7	150	225298.5	1	0.09803921568627451	225298.5	1	0.09803921568627451	903.0	0	0.0	903.0	0	0.0	903.0	0	0.0
info	7	151	226795.5	7	0.6862745098039216	226795.5	7	0.6862745098039216	909.0	1	0.09803921568627451	909.0	0	0.0	909.0	0	0.0
info	7	152	228292.5	7	0.6862745098039216	228292.5	7	0.6862745098039216	915.0	0	0.0	915.0	0	0.0	915.0	0	0.0
info	7	153	229789.5	1	0.09803921568627451	229789.5	0	0.0	921.0	0	0.0	921.0	0	0.0	921.0	0	0.0
info	7	154	231286.5	6	0.5882352941176471	231286.5	7	0.6862745098039216	927.0	0	0.0	927.0	0	0.0	927.0	0	0.0
info	7	155	232783.5	7	0.6862745098039216	232783.5	7	0.6862745098039216	933.0	0	0.0	933.0	0	0.0	933.0	0	0.0
info	7	156	234280.5	1	0.09803921568627451	234280.5	0	0.0	939.0	0	0.0	939.0	0	0.0	939.0	0	0.0
info	7	157	235777.5	6	0.5882352941176471	235777.5	7	0.6862745098039216	945.0	0	0.0	945.0	0	0.0	945.0	0	0.0
info	7	158	237274.5	7	0.6862745098039216	237274.5	7	0.6862745098039216	951.0	0	0.0	951.0	0	0.0	951.0	0	0.0
info	7	159	238771.5	4	0.39215686274509803	238771.5	4	0.39215686274509803	957.0	0	0.0	957.0	0	0.0	957.0	0	0.0
info	7	160	240268.5	3	0.29411764705882354	240268.5	3	0.29411764705882354	963.0	0	0.0	963.0	0	0.0	963.0	0	0.0
info	7	161	241765.5	7	0.6862745098039216	241765.5	7	0.6862745098039216	969.0	0	0.0	969.0	0	0.0	969.0	0	0.0
info	7	162	243262.5	4	0.39215686274509803	243262.5	4	0.39215686274509803	975.0	0	0.0	975.0	0	0.0	975.0	0	0.0
info	7	163	244759.5	7	0.6862745098039216	244759.5	7	0.6862745098039216	981.0	0	0.0	981.0	0	0.0	981.0	0	0.0
info	7	164	246256.5	4	0.39215686274509803	246256.5	4	0.39215686274509803	987.0	0	0.0	987.0	0	0.0	987.0	0	0.0
info	7	165	247753.5	7	0.6862745098039216	247753.5	7	0.6862745098039216	993.0	2	0.19607843137254902	993.0	0	0.0	993.0	0	0.0
info	7	166	249250.5	7	0.6862745098039216	249250.5	7	0.6862745098039216	999.0	0	0.0	999.0	0	0.0	999.0	0	0.0
info	7	167	250747.5	4	0.39215686274509803	250747.5	4	0.39215686274509803	1005.0	0	0.0	1005.0	0	0.0	1005.0	0	0.0
info	7	168	252244.5	3	0.29411764705882354	252244.5	3	0.29411764705882354	1011.0	0	0.0	1011.0	0	0.0	1011.0	0	0.0
info	7	169	253741.5	7	0.6862745098039216	253741.5	7	0.6862745098039216	1017.0	0	0.0	1017.0	0	0.0	1017.0	0	0.0
info	7	170	255238.5	7	0.6862745098039216	255238.5	7	0.6862745098039216	1023.0	0	0.0	1023.0	0	0.0	1023.0	0	0.0
info	7	171	256735.5	4	0.39215686274509803	256735.5	4	0.39215686274509803	1029.0	0	0.0	1029.0	0	0.0	1029.0	0	0.0
info	7	172	258232.5	4	0.39215686274509803	258232.5	3	0.29411764705882354	1035.0	0	0.0	1035.0	0	0.0	1035.0	0	0.0
info	7	173	259729.5	6	0.5882352941176471	259729.5	7	0.6862745098039216	1041.0	0	0.0	1041.0	0	0.0	1041.0	0	0.0
info	7	174	261226.5	6	0.5882352941176471	261226.5	6	0.5882352941176471	1047.0	0	0.0	1047.0	0	0.0	1047.0	0	0.0
info	7	175	262723.5	1	0.09803921568627451	262723.5	1	0.09803921568627451	1053.0	0	0.0	1053.0	0	0.0	1053.0	0	0.0
info	7	176	264220.5	7	0.6862745098039216	264220.5	7	0.6862745098039216	1059.0	0	0.0	1059.0	0	0.0	1059.0	0	0.0
info	7	177	265717.5	6	0.5882352941176471	265717.5	6	0.5882352941176471	1065.0	0	0.0	1065.0	0	0.0	1065.0	0	0.0
info	7	178	267214.5	1	0.09803921568627451	267214.5	1	0.09803921568627451	1071.0	0	0.0	1071.0	0	0.0	1071.0	0	0.0
info	7	179	268711.5	7	0.6862745098039216	268711.5	7	0.6862745098039216	1077.0	0	0.0	1077.0	0	0.0	1077.0	0	0.0
info	7	180	270208.5	6	0.5882352941176471	270208.5	6	0.5882352941176471	1083.0	0	0.0	1083.0	0	0.0	1083.0	0	0.0
info	7	181	271705.5	2	0.19607843137254902	271705.5	1	0.09803921568627451	1089.0	0	0.0	1089.0	0	0.0	1089.0	0	0.0
info	7	182	273202.5	6	0.5882352941176471	273202.5	7	0.6862745098039216	1095.0	0	0.0	1095.0	0	0.0	1095.0	0	0.0
info	7	183	274699.5	7	0.6862745098039216	274699.5	7	0.6862745098039216	1101.0	1	0.09803921568627451	1101.0	0	0.0	1101.0	0	0.0
info	7	184	276196.5	4	0.39215686274509803	276196.5	4	0.39215686274509803	1107.0	0	0.0	1107.0	0	0.0	1107.0	0	0.0
info	7	185	277693.5	4	0.39215686274509803	277693.5	3	0.29411764705882354	1113.0	0	0.0	1113.0	0	0.0	1113.0	0	0.0
info	7	186	279190.5	6	0.5882352941176471	279190.5	7	0.6862745098039216	1119.0	0	0.0	1119.0	0	0.0	1119.0	0	0.0
info	7	187	280687.5	6	0.5882352941176471	280687.5	6	0.5882352941176471	1125.0	0	0.0	1125.0	0	0.0	1125.0	0	0.0
info	7	188	282184.5	1	0.09803921568627451	282184.5	1	0.09803921568627451	1131.0	0	0.0	1131.0	0	0.0	1131.0	0	0.0
info	7	189	283681.5	7	0.6862745098039216	283681.5	7	0.6862745098039216	1137.0	0	0.0	1137.0	0	0.0	1137.0	0	0.0
info	7	190	285178.5	7	0.6862745098039216	285178.5	7	0.6862745098039216	1143.0	0	0.0	1143.0	0	0.0	1143.0	0	0.0
info	7	191	286675.5	3	0.29411764705882354	286675.5	0	0.0	1149.0	0	0.0	1149.0	0	0.0	1149.0	0	0.0
info	7	192	288172.5	4	0.39215686274509803	288172.5	7	0.6862745098039216	1155.0	0	0.0	1155.0	0	0.0	1155.0	0	0.0
info	7	193	289669.5	7	0.6862745098039216	289669.5	7	0.6862745098039216	1161.0	0	0.0	1161.0	0	0.0	1161.0	0	0.0
info	7	194	291166.5	1	0.09803921568627451	291166.5	0	0.0	1167.0	0	0.0	1167.0	0	0.0	1167.0	0	0.0
info	7	195	292663.5	6	0.5882352941176471	292663.5	7	0.6862745098039216	1173.0	0	0.0	1173.0	0	0.0	1173.0	0	0.0
info	7	196	294160.5	7	0.6862745098039216	294160.5	7	0.6862745098039216	1179.0	0	0.0	1179.0	0	0.0	1179.0	0	0.0
info	7	197	295657.5	3	0.29411764705882354	295657.5	2	0.19607843137254902	1185.0	0	0.0	1185.0	0	0.0	1185.0	0	0.0
info	7	198	297154.5	5	0.49019607843137253	297154.5	6	0.5882352941176471	1191.0	0	0.0	1191.0	0	0.0	1191.0	0	0.0
info	7	199	298651.5	7	0.6862745098039216	298651.5	7	0.6862745098039216	1197.0	0	0.0	1197.0	0	0.0	1197.0	0	0.0
home	7	0	748.5	9	0.8823529411764706	748.5	9	0.8823529411764706	2.0	22	2.156862745098039	3.0	1020	100.0	3.0	1020	100.0
home	7	1	2245.5	6	0.5882352941176471	2245.5	6	0.5882352941176471	6.0	350	34.31372549019608	9.0	0	0.0	9.0	0	0.0
home	7	2	3742.5	3	0.29411764705882354	3742.5	3	0.29411764705882354	10.0	73	7.1568627450980395	15.0	0	0.0	15.0	0	0.0
home	7	3	5239.5	7	0.6862745098039216	5239.5	7	0.6862745098039216	14.0	76	7.450980392156863	21.0	0	0.0	21.0	0	0.0
home	7	4	6736.5	7	0.6862745098039216	6736.5	7	0.6862745098039216	18.0	72	7.0588235294117645	27.0	0	0.0	27.0	0	0.0
home	7	5	8233.5	4	0.39215686274509803	8233.5	4	0.39215686274509803	22.0	43	4.215686274509804	33.0	0	0.0	33.0	0	0.0
home	7	6	9730.5	4	0.39215686274509803	9730.5	4	0.39215686274509803	26.0	18	1.7647058823529411	39.0	0	0.0	39.0	0	0.0
home	7	7	11227.5	7	0.6862745098039216	11227.5	7	0.6862745098039216	30.0	13	1.2745098039215685	45.0	0	0.0	45.0	0	0.0
home	7	8	12724.5	6	0.5882352941176471	12724.5	6	0.5882352941176471	34.0	0	0.0	51.0	0	0.0	51.0	0	0.0
home	7	9	14221.5	1	0.09803921568627451	14221.5	1	0.09803921568627451	38.0	1	0.09803921568627451	57.0	0	0.0	57.0	0	0.0
home	7	10	15718.5	7	0.6862745098039216	15718.5	7	0.6862745098039216	42.0	1	0.09803921568627451	63.0	0	0.0	63.0	0	0.0
home	7	11	17215.5	7	0.6862745098039216	17215.5	7	0.6862745098039216	46.0	1	0.09803921568627451	69.0	0	0.0	69.0	0	0.0
home	7	12	18712.5	2	0.19607843137254902	18712.5	2	0.19607843137254902	50.0	0	0.0	75.0	0	0.0	75.0	0	0.0
home	7	13	20209.5	7	0.6862745098039216	20209.5	7	0.6862745098039216	54.0	0	0.0	81.0	0	0.0	81.0	0	0.0
home	7	14	21706.5	7	0.6862745098039216	21706.5	7	0.6862745098039216	58.0	1	0.09803921568627451	87.0	0	0.0	87.0	0	0.0
home	7	15	23203.5	4	0.39215686274509803	23203.5	4	0.39215686274509803	62.0	3	0.29411764705882354	93.0	0	0.0	93.0	0	0.0
home	7	16	24700.5	4	0.39215686274509803	24700.5	4	0.39215686274509803	66.0	10	0.9803921568627451	99.0	0	0.0	99.0	0	0.0
home	7	17	26197.5	7	0.6862745098039216	26197.5	7	0.6862745098039216	70.0	27	2.6470588235294117	105.0	0	0.0	105.0	0	0.0
home	7	18	27694.5	5	0.49019607843137253	27694.5	4	0.39215686274509803	74.0	26	2.549019607843137	111.0	0	0.0	111.0	0	0.0
home	7	19	29191.5	3	0.29411764705882354	29191.5	4	0.39215686274509803	78.0	27	2.6470588235294117	117.0	0	0.0	117.0	0	0.0
home	7	20	30688.5	7	0.6862745098039216	30688.5	7	0.6862745098039216	82.0	67	6.568627450980392	123.0	0	0.0	123.0	0	0.0
home	7	21	32185.5	7	0.6862745098039216	32185.5	7	0.6862745098039216	86.0	51	5.0	129.0	0	0.0	129.0	0	0.0
home	7	22	33682.5	5	0.49019607843137253	33682.5	5	0.49019607843137253	90.0	24	2.3529411764705883	135.0	0	0.0	135.0	0	0.0
home	7	23	35179.5	3	0.29411764705882354	35179.5	2	0.19607843137254902	94.0	30	2.941176470588235	141.0	0	0.0	141.0	0	0.0
home	7	24	36676.5	6	0.5882352941176471	36676.5	7	0.6862745098039216	98.0	18	1.7647058823529411	147.0	0	0.0	147.0	0	0.0
home	7	25	38173.5	7	0.6862745098039216	38173.5	7	0.6862745098039216	102.0	10	0.9803921568627451	153.0	0	0.0	153.0	0	0.0
home	7	26	39670.5	0	0.0	39670.5	0	0.0	106.0	6	0.5882352941176471	159.0	0	0.0	159.0	0	0.0
home	7	27	41167.5	7	0.6862745098039216	41167.5	7	0.6862745098039216	110.0	5	0.49019607843137253	165.0	0	0.0	165.0	0	0.0
home	7	28	42664.5	7	0.6862745098039216	42664.5	7	0.6862745098039216	114.0	8	0.7843137254901961	171.0	0	0.0	171.0	0	0.0
home	7	29	44161.5	0	0.0	44161.5	0	0.0	118.0	2	0.19607843137254902	177.0	0	0.0	177.0	0	0.0
home	7	30	45658.5	7	0.6862745098039216	45658.5	7	0.6862745098039216	122.0	1	0.09803921568627451	183.0	0	0.0	183.0	0	0.0
home	7	31	47155.5	5	0.49019607843137253	47155.5	5	0.49019607843137253	126.0	0	0.0	189.0	0	0.0	189.0	0	0.0
home	7	32	48652.5	2	0.19607843137254902	48652.5	2	0.19607843137254902	130.0	0	0.0	195.0	0	0.0	195.0	0	0.0
home	7	33	50149.5	7	0.6862745098039216	50149.5	7	0.6862745098039216	134.0	0	0.0	201.0	0	0.0	201.0	0	0.0
home	7	34	51646.5	7	0.6862745098039216	51646.5	7	0.6862745098039216	138.0	0	0.0	207.0	0	0.0	207.0	0	0.0
home	7	35	53143.5	1	0.09803921568627451	53143.5	1	0.09803921568627451	142.0	0	0.0	213.0	0	0.0	213.0	0	0.0
home	7	36	54640.5	7	0.6862745098039216	54640.5	7	0.6862745098039216	146.0	0	0.0	219.0	0	0.0	219.0	0	0.0
home	7	37	56137.5	7	0.6862745098039216	56137.5	7	0.6862745098039216	150.0	0	0.0	225.0	0	0.0	225.0	0	0.0
home	7	38	57634.5	6	0.5882352941176471	57634.5	6	0.5882352941176471	154.0	0	0.0	231.0	0	0.0	231.0	0	0.0
home	7	39	59131.5	1	0.09803921568627451	59131.5	1	0.09803921568627451	158.0	0	0.0	237.0	0	0.0	237.0	0	0.0
home	7	40	60628.5	7	0.6862745098039216	60628.5	7	0.6862745098039216	162.0	0	0.0	243.0	0	0.0	243.0	0	0.0
home	7	41	62125.5	7	0.6862745098039216	62125.5	7	0.6862745098039216	166.0	1	0.09803921568627451	249.0	0	0.0	249.0	0	0.0
home	7	42	63622.5	0	0.0	63622.5	0	0.0	170.0	1	0.09803921568627451	255.0	0	0.0	255.0	0	0.0
home	7	43	65119.5	8	0.7843137254901961	65119.5	8	0.7843137254901961	174.0	1	0.09803921568627451	261.0	0	0.0	261.0	0	0.0
home	7	44	66616.5	8	0.7843137254901961	66616.5	8	0.7843137254901961	178.0	2	0.19607843137254902	267.0	0	0.0	267.0	0	0.0
home	7	45	68113.5	5	0.49019607843137253	68113.5	5	0.49019607843137253	182.0	3	0.29411764705882354	273.0	0	0.0	273.0	0	0.0
home	7	46	69610.5	7	0.6862745098039216	69610.5	7	0.6862745098039216	186.0	1	0.09803921568627451	279.0	0	0.0	279.0	0	0.0
home	7	47	71107.5	7	0.6862745098039216	71107.5	7	0.6862745098039216	190.0	1	0.09803921568627451	285.0	0	0.0	285.0	0	0.0
home	7	48	72604.5	7	0.6862745098039216	72604.5	7	0.6862745098039216	194.0	0	0.0	291.0	0	0.0	291.0	0	0.0
home	7	49	74101.5	7	0.6862745098039216	74101.5	7	0.6862745098039216	198.0	1	0.09803921568627451	297.0	0	0.0	297.0	0	0.0
home	7	50	75598.5	7	0.6862745098039216	75598.5	7	0.6862745098039216	202.0	1	0.09803921568627451	303.0	0	0.0	303.0	0	0.0
home	7	51	77095.5	0	0.0	77095.5	0	0.0	206.0	0	0.0	309.0	0	0.0	309.0	0	0.0
home	7	52	78592.5	7	0.6862745098039216	78592.5	7	0.6862745098039216	210.0	0	0.0	315.0	0	0.0	315.0	0	0.0
home	7	53	80089.5	7	0.6862745098039216	80089.5	7	0.6862745098039216	214.0	1	0.09803921568627451	321.0	0	0.0	321.0	0	0.0
home	7	54	81586.5	4	0.39215686274509803	81586.5	4	0.39215686274509803	218.0	0	0.0	327.0	0	0.0	327.0	0	0.0
home	7	55	83083.5	3	0.29411764705882354	83083.5	3	0.29411764705882354	222.0	0	0.0	333.0	0	0.0	333.0	0	0.0
home	7	56	84580.5	7	0.6862745098039216	84580.5	7	0.6862745098039216	226.0	0	0.0	339.0	0	0.0	339.0	0	0.0
home	7	57	86077.5	6	0.5882352941176471	86077.5	6	0.5882352941176471	230.0	0	0.0	345.0	0	0.0	345.0	0	0.0
home	7	58	87574.5	1	0.09803921568627451	87574.5	1	0.09803921568627451	234.0	1	0.09803921568627451	351.0	0	0.0	351.0	0	0.0
home	7	59	89071.5	7	0.6862745098039216	89071.5	7	0.6862745098039216	238.0	0	0.0	357.0	0	0.0	357.0	0	0.0
home	7	60	90568.5	0	0.0	90568.5	0	0.0	242.0	0	0.0	363.0	0	0.0	363.0	0	0.0
home	7	61	92065.5	7	0.6862745098039216	92065.5	7	0.6862745098039216	246.0	0	0.0	369.0	0	0.0	369.0	0	0.0
home	7	62	93562.5	7	0.6862745098039216	93562.5	7	0.6862745098039216	250.0	0	0.0	375.0	0	0.0	375.0	0	0.0
home	7	63	95059.5	5	0.49019607843137253	95059.5	5	0.49019607843137253	254.0	0	0.0	381.0	0	0.0	381.0	0	0.0
home	7	64	96556.5	3	0.29411764705882354	96556.5	3	0.29411764705882354	258.0	0	0.0	387.0	0	0.0	387.0	0	0.0
home	7	65	98053.5	7	0.6862745098039216	98053.5	7	0.6862745098039216	262.0	0	0.0	393.0	0	0.0	393.0	0	0.0
home	7	66	99550.5	4	0.39215686274509803	99550.5	4	0.39215686274509803	266.0	0	0.0	399.0	0	0.0	399.0	0	0.0
home	7	67	101047.5	4	0.39215686274509803	101047.5	4	0.39215686274509803	270.0	0	0.0	405.0	0	0.0	405.0	0	0.0
home	7	68	102544.5	7	0.6862745098039216	102544.5	7	0.6862745098039216	274.0	0	0.0	411.0	0	0.0	411.0	0	0.0
home	7	69	104041.5	6	0.5882352941176471	104041.5	6	0.5882352941176471	278.0	0	0.0	417.0	0	0.0	417.0	0	0.0
home	7	70	105538.5	1	0.09803921568627451	105538.5	1	0.09803921568627451	282.0	0	0.0	423.0	0	0.0	423.0	0	0.0
home	7	71	107035.5	7	0.6862745098039216	107035.5	7	0.6862745098039216	286.0	0	0.0	429.0	0	0.0	429.0	0	0.0
home	7	72	108532.5	6	0.5882352941176471	108532.5	5	0.49019607843137253	290.0	1	0.09803921568627451	435.0	0	0.0	435.0	0	0.0
home	7	73	110029.5	1	0.09803921568627451	110029.5	2	0.19607843137254902	294.0	0	0.0	441.0	0	0.0	441.0	0	0.0
home	7	74	111526.5	7	0.6862745098039216	111526.5	7	0.6862745098039216	298.0	0	0.0	447.0	0	0.0	447.0	0	0.0
home	7	75	113023.5	7	0.6862745098039216	113023.5	7	0.6862745098039216	302.0	1	0.09803921568627451	453.0	0	0.0	453.0	0	0.0
home	7	76	114520.5	1	0.09803921568627451	114520.5	0	0.0	306.0	0	0.0	459.0	0	0.0	459.0	0	0.0
home	7	77	116017.5	6	0.5882352941176471	116017.5	7	0.6862745098039216	310.0	0	0.0	465.0	0	0.0	465.0	0	0.0
home	7	78	117514.5	7	0.6862745098039216	117514.5	7	0.6862745098039216	314.0	0	0.0	471.0	0	0.0	471.0	0	0.0
home	7	79	119011.5	5	0.49019607843137253	119011.5	2	0.19607843137254902	318.0	1	0.09803921568627451	477.0	0	0.0	477.0	0	0.0
home	7	80	120508.5	2	0.19607843137254902	120508.5	5	0.49019607843137253	322.0	0	0.0	483.0	0	0.0	483.0	0	0.0
home	7	81	122005.5	7	0.6862745098039216	122005.5	7	0.6862745098039216	326.0	0	0.0	489.0	0	0.0	489.0	0	0.0
home	7	82	123502.5	5	0.49019607843137253	123502.5	3	0.29411764705882354	330.0	0	0.0	495.0	0	0.0	495.0	0	0.0
home	7	83	124999.5	2	0.19607843137254902	124999.5	4	0.39215686274509803	334.0	0	0.0	501.0	0	0.0	501.0	0	0.0
home	7	84	126496.5	7	0.6862745098039216	126496.5	7	0.6862745098039216	338.0	0	0.0	507.0	0	0.0	507.0	0	0.0
home	7	85	127993.5	6	0.5882352941176471	127993.5	6	0.5882352941176471	342.0	0	0.0	513.0	0	0.0	513.0	0	0.0
home	7	86	129490.5	2	0.19607843137254902	129490.5	2	0.19607843137254902	346.0	0	0.0	519.0	0	0.0	519.0	0	0.0
home	7	87	130987.5	7	0.6862745098039216	130987.5	7	0.6862745098039216	350.0	0	0.0	525.0	0	0.0	525.0	0	0.0
home	7	88	132484.5	7	0.6862745098039216	132484.5	7	0.6862745098039216	354.0	0	0.0	531.0	0	0.0	531.0	0	0.0
home	7	89	133981.5	7	0.6862745098039216	133981.5	7	0.6862745098039216	358.0	0	0.0	537.0	0	0.0	537.0	0	0.0
home	7	90	135478.5	5	0.49019607843137253	135478.5	5	0.49019607843137253	362.0	0	0.0	543.0	0	0.0	543.0	0	0.0
home	7	91	136975.5	3	0.29411764705882354	136975.5	3	0.29411764705882354	366.0	0	0.0	549.0	0	0.0	549.0	0	0.0
home	7	92	138472.5	7	0.6862745098039216	138472.5	7	0.6862745098039216	370.0	0	0.0	555.0	0	0.0	555.0	0	0.0
home	7	93	139969.5	7	0.6862745098039216	139969.5	7	0.6862745098039216	374.0	0	0.0	561.0	0	0.0	561.0	0	0.0
home	7	94	141466.5	4	0.39215686274509803	141466.5	3	0.29411764705882354	378.0	1	0.09803921568627451	567.0	0	0.0	567.0	0	0.0
home	7	95	142963.5	3	0.29411764705882354	142963.5	4	0.39215686274509803	382.0	0	0.0	573.0	0	0.0	573.0	0	0.0
home	7	96	144460.5	7	0.6862745098039216	144460.5	7	0.6862745098039216	386.0	1	0.09803921568627451	579.0	0	0.0	579.0	0	0.0
home	7	97	145957.5	7	0.6862745098039216	145957.5	7	0.6862745098039216	390.0	0	0.0	585.0	0	0.0	585.0	0	0.0
home	7	98	147454.5	1	0.09803921568627451	147454.5	0	0.0	394.0	0	0.0	591.0	0	0.0	591.0	0	0.0
home	7	99	148951.5	6	0.5882352941176471	148951.5	7	0.6862745098039216	398.0	1	0.09803921568627451	597.0	0	0.0	597.0	0	0.0
home	7	100	150448.5	7	0.6862745098039216	150448.5	7	0.6862745098039216	402.0	1	0.09803921568627451	603.0	0	0.0	603.0	0	0.0
home	7	101	151945.5	7	0.6862745098039216	151945.5	7	0.6862745098039216	406.0	1	0.09803921568627451	609.0	0	0.0	609.0	0	0.0
home	7	102	153442.5	4	0.39215686274509803	153442.5	3	0.29411764705882354	410.0	1	0.09803921568627451	615.0	0	0.0	615.0	0	0.0
home	7	103	154939.5	3	0.29411764705882354	154939.5	4	0.39215686274509803	414.0	0	0.0	621.0	0	0.0	621.0	0	0.0
home	7	104	156436.5	7	0.6862745098039216	156436.5	7	0.6862745098039216	418.0	0	0.0	627.0	0	0.0	627.0	0	0.0
home	7	105	157933.5	7	0.6862745098039216	157933.5	7	0.6862745098039216	422.0	1	0.09803921568627451	633.0	0	0.0	633.0	0	0.0
home	7	106	159430.5	0	0.0	159430.5	0	0.0	426.0	0	0.0	639.0	0	0.0	639.0	0	0.0
home	7	107	160927.5	7	0.6862745098039216	160927.5	7	0.6862745098039216	430.0	0	0.0	645.0	0	0.0	645.0	0	0.0
home	7	108	162424.5	7	0.6862745098039216	162424.5	7	0.6862745098039216	434.0	0	0.0	651.0	0	0.0	651.0	0	0.0
home	7	109	163921.5	6	0.5882352941176471	163921.5	6	0.5882352941176471	438.0	0	0.0	657.0	0	0.0	657.0	0	0.0
home	7	110	165418.5	2	0.19607843137254902	165418.5	2	0.19607843137254902	442.0	0	0.0	663.0	0	0.0	663.0	0	0.0
home	7	111	166915.5	7	0.6862745098039216	166915.5	7	0.6862745098039216	446.0	0	0.0	669.0	0	0.0	669.0	0	0.0
home	7	112	168412.5	7	0.6862745098039216	168412.5	7	0.6862745098039216	450.0	0	0.0	675.0	0	0.0	675.0	0	0.0
home	7	113	169909.5	4	0.39215686274509803	169909.5	4	0.39215686274509803	454.0	0	0.0	681.0	0	0.0	681.0	0	0.0
home	7	114	171406.5	3	0.29411764705882354	171406.5	3	0.29411764705882354	458.0	0	0.0	687.0	0	0.0	687.0	0	0.0
home	7	115	172903.5	7	0.6862745098039216	172903.5	7	0.6862745098039216	462.0	0	0.0	693.0	0	0.0	693.0	0	0.0
home	7	116	174400.5	7	0.6862745098039216	174400.5	7	0.6862745098039216	466.0	0	0.0	699.0	0	0.0	699.0	0	0.0
home	7	117	175897.5	1	0.09803921568627451	175897.5	1	0.09803921568627451	470.0	0	0.0	705.0	0	0.0	705.0	0	0.0
home	7	118	177394.5	7	0.6862745098039216	177394.5	7	0.6862745098039216	474.0	1	0.09803921568627451	711.0	0	0.0	711.0	0	0.0
home	7	119	178891.5	7	0.6862745098039216	178891.5	7	0.6862745098039216	478.0	0	0.0	717.0	0	0.0	717.0	0	0.0
home	7	120	180388.5	1	0.09803921568627451	180388.5	0	0.0	482.0	0	0.0	723.0	0	0.0	723.0	0	0.0
home	7	121	181885.5	6	0.5882352941176471	181885.5	7	0.6862745098039216	486.0	1	0.09803921568627451	729.0	0	0.0	729.0	0	0.0
home	7	122	183382.5	7	0.6862745098039216	183382.5	7	0.6862745098039216	490.0	1	0.09803921568627451	735.0	0	0.0	735.0	0	0.0
home	7	123	184879.5	0	0.0	184879.5	0	0.0	494.0	0	0.0	741.0	0	0.0	741.0	0	0.0
home	7	124	186376.5	7	0.6862745098039216	186376.5	7	0.6862745098039216	498.0	0	0.0	747.0	0	0.0	747.0	0	0.0
home	7	125	187873.5	7	0.6862745098039216	187873.5	7	0.6862745098039216	502.0	1	0.09803921568627451	753.0	0	0.0	753.0	0	0.0
home	7	126	189370.5	0	0.0	189370.5	0	0.0	506.0	1	0.09803921568627451	759.0	0	0.0	759.0	0	0.0
home	7	127	190867.5	7	0.6862745098039216	190867.5	7	0.6862745098039216	510.0	1	0.09803921568627451	765.0	0	0.0	765.0	0	0.0
home	7	128	192364.5	7	0.6862745098039216	192364.5	7	0.6862745098039216	514.0	0	0.0	771.0	0	0.0	771.0	0	0.0
home	7	129	193861.5	4	0.39215686274509803	193861.5	0	0.0	518.0	0	0.0	777.0	0	0.0	777.0	0	0.0
home	7	130	195358.5	3	0.29411764705882354	195358.5	7	0.6862745098039216	522.0	0	0.0	783.0	0	0.0	783.0	0	0.0
home	7	131	196855.5	7	0.6862745098039216	196855.5	7	0.6862745098039216	526.0	0	0.0	789.0	0	0.0	789.0	0	0.0
home	7	132	198352.5	4	0.39215686274509803	198352.5	4	0.39215686274509803	530.0	0	0.0	795.0	0	0.0	795.0	0	0.0
home	7	133	199849.5	3	0.29411764705882354	199849.5	3	0.29411764705882354	534.0	0	0.0	801.0	0	0.0	801.0	0	0.0
home	7	134	201346.5	7	0.6862745098039216	201346.5	7	0.6862745098039216	538.0	0	0.0	807.0	0	0.0	807.0	0	0.0
home	7	135	202843.5	7	0.6862745098039216	202843.5	7	0.6862745098039216	542.0	0	0.0	813.0	0	0.0	813.0	0	0.0
home	7	136	204340.5	0	0.0	204340.5	0	0.0	546.0	0	0.0	819.0	0	0.0	819.0	0	0.0
home	7	137	205837.5	7	0.6862745098039216	205837.5	7	0.6862745098039216	550.0	0	0.0	825.0	0	0.0	825.0	0	0.0
home	7	138	207334.5	7	0.6862745098039216	207334.5	7	0.6862745098039216	554.0	0	0.0	831.0	0	0.0	831.0	0	0.0
home	7	139	208831.5	5	0.49019607843137253	208831.5	5	0.49019607843137253	558.0	0	0.0	837.0	0	0.0	837.0	0	0.0
home	7	140	210328.5	3	0.29411764705882354	210328.5	3	0.29411764705882354	562.0	0	0.0	843.0	0	0.0	843.0	0	0.0
home	7	141	211825.5	7	0.6862745098039216	211825.5	7	0.6862745098039216	566.0	0	0.0	849.0	0	0.0	849.0	0	0.0
home	7	142	213322.5	7	0.6862745098039216	213322.5	7	0.6862745098039216	570.0	0	0.0	855.0	0	0.0	855.0	0	0.0
home	7	143	214819.5	0	0.0	214819.5	0	0.0	574.0	0	0.0	861.0	0	0.0	861.0	0	0.0
home	7	144	216316.5	7	0.6862745098039216	216316.5	7	0.6862745098039216	578.0	0	0.0	867.0	0	0.0	867.0	0	0.0
home	7	145	217813.5	7	0.6862745098039216	217813.5	7	0.6862745098039216	582.0	0	0.0	873.0	0	0.0	873.0	0	0.0
home	7	146	219310.5	0	0.0	219310.5	0	0.0	586.0	0	0.0	879.0	0	0.0	879.0	0	0.0
home	7	147	220807.5	7	0.6862745098039216	220807.5	7	0.6862745098039216	590.0	0	0.0	885.0	0	0.0	885.0	0	0.0
home	7	148	222304.5	7	0.6862745098039216	222304.5	7	0.6862745098039216	594.0	0	0.0	891.0	0	0.0	891.0	0	0.0
home	7	149	223801.5	6	0.5882352941176471	223801.5	6	0.5882352941176471	598.0	1	0.09803921568627451	897.0	0	0.0	897.0	0	0.0
home	7	150	225298.5	1	0.09803921568627451	225298.5	1	0.09803921568627451	602.0	1	0.09803921568627451	903.0	0	0.0	903.0	0	0.0
home	7	151	226795.5	7	0.6862745098039216	226795.5	7	0.6862745098039216	606.0	0	0.0	909.0	0	0.0	909.0	0	0.0
home	7	152	228292.5	7	0.6862745098039216	228292.5	7	0.6862745098039216	610.0	0	0.0	915.0	0	0.0	915.0	0	0.0
home	7	153	229789.5	0	0.0	229789.5	0	0.0	614.0	0	0.0	921.0	0	0.0	921.0	0	0.0
home	7	154	231286.5	7	0.6862745098039216	231286.5	7	0.6862745098039216	618.0	0	0.0	927.0	0	0.0	927.0	0	0.0
home	7	155	232783.5	7	0.6862745098039216	232783.5	7	0.6862745098039216	622.0	0	0.0	933.0	0	0.0	933.0	0	0.0
home	7	156	234280.5	0	0.0	234280.5	0	0.0	626.0	0	0.0	939.0	0	0.0	939.0	0	0.0
home	7	157	235777.5	7	0.6862745098039216	235777.5	7	0.6862745098039216	630.0	0	0.0	945.0	0	0.0	945.0	0	0.0
home	7	158	237274.5	7	0.6862745098039216	237274.5	7	0.6862745098039216	634.0	0	0.0	951.0	0	0.0	951.0	0	0.0
home	7	159	238771.5	4	0.39215686274509803	238771.5	4	0.39215686274509803	638.0	0	0.0	957.0	0	0.0	957.0	0	0.0
home	7	160	240268.5	3	0.29411764705882354	240268.5	3	0.29411764705882354	642.0	0	0.0	963.0	0	0.0	963.0	0	0.0
home	7	161	241765.5	7	0.6862745098039216	241765.5	7	0.6862745098039216	646.0	0	0.0	969.0	0	0.0	969.0	0	0.0
home	7	162	243262.5	4	0.39215686274509803	243262.5	4	0.39215686274509803	650.0	0	0.0	975.0	0	0.0	975.0	0	0.0
home	7	163	244759.5	7	0.6862745098039216	244759.5	7	0.6862745098039216	654.0	0	0.0	981.0	0	0.0	981.0	0	0.0
home	7	164	246256.5	4	0.39215686274509803	246256.5	4	0.39215686274509803	658.0	0	0.0	987.0	0	0.0	987.0	0	0.0
home	7	165	247753.5	7	0.6862745098039216	247753.5	7	0.6862745098039216	662.0	0	0.0	993.0	0	0.0	993.0	0	0.0
home	7	166	249250.5	7	0.6862745098039216	249250.5	7	0.6862745098039216	666.0	0	0.0	999.0	0	0.0	999.0	0	0.0
home	7	167	250747.5	4	0.39215686274509803	250747.5	4	0.39215686274509803	670.0	0	0.0	1005.0	0	0.0	1005.0	0	0.0
home	7	168	252244.5	3	0.29411764705882354	252244.5	3	0.29411764705882354	674.0	1	0.09803921568627451	1011.0	0	0.0	1011.0	0	0.0
home	7	169	253741.5	7	0.6862745098039216	253741.5	7	0.6862745098039216	678.0	0	0.0	1017.0	0	0.0	1017.0	0	0.0
home	7	170	255238.5	7	0.6862745098039216	255238.5	7	0.6862745098039216	682.0	0	0.0	1023.0	0	0.0	1023.0	0	0.0
home	7	171	256735.5	4	0.39215686274509803	256735.5	4	0.39215686274509803	686.0	1	0.09803921568627451	1029.0	0	0.0	1029.0	0	0.0
home	7	172	258232.5	3	0.29411764705882354	258232.5	3	0.29411764705882354	690.0	0	0.0	1035.0	0	0.0	1035.0	0	0.0
home	7	173	259729.5	7	0.6862745098039216	259729.5	7	0.6862745098039216	694.0	0	0.0	1041.0	0	0.0	1041.0	0	0.0
home	7	174	261226.5	6	0.5882352941176471	261226.5	5	0.49019607843137253	698.0	0	0.0	1047.0	0	0.0	1047.0	0	0.0
home	7	175	262723.5	1	0.09803921568627451	262723.5	2	0.19607843137254902	702.0	0	0.0	1053.0	0	0.0	1053.0	0	0.0
home	7	176	264220.5	7	0.6862745098039216	264220.5	7	0.6862745098039216	706.0	0	0.0	1059.0	0	0.0	1059.0	0	0.0
home	7	177	265717.5	6	0.5882352941176471	265717.5	6	0.5882352941176471	710.0	0	0.0	1065.0	0	0.0	1065.0	0	0.0
home	7	178	267214.5	1	0.09803921568627451	267214.5	1	0.09803921568627451	714.0	0	0.0	1071.0	0	0.0	1071.0	0	0.0
home	7	179	268711.5	7	0.6862745098039216	268711.5	7	0.6862745098039216	718.0	0	0.0	1077.0	0	0.0	1077.0	0	0.0
home	7	180	270208.5	6	0.5882352941176471	270208.5	6	0.5882352941176471	722.0	0	0.0	1083.0	0	0.0	1083.0	0	0.0
home	7	181	271705.5	1	0.09803921568627451	271705.5	1	0.09803921568627451	726.0	0	0.0	1089.0	0	0.0	1089.0	0	0.0
home	7	182	273202.5	7	0.6862745098039216	273202.5	7	0.6862745098039216	730.0	0	0.0	1095.0	0	0.0	1095.0	0	0.0
home	7	183	274699.5	7	0.6862745098039216	274699.5	7	0.6862745098039216	734.0	0	0.0	1101.0	0	0.0	1101.0	0	0.0
home	7	184	276196.5	4	0.39215686274509803	276196.5	4	0.39215686274509803	738.0	0	0.0	1107.0	0	0.0	1107.0	0	0.0
home	7	185	277693.5	3	0.29411764705882354	277693.5	3	0.29411764705882354	742.0	0	0.0	1113.0	0	0.0	1113.0	0	0.0
home	7	186	279190.5	7	0.6862745098039216	279190.5	7	0.6862745098039216	746.0	0	0.0	1119.0	0	0.0	1119.0	0	0.0
home	7	187	280687.5	6	0.5882352941176471	280687.5	6	0.5882352941176471	750.0	0	0.0	1125.0	0	0.0	1125.0	0	0.0
home	7	188	282184.5	1	0.09803921568627451	282184.5	1	0.09803921568627451	754.0	0	0.0	1131.0	0	0.0	1131.0	0	0.0
home	7	189	283681.5	7	0.6862745098039216	283681.5	7	0.6862745098039216	758.0	0	0.0	1137.0	0	0.0	1137.0	0	0.0
home	7	190	285178.5	7	0.6862745098039216	285178.5	7	0.6862745098039216	762.0	0	0.0	1143.0	0	0.0	1143.0	0	0.0
home	7	191	286675.5	0	0.0	286675.5	0	0.0	766.0	0	0.0	1149.0	0	0.0	1149.0	0	0.0
home	7	192	288172.5	7	0.6862745098039216	288172.5	7	0.6862745098039216	770.0	0	0.0	1155.0	0	0.0	1155.0	0	0.0
home	7	193	289669.5	7	0.6862745098039216	289669.5	7	0.6862745098039216	774.0	0	0.0	1161.0	0	0.0	1161.0	0	0.0
home	7	194	291166.5	0	0.0	291166.5	0	0.0	778.0	0	0.0	1167.0	0	0.0	1167.0	0	0.0
home	7	195	292663.5	7	0.6862745098039216	292663.5	7	0.6862745098039216	782.0	0	0.0	1173.0	0	0.0	1173.0	0	0.0
home	7	196	294160.5	7	0.6862745098039216	294160.5	7	0.6862745098039216	786.0	0	0.0	1179.0	0	0.0	1179.0	0	0.0
home	7	197	295657.5	2	0.19607843137254902	295657.5	1	0.09803921568627451	790.0	0	0.0	1185.0	0	0.0	1185.0	0	0.0
home	7	198	297154.5	6	0.5882352941176471	297154.5	7	0.6862745098039216	794.0	0	0.0	1191.0	0	0.0	1191.0	0	0.0
home	7	199	298651.5	7	0.6862745098039216	298651.5	7	0.6862745098039216	798.0	0	0.0	1197.0	0	0.0	1197.0	0	0.0
